Id;Label;In-Degree;Out-Degree;Degree
hep-th/0002085;hep-th/0002085;3;8;11
hep-th/9606034;hep-th/9606034;4;4;8
hep-th/9910173;hep-th/9910173;10;7;17
hep-th/9711200;hep-th/9711200;5467;73;5540
hep-th/9803002;hep-th/9803002;702;14;716
hep-th/9904191;hep-th/9904191;178;16;194
hep-th/9512098;hep-th/9512098;7;1;8
hep-th/9706197;hep-th/9706197;3;27;30
hep-th/9903221;hep-th/9903221;10;13;23
hep-th/0002084;hep-th/0002084;151;33;184
hep-th/9811159;hep-th/9811159;34;9;43
hep-th/9908105;hep-th/9908105;233;62;295
hep-th/9810185;hep-th/9810185;27;9;36
hep-th/9805034;hep-th/9805034;124;16;140
hep-th/9901077;hep-th/9901077;27;9;36
hep-th/9908142;hep-th/9908142;2264;77;2341
hep-th/9809121;hep-th/9809121;39;5;44
hep-th/9912212;hep-th/9912212;8;12;20
hep-th/9903089;hep-th/9903089;13;32;45
hep-th/0001215;hep-th/0001215;68;16;84
hep-th/9902059;hep-th/9902059;79;39;118
hep-th/9811232;hep-th/9811232;72;41;113
hep-th/9805082;hep-th/9805082;40;42;82
hep-th/9912072;hep-th/9912072;697;17;714
hep-th/9811213;hep-th/9811213;30;26;56
hep-th/9912153;hep-th/9912153;55;16;71
hep-th/9810099;hep-th/9810099;66;29;95
math/9803057;math/9803057;25;18;43
hep-th/9910037;hep-th/9910037;13;15;28
hep-th/9205103;hep-th/9205103;28;1;29
hep-th/9807198;hep-th/9807198;68;17;85
hep-th/9904091;hep-th/9904091;7;10;17
hep-th/9907008;hep-th/9907008;17;15;32
hep-th/9908019;hep-th/9908019;74;24;98
hep-th/9711162;hep-th/9711162;1112;19;1131
hep-th/9909022;hep-th/9909022;26;28;54
hep-th/9711165;hep-th/9711165;606;7;613
hep-th/9902187;hep-th/9902187;4;0;4
hep-th/9612115;hep-th/9612115;553;0;553
hep-th/9608177;hep-th/9608177;133;4;137
hep-th/9911098;hep-th/9911098;143;15;158
hep-th/9912168;hep-th/9912168;34;14;48
hep-th/9610043;hep-th/9610043;1656;19;1675
hep-th/0002087;hep-th/0002087;11;35;46
hep-ph/9308271;hep-ph/9308271;189;8;197
hep-th/9510209;hep-th/9510209;1357;18;1375
hep-th/0001112;hep-th/0001112;52;8;60
hep-th/9909172;hep-th/9909172;113;81;194
hep-th/0001157;hep-th/0001157;7;22;29
hep-th/9905006;hep-th/9905006;105;38;143
hep-th/9708049;hep-th/9708049;26;43;69
hep-th/9906152;hep-th/9906152;8;0;8
hep-th/9406132;hep-th/9406132;101;6;107
hep-th/9806124;hep-th/9806124;26;16;42
hep-th/9603142;hep-th/9603142;995;4;999
hep-th/9303040;hep-th/9303040;204;1;205
hep-ph/9804398;hep-ph/9804398;1655;14;1669
hep-th/0106174;hep-th/0106174;8;7;15
hep-ph/9712443;hep-ph/9712443;31;11;42
hep-th/9405066;hep-th/9405066;3;6;9
hep-ph/9503303;hep-ph/9503303;105;2;107
hep-th/9605136;hep-th/9605136;191;23;214
hep-th/9906246;hep-th/9906246;27;29;56
hep-th/9905115;hep-th/9905115;22;74;96
hep-th/9904207;hep-th/9904207;446;77;523
hep-th/0001143;hep-th/0001143;45;22;67
hep-th/9906064;hep-th/9906064;2640;13;2653
hep-th/9805005;hep-th/9805005;49;7;56
hep-th/9702110;hep-th/9702110;93;50;143
hep-th/9503124;hep-th/9503124;1386;10;1396
hep-th/9204012;hep-th/9204012;119;2;121
hep-th/9808122;hep-th/9808122;24;19;43
hep-th/9212049;hep-th/9212049;138;1;139
hep-th/9602070;hep-th/9602070;663;19;682
hep-th/9605180;hep-th/9605180;61;7;68
hep-th/9508071;hep-th/9508071;22;15;37
hep-ph/9905221;hep-ph/9905221;2623;15;2638
hep-th/9908023;hep-th/9908023;135;46;181
hep-th/9603133;hep-th/9603133;314;21;335
hep-th/0002086;hep-th/0002086;8;31;39
hep-th/9611159;hep-th/9611159;282;29;311
hep-th/9907166;hep-th/9907166;200;9;209
hep-th/9909215;hep-th/9909215;110;36;146
hep-th/9611173;hep-th/9611173;332;12;344
hep-th/9611174;hep-th/9611174;102;31;133
hep-th/9805112;hep-th/9805112;328;24;352
hep-th/9806162;hep-th/9806162;24;10;34
hep-th/9902197;hep-th/9902197;48;0;48
hep-th/9802199;hep-th/9802199;27;12;39
hep-th/9807179;hep-th/9807179;68;16;84
hep-th/9912030;hep-th/9912030;11;24;35
hep-th/9504081;hep-th/9504081;303;16;319
hep-th/9911137;hep-th/9911137;23;25;48
hep-th/9705040;hep-th/9705040;165;28;193
hep-th/9606139;hep-th/9606139;419;26;445
hep-th/9907022;hep-th/9907022;33;31;64
hep-th/9810092;hep-th/9810092;80;14;94
hep-th/9611165;hep-th/9611165;51;0;51
hep-th/9908134;hep-th/9908134;232;16;248
hep-th/9812225;hep-th/9812225;11;23;34
hep-th/0002075;hep-th/0002075;309;8;317
hep-th/9806158;hep-th/9806158;44;18;62
hep-th/9703204;hep-th/9703204;27;41;68
hep-th/9611230;hep-th/9611230;596;21;617
hep-th/9712115;hep-th/9712115;57;60;117
hep-th/9911206;hep-th/9911206;152;0;152
hep-th/9612204;hep-th/9612204;73;28;101
hep-th/0002081;hep-th/0002081;1;17;18
hep-th/9905150;hep-th/9905150;5;8;13
hep-th/9712085;hep-th/9712085;12;0;12
hep-th/9212113;hep-th/9212113;18;7;25
hep-th/9905063;hep-th/9905063;7;16;23
hep-th/9511208;hep-th/9511208;7;1;8
hep-th/9712165;hep-th/9712165;8;9;17
hep-th/9807234;hep-th/9807234;10;12;22
hep-th/9701041;hep-th/9701041;16;0;16
hep-th/9707211;hep-th/9707211;7;10;17
hep-th/9204097;hep-th/9204097;24;0;24
hep-th/9601056;hep-th/9601056;20;5;25
hep-th/9902044;hep-th/9902044;6;11;17
hep-th/9706041;hep-th/9706041;12;7;19
hep-th/9602166;hep-th/9602166;6;7;13
hep-th/9207004;hep-th/9207004;49;0;49
hep-th/9211040;hep-th/9211040;98;10;108
hep-th/9301088;hep-th/9301088;22;7;29
hep-th/0002080;hep-th/0002080;0;5;5
hep-th/9712243;hep-th/9712243;3;1;4
hep-th/9501144;hep-th/9501144;62;35;97
hep-th/9703028;hep-th/9703028;37;10;47
hep-th/9912112;hep-th/9912112;2;0;2
hep-th/9207071;hep-th/9207071;9;1;10
hep-th/0002083;hep-th/0002083;2;2;4
hep-th/9705075;hep-th/9705075;15;1;16
hep-th/9911093;hep-th/9911093;16;3;19
hep-th/0002082;hep-th/0002082;18;6;24
hep-th/9905217;hep-th/9905217;70;12;82
hep-th/9810068;hep-th/9810068;68;5;73
hep-th/9905196;hep-th/9905196;87;1;88
hep-th/9907066;hep-th/9907066;51;3;54
hep-th/9912081;hep-th/9912081;35;0;35
hep-th/9908090;hep-th/9908090;40;8;48
0707.2181;0707.2181;0;26;26
hep-th/0306292;hep-th/0306292;37;25;62
hep-th/0609082;hep-th/0609082;29;56;85
hep-th/0505092;hep-th/0505092;41;61;102
hep-th/0702161;hep-th/0702161;27;34;61
hep-th/0607248;hep-th/0607248;20;63;83
hep-th/0005136;hep-th/0005136;81;11;92
hep-th/0602225;hep-th/0602225;10;21;31
hep-th/0001195;hep-th/0001195;12;2;14
hep-th/0603212;hep-th/0603212;32;59;91
hep-th/0109067;hep-th/0109067;72;28;100
hep-th/0101201;hep-th/0101201;73;11;84
hep-th/0211233;hep-th/0211233;55;10;65
hep-th/0608005;hep-th/0608005;55;75;130
hep-th/0304067;hep-th/0304067;49;8;57
hep-th/0412311;hep-th/0412311;28;37;65
hep-th/0311257;hep-th/0311257;89;54;143
hep-th/0311164;hep-th/0311164;60;54;114
hep-th/0703049;hep-th/0703049;33;108;141
hep-th/0410215;hep-th/0410215;41;45;86
hep-th/0511276;hep-th/0511276;13;8;21
hep-th/0701243;hep-th/0701243;10;5;15
hep-th/0206027;hep-th/0206027;9;3;12
hep-th/0206026;hep-th/0206026;37;7;44
hep-th/0504081;hep-th/0504081;8;10;18
hep-th/0702033;hep-th/0702033;11;23;34
hep-th/9803207;hep-th/9803207;61;1;62
hep-th/0002089;hep-th/0002089;0;5;5
hep-th/9407087;hep-th/9407087;1739;10;1749
hep-th/9408099;hep-th/9408099;1292;8;1300
hep-th/9706109;hep-th/9706109;313;38;351
hep-th/9505075;hep-th/9505075;242;15;257
hep-th/9706082;hep-th/9706082;127;37;164
hep-th/0002088;hep-th/0002088;9;12;21
hep-ph/9208212;hep-ph/9208212;20;0;20
hep-th/9809204;hep-th/9809204;10;60;70
hep-th/9608008;hep-th/9608008;29;2;31
hep-th/9806199;hep-th/9806199;122;164;286
hep-th/9705172;hep-th/9705172;24;12;36
hep-th/9809103;hep-th/9809103;48;0;48
hep-th/9503001;hep-th/9503001;12;1;13
hep-th/9410095;hep-th/9410095;22;0;22
hep-ph/9707324;hep-ph/9707324;10;7;17
hep-th/9303001;hep-th/9303001;29;0;29
hep-th/9502018;hep-th/9502018;9;4;13
hep-th/9501113;hep-th/9501113;96;18;114
hep-ph/0303124;hep-ph/0303124;18;11;29
hep-ph/0104182;hep-ph/0104182;19;7;26
hep-ph/9910462;hep-ph/9910462;72;4;76
gr-qc/9803076;gr-qc/9803076;6;5;11
hep-ph/0210388;hep-ph/0210388;29;8;37
hep-th/0009197;hep-th/0009197;20;12;32
hep-th/9905111;hep-th/9905111;1938;571;2509
hep-th/0211134;hep-th/0211134;17;27;44
hep-th/0205182;hep-th/0205182;25;19;44
hep-th/0012227;hep-th/0012227;65;10;75
hep-ph/0103128;hep-ph/0103128;11;5;16
hep-th/0108223;hep-th/0108223;5;6;11
hep-ph/0303125;hep-ph/0303125;14;14;28
hep-th/0109224;hep-th/0109224;74;12;86
hep-ph/0106031;hep-ph/0106031;13;5;18
hep-th/0209237;hep-th/0209237;4;22;26
hep-th/0209236;hep-th/0209236;6;21;27
hep-ph/9501411;hep-ph/9501411;7;0;7
hep-ph/0107141;hep-ph/0107141;50;17;67
nucl-th/0005064;nucl-th/0005064;33;0;33
hep-ph/9802239;hep-ph/9802239;33;3;36
hep-ph/0202073;hep-ph/0202073;4;7;11
hep-ph/9707327;hep-ph/9707327;77;4;81
hep-ph/0007355;hep-ph/0007355;127;71;198
hep-ph/0202202;hep-ph/0202202;39;14;53
hep-ph/0202194;hep-ph/0202194;79;21;100
hep-ph/9712459;hep-ph/9712459;40;2;42
hep-ph/0303127;hep-ph/0303127;9;7;16
hep-ph/0204174;hep-ph/0204174;10;5;15
hep-lat/9709079;hep-lat/9709079;16;0;16
hep-lat/0112047;hep-lat/0112047;4;16;20
hep-ph/0007223;hep-ph/0007223;41;16;57
hep-th/9905207;hep-th/9905207;5;4;9
hep-lat/9908041;hep-lat/9908041;11;6;17
hep-ph/0104014;hep-ph/0104014;1;2;3
0704.1149;0704.1149;0;4;4
gr-qc/0209076;gr-qc/0209076;2;0;2
gr-qc/0702084;gr-qc/0702084;5;16;21
gr-qc/0507014;gr-qc/0507014;17;2;19
gr-qc/0211094;gr-qc/0211094;19;11;30
0905.4284;0905.4284;0;2;2
hep-th/9601066;hep-th/9601066;1;1;2
hep-th/0103093;hep-th/0103093;57;36;93
hep-ph/0303129;hep-ph/0303129;7;9;16
hep-ph/0109100;hep-ph/0109100;9;7;16
hep-ph/0209353;hep-ph/0209353;14;4;18
hep-th/9802108;hep-th/9802108;105;7;112
hep-th/9805168;hep-th/9805168;132;15;147
hep-ph/0010177;hep-ph/0010177;41;1;42
hep-th/9802049;hep-th/9802049;84;9;93
hep-ph/9409434;hep-ph/9409434;15;0;15
hep-th/0302142;hep-th/0302142;2;1;3
hep-th/0309140;hep-th/0309140;4;54;58
hep-th/9803249;hep-th/9803249;105;5;110
hep-th/9802109;hep-th/9802109;3382;15;3397
hep-th/9708005;hep-th/9708005;191;50;241
hep-th/9808073;hep-th/9808073;8;14;22
hep-th/9711035;hep-th/9711035;107;30;137
hep-th/0008001;hep-th/0008001;403;17;420
hep-th/9506148;hep-th/9506148;107;16;123
hep-th/0007240;hep-th/0007240;7;71;78
hep-th/9709081;hep-th/9709081;21;16;37
hep-th/9805218;hep-th/9805218;37;22;59
hep-th/9411057;hep-th/9411057;308;2;310
hep-th/9707244;hep-th/9707244;138;52;190
hep-th/0007191;hep-th/0007191;847;48;895
hep-th/9803001;hep-th/9803001;626;25;651
hep-th/9503163;hep-th/9503163;223;9;232
hep-th/9503086;hep-th/9503086;129;8;137
hep-th/9402044;hep-th/9402044;373;0;373
hep-th/9707260;hep-th/9707260;17;17;34
hep-th/9509066;hep-th/9509066;393;40;433
hep-th/9411149;hep-th/9411149;696;13;709
hep-th/9902033;hep-th/9902033;63;14;77
hep-th/9503121;hep-th/9503121;307;7;314
hep-th/9806021;hep-th/9806021;173;24;197
hep-th/9802150;hep-th/9802150;3774;31;3805
hep-th/9510101;hep-th/9510101;307;14;321
hep-th/9408013;hep-th/9408013;83;6;89
hep-th/9506084;hep-th/9506084;25;15;40
hep-th/9708122;hep-th/9708122;19;48;67
hep-th/9607207;hep-th/9607207;159;12;171
hep-th/9601007;hep-th/9601007;76;0;76
hep-th/9803135;hep-th/9803135;204;35;239
hep-th/9507018;hep-th/9507018;50;20;70
hep-th/0003136;hep-th/0003136;359;87;446
hep-th/0008142;hep-th/0008142;318;49;367
hep-th/0002222;hep-th/0002222;224;47;271
hep-th/9505006;hep-th/9505006;132;8;140
hep-th/9505004;hep-th/9505004;138;10;148
hep-th/9803076;hep-th/9803076;157;24;181
hep-th/9803131;hep-th/9803131;1151;63;1214
hep-lat/9710065;hep-lat/9710065;27;15;42
hep-th/9803137;hep-th/9803137;144;33;177
hep-th/9802183;hep-th/9802183;426;17;443
hep-th/9803015;hep-th/9803015;296;11;307
hep-th/9411048;hep-th/9411048;355;2;357
hep-th/9503179;hep-th/9503179;174;20;194
hep-th/9408074;hep-th/9408074;421;12;433
gr-qc/0012076;gr-qc/0012076;5;24;29
gr-qc/9605058;gr-qc/9605058;38;20;58
gr-qc/9405048;gr-qc/9405048;34;7;41
astro-ph/9412046;astro-ph/9412046;8;32;40
hep-th/9301058;hep-th/9301058;17;9;26
gr-qc/9811062;gr-qc/9811062;31;13;44
gr-qc/0002002;gr-qc/0002002;8;7;15
gr-qc/0003090;gr-qc/0003090;18;20;38
gr-qc/9401027;gr-qc/9401027;34;5;39
hep-th/9209055;hep-th/9209055;58;24;82
hep-th/9606134;hep-th/9606134;32;9;41
gr-qc/9910037;gr-qc/9910037;13;9;22
hep-th/9209058;hep-th/9209058;77;6;83
hep-th/9209113;hep-th/9209113;16;18;34
quant-ph/0311050;quant-ph/0311050;27;0;27
hep-th/9907043;hep-th/9907043;11;16;27
gr-qc/9906004;gr-qc/9906004;12;2;14
gr-qc/0007013;gr-qc/0007013;4;15;19
gr-qc/9305012;gr-qc/9305012;22;6;28
gr-qc/9812002;gr-qc/9812002;158;6;164
gr-qc/9906104;gr-qc/9906104;9;0;9
gr-qc/9605038;gr-qc/9605038;42;5;47
gr-qc/9903027;gr-qc/9903027;20;22;42
gr-qc/9505012;gr-qc/9505012;136;5;141
hep-th/9203059;hep-th/9203059;38;1;39
hep-th/0309142;hep-th/0309142;0;4;4
hep-th/0308155;hep-th/0308155;2;3;5
hep-th/0103046;hep-th/0103046;6;4;10
cond-mat/0304181;cond-mat/0304181;3;0;3
hep-th/0205157;hep-th/0205157;18;7;25
hep-th/0309143;hep-th/0309143;12;17;29
math/0306434;math/0306434;11;2;13
hep-th/0205234;hep-th/0205234;33;36;69
hep-th/0203237;hep-th/0203237;16;41;57
hep-th/0207114;hep-th/0207114;30;0;30
hep-th/0206163;hep-th/0206163;28;0;28
hep-th/0103100;hep-th/0103100;18;4;22
math/0306257;math/0306257;2;3;5
hep-th/9811131;hep-th/9811131;306;29;335
hep-th/0306032;hep-th/0306032;40;29;69
hep-th/9912123;hep-th/9912123;139;17;156
hep-th/0109075;hep-th/0109075;26;19;45
math/0103074;math/0103074;37;5;42
hep-th/0108064;hep-th/0108064;33;14;47
hep-th/0302076;hep-th/0302076;5;48;53
hep-th/0305132;hep-th/0305132;151;0;151
hep-th/0206164;hep-th/0206164;68;0;68
hep-th/0010102;hep-th/0010102;48;15;63
hep-th/0309144;hep-th/0309144;6;17;23
hep-ph/9909539;hep-ph/9909539;54;15;69
hep-th/9211111;hep-th/9211111;45;0;45
hep-th/9404013;hep-th/9404013;52;1;53
solv-int/9908002;solv-int/9908002;16;4;20
math/0306242;math/0306242;6;6;12
hep-th/9209054;hep-th/9209054;41;0;41
hep-th/0004065;hep-th/0004065;7;1;8
solv-int/9902015;solv-int/9902015;23;4;27
hep-th/0107193;hep-th/0107193;38;15;53
hep-th/9902147;hep-th/9902147;6;8;14
hep-ph/9805225;hep-ph/9805225;107;5;112
hep-th/9910265;hep-th/9910265;15;0;15
hep-th/0007040;hep-th/0007040;9;4;13
hep-th/0210216;hep-th/0210216;13;13;26
hep-th/9212007;hep-th/9212007;39;0;39
hep-ph/9907420;hep-ph/9907420;84;12;96
hep-th/9306089;hep-th/9306089;38;2;40
hep-th/0309145;hep-th/0309145;24;15;39
hep-th/0005005;hep-th/0005005;46;15;61
gr-qc/9709002;gr-qc/9709002;19;51;70
hep-th/0001203;hep-th/0001203;274;7;281
hep-th/0104153;hep-th/0104153;166;15;181
q-alg/9709040;q-alg/9709040;386;0;386
hep-th/0309053;hep-th/0309053;6;19;25
math/9807123;math/9807123;6;6;12
hep-th/0102129;hep-th/0102129;61;40;101
hep-th/0101219;hep-th/0101219;103;52;155
hep-ph/0305027;hep-ph/0305027;19;31;50
hep-th/0006246;hep-th/0006246;140;11;151
hep-th/9603053;hep-th/9603053;195;1;196
math/0007044;math/0007044;6;7;13
hep-th/9405107;hep-th/9405107;208;2;210
hep-th/0309146;hep-th/0309146;5;28;33
hep-th/0303015;hep-th/0303015;78;82;160
hep-th/0211059;hep-th/0211059;105;62;167
hep-th/0304079;hep-th/0304079;51;25;76
hep-th/0011269;hep-th/0011269;43;38;81
hep-th/0302105;hep-th/0302105;158;73;231
hep-th/0303124;hep-th/0303124;81;33;114
hep-th/0303197;hep-th/0303197;61;37;98
hep-th/0107166;hep-th/0107166;295;88;383
hep-th/0004165;hep-th/0004165;60;22;82
hep-th/0305224;hep-th/0305224;50;123;173
hep-th/0206038;hep-th/0206038;128;141;269
hep-th/0309070;hep-th/0309070;17;64;81
hep-th/0007090;hep-th/0007090;189;59;248
hep-th/0203187;hep-th/0203187;75;65;140
hep-th/9710129;hep-th/9710129;93;11;104
hep-th/0011073;hep-th/0011073;230;73;303
hep-ph/0303087;hep-ph/0303087;25;50;75
hep-th/0206087;hep-th/0206087;53;38;91
hep-th/0302221;hep-th/0302221;97;59;156
hep-th/0012156;hep-th/0012156;173;32;205
hep-th/0303083;hep-th/0303083;109;42;151
hep-th/0007024;hep-th/0007024;271;47;318
hep-th/0305146;hep-th/0305146;64;43;107
hep-ph/0212064;hep-ph/0212064;26;59;85
hep-th/0107138;hep-th/0107138;196;45;241
hep-th/0105155;hep-th/0105155;236;71;307
hep-ph/0011132;hep-ph/0011132;225;47;272
hep-th/0309148;hep-th/0309148;27;27;54
hep-th/9304011;hep-th/9304011;280;26;306
hep-th/0307083;hep-th/0307083;138;39;177
hep-th/0305148;hep-th/0305148;114;50;164
hep-th/9507041;hep-th/9507041;15;16;31
hep-th/9308036;hep-th/9308036;28;4;32
hep-th/9208031;hep-th/9208031;77;7;84
hep-th/9407031;hep-th/9407031;191;9;200
hep-th/9305109;hep-th/9305109;57;9;66
hep-th/0305159;hep-th/0305159;170;44;214
hep-th/9409168;hep-th/9409168;23;15;38
hep-th/0304224;hep-th/0304224;190;38;228
hep-th/9109005;hep-th/9109005;118;0;118
hep-th/0309056;hep-th/0309056;33;28;61
hep-th/9402156;hep-th/9402156;33;0;33
hep-th/0307221;hep-th/0307221;25;19;44
hep-th/9402113;hep-th/9402113;142;0;142
hep-th/0305194;hep-th/0305194;106;39;145
hep-th/9108019;hep-th/9108019;165;0;165
hep-th/0306026;hep-th/0306026;72;37;109
hep-th/0308119;hep-th/0308119;27;13;40
hep-th/9411028;hep-th/9411028;141;56;197
hep-th/0308105;hep-th/0308105;43;57;100
hep-th/0308068;hep-th/0308068;81;81;162
hep-th/0308047;hep-th/0308047;28;54;82
hep-th/0306177;hep-th/0306177;71;20;91
hep-th/9111035;hep-th/9111035;56;0;56
hep-th/0307195;hep-th/0307195;182;64;246
0709.3855;0709.3855;0;21;21
hep-th/0608056;hep-th/0608056;6;38;44
hep-th/0210296;hep-th/0210296;69;18;87
hep-th/0212059;hep-th/0212059;25;36;61
hep-th/0307245;hep-th/0307245;21;45;66
hep-th/0011017;hep-th/0011017;184;41;225
hep-th/0606034;hep-th/0606034;7;22;29
hep-th/0502027;hep-th/0502027;9;4;13
hep-th/0108075;hep-th/0108075;204;31;235
hep-th/0008154;hep-th/0008154;42;16;58
math/0210027;math/0210027;1;3;4
hep-th/9409188;hep-th/9409188;127;3;130
hep-th/0008191;hep-th/0008191;22;9;31
hep-th/0507187;hep-th/0507187;7;13;20
hep-th/9301042;hep-th/9301042;616;0;616
hep-th/0302099;hep-th/0302099;14;18;32
hep-th/0609032;hep-th/0609032;16;21;37
hep-th/0502044;hep-th/0502044;14;25;39
hep-th/9902116;hep-th/9902116;61;22;83
hep-th/0111154;hep-th/0111154;111;43;154
hep-th/0102211;hep-th/0102211;12;16;28
hep-th/0502053;hep-th/0502053;9;8;17
gr-qc/0012074;gr-qc/0012074;15;29;44
hep-th/9811016;hep-th/9811016;13;5;18
gr-qc/9304006;gr-qc/9304006;35;1;36
hep-th/0012069;hep-th/0012069;14;10;24
hep-th/9503068;hep-th/9503068;5;1;6
gr-qc/0012038;gr-qc/0012038;6;7;13
math-ph/0009037;math-ph/0009037;4;4;8
hep-th/9709229;hep-th/9709229;22;11;33
gr-qc/9508023;gr-qc/9508023;5;3;8
hep-th/9312162;hep-th/9312162;9;1;10
hep-th/0012084;hep-th/0012084;10;10;20
gr-qc/9510063;gr-qc/9510063;35;18;53
hep-th/9710069;hep-th/9710069;16;6;22
hep-th/9612255;hep-th/9612255;7;2;9
hep-th/9812189;hep-th/9812189;4;7;11
gr-qc/9405057;gr-qc/9405057;186;0;186
hep-th/9404001;hep-th/9404001;6;1;7
hep-th/9511039;hep-th/9511039;8;3;11
gr-qc/9803024;gr-qc/9803024;32;97;129
physics/9801019;physics/9801019;27;3;30
hep-th/9810165;hep-th/9810165;20;6;26
math-ph/0002032;math-ph/0002032;4;5;9
hep-th/9911175;hep-th/9911175;5;4;9
gr-qc/9607039;gr-qc/9607039;13;7;20
dg-ga/9505004;dg-ga/9505004;4;0;4
dg-ga/9707001;dg-ga/9707001;2;6;8
quant-ph/9712058;quant-ph/9712058;12;0;12
dg-ga/9706008;dg-ga/9706008;3;1;4
math-ph/9901013;math-ph/9901013;5;3;8
math-ph/9901012;math-ph/9901012;6;4;10
0709.3851;0709.3851;0;27;27
hep-th/0412249;hep-th/0412249;16;21;37
hep-th/0211072;hep-th/0211072;47;12;59
hep-th/9601082;hep-th/9601082;8;2;10
hep-th/0512261;hep-th/0512261;75;130;205
hep-th/0407039;hep-th/0407039;17;27;44
hep-th/0507167;hep-th/0507167;33;56;89
hep-th/0207033;hep-th/0207033;63;10;73
hep-th/0312114;hep-th/0312114;77;32;109
hep-th/0110054;hep-th/0110054;81;24;105
hep-th/9412181;hep-th/9412181;10;2;12
hep-th/0002196;hep-th/0002196;64;13;77
hep-th/0106133;hep-th/0106133;73;21;94
hep-th/0205062;hep-th/0205062;70;40;110
hep-th/0304222;hep-th/0304222;62;17;79
hep-th/9609077;hep-th/9609077;17;7;24
hep-th/9305172;hep-th/9305172;21;1;22
hep-th/9907027;hep-th/9907027;83;9;92
hep-th/9605030;hep-th/9605030;140;31;171
hep-th/0508202;hep-th/0508202;52;47;99
hep-th/9707239;hep-th/9707239;61;13;74
hep-th/0511177;hep-th/0511177;23;15;38
hep-th/0304117;hep-th/0304117;43;16;59
hep-th/0209100;hep-th/0209100;16;9;25
hep-th/0002034;hep-th/0002034;131;95;226
hep-th/0103195;hep-th/0103195;106;19;125
hep-th/9606001;hep-th/9606001;171;7;178
hep-th/0607128;hep-th/0607128;39;19;58
hep-th/9405175;hep-th/9405175;0;4;4
hep-th/9211121;hep-th/9211121;36;1;37
hep-th/9306080;hep-th/9306080;32;7;39
hep-th/9404109;hep-th/9404109;5;0;5
hep-th/9208029;hep-th/9208029;44;0;44
hep-th/9405174;hep-th/9405174;5;3;8
hep-th/9302048;hep-th/9302048;41;1;42
hep-th/9302103;hep-th/9302103;227;0;227
hep-th/9405176;hep-th/9405176;25;2;27
hep-th/9212009;hep-th/9212009;54;0;54
hep-th/9212038;hep-th/9212038;28;1;29
hep-th/9405171;hep-th/9405171;70;2;72
hep-th/9310194;hep-th/9310194;78;0;78
hep-th/9110072;hep-th/9110072;42;0;42
hep-th/9405172;hep-th/9405172;2;3;5
hep-th/9206084;hep-th/9206084;238;1;239
hep-th/9402073;hep-th/9402073;59;20;79
hep-th/9404139;hep-th/9404139;4;11;15
0805.4328;0805.4328;0;16;16
hep-th/9204099;hep-th/9204099;837;0;837
hep-th/0609027;hep-th/0609027;13;46;59
hep-th/0302033;hep-th/0302033;20;0;20
hep-th/0610140;hep-th/0610140;8;22;30
hep-th/0605174;hep-th/0605174;11;17;28
hep-th/0608165;hep-th/0608165;26;85;111
gr-qc/0307073;gr-qc/0307073;31;3;34
hep-th/0611048;hep-th/0611048;8;27;35
hep-th/0203273;hep-th/0203273;18;5;23
hep-th/9803222;hep-th/9803222;5;3;8
hep-th/0509148;hep-th/0509148;60;31;91
hep-th/0102166;hep-th/0102166;104;0;104
gr-qc/0412134;gr-qc/0412134;18;14;32
hep-th/0508218;hep-th/0508218;98;48;146
hep-th/0610077;hep-th/0610077;12;11;23
hep-th/0602114;hep-th/0602114;10;23;33
0811.2004;0811.2004;0;16;16
astro-ph/0503364;astro-ph/0503364;50;22;72
hep-th/0103239;hep-th/0103239;440;83;523
astro-ph/0702223;astro-ph/0702223;48;10;58
hep-th/0312067;hep-th/0312067;219;0;219
hep-ph/9411342;hep-ph/9411342;227;12;239
astro-ph/0511646;astro-ph/0511646;37;9;46
astro-ph/0511792;astro-ph/0511792;37;5;42
hep-th/0304188;hep-th/0304188;77;19;96
hep-th/0412244;hep-th/0412244;103;62;165
astro-ph/0605018;astro-ph/0605018;26;18;44
hep-th/0511140;hep-th/0511140;79;18;97
hep-th/0608121;hep-th/0608121;56;55;111
hep-th/0505050;hep-th/0505050;41;13;54
gr-qc/0511159;gr-qc/0511159;34;7;41
hep-th/0204074;hep-th/0204074;232;26;258
hep-ph/0308134;hep-ph/0308134;81;10;91
hep-ph/9802285;hep-ph/9802285;0;3;3
hep-th/9405187;hep-th/9405187;272;0;272
hep-ph/9705347;hep-ph/9705347;82;0;82
hep-ph/9704452;hep-ph/9704452;270;9;279
0912.0057;0912.0057;0;20;20
hep-th/0409148;hep-th/0409148;162;30;192
hep-th/9708109;hep-th/9708109;23;15;38
hep-th/9811013;hep-th/9811013;24;0;24
hep-th/9802162;hep-th/9802162;135;25;160
hep-th/0611273;hep-th/0611273;55;21;76
hep-th/0508174;hep-th/0508174;55;26;81
hep-th/0606211;hep-th/0606211;36;48;84
hep-th/9903163;hep-th/9903163;49;21;70
hep-th/0506151;hep-th/0506151;21;14;35
hep-th/9602014;hep-th/9602014;102;18;120
hep-th/9708025;hep-th/9708025;75;13;88
hep-th/0702112;hep-th/0702112;70;21;91
hep-th/0506228;hep-th/0506228;32;70;102
hep-th/9511053;hep-th/9511053;104;47;151
hep-th/0410076;hep-th/0410076;103;30;133
hep-th/9706097;hep-th/9706097;75;25;100
hep-th/9603090;hep-th/9603090;273;25;298
hep-th/9410073;hep-th/9410073;187;8;195
hep-th/9410167;hep-th/9410167;948;25;973
hep-th/0506202;hep-th/0506202;39;38;77
hep-th/0304150;hep-th/0304150;22;28;50
hep-th/0402083;hep-th/0402083;18;22;40
hep-th/0405048;hep-th/0405048;21;30;51
hep-th/0301173;hep-th/0301173;104;18;122
hep-th/0506118;hep-th/0506118;20;30;50
hep-th/0302026;hep-th/0302026;65;32;97
hep-th/0002111;hep-th/0002111;29;24;53
hep-th/0212277;hep-th/0212277;86;49;135
hep-th/0208003;hep-th/0208003;27;45;72
hep-th/9905104;hep-th/9905104;354;33;387
hep-th/9805171;hep-th/9805171;233;21;254
hep-th/9805114;hep-th/9805114;396;7;403
hep-th/9601135;hep-th/9601135;72;10;82
hep-th/0402066;hep-th/0402066;11;0;11
hep-th/0411267;hep-th/0411267;65;79;144
hep-th/9808016;hep-th/9808016;127;23;150
hep-th/0106112;hep-th/0106112;174;28;202
hep-th/0310281;hep-th/0310281;69;17;86
hep-th/9906226;hep-th/9906226;32;28;60
hep-th/0205051;hep-th/0205051;236;27;263
hep-th/0012135;hep-th/0012135;10;33;43
hep-th/9803085;hep-th/9803085;53;0;53
hep-th/0212072;hep-th/0212072;95;13;108
hep-th/0503071;hep-th/0503071;63;32;95
hep-th/0412032;hep-th/0412032;24;31;55
hep-th/9808017;hep-th/9808017;196;22;218
hep-th/0406086;hep-th/0406086;13;19;32
hep-th/0403132;hep-th/0403132;46;24;70
hep-th/0406134;hep-th/0406134;66;23;89
hep-th/0410214;hep-th/0410214;10;25;35
hep-th/9905227;hep-th/9905227;33;36;69
hep-th/0306170;hep-th/0306170;105;54;159
hep-th/9912209;hep-th/9912209;24;0;24
hep-th/9311058;hep-th/9311058;4;7;11
hep-th/9211102;hep-th/9211102;74;0;74
hep-th/9202034;hep-th/9202034;13;0;13
hep-th/9301018;hep-th/9301018;36;3;39
hep-th/9304150;hep-th/9304150;26;6;32
hep-th/9304056;hep-th/9304056;21;12;33
hep-th/9210129;hep-th/9210129;7;0;7
hep-th/9301046;hep-th/9301046;77;8;85
hep-th/9311052;hep-th/9311052;3;2;5
hep-th/9308125;hep-th/9308125;19;0;19
hep-th/9311053;hep-th/9311053;2;3;5
hep-th/9301100;hep-th/9301100;37;0;37
hep-th/9302111;hep-th/9302111;12;2;14
hep-th/9207084;hep-th/9207084;47;0;47
hep-th/9311054;hep-th/9311054;1;3;4
hep-th/9108004;hep-th/9108004;221;0;221
hep-th/9109032;hep-th/9109032;145;0;145
hep-th/9311055;hep-th/9311055;67;2;69
hep-th/9205027;hep-th/9205027;216;7;223
hep-th/9202038;hep-th/9202038;1;0;1
0809.3196;0809.3196;0;14;14
astro-ph/0501562;astro-ph/0501562;27;2;29
hep-ph/0608248;hep-ph/0608248;19;0;19
hep-ph/0701104;hep-ph/0701104;7;6;13
hep-th/0311051;hep-th/0311051;27;32;59
hep-ph/9610479;hep-ph/9610479;36;16;52
astro-ph/0605706;astro-ph/0605706;9;1;10
hep-ph/0702184;hep-ph/0702184;13;5;18
hep-ph/0610133;hep-ph/0610133;7;20;27
hep-th/0603015;hep-th/0603015;58;57;115
hep-th/0404087;hep-th/0404087;110;84;194
hep-ph/0503208;hep-ph/0503208;18;10;28
hep-ph/0402179;hep-ph/0402179;16;2;18
hep-ph/0012052;hep-ph/0012052;48;2;50
hep-ph/0204144;hep-ph/0204144;3;5;8
hep-th/0202164;hep-th/0202164;16;2;18
hep-th/9409134;hep-th/9409134;36;0;36
hep-th/9807211;hep-th/9807211;16;1;17
hep-th/0101009;hep-th/0101009;14;0;14
hep-th/9312091;hep-th/9312091;12;0;12
0911.2837;0911.2837;0;1;1
hep-th/0309105;hep-th/0309105;5;4;9
0911.2572;0911.2572;0;24;24
hep-th/0610233;hep-th/0610233;18;48;66
hep-ph/9803315;hep-ph/9803315;1974;3;1977
hep-th/0601161;hep-th/0601161;19;18;37
hep-th/0311265;hep-th/0311265;57;0;57
hep-th/0001033;hep-th/0001033;224;88;312
hep-th/0511050;hep-th/0511050;24;21;45
hep-th/9909134;hep-th/9909134;478;31;509
hep-th/0407158;hep-th/0407158;32;49;81
hep-th/0403141;hep-th/0403141;28;27;55
hep-th/0008079;hep-th/0008079;67;10;77
hep-th/0111207;hep-th/0111207;31;0;31
hep-th/0308034;hep-th/0308034;31;30;61
hep-th/9811084;hep-th/9811084;41;23;64
hep-ph/0609003;hep-ph/0609003;15;42;57
hep-th/0202130;hep-th/0202130;17;12;29
hep-th/0703043;hep-th/0703043;14;46;60
hep-th/0109194;hep-th/0109194;39;31;70
hep-th/9705224;hep-th/9705224;32;1;33
hep-th/0603184;hep-th/0603184;28;25;53
hep-th/9912060;hep-th/9912060;109;27;136
hep-th/0608074;hep-th/0608074;40;33;73
0809.1638;0809.1638;0;3;3
hep-th/9404095;hep-th/9404095;5;2;7
hep-th/0603248;hep-th/0603248;11;6;17
hep-th/0105086;hep-th/0105086;42;3;45
gr-qc/0101064;gr-qc/0101064;14;4;18
hep-th/9707129;hep-th/9707129;24;13;37
gr-qc/0005114;gr-qc/0005114;5;3;8
gr-qc/0003036;gr-qc/0003036;8;0;8
gr-qc/9802035;gr-qc/9802035;13;6;19
0911.2836;0911.2836;0;1;1
hep-th/0404162;hep-th/0404162;10;5;15
gr-qc/0101060;gr-qc/0101060;3;8;11
hep-th/0001113;hep-th/0001113;418;0;418
hep-th/9910132;hep-th/9910132;159;15;174
hep-ph/9812296;hep-ph/9812296;126;3;129
hep-ph/9807344;hep-ph/9807344;844;14;858
hep-ph/9805471;hep-ph/9805471;130;15;145
hep-ph/9807348;hep-ph/9807348;130;16;146
0704.1145;0704.1145;0;5;5
nlin/0211051;nlin/0211051;4;0;4
nlin/0108049;nlin/0108049;13;10;23
math-ph/0209019;math-ph/0209019;14;17;31
math-ph/0512056;math-ph/0512056;3;10;13
nlin/0209035;nlin/0209035;2;0;2
hep-lat/0505012;hep-lat/0505012;12;6;18
hep-ph/0310130;hep-ph/0310130;5;10;15
hep-lat/0411004;hep-lat/0411004;5;7;12
hep-lat/9912050;hep-lat/9912050;21;5;26
hep-lat/9902003;hep-lat/9902003;19;3;22
hep-lat/9807020;hep-lat/9807020;16;0;16
hep-ph/9502352;hep-ph/9502352;3;1;4
astro-ph/0506076;astro-ph/0506076;13;21;34
hep-ph/9909459;hep-ph/9909459;45;4;49
hep-th/0311071;hep-th/0311071;52;29;81
hep-th/0403063;hep-th/0403063;23;37;60
hep-th/0405054;hep-th/0405054;86;45;131
astro-ph/9910214;astro-ph/9910214;90;16;106
hep-th/0212290;hep-th/0212290;493;79;572
hep-th/0501025;hep-th/0501025;174;67;241
astro-ph/0404378;astro-ph/0404378;65;36;101
gr-qc/0111082;gr-qc/0111082;7;12;19
hep-th/0409212;hep-th/0409212;55;35;90
astro-ph/0501652;astro-ph/0501652;89;38;127
astro-ph/0311364;astro-ph/0311364;136;22;158
astro-ph/9908023;astro-ph/9908023;202;4;206
hep-th/0502191;hep-th/0502191;73;121;194
astro-ph/0404224;astro-ph/0404224;218;16;234
hep-th/0411192;hep-th/0411192;62;78;140
astro-ph/0107321;astro-ph/0107321;39;15;54
astro-ph/0406608;astro-ph/0406608;48;0;48
hep-th/0407047;hep-th/0407047;17;26;43
astro-ph/0311622;astro-ph/0311622;97;29;126
astro-ph/0310723;astro-ph/0310723;364;7;371
math/0102142;math/0102142;43;10;53
hep-th/0110034;hep-th/0110034;80;30;110
math/0010038;math/0010038;30;12;42
math-ph/9807026;math-ph/9807026;11;3;14
hep-th/9811034;hep-th/9811034;21;29;50
hep-th/9203070;hep-th/9203070;35;0;35
hep-th/9806191;hep-th/9806191;15;21;36
hep-th/9706207;hep-th/9706207;75;30;105
math/0012047;math/0012047;7;2;9
math/0003024;math/0003024;5;24;29
hep-ph/0111026;hep-ph/0111026;76;11;87
hep-ph/0104300;hep-ph/0104300;33;9;42
hep-ph/9501372;hep-ph/9501372;11;0;11
hep-ph/9901358;hep-ph/9901358;148;2;150
hep-th/9605088;hep-th/9605088;79;4;83
hep-ph/9501341;hep-ph/9501341;69;1;70
hep-th/0012060;hep-th/0012060;142;16;158
hep-th/0008252;hep-th/0008252;140;27;167
hep-ph/9809521;hep-ph/9809521;324;4;328
hep-th/9912243;hep-th/9912243;31;8;39
hep-th/0105082;hep-th/0105082;211;17;228
hep-th/0106044;hep-th/0106044;95;17;112
0707.0961;0707.0961;0;5;5
hep-th/9301052;hep-th/9301052;399;1;400
hep-th/9404071;hep-th/9404071;171;4;175
hep-th/0610041;hep-th/0610041;23;25;48
0707.0964;0707.0964;0;55;55
hep-th/9707087;hep-th/9707087;47;43;90
hep-th/0502219;hep-th/0502219;16;29;45
hep-th/9612076;hep-th/9612076;64;17;81
hep-th/0607227;hep-th/0607227;64;124;188
hep-th/0612225;hep-th/0612225;41;44;85
hep-th/0607202;hep-th/0607202;36;22;58
hep-th/0506177;hep-th/0506177;198;35;233
hep-th/0506251;hep-th/0506251;32;79;111
hep-th/0703178;hep-th/0703178;24;49;73
hep-th/0005049;hep-th/0005049;172;64;236
hep-th/0605279;hep-th/0605279;45;44;89
hep-th/0703037;hep-th/0703037;3;54;57
hep-th/9608059;hep-th/9608059;89;0;89
hep-th/0701090;hep-th/0701090;36;28;64
hep-th/9702103;hep-th/9702103;200;33;233
hep-th/0608191;hep-th/0608191;30;34;64
hep-th/0702088;hep-th/0702088;57;29;86
hep-th/0503217;hep-th/0503217;107;39;146
hep-th/0611345;hep-th/0611345;41;95;136
hep-th/0607132;hep-th/0607132;45;19;64
hep-th/0110277;hep-th/0110277;49;30;79
hep-th/0603247;hep-th/0603247;57;37;94
hep-th/9703156;hep-th/9703156;37;40;77
hep-th/9210068;hep-th/9210068;104;0;104
hep-th/0606263;hep-th/0606263;48;33;81
hep-th/0602022;hep-th/0602022;62;43;105
hep-th/0602161;hep-th/0602161;42;19;61
hep-th/9705024;hep-th/9705024;24;41;65
hep-th/0602142;hep-th/0602142;31;31;62
hep-th/0606244;hep-th/0606244;93;50;143
hep-th/0601016;hep-th/0601016;71;39;110
hep-th/0508042;hep-th/0508042;120;47;167
hep-th/0510024;hep-th/0510024;89;45;134
hep-th/0511215;hep-th/0511215;58;22;80
hep-th/0507096;hep-th/0507096;118;26;144
hep-th/0701176;hep-th/0701176;19;31;50
hep-th/0606209;hep-th/0606209;60;40;100
hep-th/0608091;hep-th/0608091;25;39;64
hep-th/9508094;hep-th/9508094;134;0;134
hep-th/0701221;hep-th/0701221;23;71;94
hep-th/0702019;hep-th/0702019;28;55;83
hep-th/9602111;hep-th/9602111;270;12;282
hep-th/0606108;hep-th/0606108;31;23;54
hep-th/0511117;hep-th/0511117;106;32;138
hep-th/9602136;hep-th/9602136;350;17;367
hep-th/0602005;hep-th/0602005;91;26;117
hep-th/0703214;hep-th/0703214;35;95;130
hep-th/9506144;hep-th/9506144;118;15;133
hep-th/9508072;hep-th/9508072;435;7;442
hep-th/9807087;hep-th/9807087;127;87;214
hep-th/0504126;hep-th/0504126;69;18;87
hep-th/0512138;hep-th/0512138;55;30;85
hep-th/9609065;hep-th/9609065;21;18;39
hep-th/9507008;hep-th/9507008;118;10;128
hep-th/9609066;hep-th/9609066;19;19;38
hep-th/9506102;hep-th/9506102;197;11;208
hep-th/9505100;hep-th/9505100;209;6;215
hep-th/9609041;hep-th/9609041;98;40;138
hep-th/9602073;hep-th/9602073;71;13;84
hep-th/9408036;hep-th/9408036;61;10;71
hep-th/9509175;hep-th/9509175;168;16;184
hep-th/9509161;hep-th/9509161;215;18;233
hep-th/9504102;hep-th/9504102;130;0;130
hep-th/9507144;hep-th/9507144;46;12;58
hep-th/9509176;hep-th/9509176;111;17;128
hep-th/9505150;hep-th/9505150;198;18;216
hep-th/9507032;hep-th/9507032;72;6;78
hep-th/9609067;hep-th/9609067;0;6;6
hep-th/9402015;hep-th/9402015;38;0;38
hep-ph/9502214;hep-ph/9502214;17;2;19
hep-th/9309128;hep-th/9309128;27;0;27
hep-th/9307146;hep-th/9307146;10;0;10
hep-th/9512208;hep-th/9512208;3;5;8
hep-th/9402092;hep-th/9402092;14;1;15
hep-th/9604059;hep-th/9604059;35;10;45
hep-th/9604051;hep-th/9604051;39;10;49
hep-th/9603002;hep-th/9603002;86;20;106
hep-th/9511154;hep-th/9511154;147;7;154
hep-th/9609061;hep-th/9609061;9;5;14
hep-th/9402066;hep-th/9402066;26;1;27
hep-th/9503220;hep-th/9503220;15;2;17
hep-th/9511104;hep-th/9511104;80;12;92
hep-th/9602063;hep-th/9602063;12;2;14
hep-th/9607007;hep-th/9607007;23;10;33
hep-th/9609060;hep-th/9609060;4;4;8
hep-th/9306062;hep-th/9306062;3;0;3
hep-th/9312148;hep-th/9312148;2;0;2
q-alg/9506019;q-alg/9506019;2;0;2
hep-th/9608047;hep-th/9608047;47;0;47
hep-th/9609063;hep-th/9609063;2;13;15
hep-th/9609064;hep-th/9609064;5;0;5
hep-th/9406213;hep-th/9406213;18;8;26
hep-th/9405008;hep-th/9405008;33;1;34
hep-th/9312001;hep-th/9312001;42;3;45
hep-th/9402020;hep-th/9402020;19;2;21
hep-th/9309013;hep-th/9309013;43;1;44
hep-th/9302116;hep-th/9302116;60;1;61
hep-th/9202057;hep-th/9202057;135;0;135
hep-th/9210109;hep-th/9210109;42;0;42
hep-th/9306117;hep-th/9306117;24;0;24
hep-th/9404050;hep-th/9404050;52;4;56
hep-th/9305011;hep-th/9305011;11;1;12
cond-mat/9504108;cond-mat/9504108;4;0;4
hep-th/9609062;hep-th/9609062;22;36;58
hep-th/9511180;hep-th/9511180;40;15;55
hep-th/9503115;hep-th/9503115;130;0;130
hep-th/9608054;hep-th/9608054;53;0;53
hep-th/9607076;hep-th/9607076;52;15;67
hep-th/9605215;hep-th/9605215;80;8;88
hep-th/9505062;hep-th/9505062;227;15;242
hep-th/9510183;hep-th/9510183;127;31;158
hep-th/9606199;hep-th/9606199;67;9;76
hep-th/9510129;hep-th/9510129;103;20;123
hep-th/9608183;hep-th/9608183;39;24;63
hep-th/9604034;hep-th/9604034;263;57;320
hep-th/9603136;hep-th/9603136;143;17;160
hep-th/9608060;hep-th/9608060;43;27;70
hep-th/9508155;hep-th/9508155;210;53;263
hep-th/9412158;hep-th/9412158;46;3;49
hep-th/9603073;hep-th/9603073;29;34;63
hep-th/9611198;hep-th/9611198;6;3;9
hep-th/9307186;hep-th/9307186;18;1;19
hep-th/9502070;hep-th/9502070;15;8;23
hep-th/9411201;hep-th/9411201;18;3;21
hep-th/9611199;hep-th/9611199;24;21;45
hep-th/9502065;hep-th/9502065;51;23;74
hep-th/9504148;hep-th/9504148;43;24;67
hep-th/9512040;hep-th/9512040;46;27;73
hep-th/9406206;hep-th/9406206;91;14;105
hep-th/9401006;hep-th/9401006;78;5;83
hep-th/9304102;hep-th/9304102;48;13;61
hep-th/9512025;hep-th/9512025;29;13;42
hep-th/9503045;hep-th/9503045;35;17;52
hep-th/9507112;hep-th/9507112;36;15;51
hep-th/9502126;hep-th/9502126;20;8;28
hep-th/9410230;hep-th/9410230;48;15;63
hep-th/9308154;hep-th/9308154;80;4;84
hep-th/9502122;hep-th/9502122;94;22;116
hep-th/9510034;hep-th/9510034;16;20;36
hep-th/9510103;hep-th/9510103;4;15;19
hep-th/9509095;hep-th/9509095;53;21;74
hep-th/9303038;hep-th/9303038;54;0;54
hep-th/9410104;hep-th/9410104;66;9;75
hep-th/9503226;hep-th/9503226;25;14;39
hep-th/9602179;hep-th/9602179;17;37;54
hep-th/0108015;hep-th/0108015;3;5;8
hep-th/0107117;hep-th/0107117;10;6;16
hep-th/0106270;hep-th/0106270;4;0;4
cond-mat/9503142;cond-mat/9503142;4;1;5
hep-th/9402144;hep-th/9402144;25;4;29
hep-th/9306042;hep-th/9306042;20;0;20
hep-th/0108014;hep-th/0108014;0;8;8
hep-th/0002210;hep-th/0002210;58;2;60
hep-th/0002236;hep-th/0002236;36;6;42
hep-th/0002143;hep-th/0002143;65;13;78
hep-th/0002171;hep-th/0002171;97;28;125
hep-th/0005059;hep-th/0005059;28;19;47
hep-th/0104143;hep-th/0104143;27;43;70
hep-th/9508003;hep-th/9508003;12;0;12
hep-th/9609069;hep-th/9609069;8;2;10
hep-th/9412195;hep-th/9412195;48;4;52
hep-th/9410138;hep-th/9410138;82;9;91
hep-th/9609068;hep-th/9609068;12;2;14
hep-th/9201006;hep-th/9201006;11;0;11
hep-th/9501059;hep-th/9501059;31;5;36
hep-th/0108011;hep-th/0108011;1;25;26
hep-ph/9809406;hep-ph/9809406;46;43;89
hep-ph/9907447;hep-ph/9907447;457;16;473
hep-ph/9907218;hep-ph/9907218;160;16;176
hep-th/9812117;hep-th/9812117;34;22;56
hep-th/9907051;hep-th/9907051;24;7;31
hep-th/9805157;hep-th/9805157;221;30;251
hep-th/9903226;hep-th/9903226;58;11;69
hep-ph/9403290;hep-ph/9403290;129;2;131
hep-th/9905042;hep-th/9905042;28;5;33
hep-th/9912028;hep-th/9912028;16;22;38
hep-th/9809147;hep-th/9809147;167;56;223
hep-th/0011186;hep-th/0011186;13;27;40
hep-th/9310151;hep-th/9310151;117;1;118
hep-th/9908076;hep-th/9908076;193;11;204
hep-ph/9806292;hep-ph/9806292;337;29;366
hep-th/9906182;hep-th/9906182;260;13;273
hep-ph/0104211;hep-ph/0104211;10;11;21
hep-th/9902080;hep-th/9902080;20;80;100
hep-th/9902168;hep-th/9902168;30;19;49
hep-ph/9803466;hep-ph/9803466;333;13;346
hep-th/0108010;hep-th/0108010;56;25;81
hep-ph/9307317;hep-ph/9307317;19;0;19
hep-th/9608019;hep-th/9608019;163;23;186
hep-th/9707208;hep-th/9707208;78;11;89
hep-th/9707143;hep-th/9707143;112;14;126
hep-th/9712214;hep-th/9712214;162;19;181
hep-th/9705037;hep-th/9705037;88;15;103
hep-th/0012163;hep-th/0012163;45;0;45
hep-th/0102145;hep-th/0102145;34;39;73
hep-th/9707223;hep-th/9707223;68;14;82
hep-ph/0012103;hep-ph/0012103;17;9;26
hep-th/9405188;hep-th/9405188;81;17;98
hep-ph/9406256;hep-ph/9406256;25;7;32
hep-ph/9505244;hep-ph/9505244;29;5;34
hep-ph/9710204;hep-ph/9710204;90;10;100
hep-ph/0102090;hep-ph/0102090;61;18;79
hep-th/0107128;hep-th/0107128;61;0;61
hep-th/9711197;hep-th/9711197;101;17;118
hep-th/9801030;hep-th/9801030;79;23;102
hep-ph/9912455;hep-ph/9912455;14;16;30
hep-th/9905139;hep-th/9905139;20;13;33
hep-th/0003117;hep-th/0003117;129;5;134
hep-ph/9810410;hep-ph/9810410;128;21;149
hep-th/0106256;hep-th/0106256;98;41;139
hep-th/9401002;hep-th/9401002;12;4;16
hep-ph/9307326;hep-ph/9307326;19;1;20
hep-th/9201058;hep-th/9201058;34;0;34
hep-th/9212068;hep-th/9212068;38;0;38
hep-ph/9305241;hep-ph/9305241;36;1;37
hep-th/0606072;hep-th/0606072;2;22;24
hep-th/0005066;hep-th/0005066;20;29;49
hep-th/0406107;hep-th/0406107;45;46;91
hep-th/0605132;hep-th/0605132;24;15;39
hep-th/0203016;hep-th/0203016;4;15;19
hep-th/0302146;hep-th/0302146;95;31;126
hep-th/0507163;hep-th/0507163;14;24;38
hep-th/9912118;hep-th/9912118;187;28;215
hep-th/9904041;hep-th/9904041;14;30;44
hep-th/0202210;hep-th/0202210;257;22;279
hep-th/9910053;hep-th/9910053;684;98;782
hep-th/0004134;hep-th/0004134;425;15;440
hep-th/0604150;hep-th/0604150;6;44;50
hep-th/0107175;hep-th/0107175;28;20;48
hep-th/0502211;hep-th/0502211;99;32;131
hep-th/0304192;hep-th/0304192;101;37;138
hep-th/0006044;hep-th/0006044;10;33;43
hep-th/0303139;hep-th/0303139;230;45;275
hep-th/9812073;hep-th/9812073;146;27;173
hep-th/0603237;hep-th/0603237;21;21;42
hep-th/0511093;hep-th/0511093;28;24;52
hep-th/0203207;hep-th/0203207;10;13;23
hep-th/0008165;hep-th/0008165;26;0;26
hep-th/0112008;hep-th/0112008;23;59;82
hep-th/9705240;hep-th/9705240;57;24;81
hep-th/0012128;hep-th/0012128;22;24;46
hep-th/9511134;hep-th/9511134;113;3;116
hep-th/9303160;hep-th/9303160;214;0;214
hep-th/9509166;hep-th/9509166;132;14;146
hep-th/9912143;hep-th/9912143;23;10;33
hep-th/9206056;hep-th/9206056;28;1;29
cond-mat/9911392;cond-mat/9911392;48;8;56
hep-th/9512210;hep-th/9512210;88;9;97
hep-th/9807091;hep-th/9807091;80;24;104
cond-mat/9912060;cond-mat/9912060;22;9;31
hep-th/0606070;hep-th/0606070;4;20;24
hep-th/0102112;hep-th/0102112;139;36;175
hep-th/0002237;hep-th/0002237;183;24;207
hep-th/0110124;hep-th/0110124;45;10;55
hep-th/0102085;hep-th/0102085;148;105;253
hep-th/0308147;hep-th/0308147;12;26;38
hep-th/9912249;hep-th/9912249;290;20;310
hep-th/0111208;hep-th/0111208;100;203;303
hep-th/0207132;hep-th/0207132;25;40;65
hep-th/0311017;hep-th/0311017;103;153;256
hep-th/0210169;hep-th/0210169;13;6;19
hep-th/0307148;hep-th/0307148;16;47;63
hep-th/0201136;hep-th/0201136;52;30;82
hep-th/0107197;hep-th/0107197;15;40;55
hep-th/0305103;hep-th/0305103;10;44;54
hep-th/0011117;hep-th/0011117;61;13;74
hep-th/0207174;hep-th/0207174;23;23;46
hep-th/0111281;hep-th/0111281;82;16;98
hep-th/0508010;hep-th/0508010;8;35;43
hep-th/0210155;hep-th/0210155;20;10;30
hep-th/0606071;hep-th/0606071;3;20;23
hep-th/9802071;hep-th/9802071;16;27;43
hep-th/0001078;hep-th/0001078;4;1;5
hep-th/0008167;hep-th/0008167;19;45;64
gr-qc/9712092;gr-qc/9712092;9;3;12
hep-th/0306138;hep-th/0306138;141;150;291
hep-th/0012166;hep-th/0012166;10;4;14
hep-th/0111100;hep-th/0111100;1;8;9
math-ph/0107018;math-ph/0107018;16;11;27
hep-th/0201057;hep-th/0201057;3;12;15
hep-th/0012145;hep-th/0012145;113;70;183
hep-th/0007183;hep-th/0007183;7;20;27
hep-th/0212237;hep-th/0212237;6;10;16
hep-th/9406047;hep-th/9406047;26;2;28
hep-th/0012174;hep-th/0012174;14;5;19
hep-th/9702025;hep-th/9702025;33;2;35
hep-th/0409140;hep-th/0409140;7;22;29
hep-th/9811031;hep-th/9811031;39;23;62
hep-th/9412140;hep-th/9412140;15;0;15
hep-th/0106048;hep-th/0106048;847;207;1054
hep-th/9708152;hep-th/9708152;34;6;40
hep-th/0606076;hep-th/0606076;37;37;74
hep-th/9908109;hep-th/9908109;60;19;79
gr-qc/0405125;gr-qc/0405125;24;12;36
hep-th/0305185;hep-th/0305185;92;16;108
hep-th/0412138;hep-th/0412138;13;26;39
hep-th/0405006;hep-th/0405006;29;7;36
hep-th/0011127;hep-th/0011127;127;0;127
hep-th/0401129;hep-th/0401129;117;29;146
gr-qc/0507096;gr-qc/0507096;16;22;38
hep-th/0209051;hep-th/0209051;105;32;137
hep-th/0404096;hep-th/0404096;35;5;40
hep-th/9811056;hep-th/9811056;182;17;199
hep-th/0211290;hep-th/0211290;73;29;102
hep-th/0308056;hep-th/0308056;69;45;114
gr-qc/0211055;gr-qc/0211055;104;44;148
hep-th/0110193;hep-th/0110193;105;9;114
hep-th/0502124;hep-th/0502124;19;9;28
gr-qc/0407030;gr-qc/0407030;21;13;34
hep-th/0304064;hep-th/0304064;94;13;107
hep-th/0206202;hep-th/0206202;75;22;97
hep-th/0104071;hep-th/0104071;105;15;120
hep-th/0506029;hep-th/0506029;89;14;103
hep-th/0401042;hep-th/0401042;90;42;132
hep-th/0601156;hep-th/0601156;55;14;69
gr-qc/0212035;gr-qc/0212035;24;10;34
hep-th/0305147;hep-th/0305147;108;22;130
hep-th/0502206;hep-th/0502206;13;16;29
hep-th/0105111;hep-th/0105111;118;16;134
hep-th/0409155;hep-th/0409155;79;8;87
hep-th/0408217;hep-th/0408217;85;17;102
hep-th/0505112;hep-th/0505112;47;13;60
hep-th/0110260;hep-th/0110260;358;9;367
gr-qc/0605106;gr-qc/0605106;47;10;57
hep-th/0404008;hep-th/0404008;110;2;112
hep-th/0606077;hep-th/0606077;47;12;59
hep-th/0606018;hep-th/0606018;56;26;82
hep-th/0301149;hep-th/0301149;4;24;28
hep-th/0011198;hep-th/0011198;9;4;13
gr-qc/0502074;gr-qc/0502074;78;5;83
hep-th/0608080;hep-th/0608080;41;17;58
hep-th/0602146;hep-th/0602146;69;6;75
hep-th/0107049;hep-th/0107049;7;15;22
hep-th/0008241;hep-th/0008241;127;108;235
hep-th/0606069;hep-th/0606069;48;10;58
hep-th/0007121;hep-th/0007121;15;3;18
hep-th/0011067;hep-th/0011067;34;12;46
hep-th/0002109;hep-th/0002109;3;1;4
hep-th/9201070;hep-th/9201070;7;0;7
hep-th/0303055;hep-th/0303055;7;38;45
hep-th/0009182;hep-th/0009182;55;52;107
hep-th/0202109;hep-th/0202109;405;25;430
hep-th/9903165;hep-th/9903165;40;34;74
hep-th/0202021;hep-th/0202021;1070;34;1104
hep-th/0201081;hep-th/0201081;387;10;397
hep-th/9709220;hep-th/9709220;242;28;270
hep-th/0005061;hep-th/0005061;164;18;182
hep-th/9901033;hep-th/9901033;8;15;23
hep-th/9905183;hep-th/9905183;18;33;51
hep-th/0204147;hep-th/0204147;62;39;101
hep-th/0201253;hep-th/0201253;190;227;417
hep-th/0202179;hep-th/0202179;138;38;176
hep-th/0204002;hep-th/0204002;45;36;81
hep-th/9906087;hep-th/9906087;29;28;57
hep-th/0202190;hep-th/0202190;66;16;82
hep-th/9710009;hep-th/9710009;301;19;320
hep-th/9311081;hep-th/9311081;65;1;66
hep-th/9702187;hep-th/9702187;257;15;272
hep-th/0205089;hep-th/0205089;192;47;239
hep-th/0110242;hep-th/0110242;425;10;435
hep-th/9704080;hep-th/9704080;327;13;340
hep-th/0209201;hep-th/0209201;35;55;90
hep-th/0208114;hep-th/0208114;62;27;89
hep-th/0205033;hep-th/0205033;184;14;198
hep-th/9311010;hep-th/9311010;65;7;72
hep-th/0112044;hep-th/0112044;487;20;507
hep-th/9701025;hep-th/9701025;236;7;243
hep-th/0105308;hep-th/0105308;110;17;127
hep-th/0009181;hep-th/0009181;59;20;79
hep-th/9703030;hep-th/9703030;438;23;461
hep-th/0101126;hep-th/0101126;158;278;436
hep-th/0204051;hep-th/0204051;496;24;520
hep-th/0606078;hep-th/0606078;16;53;69
hep-th/0308184;hep-th/0308184;67;58;125
hep-th/0409233;hep-th/0409233;17;6;23
hep-th/0002189;hep-th/0002189;56;17;73
hep-th/0009171;hep-th/0009171;81;38;119
hep-th/0605053;hep-th/0605053;5;74;79
hep-th/9210134;hep-th/9210134;10;0;10
hep-th/9309095;hep-th/9309095;6;5;11
hep-th/0212041;hep-th/0212041;14;8;22
hep-th/0001035;hep-th/0001035;249;9;258
hep-th/9507109;hep-th/9507109;76;6;82
hep-th/0508124;hep-th/0508124;27;142;169
hep-th/0007036;hep-th/0007036;71;28;99
hep-th/0203167;hep-th/0203167;33;5;38
hep-th/0209215;hep-th/0209215;64;25;89
hep-th/0206059;hep-th/0206059;85;41;126
hep-th/0104158;hep-th/0104158;131;33;164
hep-th/0601197;hep-th/0601197;6;13;19
hep-th/0402063;hep-th/0402063;45;39;84
hep-th/0404190;hep-th/0404190;13;30;43
hep-th/0505162;hep-th/0505162;1;29;30
hep-th/9302110;hep-th/9302110;17;13;30
hep-th/0407018;hep-th/0407018;14;15;29
hep-th/0305052;hep-th/0305052;81;103;184
hep-th/9908160;hep-th/9908160;87;21;108
hep-th/9806074;hep-th/9806074;238;18;256
hep-th/0304107;hep-th/0304107;26;10;36
hep-th/0504229;hep-th/0504229;37;22;59
hep-th/9403141;hep-th/9403141;161;10;171
hep-th/0307203;hep-th/0307203;20;0;20
hep-th/0304062;hep-th/0304062;31;31;62
hep-th/0206205;hep-th/0206205;23;6;29
hep-th/0505148;hep-th/0505148;13;52;65
hep-th/0009168;hep-th/0009168;69;8;77
hep-th/0407144;hep-th/0407144;16;54;70
hep-th/9407025;hep-th/9407025;67;4;71
hep-th/9805028;hep-th/9805028;361;9;370
hep-th/0410006;hep-th/0410006;5;8;13
hep-th/0510264;hep-th/0510264;10;42;52
hep-th/0602226;hep-th/0602226;21;50;71
hep-th/9412106;hep-th/9412106;19;6;25
hep-th/0209102;hep-th/0209102;26;14;40
hep-th/9309125;hep-th/9309125;6;16;22
hep-th/0208232;hep-th/0208232;41;33;74
hep-th/0501107;hep-th/0501107;9;17;26
hep-th/0110301;hep-th/0110301;39;9;48
hep-th/0310292;hep-th/0310292;51;64;115
hep-th/9506136;hep-th/9506136;248;0;248
hep-th/0502186;hep-th/0502186;12;33;45
astro-ph/0511774;astro-ph/0511774;51;30;81
astro-ph/9312039;astro-ph/9312039;81;2;83
hep-th/0302219;hep-th/0302219;386;11;397
gr-qc/0102090;gr-qc/0102090;46;9;55
hep-th/0508161;hep-th/0508161;8;23;31
hep-th/0409059;hep-th/0409059;15;7;22
hep-th/0409072;hep-th/0409072;21;20;41
hep-th/0511037;hep-th/0511037;26;20;46
hep-th/9608197;hep-th/9608197;47;12;59
gr-qc/9406010;gr-qc/9406010;118;2;120
astro-ph/0506519;astro-ph/0506519;13;17;30
hep-th/0301240;hep-th/0301240;1074;54;1128
astro-ph/9906210;astro-ph/9906210;42;5;47
astro-ph/0404497;astro-ph/0404497;11;8;19
astro-ph/0511043;astro-ph/0511043;1;13;14
gr-qc/9905097;gr-qc/9905097;52;13;65
hep-ph/0408167;hep-ph/0408167;17;1;18
hep-th/0407174;hep-th/0407174;22;10;32
hep-th/0509184;hep-th/0509184;77;14;91
hep-th/0508006;hep-th/0508006;2;7;9
gr-qc/9511058;gr-qc/9511058;35;8;43
hep-th/9806185;hep-th/9806185;45;0;45
astro-ph/0407086;astro-ph/0407086;3;5;8
hep-th/9408023;hep-th/9408023;68;4;72
hep-th/0405159;hep-th/0405159;142;29;171
hep-ph/0210256;hep-ph/0210256;22;0;22
hep-th/0307049;hep-th/0307049;174;22;196
gr-qc/9601005;gr-qc/9601005;23;9;32
hep-th/9411111;hep-th/9411111;39;3;42
0711.2686;0711.2686;0;27;27
astro-ph/0608631;astro-ph/0608631;13;72;85
hep-ph/0410095;hep-ph/0410095;52;35;87
gr-qc/0701053;gr-qc/0701053;3;9;12
hep-th/0502082;hep-th/0502082;99;53;152
astro-ph/0202492;astro-ph/0202492;34;18;52
hep-th/0203101;hep-th/0203101;278;139;417
gr-qc/0311036;gr-qc/0311036;124;81;205
astro-ph/0303306;astro-ph/0303306;63;9;72
gr-qc/0305081;gr-qc/0305081;9;12;21
astro-ph/0507372;astro-ph/0507372;18;17;35
gr-qc/0605133;gr-qc/0605133;4;7;11
astro-ph/0507110;astro-ph/0507110;28;26;54
hep-th/0506069;hep-th/0506069;98;42;140
hep-th/0509107;hep-th/0509107;45;37;82
astro-ph/0207347;astro-ph/0207347;487;55;542
gr-qc/0609059;gr-qc/0609059;5;5;10
hep-ph/0311171;hep-ph/0311171;39;34;73
astro-ph/0401556;astro-ph/0401556;57;23;80
astro-ph/0404146;astro-ph/0404146;16;28;44
hep-th/0603057;hep-th/0603057;432;0;432
astro-ph/0404204;astro-ph/0404204;51;14;65
astro-ph/0312424;astro-ph/0312424;38;18;56
quant-ph/0305063;quant-ph/0305063;4;3;7
hep-th/0306205;hep-th/0306205;10;0;10
quant-ph/0105113;quant-ph/0105113;6;3;9
quant-ph/0105112;quant-ph/0105112;12;0;12
0904.1993;0904.1993;0;12;12
hep-th/0701036;hep-th/0701036;82;30;112
hep-th/0607205;hep-th/0607205;17;49;66
hep-th/0607237;hep-th/0607237;58;19;77
hep-th/9902137;hep-th/9902137;37;9;46
hep-th/9805145;hep-th/9805145;98;10;108
hep-th/9803251;hep-th/9803251;115;34;149
hep-th/9203018;hep-th/9203018;92;0;92
hep-th/0506184;hep-th/0506184;115;22;137
hep-th/0406257;hep-th/0406257;28;20;48
hep-th/9401005;hep-th/9401005;4;3;7
hep-th/9207008;hep-th/9207008;23;0;23
hep-th/9204044;hep-th/9204044;35;0;35
hep-th/9204083;hep-th/9204083;195;0;195
0710.3193;0710.3193;0;1;1
gr-qc/9806024;gr-qc/9806024;2;2;4
0709.0924;0709.0924;0;7;7
hep-th/0408228;hep-th/0408228;13;10;23
hep-th/0204184;hep-th/0204184;20;5;25
hep-th/0612035;hep-th/0612035;6;8;14
hep-ph/9501263;hep-ph/9501263;41;0;41
hep-th/9803157;hep-th/9803157;27;2;29
astro-ph/0602467;astro-ph/0602467;11;13;24
hep-th/0703156;hep-th/0703156;13;13;26
hep-th/0303051;hep-th/0303051;5;8;13
hep-th/0005002;hep-th/0005002;9;5;14
hep-th/0108187;hep-th/0108187;262;27;289
hep-th/0304254;hep-th/0304254;5;16;21
hep-th/0206182;hep-th/0206182;137;29;166
hep-th/0202187;hep-th/0202187;91;30;121
hep-th/0204168;hep-th/0204168;160;25;185
astro-ph/0506692;astro-ph/0506692;14;11;25
astro-ph/0307285;astro-ph/0307285;120;7;127
hep-th/0307288;hep-th/0307288;254;8;262
astro-ph/0410031;astro-ph/0410031;98;23;121
hep-th/0409177;hep-th/0409177;86;18;104
hep-th/0307071;hep-th/0307071;99;26;125
gr-qc/0403063;gr-qc/0403063;34;0;34
astro-ph/0306438;astro-ph/0306438;304;13;317
hep-th/0407099;hep-th/0407099;4;19;23
gr-qc/0309015;gr-qc/0309015;33;11;44
hep-th/0407090;hep-th/0407090;54;42;96
math/0403463;math/0403463;4;18;22
hep-th/9407195;hep-th/9407195;11;0;11
hep-th/9406157;hep-th/9406157;6;5;11
math-ph/0310009;math-ph/0310009;4;13;17
q-alg/9502005;q-alg/9502005;7;3;10
math-ph/9910013;math-ph/9910013;25;0;25
hep-th/9210150;hep-th/9210150;38;2;40
hep-th/0307241;hep-th/0307241;37;22;59
hep-th/9210141;hep-th/9210141;68;0;68
hep-th/9402037;hep-th/9402037;24;3;27
hep-th/9206029;hep-th/9206029;43;0;43
math/0405096;math/0405096;1;7;8
hep-th/9306030;hep-th/9306030;19;0;19
hep-th/0507206;hep-th/0507206;12;15;27
hep-th/9403033;hep-th/9403033;7;1;8
hep-th/9205003;hep-th/9205003;27;0;27
hep-th/9404029;hep-th/9404029;4;1;5
math/0002007;math/0002007;20;11;31
hep-th/0112092;hep-th/0112092;47;22;69
0911.4787;0911.4787;0;5;5
hep-th/9405096;hep-th/9405096;65;12;77
hep-th/9210010;hep-th/9210010;200;3;203
hep-th/9703166;hep-th/9703166;537;22;559
hep-th/9201026;hep-th/9201026;47;0;47
hep-th/9907072;hep-th/9907072;17;5;22
hep-th/0004191;hep-th/0004191;5;6;11
hep-th/9707204;hep-th/9707204;33;4;37
hep-th/9805109;hep-th/9805109;42;25;67
hep-ph/9903359;hep-ph/9903359;19;16;35
hep-th/9304154;hep-th/9304154;263;11;274
hep-th/9511168;hep-th/9511168;27;3;30
hep-th/9710199;hep-th/9710199;10;5;15
hep-th/9903170;hep-th/9903170;6;25;31
hep-th/9811077;hep-th/9811077;63;11;74
hep-th/9811171;hep-th/9811171;3;6;9
hep-th/9512124;hep-th/9512124;29;29;58
hep-th/9210021;hep-th/9210021;115;7;122
hep-th/9610193;hep-th/9610193;158;2;160
hep-th/9605212;hep-th/9605212;14;0;14
hep-th/9602162;hep-th/9602162;12;29;41
hep-th/9705122;hep-th/9705122;46;18;64
hep-th/9309039;hep-th/9309039;113;5;118
hep-th/9710163;hep-th/9710163;25;54;79
hep-th/9811256;hep-th/9811256;9;20;29
hep-th/9811053;hep-th/9811053;56;3;59
hep-th/9402031;hep-th/9402031;58;48;106
hep-th/9808129;hep-th/9808129;97;6;103
hep-th/9902140;hep-th/9902140;9;7;16
hep-th/9403155;hep-th/9403155;81;0;81
hep-th/9803019;hep-th/9803019;27;23;50
hep-th/9409011;hep-th/9409011;28;7;35
hep-th/9509123;hep-th/9509123;35;28;63
hep-th/9903171;hep-th/9903171;3;1;4
quant-ph/9903025;quant-ph/9903025;5;2;7
hep-th/9903172;hep-th/9903172;11;25;36
hep-th/9806032;hep-th/9806032;12;35;47
hep-th/9812012;hep-th/9812012;41;12;53
hep-th/9709193;hep-th/9709193;89;30;119
hep-th/9802168;hep-th/9802168;53;43;96
hep-th/9507140;hep-th/9507140;21;22;43
hep-th/9702106;hep-th/9702106;36;21;57
hep-th/9711132;hep-th/9711132;10;24;34
hep-th/9612143;hep-th/9612143;52;0;52
hep-th/9810157;hep-th/9810157;12;16;28
hep-th/9806146;hep-th/9806146;196;44;240
hep-th/9506002;hep-th/9506002;42;14;56
hep-th/9411102;hep-th/9411102;165;6;171
hep-th/9802016;hep-th/9802016;57;33;90
hep-th/9502057;hep-th/9502057;36;22;58
hep-th/9901161;hep-th/9901161;2;43;45
hep-th/9403193;hep-th/9403193;10;4;14
hep-th/9403195;hep-th/9403195;110;2;112
hep-th/9802185;hep-th/9802185;46;38;84
hep-th/9801066;hep-th/9801066;19;20;39
hep-th/9903173;hep-th/9903173;11;9;20
hep-th/9610012;hep-th/9610012;39;15;54
hep-th/9712038;hep-th/9712038;12;10;22
hep-th/9712147;hep-th/9712147;16;9;25
hep-ph/9611271;hep-ph/9611271;12;7;19
hep-th/9508017;hep-th/9508017;47;9;56
hep-th/9709155;hep-th/9709155;5;4;9
hep-ph/9403340;hep-ph/9403340;128;0;128
hep-ph/9308265;hep-ph/9308265;177;1;178
hep-th/9403164;hep-th/9403164;14;1;15
hep-th/9903174;hep-th/9903174;3;10;13
hep-th/9802178;hep-th/9802178;2;12;14
hep-ph/9501233;hep-ph/9501233;5;3;8
hep-th/9407185;hep-th/9407185;23;0;23
hep-th/9706219;hep-th/9706219;17;0;17
hep-th/9710024;hep-th/9710024;10;9;19
hep-th/9803107;hep-th/9803107;34;41;75
hep-ph/9405345;hep-ph/9405345;48;1;49
hep-th/9707226;hep-th/9707226;2;7;9
hep-th/9808147;hep-th/9808147;9;1;10
hep-th/9805038;hep-th/9805038;18;7;25
hep-th/9903175;hep-th/9903175;1;3;4
hep-th/9810137;hep-th/9810137;27;19;46
hep-th/9412222;hep-th/9412222;12;4;16
hep-th/9901038;hep-th/9901038;10;10;20
hep-th/9903176;hep-th/9903176;7;43;50
hep-th/9604044;hep-th/9604044;118;8;126
hep-th/9304051;hep-th/9304051;23;3;26
q-alg/9607020;q-alg/9607020;21;20;41
hep-th/9308079;hep-th/9308079;23;0;23
q-alg/9701007;q-alg/9701007;4;0;4
hep-th/9412229;hep-th/9412229;135;7;142
hep-th/9808013;hep-th/9808013;13;14;27
hep-th/9206034;hep-th/9206034;39;1;40
hep-th/9804025;hep-th/9804025;6;9;15
hep-th/9803005;hep-th/9803005;15;15;30
hep-th/9202020;hep-th/9202020;31;0;31
hep-th/9810113;hep-th/9810113;20;37;57
cond-mat/9807076;cond-mat/9807076;3;0;3
hep-th/9412108;hep-th/9412108;41;20;61
q-alg/9507025;q-alg/9507025;9;4;13
hep-th/9712220;hep-th/9712220;7;0;7
hep-th/9408113;hep-th/9408113;61;0;61
cond-mat/9601108;cond-mat/9601108;13;3;16
hep-th/9305114;hep-th/9305114;53;9;62
cond-mat/9706166;cond-mat/9706166;25;7;32
q-alg/9504024;q-alg/9504024;14;23;37
math/9809066;math/9809066;4;10;14
math/9812022;math/9812022;1;17;18
hep-th/9207040;hep-th/9207040;55;4;59
hep-th/9211034;hep-th/9211034;50;3;53
hep-th/9408086;hep-th/9408086;26;0;26
hep-th/9809001;hep-th/9809001;7;13;20
cond-mat/9903045;cond-mat/9903045;7;22;29
hep-th/9607064;hep-th/9607064;17;17;34
math/9811156;math/9811156;2;9;11
cond-mat/9404025;cond-mat/9404025;13;0;13
hep-th/9303013;hep-th/9303013;37;5;42
hep-th/9406020;hep-th/9406020;54;4;58
hep-th/9403073;hep-th/9403073;60;12;72
hep-th/9412030;hep-th/9412030;35;20;55
hep-th/9306039;hep-th/9306039;34;2;36
hep-th/9508050;hep-th/9508050;14;25;39
hep-th/9903177;hep-th/9903177;0;6;6
hep-th/9709192;hep-th/9709192;22;59;81
hep-th/9607163;hep-th/9607163;240;7;247
hep-th/9610211;hep-th/9610211;7;15;22
hep-th/9112012;hep-th/9112012;41;0;41
hep-th/9903179;hep-th/9903179;2;2;4
0811.1540;0811.1540;0;10;10
hep-th/9505129;hep-th/9505129;13;22;35
hep-th/0611108;hep-th/0611108;278;14;292
hep-th/9402035;hep-th/9402035;61;8;69
hep-th/0411077;hep-th/0411077;157;12;169
hep-th/0412310;hep-th/0412310;101;30;131
hep-th/9211061;hep-th/9211061;46;9;55
hep-th/9203056;hep-th/9203056;85;1;86
hep-th/9404063;hep-th/9404063;60;57;117
hep-th/9310112;hep-th/9310112;159;1;160
hep-ph/0306057;hep-ph/0306057;32;27;59
hep-th/9802100;hep-th/9802100;28;7;35
hep-ph/0111185;hep-ph/0111185;19;5;24
hep-th/0212169;hep-th/0212169;10;26;36
hep-ph/9802411;hep-ph/9802411;10;2;12
hep-ph/9709379;hep-ph/9709379;11;1;12
hep-ph/9804379;hep-ph/9804379;23;4;27
hep-th/9610208;hep-th/9610208;16;6;22
hep-ph/9704406;hep-ph/9704406;14;2;16
hep-ph/9501232;hep-ph/9501232;54;4;58
hep-th/9508025;hep-th/9508025;59;2;61
hep-th/0304028;hep-th/0304028;107;68;175
hep-th/0204124;hep-th/0204124;21;24;45
hep-ph/9811484;hep-ph/9811484;11;4;15
hep-ph/9801377;hep-ph/9801377;12;13;25
hep-ph/0204245;hep-ph/0204245;17;9;26
hep-ph/9701321;hep-ph/9701321;7;0;7
hep-th/9311037;hep-th/9311037;97;0;97
hep-ph/0107225;hep-ph/0107225;23;6;29
hep-th/9609123;hep-th/9609123;25;31;56
hep-th/9404173;hep-th/9404173;158;2;160
hep-ph/9912423;hep-ph/9912423;22;2;24
0911.1213;0911.1213;0;34;34
hep-th/0606273;hep-th/0606273;25;20;45
hep-th/0603129;hep-th/0603129;71;66;137
hep-th/0504168;hep-th/0504168;9;59;68
hep-th/0503178;hep-th/0503178;32;16;48
hep-th/0611183;hep-th/0611183;51;29;80
hep-th/0610195;hep-th/0610195;13;0;13
hep-th/0511042;hep-th/0511042;35;35;70
hep-th/0411011;hep-th/0411011;87;43;130
hep-th/0606133;hep-th/0606133;13;10;23
hep-th/0702103;hep-th/0702103;8;47;55
hep-th/0611024;hep-th/0611024;60;40;100
hep-th/0308055;hep-th/0308055;530;0;530
hep-th/0602246;hep-th/0602246;60;40;100
hep-th/0702026;hep-th/0702026;18;22;40
hep-th/0204254;hep-th/0204254;164;34;198
hep-th/0309187;hep-th/0309187;228;45;273
hep-th/0507079;hep-th/0507079;30;72;102
hep-th/0607077;hep-th/0607077;31;36;67
hep-ph/9807278;hep-ph/9807278;367;65;432
hep-th/0603047;hep-th/0603047;73;30;103
hep-th/0609211;hep-th/0609211;83;76;159
hep-th/0507131;hep-th/0507131;43;33;76
hep-th/0508043;hep-th/0508043;63;41;104
hep-ph/0612035;hep-ph/0612035;41;42;83
hep-th/0601190;hep-th/0601190;70;31;101
hep-th/0403119;hep-th/0403119;98;58;156
hep-th/0606140;hep-th/0606140;10;33;43
hep-th/0105097;hep-th/0105097;871;45;916
hep-th/0406230;hep-th/0406230;133;60;193
hep-th/0702059;hep-th/0702059;90;91;181
hep-ph/0608299;hep-ph/0608299;31;21;52
hep-th/0408054;hep-th/0408054;90;65;155
hep-th/0610297;hep-th/0610297;65;0;65
0907.1434;0907.1434;0;8;8
hep-ph/9905448;hep-ph/9905448;26;1;27
hep-th/0104066;hep-th/0104066;287;16;303
hep-th/9902170;hep-th/9902170;201;34;235
hep-th/0608198;hep-th/0608198;68;21;89
hep-th/0608046;hep-th/0608046;52;18;70
hep-th/9805156;hep-th/9805156;192;43;235
hep-th/0601157;hep-th/0601157;86;26;112
hep-th/0405231;hep-th/0405231;294;11;305
0711.2689;0711.2689;0;11;11
gr-qc/0609017;gr-qc/0609017;24;36;60
hep-lat/9406018;hep-lat/9406018;8;5;13
hep-lat/9308009;hep-lat/9308009;3;1;4
hep-th/9303006;hep-th/9303006;28;0;28
hep-th/9303149;hep-th/9303149;29;2;31
hep-lat/9403019;hep-lat/9403019;3;1;4
hep-lat/9405010;hep-lat/9405010;11;2;13
hep-ph/0611144;hep-ph/0611144;10;18;28
hep-ph/9809582;hep-ph/9809582;109;0;109
hep-ph/9810535;hep-ph/9810535;108;36;144
hep-th/0609180;hep-th/0609180;27;25;52
hep-th/0609191;hep-th/0609191;130;60;190
hep-th/0605226;hep-th/0605226;60;44;104
hep-th/0505076;hep-th/0505076;133;97;230
hep-th/0609213;hep-th/0609213;119;46;165
hep-th/0607238;hep-th/0607238;11;50;61
hep-ph/0312392;hep-ph/0312392;10;22;32
hep-th/0502058;hep-th/0502058;191;0;191
hep-ph/9811428;hep-ph/9811428;87;30;117
hep-th/0610129;hep-th/0610129;46;51;97
0905.4052;0905.4052;0;11;11
astro-ph/0608439;astro-ph/0608439;11;12;23
astro-ph/0301273;astro-ph/0301273;251;17;268
astro-ph/0410309;astro-ph/0410309;52;43;95
astro-ph/0312183;astro-ph/0312183;16;9;25
astro-ph/0412269;astro-ph/0412269;41;9;50
hep-th/9401007;hep-th/9401007;13;10;23
hep-th/9209111;hep-th/9209111;19;3;22
hep-th/9301099;hep-th/9301099;23;11;34
hep-th/9205034;hep-th/9205034;31;0;31
hep-th/9207067;hep-th/9207067;37;3;40
hep-th/9110015;hep-th/9110015;22;0;22
hep-th/9109028;hep-th/9109028;21;0;21
hep-th/9201056;hep-th/9201056;147;1;148
hep-th/9212017;hep-th/9212017;11;5;16
math-ph/9901017;math-ph/9901017;1;5;6
hep-th/9512220;hep-th/9512220;9;2;11
hep-th/9208072;hep-th/9208072;8;1;9
solv-int/9708009;solv-int/9708009;2;9;11
hep-th/9607161;hep-th/9607161;110;1;111
math-ph/9901016;math-ph/9901016;6;12;18
hep-th/9611086;hep-th/9611086;11;3;14
q-alg/9512032;q-alg/9512032;5;3;8
hep-th/9310018;hep-th/9310018;11;2;13
hep-th/9601116;hep-th/9601116;47;8;55
hep-th/9405029;hep-th/9405029;285;6;291
hep-th/9601141;hep-th/9601141;20;5;25
hep-ph/9706282;hep-ph/9706282;8;3;11
q-alg/9605041;q-alg/9605041;11;3;14
hep-th/9404039;hep-th/9404039;29;2;31
hep-th/9505071;hep-th/9505071;3;5;8
hep-th/9206049;hep-th/9206049;86;0;86
hep-th/9410238;hep-th/9410238;8;3;11
cond-mat/0312188;cond-mat/0312188;2;4;6
cond-mat/0012164;cond-mat/0012164;64;83;147
hep-th/0103134;hep-th/0103134;17;2;19
cond-mat/0105160;cond-mat/0105160;3;9;12
hep-th/0307278;hep-th/0307278;13;55;68
hep-th/0012044;hep-th/0012044;100;31;131
hep-th/0304070;hep-th/0304070;42;25;67
gr-qc/0001029;gr-qc/0001029;36;15;51
hep-th/9607108;hep-th/9607108;67;6;73
gr-qc/0111072;gr-qc/0111072;63;18;81
gr-qc/0108013;gr-qc/0108013;70;20;90
hep-ph/9912464;hep-ph/9912464;243;30;273
gr-qc/9709055;gr-qc/9709055;5;8;13
hep-th/0303203;hep-th/0303203;35;64;99
hep-th/0210066;hep-th/0210066;54;22;76
hep-th/9909053;hep-th/9909053;184;0;184
hep-th/0209158;hep-th/0209158;42;49;91
hep-th/0003061;hep-th/0003061;150;16;166
hep-th/0004160;hep-th/0004160;160;33;193
hep-th/9903225;hep-th/9903225;230;16;246
hep-th/0110298;hep-th/0110298;63;72;135
hep-th/0008177;hep-th/0008177;85;23;108
gr-qc/0209087;gr-qc/0209087;10;3;13
hep-th/9905210;hep-th/9905210;305;59;364
hep-th/0206155;hep-th/0206155;84;46;130
hep-th/0007203;hep-th/0007203;47;20;67
hep-th/9911043;hep-th/9911043;178;12;190
gr-qc/9310015;gr-qc/9310015;33;3;36
hep-th/0211028;hep-th/0211028;59;29;88
gr-qc/9906099;gr-qc/9906099;8;25;33
hep-th/0205188;hep-th/0205188;63;44;107
gr-qc/9910076;gr-qc/9910076;612;27;639
hep-th/0302171;hep-th/0302171;12;50;62
hep-th/9912135;hep-th/9912135;98;12;110
hep-th/9306001;hep-th/9306001;4;2;6
hep-th/0307201;hep-th/0307201;17;0;17
gr-qc/0001033;gr-qc/0001033;44;17;61
hep-th/0005239;hep-th/0005239;110;0;110
gr-qc/0209086;gr-qc/0209086;7;8;15
hep-th/9909205;hep-th/9909205;257;15;272
hep-th/0306067;hep-th/0306067;11;35;46
hep-th/0005032;hep-th/0005032;147;48;195
hep-th/0210250;hep-th/0210250;25;36;61
hep-th/0108003;hep-th/0108003;55;39;94
gr-qc/9410016;gr-qc/9410016;31;9;40
hep-th/0010063;hep-th/0010063;76;21;97
gr-qc/0304085;gr-qc/0304085;56;11;67
gr-qc/0301089;gr-qc/0301089;65;45;110
gr-qc/0205129;gr-qc/0205129;45;0;45
hep-th/9905221;hep-th/9905221;105;3;108
hep-th/9202014;hep-th/9202014;136;0;136
hep-th/0201127;hep-th/0201127;59;45;104
hep-th/0207029;hep-th/0207029;71;42;113
hep-th/0307279;hep-th/0307279;4;24;28
hep-th/0305220;hep-th/0305220;3;28;31
hep-th/9306054;hep-th/9306054;18;0;18
hep-th/9707209;hep-th/9707209;19;24;43
hep-th/9507045;hep-th/9507045;39;7;46
hep-th/9501057;hep-th/9501057;25;11;36
hep-th/0103110;hep-th/0103110;12;23;35
hep-th/0304154;hep-th/0304154;5;27;32
hep-th/0011103;hep-th/0011103;9;11;20
hep-th/0004048;hep-th/0004048;21;0;21
hep-th/9604002;hep-th/9604002;23;2;25
hep-th/9606172;hep-th/9606172;34;10;44
hep-th/9907120;hep-th/9907120;13;0;13
hep-ph/0107061;hep-ph/0107061;8;13;21
hep-th/0212070;hep-th/0212070;7;0;7
hep-th/0108062;hep-th/0108062;6;16;22
hep-th/0202114;hep-th/0202114;3;10;13
hep-th/9705007;hep-th/9705007;33;17;50
hep-th/9609192;hep-th/9609192;33;20;53
hep-th/0002245;hep-th/0002245;168;66;234
hep-th/9310080;hep-th/9310080;19;2;21
hep-th/9412092;hep-th/9412092;22;5;27
hep-th/9412228;hep-th/9412228;168;55;223
hep-th/0107239;hep-th/0107239;17;10;27
hep-th/9405109;hep-th/9405109;177;11;188
hep-th/0307270;hep-th/0307270;2;37;39
hep-th/9806231;hep-th/9806231;14;12;26
hep-th/0009152;hep-th/0009152;15;41;56
hep-th/0105299;hep-th/0105299;88;16;104
hep-th/0001047;hep-th/0001047;16;9;25
hep-ph/9802273;hep-ph/9802273;29;10;39
hep-th/0306195;hep-th/0306195;18;26;44
hep-th/0302141;hep-th/0302141;3;27;30
hep-th/0204087;hep-th/0204087;6;11;17
hep-th/0302168;hep-th/0302168;31;22;53
hep-th/0206173;hep-th/0206173;10;63;73
hep-th/0304134;hep-th/0304134;11;0;11
hep-th/9803063;hep-th/9803063;19;2;21
hep-th/9812187;hep-th/9812187;37;12;49
hep-th/9511176;hep-th/9511176;18;7;25
hep-th/9705123;hep-th/9705123;39;12;51
hep-th/9403147;hep-th/9403147;22;0;22
hep-th/0204069;hep-th/0204069;12;1;13
hep-ph/9509344;hep-ph/9509344;67;7;74
hep-th/9605018;hep-th/9605018;36;14;50
hep-th/0303251;hep-th/0303251;13;56;69
hep-th/9909209;hep-th/9909209;19;45;64
hep-th/9702035;hep-th/9702035;20;8;28
hep-th/0005125;hep-th/0005125;17;0;17
hep-th/9709109;hep-th/9709109;69;0;69
hep-th/0111256;hep-th/0111256;54;20;74
hep-ph/9802419;hep-ph/9802419;39;8;47
hep-th/9301069;hep-th/9301069;7;0;7
hep-th/0105018;hep-th/0105018;64;1;65
hep-ph/0010057;hep-ph/0010057;96;0;96
hep-th/0306200;hep-th/0306200;28;22;50
hep-th/0105262;hep-th/0105262;7;4;11
hep-th/9607049;hep-th/9607049;99;0;99
hep-th/9707185;hep-th/9707185;29;9;38
hep-th/9801024;hep-th/9801024;53;16;69
hep-th/9810236;hep-th/9810236;9;6;15
hep-th/0307271;hep-th/0307271;18;48;66
hep-th/0301182;hep-th/0301182;9;31;40
hep-th/0202127;hep-th/0202127;34;37;71
hep-th/0106191;hep-th/0106191;91;33;124
hep-th/0306070;hep-th/0306070;26;64;90
hep-th/0112119;hep-th/0112119;157;37;194
hep-th/0201210;hep-th/0201210;17;81;98
astro-ph/0206032;astro-ph/0206032;37;11;48
hep-th/0209113;hep-th/0209113;44;4;48
hep-th/0201158;hep-th/0201158;106;46;152
hep-th/9903085;hep-th/9903085;42;12;54
hep-th/0106113;hep-th/0106113;375;23;398
hep-th/0305056;hep-th/0305056;39;24;63
hep-th/0307016;hep-th/0307016;24;37;61
hep-th/9912012;hep-th/9912012;215;0;215
hep-th/0202094;hep-th/0202094;45;41;86
hep-th/0211221;hep-th/0211221;17;24;41
hep-th/0204129;hep-th/0204129;94;24;118
hep-th/0203083;hep-th/0203083;19;43;62
hep-th/0211025;hep-th/0211025;12;37;49
hep-th/0105276;hep-th/0105276;123;44;167
hep-th/0202183;hep-th/0202183;9;29;38
hep-th/0209231;hep-th/0209231;82;31;113
hep-th/0303103;hep-th/0303103;21;25;46
hep-th/0302050;hep-th/0302050;34;12;46
hep-th/0208013;hep-th/0208013;124;19;143
hep-th/0205227;hep-th/0205227;68;66;134
hep-th/9409089;hep-th/9409089;898;5;903
hep-th/0306028;hep-th/0306028;33;18;51
hep-th/0209067;hep-th/0209067;183;74;257
hep-th/0112218;hep-th/0112218;131;53;184
hep-th/0210058;hep-th/0210058;37;39;76
hep-th/9903190;hep-th/9903190;94;17;111
hep-th/9904017;hep-th/9904017;355;42;397
hep-th/0110108;hep-th/0110108;193;62;255
hep-th/0204058;hep-th/0204058;12;21;33
hep-th/0112223;hep-th/0112223;61;67;128
gr-qc/0303035;gr-qc/0303035;41;27;68
astro-ph/0210603;astro-ph/0210603;259;34;293
hep-th/0110087;hep-th/0110087;136;20;156
hep-th/0212209;hep-th/0212209;88;19;107
hep-th/0203198;hep-th/0203198;131;25;156
hep-th/0307026;hep-th/0307026;22;23;45
hep-th/0202163;hep-th/0202163;75;3;78
hep-th/0307272;hep-th/0307272;1;7;8
hep-ph/9609507;hep-ph/9609507;22;4;26
hep-th/9907176;hep-th/9907176;9;3;12
hep-th/9306008;hep-th/9306008;16;0;16
hep-th/9510037;hep-th/9510037;13;1;14
hep-th/9703139;hep-th/9703139;12;6;18
hep-th/0004205;hep-th/0004205;5;5;10
hep-ph/0210059;hep-ph/0210059;2;8;10
hep-th/0307273;hep-th/0307273;31;28;59
hep-th/9806051;hep-th/9806051;289;0;289
hep-th/0001133;hep-th/0001133;57;32;89
hep-th/0008184;hep-th/0008184;10;4;14
hep-th/9901009;hep-th/9901009;88;45;133
hep-th/9901017;hep-th/9901017;62;51;113
math/9912179;math/9912179;15;1;16
math/0008010;math/0008010;58;14;72
math/0008011;math/0008011;49;5;54
alg-geom/9709029;alg-geom/9709029;61;2;63
hep-th/0303020;hep-th/0303020;20;15;35
alg-geom/9702002;alg-geom/9702002;70;5;75
hep-th/0206203;hep-th/0206203;37;43;80
hep-th/9811168;hep-th/9811168;71;13;84
hep-th/9701162;hep-th/9701162;207;24;231
hep-th/0008008;hep-th/0008008;57;18;75
hep-th/9912208;hep-th/9912208;65;0;65
hep-th/9904054;hep-th/9904054;38;31;69
hep-th/9803235;hep-th/9803235;408;41;449
hep-th/0212221;hep-th/0212221;27;10;37
math/0306213;math/0306213;14;7;21
hep-th/0205190;hep-th/0205190;37;41;78
hep-th/0307274;hep-th/0307274;36;32;68
hep-th/0306198;hep-th/0306198;20;52;72
hep-th/0108133;hep-th/0108133;36;0;36
hep-th/0211058;hep-th/0211058;30;17;47
hep-th/0302028;hep-th/0302028;44;47;91
hep-th/0108179;hep-th/0108179;35;33;68
hep-th/0306077;hep-th/0306077;33;60;93
hep-th/0210205;hep-th/0210205;14;12;26
hep-th/0110216;hep-th/0110216;19;26;45
hep-th/0203181;hep-th/0203181;27;10;37
hep-th/9608085;hep-th/9608085;54;7;61
hep-th/0303047;hep-th/0303047;13;24;37
hep-th/0211103;hep-th/0211103;63;41;104
hep-th/9607058;hep-th/9607058;29;0;29
hep-th/9603042;hep-th/9603042;162;21;183
hep-th/0304003;hep-th/0304003;16;11;27
hep-th/0212293;hep-th/0212293;55;32;87
hep-th/0008221;hep-th/0008221;70;0;70
hep-th/0202012;hep-th/0202012;70;25;95
hep-th/0212175;hep-th/0212175;25;32;57
hep-th/0012178;hep-th/0012178;69;23;92
hep-th/0007124;hep-th/0007124;53;10;63
hep-th/9710185;hep-th/9710185;11;3;14
hep-th/9911139;hep-th/9911139;40;6;46
hep-th/0108084;hep-th/0108084;16;17;33
hep-th/0303151;hep-th/0303151;55;37;92
math/9808134;math/9808134;3;1;4
hep-th/0307275;hep-th/0307275;65;22;87
hep-th/0208048;hep-th/0208048;394;46;440
hep-th/0307165;hep-th/0307165;68;10;78
hep-th/0305248;hep-th/0305248;178;12;190
hep-th/0306237;hep-th/0306237;72;0;72
hep-th/0306215;hep-th/0306215;77;17;94
hep-th/0107140;hep-th/0107140;47;39;86
hep-th/0302109;hep-th/0302109;164;27;191
hep-th/0207108;hep-th/0207108;20;16;36
hep-th/9902098;hep-th/9902098;159;30;189
hep-th/0307076;hep-th/0307076;73;0;73
hep-th/0307099;hep-th/0307099;70;19;89
hep-th/0307209;hep-th/0307209;73;15;88
hep-th/0307091;hep-th/0307091;62;29;91
hep-th/0303210;hep-th/0303210;36;21;57
hep-th/0302078;hep-th/0302078;163;20;183
hep-th/0306226;hep-th/0306226;97;16;113
hep-th/0306251;hep-th/0306251;43;30;73
hep-th/0002186;hep-th/0002186;168;20;188
hep-th/0307236;hep-th/0307236;15;26;41
hep-th/0307277;hep-th/0307277;0;2;2
hep-th/9606104;hep-th/9606104;30;2;32
hep-th/9705151;hep-th/9705151;105;8;113
0903.4277;0903.4277;0;18;18
hep-th/9109058;hep-th/9109058;2;0;2
hep-th/9407190;hep-th/9407190;184;30;214
hep-th/9902180;hep-th/9902180;63;18;81
hep-th/9905054;hep-th/9905054;39;7;46
hep-th/0305116;hep-th/0305116;385;25;410
hep-th/9806194;hep-th/9806194;236;40;276
hep-th/9404186;hep-th/9404186;40;6;46
hep-th/0611214;hep-th/0611214;7;29;36
cond-mat/9909143;cond-mat/9909143;46;8;54
hep-th/0106124;hep-th/0106124;50;18;68
hep-th/9907200;hep-th/9907200;101;23;124
hep-th/9908041;hep-th/9908041;33;11;44
hep-th/0610070;hep-th/0610070;28;49;77
hep-th/0512250;hep-th/0512250;11;25;36
hep-th/9903219;hep-th/9903219;125;24;149
hep-th/9812046;hep-th/9812046;115;21;136
0806.4592;0806.4592;0;2;2
hep-ph/0701034;hep-ph/0701034;5;2;7
hep-ph/0208157;hep-ph/0208157;12;1;13
hep-th/9201025;hep-th/9201025;12;0;12
hep-th/9203075;hep-th/9203075;4;0;4
hep-th/9210060;hep-th/9210060;16;1;17
hep-th/9201051;hep-th/9201051;12;0;12
hep-th/9205064;hep-th/9205064;33;1;34
hep-ph/0612334;hep-ph/0612334;0;13;13
hep-ph/0105239;hep-ph/0105239;138;4;142
astro-ph/0608632;astro-ph/0608632;130;12;142
hep-th/0001197;hep-th/0001197;241;22;263
hep-th/0301168;hep-th/0301168;3;19;22
hep-th/9606086;hep-th/9606086;95;8;103
hep-ph/9211309;hep-ph/9211309;134;1;135
hep-th/0107245;hep-th/0107245;56;20;76
hep-th/0109152;hep-th/0109152;141;14;155
hep-th/0104005;hep-th/0104005;240;3;243
gr-qc/0411093;gr-qc/0411093;67;111;178
gr-qc/0602076;gr-qc/0602076;19;7;26
hep-th/0604218;hep-th/0604218;7;22;29
hep-th/0304014;hep-th/0304014;5;20;25
hep-th/0410033;hep-th/0410033;24;29;53
hep-th/0501232;hep-th/0501232;16;0;16
hep-th/0012148;hep-th/0012148;163;29;192
hep-th/0501175;hep-th/0501175;11;6;17
hep-th/0002190;hep-th/0002190;148;12;160
hep-th/0106058;hep-th/0106058;65;35;100
hep-th/0202037;hep-th/0202037;63;29;92
hep-th/9201007;hep-th/9201007;139;0;139
hep-th/0605160;hep-th/0605160;4;19;23
hep-th/0002072;hep-th/0002072;214;6;220
hep-th/0406157;hep-th/0406157;30;57;87
hep-th/0404083;hep-th/0404083;36;19;55
hep-th/0003237;hep-th/0003237;113;13;126
hep-th/0002161;hep-th/0002161;95;8;103
hep-th/9206004;hep-th/9206004;32;1;33
hep-th/9912001;hep-th/9912001;234;47;281
0901.4474;0901.4474;0;12;12
hep-th/0407263;hep-th/0407263;60;55;115
hep-th/0412250;hep-th/0412250;78;43;121
hep-th/0606257;hep-th/0606257;29;0;29
hep-th/0403049;hep-th/0403049;68;16;84
hep-th/0506160;hep-th/0506160;12;28;40
hep-th/0505212;hep-th/0505212;100;28;128
hep-th/0510125;hep-th/0510125;39;0;39
hep-th/0502154;hep-th/0502154;21;43;64
hep-th/0511047;hep-th/0511047;9;33;42
hep-th/0609124;hep-th/0609124;67;62;129
0904.1015;0904.1015;0;8;8
hep-th/9505046;hep-th/9505046;83;27;110
hep-th/0608086;hep-th/0608086;38;18;56
hep-th/9505082;hep-th/9505082;41;8;49
hep-th/9907225;hep-th/9907225;44;53;97
hep-th/0204080;hep-th/0204080;18;40;58
hep-ph/9801271;hep-ph/9801271;178;47;225
hep-th/9507169;hep-th/9507169;51;15;66
hep-th/9510148;hep-th/9510148;57;20;77
hep-th/9310095;hep-th/9310095;31;1;32
hep-th/9310090;hep-th/9310090;0;2;2
hep-th/9212130;hep-th/9212130;1;0;1
hep-th/9212128;hep-th/9212128;1;0;1
hep-th/9310092;hep-th/9310092;0;2;2
hep-th/9205074;hep-th/9205074;8;0;8
hep-th/9303112;hep-th/9303112;68;0;68
astro-ph/9811390;astro-ph/9811390;20;6;26
gr-qc/9802038;gr-qc/9802038;63;22;85
gr-qc/9211020;gr-qc/9211020;79;0;79
hep-th/9802030;hep-th/9802030;87;3;90
astro-ph/9811018;astro-ph/9811018;92;1;93
hep-th/9803156;hep-th/9803156;60;5;65
astro-ph/9811072;astro-ph/9811072;31;0;31
gr-qc/0702103;gr-qc/0702103;1;17;18
hep-th/0208193;hep-th/0208193;23;18;41
gr-qc/0605038;gr-qc/0605038;4;19;23
gr-qc/0402005;gr-qc/0402005;42;12;54
hep-th/0112020;hep-th/0112020;6;21;27
gr-qc/0105114;gr-qc/0105114;29;5;34
astro-ph/0504249;astro-ph/0504249;11;31;42
hep-th/0312310;hep-th/0312310;123;50;173
hep-th/0212155;hep-th/0212155;37;30;67
gr-qc/0408004;gr-qc/0408004;12;6;18
hep-th/0106001;hep-th/0106001;144;13;157
gr-qc/0007031;gr-qc/0007031;110;11;121
hep-th/0012143;hep-th/0012143;140;78;218
hep-th/0003074;hep-th/0003074;72;18;90
hep-ph/0201082;hep-ph/0201082;36;33;69
hep-th/0407149;hep-th/0407149;64;16;80
hep-th/0603235;hep-th/0603235;3;13;16
physics/0206083;physics/0206083;1;1;2
hep-th/9212145;hep-th/9212145;32;0;32
hep-th/9310098;hep-th/9310098;18;1;19
hep-th/9302133;hep-th/9302133;89;0;89
hep-th/9510189;hep-th/9510189;2;7;9
hep-th/9311111;hep-th/9311111;10;0;10
hep-th/9202012;hep-th/9202012;52;0;52
hep-th/9312019;hep-th/9312019;5;2;7
hep-th/9307075;hep-th/9307075;7;1;8
hep-th/9408001;hep-th/9408001;4;1;5
hep-th/9303030;hep-th/9303030;45;2;47
hep-th/9407081;hep-th/9407081;3;0;3
hep-th/9510188;hep-th/9510188;10;3;13
hep-th/9308116;hep-th/9308116;30;0;30
hep-th/9508148;hep-th/9508148;18;3;21
hep-th/9502034;hep-th/9502034;10;0;10
hep-th/0502145;hep-th/0502145;4;16;20
hep-th/0001134;hep-th/0001134;13;15;28
hep-th/0406215;hep-th/0406215;12;13;25
hep-th/0101163;hep-th/0101163;10;9;19
hep-th/0104075;hep-th/0104075;23;17;40
hep-th/9409139;hep-th/9409139;38;0;38
hep-ph/9505432;hep-ph/9505432;7;1;8
gr-qc/0005025;gr-qc/0005025;37;17;54
gr-qc/0103058;gr-qc/0103058;22;8;30
hep-th/9809102;hep-th/9809102;17;0;17
hep-th/9805116;hep-th/9805116;14;8;22
gr-qc/0501057;gr-qc/0501057;6;11;17
hep-th/0105316;hep-th/0105316;22;0;22
hep-th/0310168;hep-th/0310168;16;17;33
math/0408121;math/0408121;8;32;40
hep-th/0501217;hep-th/0501217;13;7;20
hep-th/0502144;hep-th/0502144;13;3;16
hep-th/0406174;hep-th/0406174;23;22;45
hep-th/0401204;hep-th/0401204;7;12;19
hep-th/0308193;hep-th/0308193;33;17;50
hep-th/0502143;hep-th/0502143;20;20;40
hep-th/0007046;hep-th/0007046;55;6;61
hep-th/0301133;hep-th/0301133;13;28;41
hep-th/0010113;hep-th/0010113;78;0;78
hep-th/0401180;hep-th/0401180;11;25;36
hep-th/0102044;hep-th/0102044;47;10;57
hep-th/0310011;hep-th/0310011;7;22;29
hep-th/0011172;hep-th/0011172;190;10;200
hep-th/0109162;hep-th/0109162;606;247;853
hep-th/9712072;hep-th/9712072;138;40;178
hep-th/0201007;hep-th/0201007;58;18;76
hep-th/0312292;hep-th/0312292;21;30;51
hep-th/0106089;hep-th/0106089;103;16;119
hep-th/0102103;hep-th/0102103;44;5;49
hep-th/0111267;hep-th/0111267;41;11;52
hep-th/0010220;hep-th/0010220;103;23;126
hep-th/9908056;hep-th/9908056;259;9;268
hep-th/0002233;hep-th/0002233;137;0;137
hep-th/0502142;hep-th/0502142;12;47;59
gr-qc/0305019;gr-qc/0305019;24;39;63
hep-th/0311158;hep-th/0311158;27;19;46
hep-th/0305262;hep-th/0305262;32;33;65
hep-ph/0409028;hep-ph/0409028;17;61;78
hep-th/0410212;hep-th/0410212;21;12;33
hep-ph/0203085;hep-ph/0203085;28;8;36
hep-ph/0105021;hep-ph/0105021;88;28;116
gr-qc/0002005;gr-qc/0002005;33;14;47
hep-ph/0405127;hep-ph/0405127;19;43;62
hep-th/0404232;hep-th/0404232;21;45;66
hep-ph/0012213;hep-ph/0012213;63;53;116
hep-th/0002239;hep-th/0002239;56;9;65
hep-th/0007094;hep-th/0007094;19;0;19
hep-ph/0410122;hep-ph/0410122;27;66;93
hep-th/0105295;hep-th/0105295;11;8;19
hep-ph/0307379;hep-ph/0307379;19;30;49
hep-ph/0402168;hep-ph/0402168;145;156;301
hep-th/9612084;hep-th/9612084;72;17;89
gr-qc/9403008;gr-qc/9403008;230;13;243
hep-th/0205277;hep-th/0205277;52;15;67
hep-th/9609209;hep-th/9609209;101;19;120
hep-th/0006115;hep-th/0006115;69;28;97
hep-ph/0210296;hep-ph/0210296;93;70;163
hep-th/0010205;hep-th/0010205;67;20;87
hep-th/0010160;hep-th/0010160;17;14;31
hep-th/0406222;hep-th/0406222;2;29;31
hep-th/9608182;hep-th/9608182;48;3;51
hep-th/0207138;hep-th/0207138;65;33;98
hep-th/0007065;hep-th/0007065;80;16;96
hep-th/0308109;hep-th/0308109;9;24;33
gr-qc/9710104;gr-qc/9710104;26;1;27
hep-th/0209242;hep-th/0209242;73;23;96
hep-th/0207120;hep-th/0207120;82;13;95
hep-th/0103193;hep-th/0103193;9;21;30
hep-th/0212227;hep-th/0212227;40;23;63
hep-th/0002073;hep-th/0002073;106;22;128
hep-th/0002064;hep-th/0002064;6;2;8
hep-th/9911248;hep-th/9911248;13;10;23
hep-th/9412167;hep-th/9412167;155;5;160
hep-th/0103077;hep-th/0103077;52;15;67
hep-th/9810215;hep-th/9810215;21;16;37
hep-th/0303264;hep-th/0303264;60;11;71
hep-th/0502141;hep-th/0502141;1;29;30
hep-th/0409031;hep-th/0409031;3;25;28
hep-th/9908001;hep-th/9908001;144;20;164
hep-th/9408134;hep-th/9408134;35;0;35
hep-th/9910183;hep-th/9910183;14;15;29
hep-th/0203163;hep-th/0203163;174;44;218
hep-th/0407236;hep-th/0407236;35;72;107
hep-th/0110247;hep-th/0110247;59;10;69
hep-th/0006014;hep-th/0006014;22;21;43
hep-th/0410222;hep-th/0410222;76;10;86
hep-th/0008131;hep-th/0008131;13;3;16
hep-th/0310285;hep-th/0310285;163;118;281
hep-th/0502069;hep-th/0502069;48;45;93
hep-th/0408206;hep-th/0408206;4;0;4
hep-th/0312181;hep-th/0312181;12;19;31
hep-th/0409301;hep-th/0409301;7;22;29
hep-th/9608024;hep-th/9608024;435;51;486
hep-lat/0412033;hep-lat/0412033;3;8;11
hep-th/0203058;hep-th/0203058;5;28;33
hep-th/0410068;hep-th/0410068;12;9;21
hep-th/0105110;hep-th/0105110;18;6;24
hep-th/9701122;hep-th/9701122;17;3;20
hep-th/0410082;hep-th/0410082;34;51;85
hep-th/9906238;hep-th/9906238;22;13;35
hep-th/0502140;hep-th/0502140;2;28;30
hep-th/0412021;hep-th/0412021;37;37;74
hep-th/0409238;hep-th/0409238;41;15;56
hep-th/0403128;hep-th/0403128;7;34;41
hep-th/0401125;hep-th/0401125;10;20;30
hep-th/0403167;hep-th/0403167;72;18;90
hep-th/0402128;hep-th/0402128;86;32;118
hep-th/0204213;hep-th/0204213;8;13;21
math/0010054;math/0010054;48;2;50
hep-th/0301164;hep-th/0301164;8;68;76
hep-th/0411073;hep-th/0411073;72;58;130
hep-th/0110232;hep-th/0110232;32;44;76
hep-th/0101116;hep-th/0101116;12;5;17
hep-th/0111048;hep-th/0111048;14;42;56
hep-th/9609113;hep-th/9609113;21;6;27
hep-th/0412120;hep-th/0412120;10;28;38
hep-th/9309140;hep-th/9309140;454;22;476
hep-th/0201198;hep-th/0201198;12;13;25
hep-th/9112056;hep-th/9112056;185;0;185
hep-th/9307158;hep-th/9307158;185;4;189
hep-th/9604133;hep-th/9604133;10;25;35
hep-th/0409191;hep-th/0409191;45;97;142
hep-th/0411167;hep-th/0411167;27;41;68
hep-th/0108091;hep-th/0108091;27;23;50
hep-th/0110302;hep-th/0110302;24;21;45
hep-th/0111012;hep-th/0111012;25;28;53
hep-th/0203272;hep-th/0203272;17;63;80
hep-th/9707186;hep-th/9707186;18;18;36
hep-th/9510181;hep-th/9510181;18;5;23
hep-th/9505037;hep-th/9505037;18;1;19
gr-qc/9510025;gr-qc/9510025;25;4;29
hep-th/9506079;hep-th/9506079;17;2;19
hep-th/9108001;hep-th/9108001;135;0;135
hep-th/9510180;hep-th/9510180;21;2;23
hep-th/9410103;hep-th/9410103;73;0;73
gr-qc/9409013;gr-qc/9409013;160;4;164
hep-th/9304135;hep-th/9304135;38;5;43
hep-th/9504027;hep-th/9504027;155;24;179
hep-th/9507121;hep-th/9507121;361;13;374
hep-th/9504047;hep-th/9504047;168;23;191
hep-th/9505035;hep-th/9505035;255;12;267
hep-th/9509162;hep-th/9509162;119;4;123
hep-th/9510086;hep-th/9510086;267;23;290
hep-th/9505105;hep-th/9505105;356;21;377
hep-th/9505162;hep-th/9505162;237;25;262
hep-th/9504090;hep-th/9504090;427;4;431
hep-th/9411135;hep-th/9411135;13;5;18
hep-th/9510182;hep-th/9510182;210;66;276
hep-th/9504129;hep-th/9504129;51;25;76
hep-th/9506112;hep-th/9506112;196;18;214
alg-geom/9510008;alg-geom/9510008;12;1;13
hep-th/9308052;hep-th/9308052;16;7;23
hep-th/9411188;hep-th/9411188;9;3;12
hep-th/9308151;hep-th/9308151;25;0;25
hep-th/9205009;hep-th/9205009;49;0;49
hep-th/9504006;hep-th/9504006;165;25;190
hep-th/9504108;hep-th/9504108;38;4;42
hep-th/9205070;hep-th/9205070;44;0;44
hep-th/9204030;hep-th/9204030;101;1;102
hep-th/9506110;hep-th/9506110;96;23;119
hep-th/9207091;hep-th/9207091;65;0;65
hep-th/9505053;hep-th/9505053;167;6;173
hep-th/9402032;hep-th/9402032;277;5;282
hep-th/9205068;hep-th/9205068;283;0;283
hep-th/9402002;hep-th/9402002;323;17;340
hep-th/9309133;hep-th/9309133;26;1;27
hep-th/9305185;hep-th/9305185;177;15;192
hep-th/9411234;hep-th/9411234;40;2;42
hep-th/9504145;hep-th/9504145;250;2;252
hep-th/9301033;hep-th/9301033;4;4;8
hep-th/9507153;hep-th/9507153;32;10;42
hep-th/9412184;hep-th/9412184;516;70;586
hep-th/9406175;hep-th/9406175;17;3;20
hep-th/9501020;hep-th/9501020;116;19;135
hep-th/9404151;hep-th/9404151;87;2;89
hep-th/9502077;hep-th/9502077;110;27;137
hep-th/9506122;hep-th/9506122;124;18;142
hep-th/9401139;hep-th/9401139;539;60;599
hep-th/9404025;hep-th/9404025;7;3;10
alg-geom/9503003;alg-geom/9503003;8;0;8
hep-th/9505106;hep-th/9505106;9;4;13
hep-th/9507050;hep-th/9507050;189;0;189
hep-th/9212045;hep-th/9212045;71;3;74
hep-th/9506210;hep-th/9506210;8;10;18
hep-th/9504034;hep-th/9504034;111;9;120
hep-th/9211072;hep-th/9211072;58;1;59
hep-th/9507115;hep-th/9507115;120;17;137
hep-th/9305139;hep-th/9305139;74;0;74
hep-th/9303017;hep-th/9303017;90;5;95
hep-th/9510017;hep-th/9510017;1540;10;1550
hep-th/9203071;hep-th/9203071;90;1;91
hep-th/9308083;hep-th/9308083;145;6;151
hep-th/9505023;hep-th/9505023;53;0;53
hep-th/9209085;hep-th/9209085;19;0;19
hep-th/9204102;hep-th/9204102;98;3;101
hep-th/9412200;hep-th/9412200;31;25;56
hep-th/9310008;hep-th/9310008;40;0;40
hep-th/9111050;hep-th/9111050;4;0;4
hep-th/9412209;hep-th/9412209;59;19;78
hep-th/9510093;hep-th/9510093;68;18;86
hep-th/9310026;hep-th/9310026;37;15;52
hep-th/9510185;hep-th/9510185;21;9;30
hep-th/9502076;hep-th/9502076;1;1;2
hep-th/9403019;hep-th/9403019;24;1;25
hep-th/9406054;hep-th/9406054;10;3;13
hep-th/9504084;hep-th/9504084;25;8;33
hep-th/9305059;hep-th/9305059;3;1;4
hep-th/9408104;hep-th/9408104;20;10;30
hep-th/9405095;hep-th/9405095;18;21;39
hep-th/9204023;hep-th/9204023;14;0;14
hep-th/9108003;hep-th/9108003;12;0;12
hep-th/9510184;hep-th/9510184;12;5;17
hep-th/9411093;hep-th/9411093;21;9;30
hep-th/9206027;hep-th/9206027;112;0;112
hep-th/9510187;hep-th/9510187;6;16;22
hep-th/9304133;hep-th/9304133;18;3;21
hep-th/9304029;hep-th/9304029;5;1;6
hep-th/9501075;hep-th/9501075;42;29;71
hep-th/9312104;hep-th/9312104;56;5;61
hep-th/9312188;hep-th/9312188;5;18;23
hep-th/9412056;hep-th/9412056;3;0;3
hep-th/9407042;hep-th/9407042;8;7;15
hep-th/9510155;hep-th/9510155;3;27;30
hep-th/9404184;hep-th/9404184;14;4;18
hep-th/9402122;hep-th/9402122;7;1;8
hep-th/9509170;hep-th/9509170;31;22;53
hep-th/9510154;hep-th/9510154;6;26;32
hep-th/9305010;hep-th/9305010;56;1;57
hep-th/9409062;hep-th/9409062;21;4;25
hep-th/9307040;hep-th/9307040;12;0;12
hep-th/9510186;hep-th/9510186;9;16;25
hep-th/9204040;hep-th/9204040;9;0;9
hep-th/9502072;hep-th/9502072;198;25;223
hep-th/9209016;hep-th/9209016;87;2;89
hep-th/9206016;hep-th/9206016;50;4;54
hep-th/9503022;hep-th/9503022;8;11;19
hep-th/9505097;hep-th/9505097;32;9;41
hep-th/9204035;hep-th/9204035;41;0;41
hep-th/9112027;hep-th/9112027;80;0;80
hep-th/0506226;hep-th/0506226;2;12;14
hep-th/9202070;hep-th/9202070;24;0;24
hep-th/9201067;hep-th/9201067;75;0;75
hep-th/9811011;hep-th/9811011;6;1;7
hep-th/9110058;hep-th/9110058;55;0;55
hep-th/9112007;hep-th/9112007;14;0;14
hep-th/9304065;hep-th/9304065;51;4;55
hep-th/9907125;hep-th/9907125;17;13;30
hep-th/9702170;hep-th/9702170;6;5;11
hep-th/9304149;hep-th/9304149;21;6;27
hep-th/9805185;hep-th/9805185;53;40;93
hep-th/9706054;hep-th/9706054;16;6;22
hep-th/9206112;hep-th/9206112;11;1;12
nlin/0007009;nlin/0007009;4;5;9
solv-int/9810009;solv-int/9810009;10;9;19
hep-th/9209041;hep-th/9209041;32;3;35
hep-th/9204019;hep-th/9204019;33;0;33
solv-int/9803010;solv-int/9803010;5;11;16
hep-th/9608166;hep-th/9608166;12;2;14
math-ph/0008006;math-ph/0008006;5;4;9
hep-th/9910013;hep-th/9910013;26;27;53
gr-qc/9911005;gr-qc/9911005;6;4;10
math/0007053;math/0007053;11;1;12
gr-qc/9308018;gr-qc/9308018;19;5;24
hep-th/9405194;hep-th/9405194;102;9;111
hep-th/9608009;hep-th/9608009;3;2;5
hep-th/9508035;hep-th/9508035;2;0;2
hep-th/9512007;hep-th/9512007;11;0;11
hep-th/9605039;hep-th/9605039;26;35;61
hep-th/9501019;hep-th/9501019;8;11;19
hep-th/9506019;hep-th/9506019;71;16;87
hep-th/9512073;hep-th/9512073;42;9;51
hep-th/9308134;hep-th/9308134;12;3;15
hep-th/9510240;hep-th/9510240;22;1;23
hep-th/9604124;hep-th/9604124;32;11;43
hep-th/9305023;hep-th/9305023;18;10;28
hep-th/9204088;hep-th/9204088;10;0;10
hep-th/9302035;hep-th/9302035;26;0;26
hep-th/9601034;hep-th/9601034;6;11;17
hep-th/9512125;hep-th/9512125;7;11;18
hep-th/9512023;hep-th/9512023;4;12;16
hep-th/9512108;hep-th/9512108;11;1;12
hep-th/9511128;hep-th/9511128;36;6;42
hep-th/9506040;hep-th/9506040;2;8;10
hep-th/9310032;hep-th/9310032;30;1;31
hep-lat/9602014;hep-lat/9602014;2;0;2
hep-th/9406199;hep-th/9406199;29;0;29
hep-th/9405190;hep-th/9405190;93;1;94
hep-th/9501042;hep-th/9501042;12;4;16
hep-th/9601112;hep-th/9601112;8;32;40
hep-th/9601128;hep-th/9601128;23;3;26
hep-th/9410084;hep-th/9410084;14;6;20
hep-th/9307174;hep-th/9307174;76;0;76
hep-th/9301114;hep-th/9301114;97;0;97
hep-ph/9409459;hep-ph/9409459;14;0;14
hep-th/9602012;hep-th/9602012;28;12;40
hep-th/9402077;hep-th/9402077;114;2;116
hep-th/9403171;hep-th/9403171;24;0;24
hep-th/9410141;hep-th/9410141;40;3;43
hep-th/9605037;hep-th/9605037;11;7;18
hep-th/9601081;hep-th/9601081;24;2;26
hep-ph/9505267;hep-ph/9505267;32;7;39
hep-th/9501119;hep-th/9501119;3;3;6
hep-th/9602156;hep-th/9602156;63;0;63
hep-th/9403074;hep-th/9403074;13;0;13
hep-th/9605035;hep-th/9605035;36;2;38
hep-th/9409113;hep-th/9409113;61;4;65
hep-th/9309055;hep-th/9309055;103;1;104
hep-th/9605032;hep-th/9605032;219;42;261
hep-th/9510227;hep-th/9510227;258;7;265
hep-th/9112049;hep-th/9112049;18;0;18
hep-th/9510074;hep-th/9510074;65;6;71
hep-th/9505123;hep-th/9505123;15;18;33
hep-th/9512043;hep-th/9512043;35;27;62
hep-th/9501030;hep-th/9501030;137;28;165
hep-th/9509106;hep-th/9509106;17;67;84
hep-th/9411205;hep-th/9411205;33;12;45
hep-th/9603004;hep-th/9603004;86;19;105
hep-th/9509160;hep-th/9509160;116;32;148
hep-th/9506024;hep-th/9506024;16;13;29
hep-th/9506075;hep-th/9506075;37;32;69
hep-th/9510142;hep-th/9510142;41;28;69
hep-th/9512006;hep-th/9512006;105;0;105
hep-th/9605033;hep-th/9605033;267;12;279
hep-th/9511222;hep-th/9511222;334;0;334
hep-th/9506126;hep-th/9506126;230;41;271
hep-th/9512059;hep-th/9512059;384;22;406
hep-th/9603123;hep-th/9603123;69;15;84
hep-th/9310035;hep-th/9310035;24;1;25
hep-th/9604119;hep-th/9604119;122;14;136
hep-th/9510161;hep-th/9510161;205;15;220
hep-th/9602052;hep-th/9602052;441;51;492
hep-th/9512077;hep-th/9512077;513;14;527
hep-th/9307050;hep-th/9307050;15;2;17
hep-th/9306078;hep-th/9306078;4;3;7
gr-qc/9512024;gr-qc/9512024;49;3;52
hep-th/9501083;hep-th/9501083;30;4;34
hep-th/9408103;hep-th/9408103;18;3;21
hep-th/9303123;hep-th/9303123;53;0;53
hep-th/9501056;hep-th/9501056;17;5;22
hep-th/9505182;hep-th/9505182;44;4;48
hep-th/9304146;hep-th/9304146;26;0;26
hep-th/9311078;hep-th/9311078;11;4;15
hep-th/9406163;hep-th/9406163;29;8;37
hep-th/9502109;hep-th/9502109;17;0;17
math/0608180;math/0608180;1;3;4
q-alg/9505018;q-alg/9505018;31;0;31
q-alg/9505019;q-alg/9505019;33;0;33
math/9803118;math/9803118;8;0;8
0807.4930;0807.4930;0;6;6
astro-ph/0510628;astro-ph/0510628;42;35;77
hep-ph/0507235;hep-ph/0507235;9;0;9
astro-ph/0506663;astro-ph/0506663;13;4;17
astro-ph/0512367;astro-ph/0512367;20;24;44
astro-ph/0309800;astro-ph/0309800;52;20;72
hep-ph/0411228;hep-ph/0411228;8;5;13
hep-th/0507068;hep-th/0507068;1;18;19
gr-qc/0405055;gr-qc/0405055;21;29;50
hep-th/0303117;hep-th/0303117;179;10;189
hep-th/9608136;hep-th/9608136;29;10;39
hep-th/9406216;hep-th/9406216;119;0;119
hep-th/0105199;hep-th/0105199;43;33;76
hep-th/9909061;hep-th/9909061;203;194;397
gr-qc/0402100;gr-qc/0402100;2;32;34
hep-th/0307132;hep-th/0307132;61;16;77
astro-ph/0408577;astro-ph/0408577;9;13;22
hep-th/0111098;hep-th/0111098;253;18;271
astro-ph/0601051;astro-ph/0601051;3;2;5
hep-th/0502215;hep-th/0502215;9;3;12
hep-th/0407078;hep-th/0407078;3;15;18
hep-th/0307128;hep-th/0307128;101;32;133
0801.2306;0801.2306;0;12;12
hep-ph/0206181;hep-ph/0206181;5;17;22
hep-th/0611256;hep-th/0611256;1;0;1
hep-th/0609090;hep-th/0609090;2;4;6
hep-ph/9402295;hep-ph/9402295;17;0;17
hep-th/0510228;hep-th/0510228;2;2;4
hep-ph/9403301;hep-ph/9403301;17;2;19
hep-ph/9903478;hep-ph/9903478;10;11;21
astro-ph/0312614;astro-ph/0312614;53;35;88
hep-th/9511051;hep-th/9511051;30;1;31
hep-th/0507141;hep-th/0507141;4;3;7
hep-ph/0310337;hep-ph/0310337;20;89;109
0805.3794;0805.3794;0;28;28
gr-qc/0505087;gr-qc/0505087;57;73;130
hep-th/0601008;hep-th/0601008;72;42;114
hep-th/0505193;hep-th/0505193;72;43;115
hep-th/0601213;hep-th/0601213;254;10;264
astro-ph/0509328;astro-ph/0509328;55;50;105
hep-th/0303093;hep-th/0303093;49;30;79
astro-ph/0606078;astro-ph/0606078;67;0;67
math-ph/0506017;math-ph/0506017;6;3;9
astro-ph/0411044;astro-ph/0411044;68;87;155
hep-th/0702002;hep-th/0702002;40;64;104
hep-th/0305110;hep-th/0305110;141;79;220
astro-ph/0211522;astro-ph/0211522;150;11;161
hep-th/0302199;hep-th/0302199;100;9;109
hep-th/0504052;hep-th/0504052;113;35;148
hep-th/0504154;hep-th/0504154;69;72;141
gr-qc/0312009;gr-qc/0312009;75;44;119
hep-th/0611198;hep-th/0611198;38;65;103
hep-th/0609155;hep-th/0609155;64;49;113
astro-ph/0603114;astro-ph/0603114;69;117;186
astro-ph/0309746;astro-ph/0309746;44;32;76
gr-qc/0302100;gr-qc/0302100;51;10;61
gr-qc/9402016;gr-qc/9402016;12;4;16
hep-th/9209106;hep-th/9209106;28;0;28
hep-th/9207070;hep-th/9207070;11;0;11
hep-th/9112008;hep-th/9112008;99;0;99
gr-qc/9212009;gr-qc/9212009;27;2;29
0805.3796;0805.3796;0;27;27
hep-th/0609125;hep-th/0609125;2;0;2
hep-th/0611352;hep-th/0611352;15;11;26
gr-qc/9402012;gr-qc/9402012;186;9;195
hep-th/0109093;hep-th/0109093;176;1;177
hep-th/9408032;hep-th/9408032;4;1;5
hep-th/9304043;hep-th/9304043;13;3;16
hep-th/0209014;hep-th/0209014;59;0;59
hep-th/9211063;hep-th/9211063;10;0;10
gr-qc/9210009;gr-qc/9210009;5;0;5
gr-qc/9301023;gr-qc/9301023;9;2;11
hep-th/9207097;hep-th/9207097;20;0;20
hep-th/9302047;hep-th/9302047;104;0;104
gr-qc/9402013;gr-qc/9402013;8;5;13
hep-th/9303007;hep-th/9303007;82;0;82
hep-th/9302126;hep-th/9302126;148;14;162
gr-qc/9211013;gr-qc/9211013;32;1;33
hep-th/9304068;hep-th/9304068;65;5;70
gr-qc/9402019;gr-qc/9402019;5;1;6
gr-qc/9306030;gr-qc/9306030;12;1;13
quant-ph/0304080;quant-ph/0304080;44;13;57
math-ph/0107001;math-ph/0107001;17;18;35
math-ph/0302050;math-ph/0302050;13;7;20
math-ph/0209014;math-ph/0209014;22;10;32
math-ph/0203005;math-ph/0203005;56;13;69
math-ph/0204013;math-ph/0204013;3;8;11
physics/9712001;physics/9712001;211;2;213
math-ph/0110016;math-ph/0110016;59;14;73
math-ph/0207009;math-ph/0207009;20;12;32
quant-ph/0206055;quant-ph/0206055;9;9;18
hep-th/0303005;hep-th/0303005;50;0;50
math-ph/0209018;math-ph/0209018;36;5;41
quant-ph/9809072;quant-ph/9809072;125;6;131
math-ph/0203041;math-ph/0203041;41;27;68
0804.1360;0804.1360;0;13;13
quant-ph/0406122;quant-ph/0406122;14;3;17
gr-qc/0506026;gr-qc/0506026;6;0;6
astro-ph/0411468;astro-ph/0411468;3;11;14
gr-qc/0608002;gr-qc/0608002;6;16;22
gr-qc/0601137;gr-qc/0601137;4;7;11
gr-qc/9704050;gr-qc/9704050;13;7;20
gr-qc/0501081;gr-qc/0501081;3;13;16
quant-ph/0112056;quant-ph/0112056;7;3;10
gr-qc/9904021;gr-qc/9904021;16;22;38
gr-qc/9911054;gr-qc/9911054;18;2;20
quant-ph/0601112;quant-ph/0601112;2;12;14
hep-ph/9802238;hep-ph/9802238;40;8;48
gr-qc/9312036;gr-qc/9312036;46;2;48
math/9808048;math/9808048;2;9;11
hep-th/9412175;hep-th/9412175;6;1;7
hep-th/9712232;hep-th/9712232;19;12;31
hep-th/9211097;hep-th/9211097;115;4;119
alg-geom/9612004;alg-geom/9612004;12;0;12
hep-th/9709152;hep-th/9709152;8;7;15
math/9805114;math/9805114;6;0;6
hep-th/9402147;hep-th/9402147;71;0;71
hep-th/9703086;hep-th/9703086;20;8;28
0804.1362;0804.1362;0;58;58
hep-th/0412006;hep-th/0412006;19;56;75
hep-th/0603145;hep-th/0603145;34;75;109
hep-th/0506154;hep-th/0506154;53;47;100
hep-th/0212008;hep-th/0212008;160;20;180
hep-th/0609084;hep-th/0609084;27;56;83
hep-th/0310057;hep-th/0310057;69;19;88
hep-th/0406102;hep-th/0406102;111;31;142
hep-th/0006034;hep-th/0006034;25;4;29
hep-th/0412086;hep-th/0412086;22;22;44
hep-th/0610263;hep-th/0610263;13;26;39
hep-th/0512164;hep-th/0512164;53;10;63
hep-th/0412280;hep-th/0412280;38;15;53
hep-th/0512005;hep-th/0512005;72;23;95
hep-th/0504058;hep-th/0504058;45;0;45
hep-th/0602241;hep-th/0602241;58;147;205
hep-th/0407101;hep-th/0407101;43;0;43
hep-th/0211102;hep-th/0211102;211;61;272
hep-th/9806106;hep-th/9806106;110;15;125
hep-th/0607015;hep-th/0607015;44;55;99
hep-th/0307098;hep-th/0307098;50;13;63
hep-th/9705162;hep-th/9705162;113;43;156
hep-th/0605063;hep-th/0605063;13;0;13
hep-th/0509003;hep-th/0509003;267;259;526
math/0508618;math/0508618;17;3;20
hep-th/0605149;hep-th/0605149;48;22;70
hep-th/0612237;hep-th/0612237;56;76;132
hep-th/0412336;hep-th/0412336;10;19;29
hep-th/0207267;hep-th/0207267;139;12;151
hep-th/0604151;hep-th/0604151;107;78;185
hep-th/0411186;hep-th/0411186;36;18;54
math/9907034;math/9907034;69;2;71
hep-th/0701203;hep-th/0701203;25;48;73
hep-th/0508133;hep-th/0508133;104;82;186
hep-th/0604178;hep-th/0604178;33;32;65
hep-th/0406137;hep-th/0406137;134;22;156
hep-th/0406150;hep-th/0406150;22;32;54
hep-th/0507099;hep-th/0507099;70;37;107
hep-th/0104081;hep-th/0104081;169;9;178
hep-th/0610210;hep-th/0610210;14;16;30
math/0510131;math/0510131;22;10;32
hep-th/0407249;hep-th/0407249;82;14;96
hep-th/0212239;hep-th/0212239;77;12;89
hep-th/0505264;hep-th/0505264;107;85;192
hep-th/0403235;hep-th/0403235;26;30;56
hep-th/0503083;hep-th/0503083;33;32;65
hep-th/0205050;hep-th/0205050;159;23;182
math/0503432;math/0503432;27;0;27
hep-th/0501062;hep-th/0501062;37;37;74
hep-th/0610116;hep-th/0610116;13;15;28
gr-qc/9410041;gr-qc/9410041;2;3;5
hep-th/9408169;hep-th/9408169;27;6;33
hep-th/9405013;hep-th/9405013;1;1;2
gr-qc/9212016;gr-qc/9212016;15;0;15
gr-qc/9410043;gr-qc/9410043;60;2;62
gr-qc/9409043;gr-qc/9409043;23;0;23
gr-qc/9301015;gr-qc/9301015;15;0;15
hep-th/9908108;hep-th/9908108;0;5;5
hep-th/9703069;hep-th/9703069;2;3;5
hep-th/9906045;hep-th/9906045;1;9;10
hep-th/9611203;hep-th/9611203;120;86;206
gr-qc/9410045;gr-qc/9410045;0;1;1
hep-th/9409159;hep-th/9409159;2;0;2
hep-th/9908104;hep-th/9908104;40;15;55
hep-th/9611050;hep-th/9611050;844;0;844
hep-th/9906204;hep-th/9906204;44;21;65
hep-th/9907209;hep-th/9907209;180;12;192
hep-th/9804180;hep-th/9804180;65;20;85
hep-th/9610249;hep-th/9610249;229;17;246
hep-th/9506035;hep-th/9506035;140;2;142
hep-th/9709087;hep-th/9709087;70;70;140
hep-th/9712077;hep-th/9712077;38;28;66
hep-th/9709027;hep-th/9709027;263;17;280
hep-th/9712073;hep-th/9712073;50;9;59
hep-th/9901073;hep-th/9901073;20;11;31
hep-th/9907214;hep-th/9907214;9;6;15
hep-th/9710181;hep-th/9710181;38;7;45
hep-th/9801121;hep-th/9801121;44;18;62
hep-th/9801127;hep-th/9801127;48;9;57
hep-th/9703217;hep-th/9703217;147;35;182
hep-th/9708147;hep-th/9708147;371;17;388
hep-th/9812094;hep-th/9812094;25;0;25
hep-th/9510173;hep-th/9510173;47;6;53
hep-th/9906151;hep-th/9906151;26;43;69
physics/9706006;physics/9706006;39;5;44
hep-th/9805054;hep-th/9805054;12;11;23
hep-th/9406217;hep-th/9406217;66;0;66
hep-th/9810152;hep-th/9810152;49;20;69
hep-th/9905218;hep-th/9905218;18;7;25
hep-th/9610148;hep-th/9610148;198;40;238
hep-th/9602064;hep-th/9602064;208;30;238
hep-th/9711097;hep-th/9711097;70;26;96
hep-th/9712103;hep-th/9712103;25;11;36
hep-th/9801206;hep-th/9801206;102;16;118
hep-th/9906244;hep-th/9906244;16;19;35
hep-th/9807197;hep-th/9807197;12;12;24
hep-th/9612080;hep-th/9612080;244;22;266
hep-th/9806028;hep-th/9806028;51;17;68
hep-th/9707061;hep-th/9707061;59;2;61
hep-th/9709099;hep-th/9709099;53;32;85
hep-th/9709122;hep-th/9709122;25;42;67
hep-th/9710219;hep-th/9710219;14;12;26
hep-th/9809153;hep-th/9809153;11;3;14
hep-th/9905174;hep-th/9905174;30;55;85
hep-th/9809190;hep-th/9809190;26;16;42
hep-th/9702076;hep-th/9702076;213;27;240
hep-th/9806095;hep-th/9806095;74;30;104
hep-th/9701125;hep-th/9701125;348;9;357
hep-th/9607060;hep-th/9607060;44;2;46
hep-th/9805018;hep-th/9805018;68;23;91
hep-th/9711205;hep-th/9711205;98;16;114
hep-th/9511043;hep-th/9511043;248;18;266
hep-th/9804010;hep-th/9804010;48;13;61
hep-th/9710137;hep-th/9710137;3;21;24
hep-th/9811130;hep-th/9811130;23;5;28
hep-th/9906239;hep-th/9906239;6;13;19
hep-th/9908106;hep-th/9908106;7;28;35
hep-th/9907183;hep-th/9907183;19;25;44
hep-th/9510135;hep-th/9510135;967;15;982
hep-th/9802068;hep-th/9802068;347;25;372
hep-th/9706156;hep-th/9706156;7;22;29
hep-th/9709042;hep-th/9709042;16;7;23
hep-th/9907211;hep-th/9907211;55;20;75
hep-th/9808033;hep-th/9808033;1;5;6
hep-th/9512062;hep-th/9512062;377;21;398
hep-th/9801147;hep-th/9801147;70;15;85
hep-th/9903205;hep-th/9903205;385;20;405
hep-th/9902051;hep-th/9902051;21;76;97
hep-th/9603024;hep-th/9603024;8;7;15
hep-th/9111021;hep-th/9111021;32;0;32
hep-th/9704037;hep-th/9704037;34;5;39
hep-th/9703073;hep-th/9703073;6;19;25
hep-th/9710064;hep-th/9710064;8;24;32
hep-th/9710041;hep-th/9710041;11;17;28
hep-th/9707190;hep-th/9707190;40;9;49
hep-th/9802018;hep-th/9802018;3;0;3
hep-th/9901146;hep-th/9901146;45;41;86
hep-th/9903254;hep-th/9903254;15;6;21
hep-th/9905092;hep-th/9905092;11;36;47
hep-th/9612221;hep-th/9612221;7;10;17
hep-th/9810219;hep-th/9810219;57;22;79
hep-th/9908107;hep-th/9908107;22;3;25
hep-th/9610234;hep-th/9610234;223;11;234
hep-th/9806016;hep-th/9806016;13;8;21
hep-th/9905163;hep-th/9905163;14;7;21
hep-th/9908100;hep-th/9908100;7;24;31
hep-ph/9807503;hep-ph/9807503;37;37;74
hep-th/9501131;hep-th/9501131;29;10;39
hep-th/9601036;hep-th/9601036;156;25;181
hep-th/9710208;hep-th/9710208;163;19;182
hep-th/9309110;hep-th/9309110;77;9;86
hep-th/9603161;hep-th/9603161;337;32;369
hep-th/9908013;hep-th/9908013;3;46;49
hep-th/9808101;hep-th/9808101;91;56;147
hep-th/9807124;hep-th/9807124;58;91;149
hep-ph/9805377;hep-ph/9805377;62;24;86
hep-th/9805181;hep-th/9805181;48;39;87
hep-th/9908101;hep-th/9908101;21;9;30
quant-ph/9904013;quant-ph/9904013;16;13;29
hep-th/9811015;hep-th/9811015;82;8;90
hep-th/9710101;hep-th/9710101;21;8;29
hep-th/9810062;hep-th/9810062;40;8;48
hep-th/9806193;hep-th/9806193;18;2;20
hep-th/9707253;hep-th/9707253;32;6;38
quant-ph/9903086;quant-ph/9903086;11;6;17
hep-th/9608070;hep-th/9608070;40;3;43
hep-th/9707122;hep-th/9707122;43;7;50
hep-th/9908102;hep-th/9908102;12;31;43
hep-th/9806022;hep-th/9806022;158;15;173
hep-th/9610107;hep-th/9610107;100;21;121
hep-th/9609087;hep-th/9609087;38;38;76
astro-ph/9712301;astro-ph/9712301;4;7;11
hep-th/9611137;hep-th/9611137;215;68;283
hep-th/9810159;hep-th/9810159;22;39;61
hep-th/9211021;hep-th/9211021;408;5;413
gr-qc/9907043;gr-qc/9907043;6;13;19
hep-th/9807051;hep-th/9807051;54;28;82
hep-th/9802051;hep-th/9802051;118;212;330
hep-th/9508042;hep-th/9508042;111;6;117
hep-th/9501068;hep-th/9501068;445;6;451
hep-th/9611204;hep-th/9611204;40;36;76
hep-th/9709030;hep-th/9709030;26;28;54
hep-th/9608173;hep-th/9608173;68;13;81
hep-th/9906006;hep-th/9906006;16;31;47
hep-th/9511203;hep-th/9511203;55;5;60
hep-th/9711027;hep-th/9711027;35;54;89
hep-th/9610238;hep-th/9610238;98;33;131
hep-th/9804096;hep-th/9804096;33;42;75
hep-th/9807100;hep-th/9807100;13;11;24
hep-th/9809195;hep-th/9809195;52;0;52
hep-th/9612224;hep-th/9612224;63;28;91
hep-th/9303057;hep-th/9303057;60;12;72
hep-th/9604090;hep-th/9604090;177;42;219
hep-th/9812052;hep-th/9812052;13;33;46
hep-th/9203033;hep-th/9203033;49;4;53
hep-th/9707182;hep-th/9707182;26;18;44
hep-th/9908103;hep-th/9908103;0;3;3
hep-th/9509158;hep-th/9509158;41;4;45
hep-th/9504097;hep-th/9504097;40;2;42
hep-th/9711088;hep-th/9711088;5;7;12
math-ph/0203015;math-ph/0203015;0;2;2
hep-th/9908127;hep-th/9908127;4;6;10
hep-th/9709210;hep-th/9709210;6;5;11
cond-mat/9702132;cond-mat/9702132;5;2;7
hep-th/9203013;hep-th/9203013;7;0;7
hep-th/9301124;hep-th/9301124;6;1;7
0711.4115;0711.4115;0;20;20
gr-qc/9605044;gr-qc/9605044;30;23;53
hep-th/9806087;hep-th/9806087;527;21;548
hep-th/0703230;hep-th/0703230;22;61;83
hep-th/0002230;hep-th/0002230;308;0;308
hep-th/0402050;hep-th/0402050;18;34;52
gr-qc/0505065;gr-qc/0505065;63;189;252
hep-th/0505190;hep-th/0505190;74;46;120
hep-th/9906127;hep-th/9906127;139;21;160
hep-th/0411121;hep-th/0411121;15;37;52
hep-th/0205061;hep-th/0205061;40;40;80
hep-th/9912013;hep-th/9912013;47;0;47
hep-th/9903238;hep-th/9903238;179;35;214
hep-th/0408205;hep-th/0408205;31;41;72
hep-th/0204253;hep-th/0204253;163;228;391
hep-th/0512297;hep-th/0512297;6;60;66
hep-th/0604049;hep-th/0604049;24;157;181
hep-th/9902121;hep-th/9902121;478;19;497
gr-qc/0607041;gr-qc/0607041;20;18;38
hep-th/0511096;hep-th/0511096;35;32;67
hep-th/9907109;hep-th/9907109;37;15;52
hep-th/9406202;hep-th/9406202;22;0;22
hep-th/9807029;hep-th/9807029;40;15;55
hep-th/0003271;hep-th/0003271;93;12;105
hep-th/9903204;hep-th/9903204;12;7;19
hep-th/9803138;hep-th/9803138;51;37;88
hep-th/9605159;hep-th/9605159;53;6;59
gr-qc/9909015;gr-qc/9909015;60;9;69
hep-th/9602011;hep-th/9602011;14;4;18
hep-th/9710180;hep-th/9710180;72;7;79
hep-th/9902003;hep-th/9902003;20;12;32
hep-th/9704145;hep-th/9704145;133;16;149
hep-th/9904022;hep-th/9904022;2;2;4
hep-th/9912045;hep-th/9912045;42;12;54
hep-th/9809109;hep-th/9809109;23;0;23
hep-th/9907108;hep-th/9907108;25;26;51
hep-th/9811172;hep-th/9811172;57;15;72
hep-th/9811155;hep-th/9811155;26;2;28
hep-th/9811152;hep-th/9811152;47;26;73
hep-th/9906051;hep-th/9906051;46;11;57
hep-th/9902153;hep-th/9902153;29;34;63
hep-th/9905049;hep-th/9905049;42;17;59
hep-th/9906188;hep-th/9906188;80;37;117
hep-th/9807098;hep-th/9807098;136;21;157
hep-th/9807097;hep-th/9807097;81;26;107
hep-th/9811257;hep-th/9811257;41;20;61
hep-th/9811106;hep-th/9811106;36;25;61
hep-th/9907088;hep-th/9907088;46;23;69
hep-th/9907085;hep-th/9907085;41;40;81
hep-th/9808162;hep-th/9808162;70;11;81
hep-th/9809067;hep-th/9809067;36;19;55
hep-th/9808006;hep-th/9808006;83;15;98
hep-th/9811047;hep-th/9811047;114;0;114
hep-th/9903196;hep-th/9903196;86;32;118
hep-th/9902042;hep-th/9902042;51;8;59
hep-th/9809179;hep-th/9809179;52;9;61
hep-th/9906099;hep-th/9906099;13;27;40
hep-th/9907105;hep-th/9907105;1;6;7
hep-th/9312008;hep-th/9312008;4;0;4
hep-th/9506023;hep-th/9506023;24;9;33
hep-th/9505008;hep-th/9505008;2;2;4
hep-th/9707098;hep-th/9707098;2;0;2
hep-th/9608091;hep-th/9608091;77;4;81
hep-th/9304078;hep-th/9304078;2;0;2
hep-th/9907104;hep-th/9907104;1;2;3
hep-th/9907107;hep-th/9907107;32;30;62
hep-th/9807186;hep-th/9807186;24;9;33
hep-th/9802067;hep-th/9802067;282;219;501
hep-th/9701069;hep-th/9701069;116;0;116
hep-th/9605009;hep-th/9605009;77;25;102
hep-th/9805152;hep-th/9805152;19;15;34
hep-th/9906030;hep-th/9906030;52;38;90
hep-th/9703191;hep-th/9703191;22;10;32
hep-th/9510150;hep-th/9510150;12;0;12
hep-th/9901134;hep-th/9901134;33;31;64
hep-th/9805055;hep-th/9805055;13;4;17
hep-th/9612062;hep-th/9612062;64;10;74
hep-th/9805096;hep-th/9805096;98;29;127
hep-th/9605199;hep-th/9605199;160;17;177
hep-th/9605150;hep-th/9605150;303;21;324
hep-th/9808041;hep-th/9808041;52;15;67
hep-th/9611222;hep-th/9611222;59;34;93
hep-th/9307010;hep-th/9307010;108;2;110
hep-th/9903230;hep-th/9903230;31;24;55
hep-th/9710212;hep-th/9710212;17;30;47
hep-th/9806159;hep-th/9806159;174;47;221
hep-th/9904179;hep-th/9904179;58;23;81
hep-th/9811209;hep-th/9811209;9;13;22
hep-th/9803202;hep-th/9803202;2;3;5
hep-th/9804053;hep-th/9804053;12;8;20
hep-th/9708042;hep-th/9708042;171;10;181
hep-th/9907106;hep-th/9907106;24;16;40
hep-th/9808020;hep-th/9808020;88;10;98
hep-th/9804058;hep-th/9804058;341;63;404
hep-th/9805217;hep-th/9805217;101;7;108
hep-th/9808060;hep-th/9808060;62;20;82
hep-th/9808088;hep-th/9808088;123;22;145
hep-th/9808038;hep-th/9808038;100;10;110
hep-th/9802203;hep-th/9802203;130;17;147
hep-th/9808146;hep-th/9808146;31;8;39
hep-th/9907101;hep-th/9907101;6;32;38
hep-th/9704098;hep-th/9704098;99;18;117
hep-th/9705116;hep-th/9705116;51;28;79
hep-th/9712211;hep-th/9712211;103;16;119
hep-th/9608053;hep-th/9608053;45;0;45
hep-th/9604042;hep-th/9604042;183;16;199
hep-th/9307049;hep-th/9307049;207;2;209
hep-th/9603081;hep-th/9603081;141;0;141
hep-th/9604166;hep-th/9604166;154;25;179
hep-th/9906056;hep-th/9906056;13;18;31
hep-th/9711053;hep-th/9711053;232;26;258
hep-th/9607201;hep-th/9607201;347;68;415
hep-th/9607145;hep-th/9607145;25;4;29
hep-th/9604189;hep-th/9604189;82;26;108
hep-th/9705046;hep-th/9705046;145;17;162
hep-th/9705047;hep-th/9705047;15;6;21
hep-th/9602043;hep-th/9602043;432;31;463
hep-th/9709013;hep-th/9709013;86;20;106
hep-th/9906102;hep-th/9906102;8;23;31
hep-th/9906105;hep-th/9906105;4;18;22
hep-th/9708119;hep-th/9708119;65;10;75
hep-th/9711130;hep-th/9711130;116;14;130
hep-th/9309044;hep-th/9309044;55;0;55
hep-th/9805046;hep-th/9805046;13;11;24
hep-th/9601029;hep-th/9601029;1150;30;1180
hep-th/9803265;hep-th/9803265;129;18;147
hep-th/9712133;hep-th/9712133;45;11;56
hep-th/9907100;hep-th/9907100;33;27;60
hep-th/9804027;hep-th/9804027;74;29;103
hep-th/9704089;hep-th/9704089;186;22;208
hep-th/9903224;hep-th/9903224;217;32;249
hep-th/9704018;hep-th/9704018;92;38;130
hep-th/9707079;hep-th/9707079;126;27;153
hep-th/9707093;hep-th/9707093;138;31;169
hep-th/9404009;hep-th/9404009;14;3;17
hep-th/9603126;hep-th/9603126;137;37;174
hep-th/9604055;hep-th/9604055;119;30;149
hep-th/9610236;hep-th/9610236;101;7;108
hep-th/9808149;hep-th/9808149;202;32;234
hep-th/9901128;hep-th/9901128;115;72;187
hep-th/9712117;hep-th/9712117;119;42;161
hep-th/9706059;hep-th/9706059;36;9;45
hep-th/9705221;hep-th/9705221;274;30;304
hep-th/9907103;hep-th/9907103;4;5;9
hep-th/9711052;hep-th/9711052;14;10;24
hep-th/9402045;hep-th/9402045;44;1;45
hep-th/9907102;hep-th/9907102;13;6;19
hep-th/9805106;hep-th/9805106;41;15;56
hep-th/9809068;hep-th/9809068;27;17;44
hep-th/9804125;hep-th/9804125;29;0;29
hep-th/9804124;hep-th/9804124;53;42;95
hep-th/9905011;hep-th/9905011;35;0;35
hep-th/9812232;hep-th/9812232;24;5;29
0808.4155;0808.4155;0;8;8
hep-th/0504110;hep-th/0504110;110;43;153
hep-th/0106099;hep-th/0106099;9;12;21
hep-th/0601063;hep-th/0601063;33;50;83
hep-th/0610204;hep-th/0610204;32;36;68
hep-th/0505211;hep-th/0505211;113;64;177
hep-th/0503149;hep-th/0503149;94;25;119
hep-th/0702120;hep-th/0702120;31;47;78
0705.1396;0705.1396;0;33;33
hep-ph/0112061;hep-ph/0112061;31;10;41
gr-qc/0408099;gr-qc/0408099;15;21;36
hep-ph/0203223;hep-ph/0203223;88;45;133
hep-ph/0201248;hep-ph/0201248;49;28;77
quant-ph/0507166;quant-ph/0507166;3;15;18
hep-th/0208102;hep-th/0208102;61;0;61
gr-qc/0110036;gr-qc/0110036;12;6;18
gr-qc/9712010;gr-qc/9712010;51;13;64
hep-ph/0309054;hep-ph/0309054;75;57;132
hep-ph/0110163;hep-ph/0110163;57;13;70
hep-th/0110255;hep-th/0110255;67;25;92
hep-th/0512002;hep-th/0512002;49;21;70
hep-th/9609052;hep-th/9609052;129;13;142
hep-th/0005016;hep-th/0005016;637;16;653
hep-ph/0106295;hep-ph/0106295;313;8;321
gr-qc/0405098;gr-qc/0405098;11;11;22
hep-ph/0106219;hep-ph/0106219;319;17;336
hep-th/9706204;hep-th/9706204;30;37;67
hep-ph/0205033;hep-ph/0205033;35;35;70
hep-th/0703231;hep-th/0703231;24;46;70
hep-th/0206046;hep-th/0206046;70;28;98
hep-th/0512116;hep-th/0512116;50;53;103
hep-th/0201042;hep-th/0201042;50;22;72
gr-qc/0409003;gr-qc/0409003;6;10;16
gr-qc/9307002;gr-qc/9307002;19;0;19
hep-th/9703040;hep-th/9703040;180;0;180
hep-th/0510009;hep-th/0510009;37;24;61
hep-th/0212168;hep-th/0212168;87;33;120
hep-ph/0409124;hep-ph/0409124;52;32;84
hep-th/0503010;hep-th/0503010;47;12;59
hep-th/0503052;hep-th/0503052;48;18;66
hep-th/0309203;hep-th/0309203;47;60;107
hep-th/0309030;hep-th/0309030;52;31;83
hep-th/0506145;hep-th/0506145;19;11;30
hep-th/0502197;hep-th/0502197;13;27;40
hep-th/0507274;hep-th/0507274;42;77;119
hep-th/0003118;hep-th/0003118;176;13;189
hep-th/0212108;hep-th/0212108;94;42;136
hep-th/0502179;hep-th/0502179;19;8;27
hep-th/0308128;hep-th/0308128;66;24;90
gr-qc/0309112;gr-qc/0309112;47;70;117
hep-th/0510008;hep-th/0510008;5;48;53
hep-th/9306052;hep-th/9306052;150;8;158
hep-th/0405042;hep-th/0405042;14;19;33
hep-th/0005242;hep-th/0005242;50;37;87
hep-th/0210206;hep-th/0210206;52;35;87
hep-th/0509173;hep-th/0509173;39;18;57
hep-th/0407075;hep-th/0407075;10;64;74
hep-th/0403147;hep-th/0403147;13;17;30
hep-th/9905146;hep-th/9905146;33;22;55
hep-th/9512012;hep-th/9512012;114;13;127
hep-th/9304159;hep-th/9304159;58;0;58
gr-qc/0408030;gr-qc/0408030;2;30;32
hep-th/9801160;hep-th/9801160;34;22;56
hep-th/0403189;hep-th/0403189;15;26;41
hep-th/0208126;hep-th/0208126;65;16;81
hep-th/0208165;hep-th/0208165;36;45;81
hep-th/0405084;hep-th/0405084;9;42;51
hep-th/0409019;hep-th/0409019;8;21;29
hep-th/0503058;hep-th/0503058;3;39;42
hep-th/0408170;hep-th/0408170;120;38;158
hep-th/9603109;hep-th/9603109;201;22;223
hep-th/9702164;hep-th/9702164;70;23;93
hep-th/0007097;hep-th/0007097;31;39;70
hep-th/0110274;hep-th/0110274;55;124;179
hep-th/0506180;hep-th/0506180;82;64;146
hep-th/0508191;hep-th/0508191;32;16;48
hep-th/0409044;hep-th/0409044;6;24;30
hep-th/0410103;hep-th/0410103;224;508;732
hep-th/0310099;hep-th/0310099;53;90;143
hep-th/0402158;hep-th/0402158;18;61;79
hep-th/0503007;hep-th/0503007;7;19;26
hep-th/0507134;hep-th/0507134;8;36;44
hep-th/0403112;hep-th/0403112;8;28;36
hep-th/0404082;hep-th/0404082;19;20;39
hep-th/0508068;hep-th/0508068;28;68;96
hep-th/0106201;hep-th/0106201;50;124;174
hep-th/0203031;hep-th/0203031;158;34;192
hep-th/0403170;hep-th/0403170;18;21;39
hep-th/9604052;hep-th/9604052;105;34;139
hep-th/0408242;hep-th/0408242;15;23;38
hep-th/0403179;hep-th/0403179;12;66;78
hep-th/0302140;hep-th/0302140;10;29;39
hep-th/9803116;hep-th/9803116;140;64;204
hep-th/0404026;hep-th/0404026;14;63;77
gr-qc/0204010;gr-qc/0204010;13;0;13
hep-th/0205151;hep-th/0205151;12;17;29
hep-th/0006008;hep-th/0006008;27;24;51
hep-th/0001103;hep-th/0001103;40;34;74
hep-th/9906011;hep-th/9906011;75;31;106
hep-th/9510204;hep-th/9510204;111;21;132
hep-th/9905018;hep-th/9905018;15;32;47
hep-th/0106192;hep-th/0106192;18;23;41
hep-th/0108221;hep-th/0108221;27;24;51
hep-th/0510007;hep-th/0510007;0;3;3
hep-th/0406276;hep-th/0406276;14;25;39
hep-th/0012238;hep-th/0012238;178;7;185
hep-th/0112090;hep-th/0112090;192;16;208
hep-th/0510006;hep-th/0510006;0;3;3
hep-th/0101036;hep-th/0101036;90;89;179
hep-th/9805105;hep-th/9805105;84;10;94
hep-th/0510001;hep-th/0510001;6;2;8
gr-qc/0505081;gr-qc/0505081;28;6;34
hep-th/0507253;hep-th/0507253;25;0;25
hep-th/0510003;hep-th/0510003;19;11;30
hep-th/0408133;hep-th/0408133;53;18;71
astro-ph/0302302;astro-ph/0302302;18;9;27
hep-th/0305018;hep-th/0305018;42;40;82
astro-ph/0412308;astro-ph/0412308;44;44;88
hep-th/0303031;hep-th/0303031;49;26;75
astro-ph/0409264;astro-ph/0409264;10;30;40
astro-ph/0301087;astro-ph/0301087;22;10;32
astro-ph/0307185;astro-ph/0307185;29;16;45
hep-th/0404220;hep-th/0404220;29;48;77
hep-th/0510002;hep-th/0510002;11;10;21
hep-th/9806220;hep-th/9806220;48;11;59
gr-qc/0204027;gr-qc/0204027;34;14;48
hep-th/0501034;hep-th/0501034;23;0;23
hep-th/0504032;hep-th/0504032;14;21;35
gr-qc/0502093;gr-qc/0502093;10;40;50
hep-th/0412295;hep-th/0412295;13;4;17
hep-th/9812132;hep-th/9812132;46;10;56
hep-th/9502027;hep-th/9502027;1;2;3
0811.1226;0811.1226;0;20;20
hep-th/0110244;hep-th/0110244;78;11;89
hep-th/0611266;hep-th/0611266;13;6;19
hep-th/9602148;hep-th/9602148;32;7;39
hep-th/0402009;hep-th/0402009;89;310;399
hep-th/9911110;hep-th/9911110;56;14;70
hep-th/9607120;hep-th/9607120;30;5;35
hep-th/0611295;hep-th/0611295;10;8;18
hep-th/0202032;hep-th/0202032;56;15;71
hep-th/0108121;hep-th/0108121;39;11;50
hep-th/0703084;hep-th/0703084;10;13;23
hep-th/0303149;hep-th/0303149;10;11;21
hep-th/0009138;hep-th/0009138;135;12;147
math/0007097;math/0007097;40;6;46
hep-th/0502048;hep-th/0502048;32;0;32
hep-th/0303150;hep-th/0303150;46;10;56
hep-th/0204085;hep-th/0204085;19;25;44
hep-th/0610117;hep-th/0610117;18;21;39
hep-th/0205153;hep-th/0205153;16;26;42
hep-th/0205094;hep-th/0205094;10;8;18
hep-th/0105126;hep-th/0105126;5;7;12
hep-th/0104097;hep-th/0104097;66;16;82
hep-th/0110231;hep-th/0110231;6;4;10
hep-th/9908052;hep-th/9908052;17;9;26
hep-th/0112248;hep-th/0112248;50;27;77
hep-th/0108045;hep-th/0108045;29;11;40
hep-th/0008090;hep-th/0008090;97;55;152
hep-th/0104217;hep-th/0104217;48;24;72
hep-th/0012171;hep-th/0012171;78;0;78
hep-th/0202093;hep-th/0202093;7;7;14
hep-th/0011218;hep-th/0011218;56;23;79
hep-ph/0111115;hep-ph/0111115;115;24;139
0910.1739;0910.1739;0;14;14
hep-th/9910049;hep-th/9910049;27;22;49
hep-th/0411169;hep-th/0411169;11;6;17
hep-th/0010138;hep-th/0010138;80;9;89
hep-th/0507262;hep-th/0507262;21;3;24
hep-th/0402184;hep-th/0402184;22;24;46
gr-qc/0105103;gr-qc/0105103;99;13;112
gr-qc/0408101;gr-qc/0408101;32;16;48
hep-th/0107149;hep-th/0107149;62;8;70
hep-th/0307041;hep-th/0307041;49;21;70
0710.1050;0710.1050;0;9;9
hep-th/0001053;hep-th/0001053;221;0;221
hep-th/9806049;hep-th/9806049;9;8;17
hep-th/0005183;hep-th/0005183;113;30;143
hep-th/9305174;hep-th/9305174;21;0;21
hep-th/0111180;hep-th/0111180;102;33;135
hep-th/9111040;hep-th/9111040;50;0;50
hep-th/9110039;hep-th/9110039;31;0;31
hep-th/9408087;hep-th/9408087;6;1;7
0712.4086;0712.4086;0;49;49
astro-ph/0510364;astro-ph/0510364;19;24;43
hep-th/0312074;hep-th/0312074;28;26;54
hep-th/0303116;hep-th/0303116;154;12;166
astro-ph/0206448;astro-ph/0206448;20;21;41
astro-ph/0206224;astro-ph/0206224;27;22;49
astro-ph/0105068;astro-ph/0105068;298;21;319
hep-th/0411158;hep-th/0411158;30;21;51
hep-th/0401211;hep-th/0401211;26;18;44
hep-th/0210184;hep-th/0210184;172;11;183
hep-th/0702169;hep-th/0702169;14;0;14
astro-ph/0401515;astro-ph/0401515;55;27;82
astro-ph/0507184;astro-ph/0507184;30;13;43
hep-th/0303125;hep-th/0303125;67;12;79
hep-th/0008054;hep-th/0008054;241;32;273
hep-th/0408118;hep-th/0408118;17;56;73
hep-th/0403161;hep-th/0403161;14;42;56
astro-ph/0511634;astro-ph/0511634;41;19;60
hep-th/0409124;hep-th/0409124;59;16;75
hep-th/0502020;hep-th/0502020;3;26;29
hep-th/0505147;hep-th/0505147;34;12;46
hep-th/0703190;hep-th/0703190;31;71;102
hep-th/0404159;hep-th/0404159;98;17;115
hep-th/0212222;hep-th/0212222;43;16;59
hep-th/0603199;hep-th/0603199;14;33;47
hep-th/0604086;hep-th/0604086;67;72;139
hep-th/0312289;hep-th/0312289;44;55;99
gr-qc/0508047;gr-qc/0508047;8;6;14
astro-ph/0212083;astro-ph/0212083;74;18;92
hep-th/0610282;hep-th/0610282;21;20;41
hep-th/0612016;hep-th/0612016;22;19;41
hep-th/0412332;hep-th/0412332;15;18;33
hep-th/0508201;hep-th/0508201;20;37;57
hep-th/0506020;hep-th/0506020;5;11;16
hep-th/0407104;hep-th/0407104;52;19;71
gr-qc/0505134;gr-qc/0505134;33;40;73
hep-ph/0212069;hep-ph/0212069;60;18;78
hep-th/0607099;hep-th/0607099;41;47;88
hep-th/0501028;hep-th/0501028;32;18;50
hep-th/0407049;hep-th/0407049;47;22;69
hep-th/0512097;hep-th/0512097;66;8;74
hep-th/0312099;hep-th/0312099;233;24;257
hep-th/0402130;hep-th/0402130;38;22;60
hep-th/0502035;hep-th/0502035;32;43;75
hep-th/0010186;hep-th/0010186;267;0;267
gr-qc/0510059;gr-qc/0510059;4;6;10
astro-ph/0307034;astro-ph/0307034;56;15;71
astro-ph/0603353;astro-ph/0603353;26;14;40
hep-th/9408035;hep-th/9408035;13;10;23
hep-th/9304034;hep-th/9304034;12;3;15
hep-th/9304055;hep-th/9304055;37;5;42
hep-th/9403187;hep-th/9403187;74;14;88
hep-th/9402005;hep-th/9402005;124;7;131
hep-th/9406055;hep-th/9406055;100;16;116
hep-th/9202046;hep-th/9202046;206;2;208
hep-th/9310033;hep-th/9310033;7;4;11
hep-th/9405155;hep-th/9405155;27;1;28
hep-th/9211049;hep-th/9211049;12;6;18
hep-th/9203084;hep-th/9203084;41;1;42
hep-th/9307171;hep-th/9307171;44;8;52
hep-th/9202059;hep-th/9202059;41;0;41
hep-th/9311014;hep-th/9311014;16;7;23
hep-th/9109053;hep-th/9109053;75;1;76
hep-th/9209045;hep-th/9209045;9;2;11
hep-th/9502074;hep-th/9502074;42;10;52
hep-th/9408039;hep-th/9408039;22;31;53
hep-th/9110017;hep-th/9110017;64;0;64
hep-th/9412138;hep-th/9412138;59;27;86
gr-qc/9404026;gr-qc/9404026;18;7;25
hep-th/9401102;hep-th/9401102;7;27;34
gr-qc/9310006;gr-qc/9310006;167;1;168
hep-th/9303103;hep-th/9303103;72;0;72
hep-th/9307168;hep-th/9307168;100;0;100
hep-th/9306069;hep-th/9306069;290;18;308
hep-th/9308139;hep-th/9308139;130;0;130
hep-th/9502075;hep-th/9502075;8;2;10
hep-th/9407060;hep-th/9407060;6;0;6
hep-th/9206007;hep-th/9206007;75;0;75
hep-th/9305142;hep-th/9305142;86;5;91
hep-th/9407111;hep-th/9407111;36;8;44
hep-th/9411178;hep-th/9411178;34;0;34
hep-th/9302109;hep-th/9302109;65;1;66
hep-th/9205051;hep-th/9205051;42;0;42
hep-th/9406128;hep-th/9406128;32;7;39
hep-th/9108013;hep-th/9108013;53;0;53
hep-th/9502073;hep-th/9502073;8;6;14
hep-th/9401091;hep-th/9401091;22;0;22
hep-th/9312059;hep-th/9312059;107;14;121
hep-th/9405110;hep-th/9405110;168;2;170
hep-th/9404098;hep-th/9404098;31;3;34
hep-th/9410149;hep-th/9410149;9;4;13
hep-th/9308124;hep-th/9308124;85;24;109
hep-th/9401012;hep-th/9401012;3;2;5
hep-th/9404024;hep-th/9404024;4;3;7
hep-th/9411016;hep-th/9411016;14;2;16
hep-ph/9408210;hep-ph/9408210;17;0;17
hep-th/9406033;hep-th/9406033;11;2;13
hep-th/9404181;hep-th/9404181;4;0;4
hep-th/9502071;hep-th/9502071;2;7;9
hep-th/9407090;hep-th/9407090;3;2;5
hep-th/9412119;hep-th/9412119;7;5;12
hep-th/9410065;hep-th/9410065;11;7;18
hep-th/9203029;hep-th/9203029;5;0;5
hep-th/9209066;hep-th/9209066;10;0;10
hep-ph/0512081;hep-ph/0512081;19;28;47
hep-th/0408036;hep-th/0408036;99;0;99
hep-th/0312051;hep-th/0312051;78;55;133
hep-th/0508167;hep-th/0508167;62;19;81
hep-th/0005067;hep-th/0005067;194;99;293
hep-th/0406092;hep-th/0406092;117;62;179
hep-th/0311241;hep-th/0311241;116;86;202
hep-ph/0502151;hep-ph/0502151;13;21;34
hep-th/9911029;hep-th/9911029;65;8;73
hep-ph/0105042;hep-ph/0105042;68;12;80
hep-th/0503079;hep-th/0503079;16;58;74
hep-th/0503216;hep-th/0503216;152;52;204
hep-th/0312232;hep-th/0312232;118;65;183
hep-ph/0507110;hep-ph/0507110;49;29;78
hep-ph/0408064;hep-ph/0408064;40;56;96
hep-ph/0312378;hep-ph/0312378;48;91;139
hep-ph/9707209;hep-ph/9707209;86;45;131
hep-th/0508089;hep-th/0508089;77;68;145
hep-th/0209200;hep-th/0209200;40;36;76
hep-th/0402135;hep-th/0402135;91;23;114
hep-ph/0001083;hep-ph/0001083;72;67;139
hep-ph/0504036;hep-ph/0504036;66;61;127
hep-ph/0411168;hep-ph/0411168;7;4;11
hep-ph/9709492;hep-ph/9709492;66;8;74
hep-th/9909037;hep-th/9909037;34;5;39
gr-qc/9707057;gr-qc/9707057;17;3;20
hep-ph/9704273;hep-ph/9704273;49;1;50
hep-ph/9410256;hep-ph/9410256;34;2;36
hep-th/0003252;hep-th/0003252;21;9;30
hep-th/9609035;hep-th/9609035;64;1;65
hep-th/9502078;hep-th/9502078;4;10;14
hep-th/9209012;hep-th/9209012;111;4;115
hep-th/9205089;hep-th/9205089;94;0;94
hep-th/9301119;hep-th/9301119;18;4;22
hep-th/9206070;hep-th/9206070;161;2;163
hep-th/9210017;hep-th/9210017;43;3;46
hep-th/9411105;hep-th/9411105;2;9;11
hep-th/9301021;hep-th/9301021;11;1;12
hep-th/9310025;hep-th/9310025;41;0;41
hep-th/9111056;hep-th/9111056;554;0;554
hep-th/9207095;hep-th/9207095;52;8;60
hep-th/9502079;hep-th/9502079;2;3;5
hep-th/9112038;hep-th/9112038;24;0;24
hep-th/9203047;hep-th/9203047;24;0;24
hep-th/9203046;hep-th/9203046;32;0;32
hep-th/0102118;hep-th/0102118;0;3;3
hep-th/9703020;hep-th/9703020;23;3;26
hep-th/9209062;hep-th/9209062;20;0;20
hep-th/9205018;hep-th/9205018;30;0;30
hep-th/0510206;hep-th/0510206;0;3;3
hep-th/0408181;hep-th/0408181;1;0;1
hep-th/9412147;hep-th/9412147;67;0;67
hep-th/9507105;hep-th/9507105;25;0;25
0804.2110;0804.2110;0;16;16
hep-th/0606150;hep-th/0606150;5;37;42
hep-th/9301111;hep-th/9301111;77;0;77
hep-th/9906248;hep-th/9906248;78;13;91
hep-th/0304149;hep-th/0304149;14;8;22
hep-th/0212267;hep-th/0212267;33;26;59
hep-th/9604089;hep-th/9604089;183;29;212
q-alg/9601007;q-alg/9601007;14;1;15
hep-th/0701130;hep-th/0701130;17;43;60
hep-th/0101001;hep-th/0101001;37;33;70
hep-th/9703019;hep-th/9703019;14;8;22
hep-th/0207054;hep-th/0207054;14;12;26
math/0211170;math/0211170;42;3;45
0711.4118;0711.4118;0;16;16
hep-th/0605073;hep-th/0605073;67;70;137
hep-th/9905177;hep-th/9905177;262;8;270
hep-th/9401125;hep-th/9401125;85;1;86
hep-th/0611035;hep-th/0611035;20;81;101
hep-th/0603081;hep-th/0603081;34;12;46
hep-th/0606184;hep-th/0606184;31;20;51
hep-th/0510092;hep-th/0510092;38;3;41
hep-th/0608213;hep-th/0608213;28;37;65
hep-th/0405152;hep-th/0405152;71;6;77
hep-th/9403108;hep-th/9403108;120;7;127
hep-th/9805129;hep-th/9805129;202;30;232
hep-th/9303048;hep-th/9303048;244;2;246
hep-th/0603001;hep-th/0603001;83;28;111
hep-ph/9812349;hep-ph/9812349;25;14;39
hep-ph/9811250;hep-ph/9811250;8;1;9
hep-th/9806080;hep-th/9806080;73;26;99
hep-ph/9809470;hep-ph/9809470;22;0;22
hep-ph/9811353;hep-ph/9811353;67;8;75
hep-th/0102110;hep-th/0102110;27;39;66
hep-th/9611079;hep-th/9611079;16;6;22
hep-th/0004103;hep-th/0004103;110;49;159
hep-th/9908088;hep-th/9908088;331;23;354
hep-th/0011075;hep-th/0011075;13;35;48
hep-th/9611134;hep-th/9611134;29;0;29
hep-th/9806120;hep-th/9806120;102;37;139
hep-th/9906070;hep-th/9906070;495;26;521
hep-th/9601150;hep-th/9601150;237;11;248
hep-th/9704131;hep-th/9704131;72;0;72
hep-th/9803066;hep-th/9803066;15;19;34
hep-th/0004095;hep-th/0004095;7;24;31
hep-th/9906221;hep-th/9906221;52;14;66
hep-th/9705058;hep-th/9705058;7;37;44
hep-th/9912152;hep-th/9912152;307;22;329
hep-th/9605053;hep-th/9605053;246;11;257
hep-th/9806069;hep-th/9806069;45;29;74
hep-th/9712064;hep-th/9712064;14;13;27
hep-th/9908018;hep-th/9908018;40;26;66
hep-th/9811021;hep-th/9811021;68;28;96
hep-th/0012152;hep-th/0012152;84;0;84
hep-th/9610151;hep-th/9610151;145;20;165
hep-th/9901045;hep-th/9901045;108;39;147
hep-th/0012213;hep-th/0012213;166;47;213
hep-th/9911011;hep-th/9911011;128;33;161
hep-th/0001082;hep-th/0001082;75;34;109
hep-th/0102111;hep-th/0102111;5;24;29
gr-qc/0005017;gr-qc/0005017;102;19;121
hep-th/9812013;hep-th/9812013;186;7;193
hep-th/9701180;hep-th/9701180;1;2;3
hep-th/9605127;hep-th/9605127;31;15;46
hep-th/9707227;hep-th/9707227;7;6;13
hep-th/0003127;hep-th/0003127;2;6;8
physics/9705040;physics/9705040;4;3;7
hep-th/9902175;hep-th/9902175;5;7;12
hep-th/9705049;hep-th/9705049;10;1;11
hep-th/9908138;hep-th/9908138;4;0;4
hep-th/9903106;hep-th/9903106;4;10;14
hep-th/9202072;hep-th/9202072;26;1;27
gr-qc/9906126;gr-qc/9906126;115;0;115
hep-th/9905228;hep-th/9905228;10;18;28
hep-th/9211113;hep-th/9211113;22;0;22
hep-th/9911171;hep-th/9911171;4;4;8
hep-th/9703002;hep-th/9703002;7;1;8
hep-th/9610187;hep-th/9610187;7;4;11
hep-th/0005006;hep-th/0005006;141;25;166
hep-th/0002117;hep-th/0002117;119;16;135
hep-th/0003160;hep-th/0003160;341;41;382
hep-th/0010034;hep-th/0010034;37;28;65
hep-th/0006240;hep-th/0006240;168;27;195
hep-th/0007153;hep-th/0007153;79;0;79
hep-th/0008053;hep-th/0008053;51;26;77
hep-th/9303143;hep-th/9303143;171;0;171
hep-th/9303067;hep-th/9303067;68;1;69
hep-th/9210065;hep-th/9210065;198;0;198
hep-th/0101014;hep-th/0101014;28;34;62
hep-th/0008033;hep-th/0008033;44;38;82
hep-th/0010190;hep-th/0010190;33;28;61
hep-th/0009103;hep-th/0009103;253;16;269
hep-th/0009105;hep-th/0009105;46;24;70
hep-th/0009148;hep-th/0009148;283;18;301
hep-th/0005031;hep-th/0005031;209;35;244
hep-th/0102071;hep-th/0102071;27;39;66
hep-th/0005036;hep-th/0005036;122;32;154
hep-th/0010060;hep-th/0010060;147;51;198
hep-th/9208027;hep-th/9208027;253;0;253
hep-th/0003031;hep-th/0003031;109;9;118
hep-th/0101162;hep-th/0101162;39;33;72
hep-th/0009191;hep-th/0009191;76;27;103
hep-th/0012251;hep-th/0012251;153;69;222
hep-th/0003278;hep-th/0003278;60;24;84
hep-th/0011238;hep-th/0011238;24;14;38
hep-th/9911116;hep-th/9911116;319;0;319
hep-th/0008101;hep-th/0008101;47;17;64
hep-th/0008231;hep-th/0008231;90;12;102
hep-th/9311177;hep-th/9311177;144;1;145
hep-th/9902105;hep-th/9902105;285;18;303
hep-th/0102113;hep-th/0102113;83;20;103
hep-th/9902195;hep-th/9902195;151;0;151
hep-th/9903269;hep-th/9903269;29;20;49
hep-th/0009244;hep-th/0009244;60;10;70
hep-th/0101083;hep-th/0101083;53;23;76
hep-th/0011115;hep-th/0011115;63;43;106
hep-th/0012052;hep-th/0012052;86;15;101
hep-th/0101073;hep-th/0101073;70;0;70
hep-th/0008140;hep-th/0008140;184;20;204
hep-th/0101076;hep-th/0101076;77;15;92
hep-th/0010127;hep-th/0010127;33;19;52
hep-th/9810227;hep-th/9810227;144;17;161
hep-th/0102042;hep-th/0102042;120;40;160
hep-th/9906040;hep-th/9906040;44;34;78
hep-th/9901149;hep-th/9901149;79;30;109
hep-th/9808032;hep-th/9808032;158;19;177
hep-th/0102114;hep-th/0102114;23;84;107
hep-th/0001071;hep-th/0001071;108;22;130
hep-th/9411170;hep-th/9411170;17;11;28
hep-th/9612202;hep-th/9612202;48;24;72
hep-th/9608015;hep-th/9608015;25;50;75
hep-th/9707203;hep-th/9707203;10;0;10
hep-th/0005220;hep-th/0005220;10;0;10
hep-th/9907216;hep-th/9907216;45;20;65
hep-th/9808075;hep-th/9808075;144;33;177
hep-th/9909058;hep-th/9909058;124;25;149
hep-th/9611014;hep-th/9611014;73;21;94
hep-th/9605082;hep-th/9605082;40;14;54
hep-th/0011077;hep-th/0011077;102;31;133
hep-th/9905143;hep-th/9905143;15;40;55
hep-th/9709113;hep-th/9709113;3;50;53
hep-th/0001159;hep-th/0001159;80;25;105
hep-th/9807137;hep-th/9807137;136;22;158
hep-th/9807136;hep-th/9807136;18;0;18
hep-th/9907219;hep-th/9907219;53;29;82
hep-th/0009183;hep-th/0009183;28;20;48
hep-th/9602140;hep-th/9602140;55;9;64
hep-th/9607164;hep-th/9607164;70;15;85
hep-th/9612105;hep-th/9612105;72;45;117
hep-th/9807080;hep-th/9807080;557;23;580
hep-th/9712004;hep-th/9712004;163;49;212
hep-th/9607032;hep-th/9607032;41;27;68
hep-th/0008201;hep-th/0008201;18;16;34
hep-th/9902100;hep-th/9902100;18;22;40
hep-th/9910237;hep-th/9910237;23;40;63
hep-th/9907006;hep-th/9907006;44;53;97
hep-th/0007209;hep-th/0007209;40;0;40
hep-th/0002191;hep-th/0002191;28;48;76
hep-th/0101020;hep-th/0101020;35;42;77
hep-th/0001065;hep-th/0001065;5;17;22
hep-th/0004111;hep-th/0004111;119;49;168
hep-th/9803039;hep-th/9803039;75;0;75
hep-th/0004117;hep-th/0004117;23;16;39
hep-th/9711161;hep-th/9711161;94;14;108
hep-th/0005219;hep-th/0005219;22;20;42
hep-th/9912107;hep-th/9912107;21;33;54
hep-th/0007044;hep-th/0007044;157;38;195
hep-th/9704163;hep-th/9704163;3;8;11
hep-th/9905226;hep-th/9905226;90;48;138
hep-th/9912027;hep-th/9912027;73;22;95
hep-th/0002228;hep-th/0002228;40;26;66
hep-th/9607235;hep-th/9607235;231;77;308
hep-th/9903036;hep-th/9903036;25;11;36
hep-th/0011060;hep-th/0011060;51;49;100
hep-th/9807164;hep-th/9807164;149;23;172
hep-th/9701088;hep-th/9701088;89;37;126
hep-th/9905096;hep-th/9905096;26;21;47
hep-th/9804056;hep-th/9804056;29;34;63
hep-th/0007120;hep-th/0007120;47;37;84
hep-th/0012203;hep-th/0012203;9;9;18
hep-th/9210076;hep-th/9210076;10;0;10
hep-th/0102115;hep-th/0102115;0;2;2
hep-th/9308027;hep-th/9308027;34;1;35
hep-th/9702104;hep-th/9702104;4;0;4
hep-th/0102116;hep-th/0102116;1;26;27
hep-th/9909094;hep-th/9909094;26;0;26
hep-th/9706119;hep-th/9706119;49;10;59
hep-th/9304057;hep-th/9304057;138;4;142
hep-th/9505173;hep-th/9505173;50;10;60
hep-th/9807016;hep-th/9807016;23;0;23
hep-th/9702042;hep-th/9702042;9;6;15
hep-th/9912077;hep-th/9912077;9;11;20
hep-th/9910133;hep-th/9910133;22;11;33
hep-th/0010096;hep-th/0010096;20;17;37
hep-th/9806062;hep-th/9806062;11;22;33
q-alg/9702012;q-alg/9702012;31;8;39
hep-th/9601124;hep-th/9601124;27;7;34
hep-th/9307155;hep-th/9307155;25;0;25
hep-th/9712157;hep-th/9712157;13;10;23
hep-th/0003199;hep-th/0003199;11;6;17
hep-th/9310167;hep-th/9310167;17;0;17
hep-th/0008022;hep-th/0008022;4;4;8
hep-th/9210070;hep-th/9210070;13;0;13
hep-th/0003191;hep-th/0003191;7;5;12
hep-th/0003192;hep-th/0003192;8;19;27
hep-th/0003193;hep-th/0003193;5;3;8
hep-th/9511145;hep-th/9511145;24;6;30
hep-th/0102117;hep-th/0102117;0;1;1
0712.0360;0712.0360;0;22;22
hep-th/0104027;hep-th/0104027;6;6;12
hep-th/0201084;hep-th/0201084;22;9;31
hep-th/0605034;hep-th/0605034;5;21;26
hep-th/0507123;hep-th/0507123;17;40;57
hep-th/9707163;hep-th/9707163;65;0;65
hep-th/0611180;hep-th/0611180;7;32;39
hep-th/0402147;hep-th/0402147;30;20;50
hep-th/0203066;hep-th/0203066;48;14;62
hep-th/0703267;hep-th/0703267;63;147;210
hep-th/0201219;hep-th/0201219;6;5;11
physics/9710006;physics/9710006;1;0;1
hep-th/9802074;hep-th/9802074;68;4;72
hep-th/0311214;hep-th/0311214;10;15;25
hep-th/0006217;hep-th/0006217;9;8;17
hep-th/0404223;hep-th/0404223;9;38;47
hep-th/9907208;hep-th/9907208;16;7;23
hep-th/9808140;hep-th/9808140;70;4;74
hep-th/0310144;hep-th/0310144;32;9;41
0708.1268;0708.1268;0;56;56
hep-th/9411187;hep-th/9411187;168;30;198
hep-th/9512127;hep-th/9512127;84;27;111
hep-th/9504147;hep-th/9504147;255;27;282
hep-th/9807056;hep-th/9807056;57;22;79
hep-th/9403186;hep-th/9403186;47;8;55
hep-th/9703134;hep-th/9703134;21;24;45
hep-th/9209116;hep-th/9209116;47;5;52
hep-th/9201029;hep-th/9201029;50;0;50
hep-th/9606193;hep-th/9606193;94;30;124
hep-th/0401049;hep-th/0401049;49;80;129
hep-th/9512177;hep-th/9512177;27;41;68
hep-th/9512031;hep-th/9512031;222;34;256
hep-th/9211015;hep-th/9211015;44;6;50
0710.5378;0710.5378;0;52;52
hep-th/0303036;hep-th/0303036;54;27;81
hep-th/0506086;hep-th/0506086;13;9;22
hep-th/0405069;hep-th/0405069;92;53;145
hep-th/0207002;hep-th/0207002;122;11;133
hep-th/0312297;hep-th/0312297;29;28;57
hep-th/0609029;hep-th/0609029;33;29;62
hep-th/0301243;hep-th/0301243;79;11;90
hep-th/0507144;hep-th/0507144;44;29;73
hep-th/0606198;hep-th/0606198;40;36;76
hep-th/0312252;hep-th/0312252;41;34;75
hep-th/0108192;hep-th/0108192;69;7;76
hep-th/9910096;hep-th/9910096;118;24;142
hep-th/0305155;hep-th/0305155;61;13;74
hep-th/0207101;hep-th/0207101;34;16;50
hep-th/9704132;hep-th/9704132;7;0;7
hep-th/9703010;hep-th/9703010;43;1;44
hep-th/0501156;hep-th/0501156;64;71;135
hep-th/0505255;hep-th/0505255;38;20;58
hep-th/9812005;hep-th/9812005;19;8;27
math/9907135;math/9907135;51;0;51
hep-th/0208058;hep-th/0208058;102;14;116
hep-th/0310209;hep-th/0310209;23;13;36
hep-th/0409068;hep-th/0409068;69;17;86
hep-th/0504156;hep-th/0504156;29;127;156
hep-th/0701163;hep-th/0701163;26;43;69
hep-th/0305098;hep-th/0305098;45;11;56
hep-th/0103247;hep-th/0103247;109;16;125
hep-th/0311254;hep-th/0311254;32;36;68
hep-th/0601199;hep-th/0601199;23;24;47
hep-th/0103143;hep-th/0103143;52;12;64
hep-th/9611024;hep-th/9611024;113;0;113
hep-th/0212185;hep-th/0212185;90;25;115
hep-th/0310085;hep-th/0310085;28;26;54
hep-th/0503128;hep-th/0503128;128;78;206
math/0110088;math/0110088;52;3;55
hep-th/0509092;hep-th/0509092;7;24;31
hep-th/0702050;hep-th/0702050;1;11;12
0712.0365;0712.0365;0;3;3
hep-th/0612086;hep-th/0612086;5;8;13
hep-th/0605156;hep-th/0605156;6;20;26
hep-th/0703205;hep-th/0703205;4;16;20
0710.5372;0710.5372;0;56;56
hep-th/0410236;hep-th/0410236;44;41;85
hep-th/0604100;hep-th/0604100;24;63;87
hep-th/0507124;hep-th/0507124;31;44;75
hep-th/9412110;hep-th/9412110;10;6;16
hep-th/0604123;hep-th/0604123;36;56;92
hep-th/0401155;hep-th/0401155;27;74;101
hep-th/0009019;hep-th/0009019;66;28;94
hep-th/0008088;hep-th/0008088;53;20;73
hep-th/0507203;hep-th/0507203;85;71;156
hep-th/0411205;hep-th/0411205;44;51;95
hep-th/0204196;hep-th/0204196;80;42;122
hep-th/0209155;hep-th/0209155;27;34;61
hep-th/0511104;hep-th/0511104;26;35;61
hep-th/0312155;hep-th/0312155;32;0;32
hep-th/0703202;hep-th/0703202;8;19;27
hep-th/0111222;hep-th/0111222;194;40;234
hep-th/0606117;hep-th/0606117;8;41;49
hep-th/0211152;hep-th/0211152;27;20;47
hep-th/0008015;hep-th/0008015;191;46;237
hep-th/0008016;hep-th/0008016;186;17;203
hep-th/0311203;hep-th/0311203;177;33;210
hep-th/0501078;hep-th/0501078;49;39;88
hep-th/0603067;hep-th/0603067;31;44;75
hep-th/0612038;hep-th/0612038;22;55;77
hep-th/0701067;hep-th/0701067;22;64;86
hep-th/0701066;hep-th/0701066;24;69;93
hep-th/0605220;hep-th/0605220;16;37;53
hep-th/0509007;hep-th/0509007;24;66;90
hep-th/0702090;hep-th/0702090;14;43;57
hep-th/0003075;hep-th/0003075;292;19;311
hep-th/0510244;hep-th/0510244;16;49;65
hep-th/0412319;hep-th/0412319;14;25;39
hep-th/0608128;hep-th/0608128;16;38;54
hep-th/0409174;hep-th/0409174;293;66;359
hep-th/0501001;hep-th/0501001;41;37;78
hep-th/0406214;hep-th/0406214;57;38;95
hep-th/0610027;hep-th/0610027;16;55;71
hep-th/0310119;hep-th/0310119;91;202;293
hep-th/0703068;hep-th/0703068;11;34;45
hep-th/0107119;hep-th/0107119;116;46;162
hep-th/0306090;hep-th/0306090;34;37;71
hep-th/0111163;hep-th/0111163;18;23;41
hep-th/0305042;hep-th/0305042;24;15;39
hep-th/0212208;hep-th/0212208;589;49;638
hep-th/0502172;hep-th/0502172;42;24;66
hep-th/0307042;hep-th/0307042;363;40;403
hep-th/0205221;hep-th/0205221;33;37;70
0710.5373;0710.5373;0;7;7
gr-qc/9412030;gr-qc/9412030;2;1;3
gr-qc/9804066;gr-qc/9804066;7;1;8
gr-qc/0011070;gr-qc/0011070;11;4;15
gr-qc/0410139;gr-qc/0410139;1;4;5
hep-th/9706065;hep-th/9706065;14;15;29
gr-qc/0211053;gr-qc/0211053;2;5;7
0708.1262;0708.1262;0;56;56
hep-th/0506097;hep-th/0506097;21;71;92
hep-th/0606259;hep-th/0606259;15;21;36
hep-th/9507158;hep-th/9507158;464;17;481
hep-th/0205281;hep-th/0205281;39;28;67
hep-th/0611086;hep-th/0611086;62;37;99
hep-th/9508089;hep-th/9508089;59;5;64
hep-th/0007018;hep-th/0007018;350;60;410
hep-th/0405146;hep-th/0405146;263;41;304
hep-th/0701218;hep-th/0701218;10;68;78
hep-th/0612027;hep-th/0612027;29;19;48
hep-th/9706096;hep-th/9706096;29;44;73
hep-th/9909228;hep-th/9909228;56;11;67
hep-th/0005068;hep-th/0005068;32;31;63
hep-th/0512206;hep-th/0512206;34;25;59
hep-th/0204186;hep-th/0204186;54;34;88
hep-th/0208145;hep-th/0208145;26;20;46
hep-th/9508143;hep-th/9508143;441;15;456
hep-th/0309220;hep-th/0309220;18;0;18
hep-th/0607055;hep-th/0607055;12;26;38
hep-th/0009234;hep-th/0009234;125;26;151
hep-th/0010192;hep-th/0010192;34;37;71
hep-th/0501243;hep-th/0501243;34;3;37
hep-th/0602024;hep-th/0602024;36;26;62
hep-th/0104215;hep-th/0104215;36;13;49
hep-th/0602164;hep-th/0602164;31;49;80
hep-th/9705169;hep-th/9705169;106;54;160
hep-th/0307268;hep-th/0307268;53;23;76
hep-th/9809158;hep-th/9809158;25;4;29
hep-th/9308122;hep-th/9308122;148;9;157
hep-th/0101161;hep-th/0101161;88;31;119
hep-th/0303048;hep-th/0303048;30;15;45
hep-th/0409097;hep-th/0409097;46;15;61
hep-th/9807008;hep-th/9807008;20;33;53
hep-th/9511164;hep-th/9511164;232;0;232
hep-th/9608090;hep-th/9608090;26;5;31
hep-th/0202168;hep-th/0202168;131;30;161
hep-th/0404147;hep-th/0404147;18;44;62
hep-th/0507289;hep-th/0507289;49;18;67
hep-th/9401025;hep-th/9401025;44;10;54
0912.0806;0912.0806;0;22;22
hep-th/0501184;hep-th/0501184;99;57;156
hep-th/0412040;hep-th/0412040;64;79;143
hep-th/0403001;hep-th/0403001;94;48;142
hep-th/0607050;hep-th/0607050;88;64;152
hep-ph/9812289;hep-ph/9812289;62;0;62
hep-th/0310221;hep-th/0310221;215;37;252
hep-th/0509012;hep-th/0509012;80;47;127
hep-ph/0602144;hep-ph/0602144;19;21;40
hep-th/0404084;hep-th/0404084;241;33;274
hep-th/0105032;hep-th/0105032;149;23;172
hep-th/0301138;hep-th/0301138;30;29;59
astro-ph/0408415;astro-ph/0408415;47;50;97
hep-th/0605189;hep-th/0605189;53;97;150
hep-th/0105203;hep-th/0105203;190;4;194
hep-th/0105204;hep-th/0105204;272;36;308
0807.3039;0807.3039;0;43;43
hep-th/9609161;hep-th/9609161;74;17;91
hep-th/0104064;hep-th/0104064;25;23;48
hep-th/0311201;hep-th/0311201;90;53;143
hep-th/9703098;hep-th/9703098;20;31;51
hep-th/0610270;hep-th/0610270;31;38;69
hep-th/0211142;hep-th/0211142;39;20;59
hep-th/0604169;hep-th/0604169;15;21;36
hep-th/0505153;hep-th/0505153;55;50;105
hep-th/0003025;hep-th/0003025;55;49;104
hep-th/0505140;hep-th/0505140;53;45;98
hep-th/0106117;hep-th/0106117;75;33;108
hep-th/0505107;hep-th/0505107;20;19;39
hep-th/0505100;hep-th/0505100;54;53;107
hep-th/0205236;hep-th/0205236;354;39;393
hep-th/0702225;hep-th/0702225;26;68;94
hep-th/9909082;hep-th/9909082;24;23;47
hep-th/0602027;hep-th/0602027;92;110;202
hep-th/0111060;hep-th/0111060;25;31;56
hep-th/0011256;hep-th/0011256;155;10;165
hep-th/9707176;hep-th/9707176;111;4;115
hep-th/0612118;hep-th/0612118;52;0;52
hep-th/0103167;hep-th/0103167;98;30;128
hep-th/0003032;hep-th/0003032;43;57;100
hep-th/0601098;hep-th/0601098;16;24;40
hep-th/0703272;hep-th/0703272;14;42;56
hep-th/0702055;hep-th/0702055;13;16;29
hep-th/0106160;hep-th/0106160;68;26;94
hep-th/0205204;hep-th/0205204;72;51;123
hep-th/0112236;hep-th/0112236;57;21;78
hep-th/9802042;hep-th/9802042;516;38;554
0705.3897;0705.3897;0;13;13
hep-th/0506190;hep-th/0506190;16;21;37
hep-th/0612179;hep-th/0612179;9;9;18
hep-th/0108040;hep-th/0108040;113;26;139
hep-th/0609004;hep-th/0609004;12;20;32
hep-th/0605096;hep-th/0605096;14;6;20
hep-th/0509135;hep-th/0509135;21;6;27
hep-th/9307001;hep-th/9307001;76;1;77
hep-th/0012146;hep-th/0012146;27;14;41
hep-th/0610137;hep-th/0610137;12;5;17
hep-th/9904026;hep-th/9904026;28;18;46
hep-th/0003188;hep-th/0003188;87;4;91
gr-qc/0612128;gr-qc/0612128;9;6;15
gr-qc/9904062;gr-qc/9904062;34;7;41
gr-qc/0204020;gr-qc/0204020;27;2;29
gr-qc/9706002;gr-qc/9706002;57;10;67
gr-qc/0309009;gr-qc/0309009;32;16;48
gr-qc/0406060;gr-qc/0406060;1;1;2
astro-ph/0209274;astro-ph/0209274;36;6;42
0705.3893;0705.3893;0;13;13
math-ph/0609068;math-ph/0609068;11;5;16
hep-th/0402011;hep-th/0402011;39;7;46
hep-th/0703072;hep-th/0703072;8;8;16
hep-th/0703096;hep-th/0703096;63;73;136
quant-ph/0208076;quant-ph/0208076;90;12;102
hep-th/0703066;hep-th/0703066;22;91;113
hep-th/0104119;hep-th/0104119;69;15;84
quant-ph/0501052;quant-ph/0501052;50;0;50
hep-th/0103051;hep-th/0103051;109;16;125
math-ph/0610003;math-ph/0610003;11;5;16
0801.0235;0801.0235;0;11;11
hep-th/0004120;hep-th/0004120;8;24;32
hep-th/9110053;hep-th/9110053;260;0;260
hep-th/0003178;hep-th/0003178;12;13;25
hep-th/0204011;hep-th/0204011;6;8;14
hep-th/0003177;hep-th/0003177;16;25;41
hep-th/9308112;hep-th/9308112;55;10;65
gr-qc/0509063;gr-qc/0509063;3;1;4
gr-qc/9209012;gr-qc/9209012;310;0;310
gr-qc/0612120;gr-qc/0612120;5;7;12
astro-ph/0402185;astro-ph/0402185;26;25;51
astro-ph/0107069;astro-ph/0107069;10;6;16
gr-qc/0004007;gr-qc/0004007;4;3;7
hep-ph/0607170;hep-ph/0607170;12;27;39
hep-th/9404044;hep-th/9404044;6;0;6
0801.0238;0801.0238;0;2;2
quant-ph/0701141;quant-ph/0701141;2;2;4
hep-th/9211141;hep-th/9211141;26;0;26
gr-qc/0509064;gr-qc/0509064;10;81;91
gr-qc/0206037;gr-qc/0206037;31;38;69
hep-th/9408108;hep-th/9408108;5;2;7
gr-qc/0602100;gr-qc/0602100;4;61;65
gr-qc/0607100;gr-qc/0607100;15;0;15
gr-qc/0607101;gr-qc/0607101;13;0;13
hep-th/9412073;hep-th/9412073;80;5;85
gr-qc/0404018;gr-qc/0404018;227;106;333
gr-qc/0601085;gr-qc/0601085;97;0;97
gr-qc/0104072;gr-qc/0104072;49;11;60
gr-qc/0602086;gr-qc/0602086;80;9;89
hep-th/9203079;hep-th/9203079;112;1;113
gr-qc/0207106;gr-qc/0207106;35;7;42
gr-qc/9911009;gr-qc/9911009;12;12;24
gr-qc/9411046;gr-qc/9411046;88;3;91
gr-qc/9705020;gr-qc/9705020;33;10;43
hep-th/0608210;hep-th/0608210;22;94;116
hep-th/0011200;hep-th/0011200;9;13;22
gr-qc/0005083;gr-qc/0005083;58;14;72
gr-qc/9806041;gr-qc/9806041;28;12;40
gr-qc/0401114;gr-qc/0401114;11;6;17
gr-qc/0002040;gr-qc/0002040;111;10;121
gr-qc/0412003;gr-qc/0412003;13;10;23
gr-qc/0004070;gr-qc/0004070;8;11;19
gr-qc/9606090;gr-qc/9606090;66;7;73
gr-qc/0301113;gr-qc/0301113;91;65;156
gr-qc/0607099;gr-qc/0607099;19;46;65
gr-qc/0209029;gr-qc/0209029;23;10;33
gr-qc/9710016;gr-qc/9710016;34;15;49
gr-qc/0305069;gr-qc/0305069;21;6;27
gr-qc/0604044;gr-qc/0604044;33;17;50
gr-qc/0503041;gr-qc/0503041;21;7;28
hep-th/0201133;hep-th/0201133;6;18;24
gr-qc/0305080;gr-qc/0305080;32;66;98
gr-qc/0411138;gr-qc/0411138;15;41;56
gr-qc/0411142;gr-qc/0411142;10;37;47
gr-qc/0102069;gr-qc/0102069;121;8;129
gr-qc/0411140;gr-qc/0411140;11;41;52
gr-qc/0005126;gr-qc/0005126;150;31;181
gr-qc/9606089;gr-qc/9606089;156;7;163
gr-qc/0005117;gr-qc/0005117;5;8;13
hep-th/0005234;hep-th/0005234;35;38;73
gr-qc/0110034;gr-qc/0110034;180;176;356
hep-th/0005237;hep-th/0005237;36;37;73
gr-qc/0604013;gr-qc/0604013;72;54;126
hep-th/0005235;hep-th/0005235;31;42;73
gr-qc/0108004;gr-qc/0108004;2;18;20
hep-th/0005233;hep-th/0005233;48;39;87
gr-qc/9909063;gr-qc/9909063;12;5;17
hep-th/9907042;hep-th/9907042;41;22;63
gr-qc/9709028;gr-qc/9709028;101;3;104
gr-qc/9905087;gr-qc/9905087;93;44;137
gr-qc/9705017;gr-qc/9705017;48;13;61
gr-qc/9705018;gr-qc/9705018;45;9;54
gr-qc/9705019;gr-qc/9705019;119;10;129
gr-qc/0607039;gr-qc/0607039;91;19;110
gr-qc/9711031;gr-qc/9711031;84;11;95
gr-qc/0207030;gr-qc/0207030;28;29;57
gr-qc/0207031;gr-qc/0207031;30;21;51
gr-qc/9602052;gr-qc/9602052;47;7;54
gr-qc/0504029;gr-qc/0504029;38;11;49
gr-qc/0506128;gr-qc/0506128;20;16;36
gr-qc/9911010;gr-qc/9911010;12;9;21
gr-qc/0504147;gr-qc/0504147;35;14;49
gr-qc/0407051;gr-qc/0407051;82;7;89
gr-qc/0609037;gr-qc/0609037;1;13;14
gr-qc/0505057;gr-qc/0505057;14;40;54
gr-qc/0407069;gr-qc/0407069;20;18;38
gr-qc/9710008;gr-qc/9710008;214;63;277
gr-qc/0107043;gr-qc/0107043;26;22;48
gr-qc/0206055;gr-qc/0206055;20;7;27
gr-qc/0206054;gr-qc/0206054;75;13;88
gr-qc/0304074;gr-qc/0304074;117;26;143
gr-qc/9710018;gr-qc/9710018;32;0;32
gr-qc/9412014;gr-qc/9412014;28;2;30
gr-qc/0411141;gr-qc/0411141;12;35;47
gr-qc/0210094;gr-qc/0210094;107;0;107
gr-qc/0303074;gr-qc/0303074;22;17;39
hep-th/0205268;hep-th/0205268;17;9;26
gr-qc/0411139;gr-qc/0411139;13;34;47
hep-th/9202053;hep-th/9202053;88;0;88
gr-qc/0509065;gr-qc/0509065;6;26;32
hep-th/9907019;hep-th/9907019;25;37;62
hep-th/9705036;hep-th/9705036;44;33;77
hep-th/9608195;hep-th/9608195;85;15;100
hep-th/0208101;hep-th/0208101;47;0;47
hep-th/9312167;hep-th/9312167;8;3;11
hep-th/0502108;hep-th/0502108;18;14;32
hep-th/0212256;hep-th/0212256;131;30;161
hep-th/0204144;hep-th/0204144;93;50;143
hep-th/0312317;hep-th/0312317;5;14;19
hep-th/0206057;hep-th/0206057;45;25;70
hep-th/9704013;hep-th/9704013;18;43;61
gr-qc/0310114;gr-qc/0310114;11;27;38
hep-th/9708157;hep-th/9708157;48;20;68
hep-th/0312009;hep-th/0312009;48;20;68
hep-th/0407224;hep-th/0407224;10;18;28
hep-th/0301095;hep-th/0301095;91;20;111
hep-th/9904077;hep-th/9904077;27;18;45
hep-th/0309027;hep-th/0309027;13;12;25
hep-th/0205198;hep-th/0205198;40;19;59
hep-th/0204071;hep-th/0204071;118;41;159
hep-th/9403179;hep-th/9403179;69;13;82
hep-th/0003139;hep-th/0003139;83;5;88
0801.1542;0801.1542;0;14;14
hep-th/0108200;hep-th/0108200;218;0;218
hep-ph/9511336;hep-ph/9511336;89;18;107
hep-ph/0309015;hep-ph/0309015;30;1;31
hep-th/9902047;hep-th/9902047;16;22;38
hep-th/0309040;hep-th/0309040;116;13;129
hep-th/0210241;hep-th/0210241;25;0;25
hep-th/0412103;hep-th/0412103;118;35;153
hep-ph/9403226;hep-ph/9403226;217;4;221
hep-th/0505205;hep-th/0505205;177;92;269
hep-ph/0607148;hep-ph/0607148;13;11;24
hep-th/9705057;hep-th/9705057;105;14;119
hep-th/0602012;hep-th/0602012;12;33;45
hep-th/0610035;hep-th/0610035;0;11;11
hep-th/0103007;hep-th/0103007;25;26;51
hep-th/0201146;hep-th/0201146;9;14;23
hep-th/9908036;hep-th/9908036;166;36;202
hep-th/9602177;hep-th/9602177;11;6;17
hep-th/0210032;hep-th/0210032;8;14;22
hep-th/0203123;hep-th/0203123;9;15;24
hep-th/9809097;hep-th/9809097;57;11;68
hep-th/0201113;hep-th/0201113;11;36;47
hep-th/9807142;hep-th/9807142;16;5;21
hep-th/0006151;hep-th/0006151;22;20;42
hep-th/0102010;hep-th/0102010;18;20;38
0801.1546;0801.1546;0;6;6
gr-qc/0702043;gr-qc/0702043;9;13;22
gr-qc/0702082;gr-qc/0702082;15;15;30
gr-qc/0509108;gr-qc/0509108;27;10;37
astro-ph/0506534;astro-ph/0506534;38;16;54
astro-ph/0503715;astro-ph/0503715;15;9;24
gr-qc/0703106;gr-qc/0703106;7;16;23
math/0002031;math/0002031;0;1;1
hep-th/9702155;hep-th/9702155;145;32;177
hep-th/0103060;hep-th/0103060;1;22;23
hep-th/0004022;hep-th/0004022;22;19;41
hep-th/0005226;hep-th/0005226;6;18;24
hep-th/9910093;hep-th/9910093;314;11;325
gr-qc/9503046;gr-qc/9503046;20;5;25
hep-th/0002021;hep-th/0002021;10;37;47
gr-qc/0101075;gr-qc/0101075;17;8;25
hep-th/0008133;hep-th/0008133;19;48;67
gr-qc/0010045;gr-qc/0010045;17;29;46
hep-th/0004014;hep-th/0004014;164;14;178
hep-th/0012036;hep-th/0012036;2;0;2
hep-th/9808163;hep-th/9808163;3;1;4
hep-th/0007001;hep-th/0007001;2;49;51
hep-th/0006251;hep-th/0006251;95;23;118
hep-th/9911055;hep-th/9911055;422;7;429
math/0310490;math/0310490;1;19;20
hep-th/0002193;hep-th/0002193;40;3;43
hep-th/0108110;hep-th/0108110;16;6;22
hep-th/9402021;hep-th/9402021;9;0;9
math/9902068;math/9902068;4;2;6
hep-th/9505039;hep-th/9505039;24;7;31
hep-th/9912047;hep-th/9912047;75;24;99
hep-th/0203192;hep-th/0203192;1;4;5
hep-th/9309154;hep-th/9309154;39;4;43
hep-th/0103204;hep-th/0103204;5;19;24
hep-th/9909224;hep-th/9909224;9;38;47
hep-th/9901089;hep-th/9901089;27;15;42
hep-th/9603178;hep-th/9603178;9;9;18
hep-th/9401021;hep-th/9401021;53;0;53
solv-int/9804016;solv-int/9804016;12;0;12
hep-th/0011095;hep-th/0011095;73;0;73
hep-th/9503157;hep-th/9503157;67;10;77
0705.2768;0705.2768;0;14;14
hep-th/0406038;hep-th/0406038;9;25;34
hep-th/0505160;hep-th/0505160;135;91;226
hep-th/0412183;hep-th/0412183;3;14;17
hep-th/0510048;hep-th/0510048;11;42;53
hep-th/0206153;hep-th/0206153;13;15;28
hep-th/0401024;hep-th/0401024;51;53;104
hep-th/0201244;hep-th/0201244;5;17;22
hep-th/9511080;hep-th/9511080;172;9;181
gr-qc/9604038;gr-qc/9604038;9;3;12
hep-th/9807241;hep-th/9807241;10;11;21
hep-th/9709206;hep-th/9709206;10;63;73
hep-th/9704156;hep-th/9704156;41;25;66
hep-th/9606185;hep-th/9606185;211;0;211
hep-th/9510134;hep-th/9510134;109;28;137
hep-th/9701187;hep-th/9701187;47;46;93
hep-th/9705165;hep-th/9705165;8;28;36
hep-th/9601057;hep-th/9601057;77;30;107
hep-th/9512081;hep-th/9512081;80;11;91
hep-th/9703216;hep-th/9703216;48;32;80
hep-th/9703211;hep-th/9703211;25;0;25
hep-th/9309145;hep-th/9309145;268;1;269
hep-th/9602051;hep-th/9602051;227;19;246
hep-th/9702109;hep-th/9702109;28;23;51
hep-th/9704134;hep-th/9704134;26;28;54
hep-th/9612146;hep-th/9612146;275;27;302
hep-th/9605234;hep-th/9605234;123;26;149
hep-th/9602065;hep-th/9602065;309;0;309
hep-th/9611189;hep-th/9611189;17;27;44
hep-th/9603060;hep-th/9603060;189;17;206
hep-th/9405117;hep-th/9405117;87;2;89
hep-th/9705239;hep-th/9705239;6;22;28
hep-th/9612234;hep-th/9612234;9;8;17
hep-th/9609076;hep-th/9609076;61;17;78
hep-th/9609053;hep-th/9609053;14;36;50
hep-th/9603061;hep-th/9603061;162;41;203
hep-th/9704195;hep-th/9704195;73;29;102
hep-th/9601152;hep-th/9601152;103;23;126
hep-th/9704112;hep-th/9704112;24;25;49
hep-th/9608108;hep-th/9608108;65;18;83
hep-th/9709160;hep-th/9709160;15;60;75
hep-th/9707170;hep-th/9707170;79;11;90
hep-th/9608126;hep-th/9608126;33;0;33
hep-th/9611125;hep-th/9611125;44;35;79
hep-th/9603194;hep-th/9603194;112;34;146
hep-th/9610172;hep-th/9610172;116;40;156
hep-th/9612051;hep-th/9612051;47;32;79
hep-th/9602077;hep-th/9602077;88;12;100
hep-th/9605085;hep-th/9605085;50;49;99
hep-th/9702050;hep-th/9702050;27;22;49
hep-th/9406105;hep-th/9406105;92;9;101
hep-th/9602135;hep-th/9602135;311;15;326
hep-th/9603078;hep-th/9603078;131;14;145
hep-th/9703146;hep-th/9703146;21;51;72
hep-th/9707157;hep-th/9707157;8;23;31
hep-th/9703163;hep-th/9703163;20;34;54
hep-th/9609026;hep-th/9609026;227;11;238
hep-th/9607149;hep-th/9607149;87;28;115
hep-th/9612015;hep-th/9612015;20;42;62
hep-th/9709207;hep-th/9709207;11;9;20
hep-th/9411004;hep-th/9411004;29;3;32
hep-th/9502161;hep-th/9502161;6;1;7
hep-th/9609153;hep-th/9609153;9;4;13
hep-th/9205110;hep-th/9205110;129;0;129
hep-th/9406078;hep-th/9406078;8;2;10
hep-th/9610207;hep-th/9610207;5;5;10
hep-th/9511087;hep-th/9511087;12;10;22
hep-th/9410091;hep-th/9410091;9;0;9
hep-th/9709204;hep-th/9709204;0;4;4
solv-int/9604005;solv-int/9604005;7;0;7
hep-th/9611216;hep-th/9611216;6;0;6
hep-th/9706147;hep-th/9706147;1;0;1
hep-th/9709205;hep-th/9709205;4;1;5
hep-th/9603106;hep-th/9603106;27;25;52
hep-th/9709202;hep-th/9709202;12;17;29
hep-th/9701149;hep-th/9701149;226;25;251
hep-th/9701166;hep-th/9701166;196;48;244
hep-th/9506113;hep-th/9506113;24;26;50
hep-th/9709014;hep-th/9709014;123;13;136
hep-th/9703127;hep-th/9703127;71;29;100
hep-th/9611008;hep-th/9611008;133;9;142
hep-th/9702008;hep-th/9702008;148;15;163
hep-th/9701037;hep-th/9701037;153;33;186
hep-th/9705056;hep-th/9705056;35;12;47
hep-th/9709069;hep-th/9709069;19;20;39
hep-th/9709203;hep-th/9709203;1;8;9
hep-th/9404115;hep-th/9404115;35;2;37
hep-th/9505186;hep-th/9505186;113;6;119
alg-geom/9612015;alg-geom/9612015;14;0;14
hep-th/9603160;hep-th/9603160;1;2;3
hep-th/9504010;hep-th/9504010;30;15;45
hep-th/9503201;hep-th/9503201;26;5;31
hep-th/9709200;hep-th/9709200;4;2;6
hep-th/9705108;hep-th/9705108;39;6;45
quant-ph/9607013;quant-ph/9607013;1;0;1
hep-th/9709201;hep-th/9709201;3;4;7
hep-th/9704194;hep-th/9704194;31;9;40
hep-th/9503132;hep-th/9503132;28;6;34
hep-th/9503160;hep-th/9503160;3;1;4
hep-th/9410100;hep-th/9410100;59;0;59
0808.3688;0808.3688;0;8;8
hep-th/9412161;hep-th/9412161;54;11;65
hep-th/9907001;hep-th/9907001;194;4;198
hep-th/0409024;hep-th/0409024;42;130;172
hep-th/0405160;hep-th/0405160;51;2;53
gr-qc/9812028;gr-qc/9812028;102;0;102
hep-th/9709208;hep-th/9709208;0;3;3
gr-qc/9411070;gr-qc/9411070;31;5;36
gr-qc/9602003;gr-qc/9602003;27;11;38
hep-th/9709209;hep-th/9709209;5;19;24
hep-th/9309097;hep-th/9309097;198;5;203
hep-th/9706158;hep-th/9706158;43;37;80
hep-th/9701165;hep-th/9701165;94;34;128
hep-th/9605036;hep-th/9605036;24;16;40
hep-th/9602120;hep-th/9602120;146;19;165
hep-th/9704185;hep-th/9704185;41;29;70
hep-th/9703110;hep-th/9703110;112;27;139
hep-th/9603003;hep-th/9603003;222;20;242
hep-th/9707047;hep-th/9707047;4;31;35
hep-th/9503212;hep-th/9503212;78;10;88
hep-ph/0701024;hep-ph/0701024;17;41;58
hep-ph/0107058;hep-ph/0107058;127;37;164
astro-ph/0305569;astro-ph/0305569;13;24;37
hep-th/0610232;hep-th/0610232;28;59;87
hep-ph/0302204;hep-ph/0302204;23;0;23
hep-ph/0003089;hep-ph/0003089;60;38;98
hep-ph/0509063;hep-ph/0509063;26;50;76
hep-ph/0312058;hep-ph/0312058;29;26;55
astro-ph/9610219;astro-ph/9610219;138;1;139
astro-ph/0610402;astro-ph/0610402;23;60;83
hep-th/0511268;hep-th/0511268;14;21;35
astro-ph/0511198;astro-ph/0511198;12;14;26
hep-ph/0605283;hep-ph/0605283;10;4;14
hep-ph/9603324;hep-ph/9603324;15;12;27
hep-ph/0402223;hep-ph/0402223;14;42;56
hep-ph/0608138;hep-ph/0608138;28;0;28
hep-ph/9502417;hep-ph/9502417;57;5;62
astro-ph/0403315;astro-ph/0403315;44;25;69
hep-ph/0302035;hep-ph/0302035;47;49;96
hep-ph/0302078;hep-ph/0302078;32;37;69
hep-ph/0201209;hep-ph/0201209;38;26;64
hep-ph/0603255;hep-ph/0603255;25;30;55
hep-ph/0109214;hep-ph/0109214;160;18;178
hep-th/0308110;hep-th/0308110;39;24;63
astro-ph/0306509;astro-ph/0306509;26;5;31
astro-ph/0410546;astro-ph/0410546;31;10;41
astro-ph/0208055;astro-ph/0208055;125;15;140
hep-ph/0309339;hep-ph/0309339;20;27;47
astro-ph/0507632;astro-ph/0507632;91;192;283
hep-ph/9906331;hep-ph/9906331;67;9;76
hep-ph/0606137;hep-ph/0606137;18;60;78
hep-ph/0202209;hep-ph/0202209;33;16;49
hep-ph/9510204;hep-ph/9510204;105;10;115
hep-ph/0605035;hep-ph/0605035;76;22;98
hep-ph/9903224;hep-ph/9903224;136;0;136
hep-ph/9902381;hep-ph/9902381;62;5;67
astro-ph/0510443;astro-ph/0510443;56;18;74
hep-ph/0110002;hep-ph/0110002;280;25;305
0708.4303;0708.4303;0;25;25
hep-lat/0410001;hep-lat/0410001;15;8;23
hep-th/0502183;hep-th/0502183;46;31;77
hep-th/0508216;hep-th/0508216;6;24;30
hep-th/9909011;hep-th/9909011;50;7;57
hep-ph/0102332;hep-ph/0102332;35;8;43
hep-lat/0508028;hep-lat/0508028;4;41;45
hep-th/0211007;hep-th/0211007;16;0;16
hep-th/0105060;hep-th/0105060;29;11;40
hep-th/0507052;hep-th/0507052;17;18;35
hep-th/0504051;hep-th/0504051;14;26;40
hep-th/9511033;hep-th/9511033;47;2;49
hep-th/0609212;hep-th/0609212;9;30;39
hep-th/0510240;hep-th/0510240;26;39;65
hep-th/0605288;hep-th/0605288;17;32;49
hep-th/0004158;hep-th/0004158;48;14;62
hep-th/0210036;hep-th/0210036;12;15;27
hep-th/0210077;hep-th/0210077;13;27;40
hep-th/0406132;hep-th/0406132;45;26;71
hep-th/0305020;hep-th/0305020;13;30;43
hep-th/0209025;hep-th/0209025;30;22;52
hep-th/0311194;hep-th/0311194;37;20;57
0805.1005;0805.1005;0;31;31
astro-ph/0006421;astro-ph/0006421;106;26;132
astro-ph/0210322;astro-ph/0210322;22;29;51
gr-qc/0005075;gr-qc/0005075;4;10;14
hep-ph/0505149;hep-ph/0505149;3;24;27
gr-qc/0101059;gr-qc/0101059;75;62;137
hep-ph/0003328;hep-ph/0003328;41;32;73
astro-ph/0311613;astro-ph/0311613;50;36;86
gr-qc/0504088;gr-qc/0504088;11;8;19
astro-ph/0510068;astro-ph/0510068;85;61;146
hep-th/0205140;hep-th/0205140;48;15;63
hep-ph/9906513;hep-ph/9906513;361;34;395
astro-ph/0201229;astro-ph/0201229;96;2;98
hep-th/9910219;hep-th/9910219;538;15;553
hep-th/9905012;hep-th/9905012;569;14;583
hep-ph/9812365;hep-ph/9812365;89;2;91
astro-ph/0408185;astro-ph/0408185;8;11;19
hep-th/0208124;hep-th/0208124;67;23;90
hep-th/0006007;hep-th/0006007;144;17;161
hep-th/0203211;hep-th/0203211;500;64;564
hep-ph/9906523;hep-ph/9906523;378;21;399
hep-th/0204070;hep-th/0204070;134;9;143
hep-th/0305202;hep-th/0305202;28;53;81
hep-th/0103015;hep-th/0103015;24;23;47
hep-th/9906018;hep-th/9906018;32;154;186
hep-th/0301065;hep-th/0301065;9;14;23
hep-th/0211279;hep-th/0211279;30;5;35
hep-th/0204225;hep-th/0204225;13;31;44
hep-th/0008125;hep-th/0008125;64;40;104
hep-th/9908163;hep-th/9908163;39;41;80
hep-th/0208044;hep-th/0208044;41;23;64
hep-th/9812133;hep-th/9812133;12;8;20
hep-th/0005151;hep-th/0005151;37;47;84
hep-th/0207015;hep-th/0207015;10;12;22
hep-th/0001178;hep-th/0001178;22;17;39
hep-th/9408062;hep-th/9408062;12;1;13
hep-th/9509140;hep-th/9509140;46;3;49
hep-th/0106212;hep-th/0106212;17;28;45
hep-th/0208121;hep-th/0208121;28;6;34
hep-th/0011018;hep-th/0011018;35;20;55
hep-th/0005135;hep-th/0005135;27;28;55
hep-th/0205165;hep-th/0205165;18;25;43
hep-th/9607227;hep-th/9607227;104;16;120
hep-th/9812067;hep-th/9812067;64;33;97
hep-th/0109064;hep-th/0109064;36;28;64
hep-th/0105274;hep-th/0105274;51;14;65
hep-th/0105277;hep-th/0105277;29;14;43
hep-th/0104236;hep-th/0104236;61;21;82
hep-th/0212012;hep-th/0212012;14;23;37
hep-th/0108169;hep-th/0108169;38;23;61
hep-th/9803171;hep-th/9803171;72;25;97
hep-th/0301104;hep-th/0301104;31;55;86
hep-th/0002078;hep-th/0002078;9;24;33
hep-th/0003051;hep-th/0003051;16;22;38
hep-th/9906142;hep-th/9906142;93;0;93
hep-th/0006003;hep-th/0006003;70;3;73
hep-th/0206148;hep-th/0206148;16;30;46
hep-th/0008048;hep-th/0008048;12;37;49
hep-th/0110069;hep-th/0110069;45;18;63
hep-th/0111036;hep-th/0111036;12;15;27
hep-th/0103191;hep-th/0103191;13;34;47
hep-th/0106062;hep-th/0106062;39;10;49
hep-th/9804051;hep-th/9804051;47;26;73
hep-th/9912007;hep-th/9912007;63;36;99
hep-th/0210146;hep-th/0210146;16;29;45
hep-ph/0012246;hep-ph/0012246;0;9;9
hep-ph/0010103;hep-ph/0010103;26;45;71
hep-th/0002091;hep-th/0002091;300;28;328
0807.0133;0807.0133;0;39;39
hep-th/0608179;hep-th/0608179;49;9;58
hep-th/0303037;hep-th/0303037;381;4;385
hep-th/0003018;hep-th/0003018;102;8;110
math/0209180;math/0209180;15;0;15
hep-th/0203040;hep-th/0203040;84;8;92
hep-th/0402212;hep-th/0402212;33;33;66
hep-th/0701078;hep-th/0701078;48;39;87
hep-th/0010175;hep-th/0010175;191;15;206
hep-th/0105120;hep-th/0105120;64;12;76
hep-th/9312068;hep-th/9312068;17;3;20
hep-th/0512046;hep-th/0512046;10;21;31
hep-th/0204049;hep-th/0204049;27;49;76
q-alg/9505004;q-alg/9505004;14;8;22
hep-th/9812180;hep-th/9812180;99;8;107
math/9809051;math/9809051;1;0;1
hep-th/0303064;hep-th/0303064;7;10;17
hep-th/0211105;hep-th/0211105;17;19;36
hep-th/0305093;hep-th/0305093;87;60;147
hep-th/0312045;hep-th/0312045;7;17;24
hep-th/9902037;hep-th/9902037;65;9;74
hep-th/0508083;hep-th/0508083;33;21;54
hep-th/0410164;hep-th/0410164;27;28;55
hep-th/0409096;hep-th/0409096;117;11;128
hep-th/0407246;hep-th/0407246;16;26;42
hep-th/0408100;hep-th/0408100;14;7;21
hep-th/9312153;hep-th/9312153;140;1;141
hep-th/0305045;hep-th/0305045;5;25;30
hep-th/0508151;hep-th/0508151;47;11;58
hep-th/9612017;hep-th/9612017;92;10;102
hep-th/0408080;hep-th/0408080;114;9;123
hep-th/0408069;hep-th/0408069;230;13;243
hep-th/0202128;hep-th/0202128;8;6;14
math/9801119;math/9801119;44;9;53
hep-th/9710206;hep-th/9710206;126;29;155
hep-th/9810188;hep-th/9810188;534;30;564
hep-th/0109098;hep-th/0109098;58;11;69
hep-th/9907189;hep-th/9907189;191;0;191
hep-th/0005244;hep-th/0005244;24;13;37
hep-th/9909089;hep-th/9909089;83;11;94
hep-th/0010293;hep-th/0010293;35;11;46
math/0308173;math/0308173;12;14;26
hep-th/0004141;hep-th/0004141;58;19;77
math/0203110;math/0203110;18;2;20
hep-th/9710230;hep-th/9710230;266;11;277
hep-th/0310050;hep-th/0310050;1;6;7
hep-th/0301155;hep-th/0301155;6;16;22
hep-th/9505171;hep-th/9505171;66;9;75
hep-th/0205240;hep-th/0205240;5;6;11
hep-th/0307198;hep-th/0307198;10;21;31
hep-th/0102005;hep-th/0102005;6;17;23
hep-th/9711166;hep-th/9711166;24;12;36
hep-th/0310051;hep-th/0310051;6;13;19
hep-th/9110040;hep-th/9110040;12;0;12
hep-th/9701107;hep-th/9701107;51;7;58
hep-th/0108071;hep-th/0108071;3;3;6
hep-th/0304260;hep-th/0304260;10;24;34
hep-th/9803104;hep-th/9803104;31;4;35
hep-th/9807160;hep-th/9807160;25;12;37
hep-th/9111014;hep-th/9111014;62;0;62
hep-th/9906036;hep-th/9906036;16;10;26
hep-th/9909031;hep-th/9909031;21;16;37
hep-th/9805117;hep-th/9805117;42;11;53
hep-th/9407117;hep-th/9407117;74;4;78
hep-th/0210225;hep-th/0210225;13;0;13
hep-th/0310052;hep-th/0310052;15;29;44
hep-th/0211291;hep-th/0211291;56;68;124
hep-th/0303032;hep-th/0303032;31;47;78
hep-th/9801002;hep-th/9801002;45;29;74
hep-th/0304138;hep-th/0304138;32;22;54
hep-th/0307182;hep-th/0307182;18;47;65
hep-th/9907074;hep-th/9907074;22;55;77
hep-th/0206255;hep-th/0206255;378;27;405
hep-th/9805158;hep-th/9805158;46;30;76
hep-th/9805029;hep-th/9805029;12;26;38
hep-th/0207106;hep-th/0207106;296;37;333
hep-th/0103067;hep-th/0103067;298;41;339
hep-th/9603167;hep-th/9603167;725;18;743
hep-th/0303008;hep-th/0303008;34;28;62
hep-th/9801017;hep-th/9801017;53;26;79
hep-th/0108120;hep-th/0108120;120;31;151
hep-th/0104037;hep-th/0104037;69;48;117
hep-th/9907086;hep-th/9907086;46;55;101
hep-th/0110028;hep-th/0110028;183;75;258
hep-th/0306236;hep-th/0306236;21;38;59
hep-th/0011048;hep-th/0011048;65;73;138
hep-th/0112040;hep-th/0112040;41;75;116
hep-th/0205301;hep-th/0205301;32;56;88
hep-th/0304119;hep-th/0304119;34;32;66
hep-th/0211170;hep-th/0211170;272;29;301
hep-th/0202208;hep-th/0202208;57;25;82
hep-th/9801020;hep-th/9801020;49;31;80
hep-th/0310053;hep-th/0310053;2;7;9
hep-th/9901110;hep-th/9901110;14;1;15
hep-th/0011224;hep-th/0011224;4;9;13
hep-th/9901029;hep-th/9901029;5;5;10
hep-th/9704064;hep-th/9704064;24;22;46
hep-th/9711022;hep-th/9711022;3;0;3
hep-th/9910114;hep-th/9910114;3;3;6
hep-th/0002062;hep-th/0002062;14;6;20
quant-ph/0303051;quant-ph/0303051;12;6;18
quant-ph/0011009;quant-ph/0011009;19;6;25
hep-th/9706012;hep-th/9706012;30;1;31
quant-ph/9906044;quant-ph/9906044;27;0;27
quant-ph/9609009;quant-ph/9609009;22;2;24
quant-ph/9510022;quant-ph/9510022;1;0;1
hep-th/9404061;hep-th/9404061;62;4;66
hep-ph/0401076;hep-ph/0401076;0;7;7
cond-mat/9607212;cond-mat/9607212;5;12;17
astro-ph/0110285;astro-ph/0110285;8;15;23
hep-ph/9805502;hep-ph/9805502;9;2;11
hep-ph/0108159;hep-ph/0108159;13;20;33
hep-ph/0110165;hep-ph/0110165;4;12;16
hep-ph/9208233;hep-ph/9208233;38;0;38
cond-mat/9512117;cond-mat/9512117;37;2;39
hep-th/0310058;hep-th/0310058;91;105;196
hep-th/0306030;hep-th/0306030;11;52;63
hep-th/0208104;hep-th/0208104;52;0;52
hep-th/9702061;hep-th/9702061;33;32;65
hep-th/0002175;hep-th/0002175;24;31;55
hep-th/0301161;hep-th/0301161;125;41;166
hep-th/9607057;hep-th/9607057;72;39;111
hep-th/9902034;hep-th/9902034;51;10;61
hep-th/9703157;hep-th/9703157;41;23;64
hep-th/9507012;hep-th/9507012;170;9;179
hep-th/9811139;hep-th/9811139;84;25;109
hep-th/9602114;hep-th/9602114;304;35;339
hep-th/0210131;hep-th/0210131;28;25;53
hep-th/9607041;hep-th/9607041;48;22;70
hep-th/0112064;hep-th/0112064;32;26;58
hep-th/0008232;hep-th/0008232;50;10;60
hep-th/0106040;hep-th/0106040;54;52;106
hep-th/0310021;hep-th/0310021;56;6;62
hep-th/0302049;hep-th/0302049;22;30;52
hep-th/9205084;hep-th/9205084;20;0;20
hep-th/0209077;hep-th/0209077;75;33;108
hep-th/0103170;hep-th/0103170;72;76;148
hep-th/9709159;hep-th/9709159;26;15;41
hep-th/0306088;hep-th/0306088;98;54;152
hep-th/0304001;hep-th/0304001;77;35;112
hep-th/9801134;hep-th/9801134;85;31;116
hep-th/9608186;hep-th/9608186;36;17;53
hep-th/0306062;hep-th/0306062;59;32;91
hep-th/0308202;hep-th/0308202;51;66;117
hep-th/9604178;hep-th/9604178;151;23;174
hep-th/9606165;hep-th/9606165;109;11;120
hep-th/9812071;hep-th/9812071;90;18;108
hep-th/0201028;hep-th/0201028;261;38;299
hep-th/0201029;hep-th/0201029;169;28;197
hep-th/0203019;hep-th/0203019;163;44;207
hep-th/0210209;hep-th/0210209;91;43;134
hep-th/0303194;hep-th/0303194;287;59;346
hep-th/0103090;hep-th/0103090;55;50;105
hep-th/0107044;hep-th/0107044;82;21;103
hep-th/0109168;hep-th/0109168;52;15;67
hep-th/0108220;hep-th/0108220;72;30;102
hep-th/9804026;hep-th/9804026;186;25;211
hep-th/9606017;hep-th/9606017;123;14;137
hep-th/9607019;hep-th/9607019;66;13;79
hep-th/9611186;hep-th/9611186;29;29;58
hep-th/0211182;hep-th/0211182;181;49;230
hep-th/9908135;hep-th/9908135;84;19;103
hep-th/9812088;hep-th/9812088;72;22;94
hep-th/0301139;hep-th/0301139;104;43;147
hep-th/9810064;hep-th/9810064;23;13;36
hep-th/0212307;hep-th/0212307;51;19;70
hep-th/9605049;hep-th/9605049;156;9;165
hep-th/0110271;hep-th/0110271;123;27;150
hep-th/0012104;hep-th/0012104;55;57;112
hep-th/9801205;hep-th/9801205;54;29;83
hep-th/9707224;hep-th/9707224;70;31;101
hep-th/9702165;hep-th/9702165;73;18;91
hep-th/9602022;hep-th/9602022;673;26;699
hep-th/9601038;hep-th/9601038;447;8;455
hep-th/9805139;hep-th/9805139;91;35;126
hep-th/0105066;hep-th/0105066;64;44;108
hep-th/0309170;hep-th/0309170;116;29;145
hep-th/0302158;hep-th/0302158;147;39;186
hep-th/0302152;hep-th/0302152;5;18;23
hep-th/0109197;hep-th/0109197;6;25;31
hep-th/9602030;hep-th/9602030;81;15;96
hep-th/0110050;hep-th/0110050;59;50;109
hep-th/9905156;hep-th/9905156;79;0;79
hep-th/9606044;hep-th/9606044;86;13;99
hep-th/0211118;hep-th/0211118;183;50;233
hep-th/0205056;hep-th/0205056;4;8;12
hep-th/0310059;hep-th/0310059;7;25;32
hep-th/0005028;hep-th/0005028;25;49;74
hep-th/0004166;hep-th/0004166;195;30;225
hep-th/0007177;hep-th/0007177;190;59;249
hep-th/9912233;hep-th/9912233;141;23;164
hep-th/9911165;hep-th/9911165;121;13;134
hep-th/0310010;hep-th/0310010;30;33;63
hep-th/0007060;hep-th/0007060;34;7;41
hep-th/0212130;hep-th/0212130;9;1;10
hep-th/0302223;hep-th/0302223;13;32;45
hep-th/0305253;hep-th/0305253;17;36;53
hep-th/0111099;hep-th/0111099;21;15;36
hep-th/0304187;hep-th/0304187;35;73;108
hep-th/0005212;hep-th/0005212;146;15;161
hep-th/9910149;hep-th/9910149;345;21;366
hep-th/0303170;hep-th/0303170;42;30;72
hep-th/9912287;hep-th/9912287;175;24;199
gr-qc/0508082;gr-qc/0508082;2;37;39
hep-th/9812031;hep-th/9812031;183;38;221
hep-th/9709028;hep-th/9709028;38;5;43
hep-th/0204150;hep-th/0204150;199;16;215
hep-th/0405064;hep-th/0405064;66;170;236
hep-th/0004106;hep-th/0004106;168;19;187
hep-th/0003221;hep-th/0003221;211;31;242
astro-ph/0212198;astro-ph/0212198;115;36;151
hep-th/9901159;hep-th/9901159;129;16;145
hep-th/0003122;hep-th/0003122;232;43;275
hep-th/0205121;hep-th/0205121;133;36;169
hep-th/0205146;hep-th/0205146;77;41;118
hep-ph/9902292;hep-ph/9902292;39;27;66
hep-th/9309025;hep-th/9309025;25;3;28
hep-th/9603011;hep-th/9603011;54;17;71
hep-th/9402112;hep-th/9402112;17;0;17
hep-th/0203265;hep-th/0203265;405;18;423
hep-th/0009061;hep-th/0009061;127;30;157
hep-th/0304045;hep-th/0304045;116;39;155
hep-th/9307036;hep-th/9307036;53;0;53
hep-th/0402190;hep-th/0402190;54;24;78
hep-ph/0207143;hep-ph/0207143;110;0;110
hep-th/9503069;hep-th/9503069;13;3;16
hep-th/0403073;hep-th/0403073;29;22;51
hep-th/0208019;hep-th/0208019;106;23;129
hep-th/0207156;hep-th/0207156;90;60;150
hep-th/0002223;hep-th/0002223;110;24;134
hep-th/0207119;hep-th/0207119;67;0;67
hep-th/0208094;hep-th/0208094;57;39;96
hep-th/0010247;hep-th/0010247;16;40;56
hep-th/0402075;hep-th/0402075;56;91;147
hep-th/0207105;hep-th/0207105;142;105;247
hep-th/0303057;hep-th/0303057;129;70;199
0909.1038;0909.1038;0;36;36
hep-th/0103030;hep-th/0103030;152;10;162
hep-th/0012025;hep-th/0012025;81;21;102
hep-th/9706151;hep-th/9706151;26;38;64
hep-th/0406103;hep-th/0406103;68;39;107
hep-th/0701216;hep-th/0701216;48;140;188
hep-th/0212210;hep-th/0212210;103;32;135
hep-th/0412133;hep-th/0412133;19;47;66
gr-qc/9305007;gr-qc/9305007;36;2;38
hep-th/0606118;hep-th/0606118;48;59;107
hep-th/0106012;hep-th/0106012;103;14;117
hep-th/9603100;hep-th/9603100;157;19;176
hep-th/0202072;hep-th/0202072;82;10;92
hep-th/0405017;hep-th/0405017;69;32;101
hep-th/0409067;hep-th/0409067;44;21;65
hep-th/0512277;hep-th/0512277;26;76;102
hep-th/0502050;hep-th/0502050;138;40;178
gr-qc/0007011;gr-qc/0007011;9;14;23
hep-th/0611330;hep-th/0611330;12;67;79
hep-th/0105136;hep-th/0105136;81;30;111
hep-th/9204072;hep-th/9204072;50;1;51
hep-th/0504181;hep-th/0504181;46;50;96
hep-th/0408106;hep-th/0408106;119;50;169
hep-th/0011217;hep-th/0011217;86;36;122
hep-th/0404006;hep-th/0404006;65;48;113
hep-th/0109154;hep-th/0109154;134;48;182
hep-th/0311092;hep-th/0311092;59;33;92
hep-th/0205192;hep-th/0205192;10;14;24
hep-th/0305204;hep-th/0305204;3;10;13
hep-th/0702174;hep-th/0702174;12;30;42
hep-th/0202067;hep-th/0202067;30;15;45
hep-th/0012164;hep-th/0012164;82;0;82
hep-th/0311242;hep-th/0311242;17;19;36
hep-th/0209157;hep-th/0209157;27;41;68
hep-th/0203161;hep-th/0203161;44;48;92
hep-th/0403271;hep-th/0403271;12;0;12
hep-th/0305178;hep-th/0305178;18;11;29
hep-th/9912239;hep-th/9912239;62;12;74
hep-th/0003187;hep-th/0003187;140;67;207
cond-mat/9512099;cond-mat/9512099;39;1;40
hep-th/0306167;hep-th/0306167;26;20;46
hep-th/9902132;hep-th/9902132;84;19;103
hep-th/0404017;hep-th/0404017;11;29;40
hep-th/0108102;hep-th/0108102;43;13;56
hep-th/0608003;hep-th/0608003;8;13;21
hep-th/9909140;hep-th/9909140;52;6;58
hep-th/0403011;hep-th/0403011;13;29;42
hep-th/9905038;hep-th/9905038;80;11;91
hep-th/0510126;hep-th/0510126;32;20;52
hep-th/9908025;hep-th/9908025;53;28;81
hep-th/0507159;hep-th/0507159;5;19;24
hep-th/0411067;hep-th/0411067;26;53;79
hep-th/0011021;hep-th/0011021;57;5;62
cond-mat/9812110;cond-mat/9812110;54;18;72
hep-th/9506135;hep-th/9506135;56;0;56
hep-th/0404112;hep-th/0404112;10;20;30
hep-th/0702175;hep-th/0702175;1;11;12
hep-ph/9807339;hep-ph/9807339;44;5;49
hep-th/9905151;hep-th/9905151;3;0;3
hep-ph/9507414;hep-ph/9507414;62;4;66
hep-ph/0205340;hep-ph/0205340;102;51;153
hep-ph/9808396;hep-ph/9808396;3;0;3
hep-ph/9608205;hep-ph/9608205;72;13;85
hep-ph/0003045;hep-ph/0003045;13;13;26
hep-ph/9806205;hep-ph/9806205;48;13;61
hep-th/0702176;hep-th/0702176;16;17;33
hep-th/0406208;hep-th/0406208;63;36;99
hep-th/0403272;hep-th/0403272;29;0;29
hep-ph/0412318;hep-ph/0412318;43;10;53
hep-th/0009104;hep-th/0009104;24;2;26
hep-th/0701227;hep-th/0701227;21;36;57
hep-th/0603086;hep-th/0603086;23;22;45
hep-th/0605117;hep-th/0605117;21;40;61
hep-th/0612044;hep-th/0612044;15;35;50
hep-th/9403123;hep-th/9403123;59;0;59
hep-th/0606187;hep-th/0606187;66;47;113
hep-th/0702025;hep-th/0702025;10;12;22
hep-th/0612030;hep-th/0612030;19;40;59
hep-ph/0409098;hep-ph/0409098;79;58;137
hep-th/0609014;hep-th/0609014;31;28;59
hep-th/0702171;hep-th/0702171;5;40;45
hep-th/0302129;hep-th/0302129;105;12;117
hep-th/0406158;hep-th/0406158;63;14;77
hep-th/0103033;hep-th/0103033;22;45;67
hep-th/0305014;hep-th/0305014;94;0;94
hep-th/9909110;hep-th/9909110;170;29;199
hep-th/0207234;hep-th/0207234;131;61;192
hep-th/9809124;hep-th/9809124;142;16;158
hep-th/0002174;hep-th/0002174;37;20;57
hep-th/9911147;hep-th/9911147;82;29;111
hep-th/0309050;hep-th/0309050;48;14;62
hep-th/0501098;hep-th/0501098;53;44;97
hep-th/0304147;hep-th/0304147;96;43;139
hep-th/0406141;hep-th/0406141;81;53;134
hep-th/0004133;hep-th/0004133;119;32;151
hep-th/0408109;hep-th/0408109;62;42;104
hep-th/0207263;hep-th/0207263;14;12;26
hep-th/0406025;hep-th/0406025;56;31;87
hep-th/9911039;hep-th/9911039;93;30;123
hep-th/0001206;hep-th/0001206;250;30;280
hep-th/0304256;hep-th/0304256;156;59;215
hep-th/0112047;hep-th/0112047;38;60;98
hep-th/0205074;hep-th/0205074;121;63;184
hep-th/0003067;hep-th/0003067;127;17;144
hep-th/0007233;hep-th/0007233;25;15;40
hep-th/0309042;hep-th/0309042;82;28;110
hep-th/0302067;hep-th/0302067;127;20;147
hep-lat/0011027;hep-lat/0011027;18;26;44
hep-lat/9906016;hep-lat/9906016;27;8;35
hep-lat/9904009;hep-lat/9904009;53;13;66
hep-lat/0002032;hep-lat/0002032;14;11;25
hep-lat/0001025;hep-lat/0001025;19;8;27
hep-th/9503058;hep-th/9503058;10;1;11
hep-lat/9802011;hep-lat/9802011;171;1;172
hep-lat/9905003;hep-lat/9905003;9;17;26
hep-lat/0005015;hep-lat/0005015;19;15;34
hep-lat/9802018;hep-lat/9802018;32;3;35
hep-th/9411108;hep-th/9411108;192;15;207
hep-lat/9803028;hep-lat/9803028;4;9;13
hep-lat/9306023;hep-lat/9306023;16;0;16
hep-lat/9801018;hep-lat/9801018;9;9;18
hep-lat/0006014;hep-lat/0006014;27;20;47
hep-lat/9811032;hep-lat/9811032;96;16;112
hep-lat/9509023;hep-lat/9509023;37;25;62
hep-lat/9708019;hep-lat/9708019;10;7;17
hep-lat/9911029;hep-lat/9911029;2;10;12
hep-lat/9510002;hep-lat/9510002;12;5;17
hep-th/9603204;hep-th/9603204;14;14;28
hep-lat/0002009;hep-lat/0002009;27;37;64
hep-lat/0004015;hep-lat/0004015;17;30;47
hep-th/9411228;hep-th/9411228;34;3;37
hep-lat/9910036;hep-lat/9910036;13;0;13
hep-th/9510197;hep-th/9510197;22;11;33
hep-lat/9608116;hep-lat/9608116;16;3;19
hep-lat/0011026;hep-lat/0011026;5;40;45
hep-ph/9610451;hep-ph/9610451;167;0;167
hep-th/9806034;hep-th/9806034;86;7;93
hep-lat/0006022;hep-lat/0006022;38;10;48
hep-lat/9810008;hep-lat/9810008;22;0;22
hep-lat/9801027;hep-lat/9801027;67;7;74
hep-lat/9912003;hep-lat/9912003;30;10;40
hep-th/0007135;hep-th/0007135;11;0;11
hep-th/9702107;hep-th/9702107;84;24;108
hep-lat/9709066;hep-lat/9709066;8;24;32
hep-th/9912035;hep-th/9912035;8;16;24
hep-th/9809037;hep-th/9809037;9;5;14
hep-lat/0007006;hep-lat/0007006;7;3;10
hep-lat/0008016;hep-lat/0008016;24;11;35
hep-ph/0004180;hep-ph/0004180;2;3;5
hep-lat/0004002;hep-lat/0004002;4;11;15
hep-lat/0004013;hep-lat/0004013;22;14;36
hep-th/9802012;hep-th/9802012;46;6;52
hep-lat/0009035;hep-lat/0009035;8;7;15
hep-ph/9905540;hep-ph/9905540;12;26;38
hep-ph/0009138;hep-ph/0009138;16;14;30
hep-lat/9907001;hep-lat/9907001;21;0;21
hep-lat/9810053;hep-lat/9810053;20;16;36
hep-lat/9906025;hep-lat/9906025;21;0;21
hep-lat/9906024;hep-lat/9906024;33;4;37
hep-lat/9803001;hep-lat/9803001;8;3;11
hep-ph/9911485;hep-ph/9911485;8;5;13
hep-th/9604017;hep-th/9604017;11;3;14
hep-th/9905015;hep-th/9905015;86;26;112
hep-th/9905016;hep-th/9905016;22;10;32
hep-lat/9907021;hep-lat/9907021;30;21;51
hep-lat/0002017;hep-lat/0002017;7;7;14
hep-ph/9904377;hep-ph/9904377;7;7;14
hep-lat/0004020;hep-lat/0004020;12;2;14
hep-lat/9711009;hep-lat/9711009;22;3;25
hep-lat/9903022;hep-lat/9903022;23;12;35
hep-th/0009205;hep-th/0009205;7;0;7
hep-th/0702178;hep-th/0702178;38;18;56
astro-ph/0111191;astro-ph/0111191;12;5;17
astro-ph/0502328;astro-ph/0502328;4;25;29
hep-th/0005276;hep-th/0005276;118;36;154
hep-th/0603105;hep-th/0603105;17;48;65
gr-qc/0301042;gr-qc/0301042;16;13;29
hep-th/0612195;hep-th/0612195;19;18;37
astro-ph/0511233;astro-ph/0511233;50;17;67
hep-th/0605263;hep-th/0605263;71;16;87
astro-ph/0410281;astro-ph/0410281;60;48;108
hep-th/0702179;hep-th/0702179;13;14;27
hep-th/0201228;hep-th/0201228;46;21;67
hep-th/0608154;hep-th/0608154;8;6;14
hep-th/0508020;hep-th/0508020;12;27;39
hep-th/0512188;hep-th/0512188;89;0;89
hep-th/0303099;hep-th/0303099;5;10;15
hep-th/0508224;hep-th/0508224;13;16;29
hep-th/0602129;hep-th/0602129;68;70;138
hep-th/0511259;hep-th/0511259;22;8;30
hep-th/0412090;hep-th/0412090;17;11;28
hep-th/0508079;hep-th/0508079;35;2;37
hep-th/9503046;hep-th/9503046;38;0;38
0910.2110;0910.2110;0;2;2
hep-th/0205300;hep-th/0205300;23;20;43
hep-ph/0307148;hep-ph/0307148;26;11;37
hep-ph/0207211;hep-ph/0207211;14;14;28
hep-ph/0302092;hep-ph/0302092;17;2;19
hep-ph/0302080;hep-ph/0302080;52;6;58
astro-ph/0012539;astro-ph/0012539;122;8;130
gr-qc/0108016;gr-qc/0108016;56;16;72
astro-ph/0004134;astro-ph/0004134;241;3;244
astro-ph/9806099;astro-ph/9806099;155;7;162
hep-ph/0101102;hep-ph/0101102;5;4;9
hep-ph/0209093;hep-ph/0209093;21;12;33
0807.2510;0807.2510;0;6;6
hep-th/9511106;hep-th/9511106;36;2;38
hep-th/9304111;hep-th/9304111;13;0;13
hep-th/9510015;hep-th/9510015;2;2;4
quant-ph/0605026;quant-ph/0605026;2;10;12
hep-th/0102014;hep-th/0102014;8;9;17
math/9809160;math/9809160;13;3;16
cond-mat/0206122;cond-mat/0206122;6;1;7
hep-lat/9209003;hep-lat/9209003;25;0;25
0710.0477;0710.0477;0;9;9
gr-qc/0105060;gr-qc/0105060;6;0;6
hep-th/0205111;hep-th/0205111;34;9;43
hep-th/9401069;hep-th/9401069;185;1;186
astro-ph/0610026;astro-ph/0610026;74;48;122
gr-qc/0305099;gr-qc/0305099;13;23;36
0708.2767;0708.2767;0;8;8
gr-qc/9811047;gr-qc/9811047;75;36;111
hep-ph/9507389;hep-ph/9507389;2;0;2
0708.2766;0708.2766;0;4;4
hep-th/0505018;hep-th/0505018;5;16;21
hep-th/0508021;hep-th/0508021;1;4;5
hep-th/9412218;hep-th/9412218;5;4;9
hep-th/0507194;hep-th/0507194;5;8;13
0710.0472;0710.0472;0;17;17
hep-th/0107126;hep-th/0107126;30;37;67
gr-qc/0306069;gr-qc/0306069;37;57;94
hep-th/0608208;hep-th/0608208;20;41;61
gr-qc/0304086;gr-qc/0304086;7;1;8
hep-th/0608012;hep-th/0608012;85;76;161
hep-th/0504018;hep-th/0504018;52;17;69
hep-th/0110258;hep-th/0110258;120;19;139
hep-th/0407065;hep-th/0407065;157;15;172
hep-th/0408141;hep-th/0408141;72;6;78
gr-qc/0610091;gr-qc/0610091;5;45;50
gr-qc/0105044;gr-qc/0105044;12;2;14
hep-th/0010071;hep-th/0010071;57;18;75
hep-th/0006203;hep-th/0006203;74;19;93
hep-ph/9904221;hep-ph/9904221;57;42;99
hep-th/9912232;hep-th/9912232;131;29;160
hep-th/9611213;hep-th/9611213;145;3;148
hep-ph/0007179;hep-ph/0007179;38;14;52
hep-th/9612128;hep-th/9612128;319;5;324
hep-th/0003054;hep-th/0003054;74;9;83
astro-ph/0102144;astro-ph/0102144;40;6;46
astro-ph/0012419;astro-ph/0012419;47;15;62
hep-th/0010070;hep-th/0010070;0;1;1
cond-mat/0006341;cond-mat/0006341;1;0;1
quant-ph/0003066;quant-ph/0003066;17;13;30
hep-th/0003277;hep-th/0003277;37;0;37
hep-th/0010148;hep-th/0010148;13;17;30
hep-th/9812211;hep-th/9812211;51;8;59
hep-th/9812247;hep-th/9812247;45;8;53
quant-ph/0002056;quant-ph/0002056;27;0;27
hep-th/9906219;hep-th/9906219;31;20;51
quant-ph/0012065;quant-ph/0012065;44;9;53
hep-th/0012023;hep-th/0012023;42;25;67
hep-th/9511138;hep-th/9511138;30;1;31
hep-th/0007077;hep-th/0007077;17;14;31
quant-ph/0101095;quant-ph/0101095;22;5;27
hep-th/0103064;hep-th/0103064;28;53;81
hep-th/9605062;hep-th/9605062;71;8;79
cond-mat/9801055;cond-mat/9801055;29;29;58
cond-mat/9602163;cond-mat/9602163;23;6;29
hep-th/9803092;hep-th/9803092;18;0;18
hep-th/9903162;hep-th/9903162;33;62;95
hep-th/9609238;hep-th/9609238;50;40;90
hep-th/9606102;hep-th/9606102;97;17;114
hep-th/9407151;hep-th/9407151;29;2;31
hep-th/9507166;hep-th/9507166;33;10;43
hep-th/0003184;hep-th/0003184;39;0;39
hep-th/9604026;hep-th/9604026;88;11;99
hep-th/9606050;hep-th/9606050;102;15;117
hep-th/9111007;hep-th/9111007;71;0;71
hep-th/9807034;hep-th/9807034;36;23;59
hep-th/9911163;hep-th/9911163;26;21;47
hep-th/9606130;hep-th/9606130;39;0;39
hep-th/9503005;hep-th/9503005;30;4;34
hep-th/9605168;hep-th/9605168;26;10;36
cond-mat/9701212;cond-mat/9701212;55;14;69
hep-th/9606138;hep-th/9606138;45;19;64
hep-th/9605151;hep-th/9605151;82;21;103
hep-th/9606154;hep-th/9606154;13;16;29
hep-th/9909068;hep-th/9909068;18;21;39
hep-th/9707090;hep-th/9707090;50;43;93
cond-mat/0012240;cond-mat/0012240;34;21;55
hep-th/0102156;hep-th/0102156;17;45;62
hep-th/9808169;hep-th/9808169;29;44;73
hep-th/9611160;hep-th/9611160;52;24;76
hep-th/9510149;hep-th/9510149;79;5;84
hep-th/9503209;hep-th/9503209;67;2;69
hep-th/0006022;hep-th/0006022;6;0;6
hep-th/0007007;hep-th/0007007;28;73;101
hep-th/9606143;hep-th/9606143;32;14;46
hep-th/9808124;hep-th/9808124;71;79;150
hep-th/9904056;hep-th/9904056;26;35;61
hep-th/0009096;hep-th/0009096;23;48;71
hep-th/9603156;hep-th/9603156;38;0;38
cond-mat/9603167;cond-mat/9603167;35;3;38
cond-mat/0002309;cond-mat/0002309;12;21;33
hep-th/0003029;hep-th/0003029;82;26;108
hep-th/9607048;hep-th/9607048;8;6;14
hep-th/0009137;hep-th/0009137;32;0;32
0907.4887;0907.4887;0;4;4
astro-ph/0309411;astro-ph/0309411;91;10;101
hep-th/0402096;hep-th/0402096;8;8;16
hep-ph/0203154;hep-ph/0203154;46;18;64
hep-ph/0109106;hep-ph/0109106;109;11;120
hep-ph/0111042;hep-ph/0111042;76;31;107
hep-ph/9406234;hep-ph/9406234;2;5;7
hep-ph/0110127;hep-ph/0110127;52;13;65
hep-ph/0112247;hep-ph/0112247;81;28;109
hep-ph/9403353;hep-ph/9403353;6;4;10
hep-ph/0109242;hep-ph/0109242;70;18;88
hep-ph/0107119;hep-ph/0107119;54;5;59
gr-qc/0201034;gr-qc/0201034;200;13;213
gr-qc/0202019;gr-qc/0202019;28;5;33
hep-ph/9805382;hep-ph/9805382;8;0;8
0705.1233;0705.1233;0;6;6
hep-th/0211264;hep-th/0211264;8;6;14
hep-th/0207047;hep-th/0207047;14;3;17
math-ph/0101024;math-ph/0101024;9;1;10
hep-th/0203079;hep-th/0203079;28;3;31
gr-qc/0310096;gr-qc/0310096;4;8;12
gr-qc/9904081;gr-qc/9904081;5;0;5
0705.1234;0705.1234;0;20;20
hep-th/0610144;hep-th/0610144;39;15;54
hep-th/0606149;hep-th/0606149;48;0;48
hep-th/0205052;hep-th/0205052;177;15;192
hep-th/0612226;hep-th/0612226;17;22;39
hep-th/0512162;hep-th/0512162;92;23;115
hep-th/0501068;hep-th/0501068;53;19;72
hep-th/0607123;hep-th/0607123;52;20;72
hep-th/0511199;hep-th/0511199;63;21;84
hep-th/0309213;hep-th/0309213;171;24;195
hep-th/0703243;hep-th/0703243;53;22;75
hep-th/0611304;hep-th/0611304;17;23;40
hep-th/9503031;hep-th/9503031;0;5;5
hep-th/9205020;hep-th/9205020;2;2;4
hep-th/9212156;hep-th/9212156;2;1;3
hep-th/9503030;hep-th/9503030;243;19;262
hep-th/9209032;hep-th/9209032;156;1;157
hep-th/9305083;hep-th/9305083;61;10;71
hep-th/9311185;hep-th/9311185;19;0;19
hep-th/9306048;hep-th/9306048;14;1;15
hep-th/9410212;hep-th/9410212;50;8;58
hep-th/9503033;hep-th/9503033;7;23;30
hep-th/9401044;hep-th/9401044;12;2;14
hep-th/9409098;hep-th/9409098;43;21;64
hep-th/9303046;hep-th/9303046;160;0;160
hep-th/9411100;hep-th/9411100;13;1;14
hep-th/9502117;hep-th/9502117;4;0;4
hep-th/9307111;hep-th/9307111;71;5;76
hep-th/9502092;hep-th/9502092;10;4;14
hep-th/9501024;hep-th/9501024;31;6;37
hep-th/9410203;hep-th/9410203;12;11;23
hep-th/9408155;hep-th/9408155;116;2;118
hep-th/9311015;hep-th/9311015;56;6;62
hep-th/9212149;hep-th/9212149;163;1;164
hep-th/9301068;hep-th/9301068;217;0;217
hep-th/9411021;hep-th/9411021;78;7;85
hep-th/9411025;hep-th/9411025;40;3;43
hep-th/9412203;hep-th/9412203;30;7;37
hep-th/9306013;hep-th/9306013;71;6;77
hep-th/9209049;hep-th/9209049;86;2;88
hep-th/9503032;hep-th/9503032;13;1;14
hep-th/9503035;hep-th/9503035;1;12;13
hep-ph/9501361;hep-ph/9501361;63;15;78
hep-ph/9410203;hep-ph/9410203;67;4;71
hep-th/9403198;hep-th/9403198;150;3;153
hep-ph/9309335;hep-ph/9309335;211;2;213
hep-th/9410206;hep-th/9410206;65;9;74
hep-th/9503034;hep-th/9503034;13;7;20
hep-th/9409041;hep-th/9409041;22;4;26
hep-th/9211007;hep-th/9211007;42;2;44
hep-th/9212153;hep-th/9212153;42;0;42
hep-th/9111045;hep-th/9111045;48;0;48
hep-th/9502045;hep-th/9502045;37;5;42
gr-qc/9402045;gr-qc/9402045;10;4;14
hep-th/9503037;hep-th/9503037;1;5;6
hep-th/9212050;hep-th/9212050;21;0;21
hep-th/9402139;hep-th/9402139;10;0;10
hep-th/9305145;hep-th/9305145;8;0;8
hep-th/9410049;hep-th/9410049;4;0;4
hep-th/9311020;hep-th/9311020;5;2;7
hep-th/9503036;hep-th/9503036;6;13;19
hep-th/9407168;hep-th/9407168;64;0;64
hep-th/9305095;hep-th/9305095;20;4;24
hep-th/9212071;hep-th/9212071;5;0;5
hep-th/9304060;hep-th/9304060;18;2;20
alg-geom/9307005;alg-geom/9307005;4;0;4
hep-th/9411210;hep-th/9411210;133;70;203
hep-th/9503039;hep-th/9503039;0;3;3
hep-th/9503038;hep-th/9503038;1;9;10
hep-th/9209125;hep-th/9209125;27;2;29
hep-th/9208055;hep-th/9208055;34;3;37
hep-th/9411104;hep-th/9411104;25;0;25
hep-th/9207016;hep-th/9207016;290;7;297
hep-th/9207053;hep-th/9207053;116;4;120
hep-th/0010079;hep-th/0010079;10;6;16
hep-th/9903103;hep-th/9903103;1;15;16
0801.1547;0801.1547;0;31;31
gr-qc/0603058;gr-qc/0603058;11;8;19
gr-qc/0509121;gr-qc/0509121;5;6;11
hep-ph/0505211;hep-ph/0505211;30;15;45
hep-th/0611226;hep-th/0611226;5;34;39
hep-ph/0404271;hep-ph/0404271;24;7;31
hep-th/0412320;hep-th/0412320;59;58;117
gr-qc/0509083;gr-qc/0509083;29;8;37
gr-qc/0104103;gr-qc/0104103;15;13;28
gr-qc/9312023;gr-qc/9312023;175;6;181
hep-th/0702124;hep-th/0702124;26;0;26
hep-ph/0505029;hep-ph/0505029;16;31;47
hep-th/0501223;hep-th/0501223;27;19;46
hep-th/0410223;hep-th/0410223;40;0;40
hep-th/0109128;hep-th/0109128;67;15;82
gr-qc/0604088;gr-qc/0604088;14;15;29
gr-qc/0703093;gr-qc/0703093;6;19;25
hep-th/0603158;hep-th/0603158;39;22;61
astro-ph/0403694;astro-ph/0403694;99;2;101
astro-ph/0407437;astro-ph/0407437;44;9;53
gr-qc/9805060;gr-qc/9805060;14;10;24
hep-th/0604192;hep-th/0604192;24;25;49
hep-th/0408127;hep-th/0408127;39;15;54
gr-qc/0310044;gr-qc/0310044;39;4;43
gr-qc/0112012;gr-qc/0112012;14;6;20
gr-qc/0608052;gr-qc/0608052;6;0;6
gr-qc/0602004;gr-qc/0602004;12;10;22
hep-th/0009052;hep-th/0009052;46;6;52
gr-qc/0311082;gr-qc/0311082;52;52;104
0803.1259;0803.1259;0;4;4
hep-th/0207082;hep-th/0207082;17;5;22
hep-th/0208152;hep-th/0208152;4;3;7
hep-th/0410255;hep-th/0410255;4;4;8
hep-th/0409102;hep-th/0409102;6;2;8
hep-th/0010078;hep-th/0010078;4;39;43
hep-th/9510224;hep-th/9510224;56;26;82
hep-th/9511125;hep-th/9511125;8;15;23
hep-th/9710239;hep-th/9710239;40;31;71
hep-th/9802007;hep-th/9802007;87;0;87
hep-th/9711156;hep-th/9711156;22;56;78
hep-th/9707120;hep-th/9707120;46;0;46
hep-th/9505074;hep-th/9505074;16;22;38
hep-th/9512161;hep-th/9512161;124;28;152
hep-th/9912092;hep-th/9912092;122;8;130
hep-th/9603140;hep-th/9603140;58;0;58
hep-th/9607109;hep-th/9607109;100;8;108
hep-th/9804126;hep-th/9804126;35;45;80
hep-th/9902030;hep-th/9902030;10;40;50
hep-th/9701014;hep-th/9701014;58;19;77
hep-th/9903088;hep-th/9903088;15;62;77
hep-th/9906240;hep-th/9906240;15;50;65
hep-th/0001168;hep-th/0001168;9;44;53
hep-th/9609059;hep-th/9609059;36;28;64
hep-th/9709053;hep-th/9709053;70;23;93
hep-th/9701004;hep-th/9701004;3;4;7
hep-th/9604078;hep-th/9604078;31;29;60
hep-th/9912180;hep-th/9912180;9;74;83
hep-th/9902205;hep-th/9902205;39;42;81
hep-th/9701123;hep-th/9701123;69;39;108
hep-th/9812078;hep-th/9812078;32;59;91
0705.0729;0705.0729;0;17;17
hep-th/0112112;hep-th/0112112;13;42;55
hep-th/0009163;hep-th/0009163;43;17;60
gr-qc/0206016;gr-qc/0206016;12;8;20
gr-qc/0206014;gr-qc/0206014;12;17;29
gr-qc/0504095;gr-qc/0504095;9;19;28
hep-th/0602063;hep-th/0602063;13;17;30
gr-qc/0609086;gr-qc/0609086;6;18;24
math/0612162;math/0612162;5;7;12
hep-th/0509091;hep-th/0509091;1;4;5
hep-th/0506113;hep-th/0506113;5;3;8
math/0702598;math/0702598;12;0;12
hep-th/0610281;hep-th/0610281;4;13;17
gr-qc/0508023;gr-qc/0508023;27;200;227
hep-th/0509112;hep-th/0509112;15;26;41
hep-th/0102128;hep-th/0102128;30;35;65
hep-th/0506014;hep-th/0506014;37;30;67
hep-th/0101135;hep-th/0101135;75;45;120
hep-th/9607077;hep-th/9607077;45;12;57
hep-th/9606093;hep-th/9606093;12;15;27
hep-th/0208157;hep-th/0208157;37;14;51
0705.0727;0705.0727;0;11;11
hep-th/0612178;hep-th/0612178;3;0;3
hep-th/9406130;hep-th/9406130;18;1;19
math-ph/0010049;math-ph/0010049;7;7;14
hep-th/0611104;hep-th/0611104;6;14;20
hep-th/0611268;hep-th/0611268;10;14;24
hep-th/0506170;hep-th/0506170;7;32;39
quant-ph/0003106;quant-ph/0003106;12;10;22
hep-th/0307111;hep-th/0307111;40;28;68
hep-th/9508137;hep-th/9508137;17;1;18
hep-th/0610301;hep-th/0610301;6;14;20
hep-th/9604197;hep-th/9604197;19;1;20
0705.0722;0705.0722;0;34;34
hep-th/0612022;hep-th/0612022;43;19;62
hep-th/9805176;hep-th/9805176;30;5;35
hep-th/0309208;hep-th/0309208;118;15;133
hep-th/0601089;hep-th/0601089;55;17;72
hep-th/0004196;hep-th/0004196;37;18;55
hep-th/0604133;hep-th/0604133;59;35;94
hep-th/0603208;hep-th/0603208;68;24;92
hep-th/9801099;hep-th/9801099;22;8;30
hep-th/0604007;hep-th/0604007;89;36;125
hep-th/0404246;hep-th/0404246;19;11;30
hep-ph/9805397;hep-ph/9805397;14;22;36
hep-th/0501109;hep-th/0501109;84;27;111
hep-th/0612190;hep-th/0612190;15;32;47
hep-th/0312085;hep-th/0312085;134;45;179
hep-th/0101218;hep-th/0101218;26;10;36
hep-th/0409270;hep-th/0409270;23;30;53
hep-ph/0208129;hep-ph/0208129;7;41;48
hep-th/0208060;hep-th/0208060;39;21;60
hep-ph/0207013;hep-ph/0207013;24;23;47
hep-th/0108114;hep-th/0108114;69;29;98
hep-th/0108115;hep-th/0108115;46;24;70
hep-th/0207272;hep-th/0207272;5;14;19
hep-ph/0103125;hep-ph/0103125;159;6;165
hep-ph/0005293;hep-ph/0005293;60;15;75
hep-ph/0108170;hep-ph/0108170;38;18;56
hep-th/0011141;hep-th/0011141;61;20;81
hep-ph/0106166;hep-ph/0106166;118;5;123
hep-ph/0108131;hep-ph/0108131;6;22;28
hep-ph/0012100;hep-ph/0012100;90;7;97
hep-ph/0112230;hep-ph/0112230;53;32;85
hep-th/0204160;hep-th/0204160;39;18;57
hep-th/0205166;hep-th/0205166;19;9;28
hep-ph/0202257;hep-ph/0202257;34;37;71
hep-ph/0104041;hep-ph/0104041;47;5;52
hep-ph/0106190;hep-ph/0106190;40;9;49
hep-ph/9806263;hep-ph/9806263;103;19;122
hep-th/0203055;hep-th/0203055;43;7;50
hep-ph/0205034;hep-ph/0205034;29;18;47
hep-ph/0102323;hep-ph/0102323;48;21;69
hep-th/0107136;hep-th/0107136;30;10;40
hep-ph/0108071;hep-ph/0108071;69;16;85
hep-ph/0108120;hep-ph/0108120;32;13;45
hep-ph/0206099;hep-ph/0206099;34;29;63
hep-th/0205012;hep-th/0205012;47;14;61
hep-ph/0111068;hep-ph/0111068;58;17;75
hep-ph/0011311;hep-ph/0011311;105;18;123
hep-ph/0201086;hep-ph/0201086;16;6;22
hep-th/0101210;hep-th/0101210;6;47;53
hep-ph/0102216;hep-ph/0102216;79;13;92
hep-th/0105243;hep-th/0105243;42;18;60
hep-th/0408155;hep-th/0408155;21;8;29
hep-th/0105181;hep-th/0105181;68;7;75
hep-th/0109096;hep-th/0109096;25;0;25
hep-th/0103255;hep-th/0103255;62;4;66
hep-th/0301068;hep-th/0301068;37;12;49
hep-th/0111003;hep-th/0111003;2;0;2
hep-th/0103198;hep-th/0103198;101;11;112
hep-th/0408154;hep-th/0408154;4;32;36
hep-th/0305161;hep-th/0305161;80;37;117
hep-th/0306071;hep-th/0306071;63;55;118
hep-th/0303095;hep-th/0303095;120;137;257
astro-ph/9903004;astro-ph/9903004;33;6;39
hep-th/0405200;hep-th/0405200;14;9;23
hep-th/0109165;hep-th/0109165;94;10;104
hep-th/0406180;hep-th/0406180;13;21;34
hep-th/0408076;hep-th/0408076;22;19;41
hep-th/0111142;hep-th/0111142;52;18;70
hep-th/0003086;hep-th/0003086;21;157;178
hep-th/0310288;hep-th/0310288;39;13;52
hep-th/0212113;hep-th/0212113;13;18;31
hep-th/0312182;hep-th/0312182;10;32;42
hep-th/0210292;hep-th/0210292;162;0;162
hep-ph/9806329;hep-ph/9806329;24;0;24
hep-th/0011110;hep-th/0011110;12;54;66
gr-qc/0203041;gr-qc/0203041;2;5;7
hep-th/0407124;hep-th/0407124;8;32;40
hep-th/0308066;hep-th/0308066;15;0;15
hep-th/0207130;hep-th/0207130;218;251;469
hep-th/0111030;hep-th/0111030;67;9;76
hep-th/0403075;hep-th/0403075;49;27;76
hep-th/0203119;hep-th/0203119;92;27;119
hep-th/0111055;hep-th/0111055;16;21;37
hep-th/0408157;hep-th/0408157;2;28;30
hep-th/0102192;hep-th/0102192;20;0;20
hep-th/9812135;hep-th/9812135;221;34;255
hep-th/0204084;hep-th/0204084;107;30;137
hep-th/0003101;hep-th/0003101;142;27;169
hep-th/0109187;hep-th/0109187;13;31;44
hep-th/0105238;hep-th/0105238;25;35;60
hep-th/0104099;hep-th/0104099;26;29;55
hep-th/0204140;hep-th/0204140;110;16;126
hep-th/0204008;hep-th/0204008;203;13;216
hep-th/0101207;hep-th/0101207;18;10;28
hep-th/0103102;hep-th/0103102;52;15;67
hep-th/0010108;hep-th/0010108;204;32;236
hep-th/0010045;hep-th/0010045;14;35;49
hep-th/0104164;hep-th/0104164;25;21;46
hep-th/0012198;hep-th/0012198;172;48;220
hep-th/0106002;hep-th/0106002;10;29;39
hep-th/0106033;hep-th/0106033;12;26;38
hep-th/0112088;hep-th/0112088;4;14;18
hep-th/0105098;hep-th/0105098;30;28;58
hep-th/0408156;hep-th/0408156;23;22;45
hep-th/0306298;hep-th/0306298;38;0;38
hep-th/0403002;hep-th/0403002;178;13;191
hep-th/0002066;hep-th/0002066;33;16;49
hep-th/9805015;hep-th/9805015;51;9;60
hep-th/0308071;hep-th/0308071;38;12;50
hep-th/0312098;hep-th/0312098;30;16;46
hep-th/9804101;hep-th/9804101;12;7;19
hep-th/0402120;hep-th/0402120;44;39;83
hep-th/0309201;hep-th/0309201;26;25;51
hep-ph/9603386;hep-ph/9603386;33;2;35
hep-th/0304128;hep-th/0304128;122;14;136
hep-th/0403062;hep-th/0403062;11;30;41
hep-th/9507170;hep-th/9507170;33;6;39
hep-th/9601023;hep-th/9601023;50;14;64
hep-th/0305046;hep-th/0305046;33;27;60
hep-th/0210124;hep-th/0210124;10;14;24
hep-th/0408151;hep-th/0408151;4;5;9
gr-qc/0309054;gr-qc/0309054;19;57;76
hep-th/0212246;hep-th/0212246;19;41;60
hep-th/0306209;hep-th/0306209;20;56;76
hep-th/0408150;hep-th/0408150;3;18;21
quant-ph/9707021;quant-ph/9707021;66;3;69
hep-th/0005015;hep-th/0005015;213;14;227
hep-th/0404137;hep-th/0404137;40;15;55
hep-th/9803031;hep-th/9803031;171;13;184
hep-th/9910004;hep-th/9910004;211;24;235
hep-th/9908141;hep-th/9908141;194;19;213
hep-th/0005129;hep-th/0005129;324;22;346
hep-th/0408152;hep-th/0408152;3;5;8
hep-ph/0211227;hep-ph/0211227;5;2;7
hep-th/9404085;hep-th/9404085;11;0;11
hep-th/9905086;hep-th/9905086;9;6;15
hep-th/0209151;hep-th/0209151;5;0;5
hep-th/0301183;hep-th/0301183;4;5;9
0712.1573;0712.1573;0;12;12
hep-th/0003243;hep-th/0003243;32;5;37
hep-th/9506016;hep-th/9506016;11;1;12
math-ph/0209035;math-ph/0209035;13;14;27
hep-th/0411086;hep-th/0411086;13;15;28
math-ph/0112041;math-ph/0112041;55;9;64
hep-th/0507038;hep-th/0507038;9;18;27
hep-th/9703129;hep-th/9703129;24;3;27
hep-th/9905179;hep-th/9905179;54;7;61
hep-th/0204123;hep-th/0204123;11;13;24
math-ph/0611006;math-ph/0611006;2;0;2
hep-th/0408159;hep-th/0408159;2;9;11
hep-th/9301112;hep-th/9301112;5;4;9
hep-th/0408049;hep-th/0408049;11;29;40
hep-th/0309063;hep-th/0309063;8;23;31
hep-th/0210305;hep-th/0210305;7;40;47
hep-th/9206060;hep-th/9206060;23;4;27
hep-th/0310195;hep-th/0310195;27;45;72
hep-th/0311068;hep-th/0311068;12;49;61
hep-th/0309168;hep-th/0309168;60;37;97
hep-th/0408158;hep-th/0408158;7;14;21
hep-th/0310227;hep-th/0310227;50;17;67
hep-th/0209256;hep-th/0209256;23;12;35
hep-th/0410131;hep-th/0410131;16;0;16
hep-th/0207071;hep-th/0207071;27;21;48
hep-th/0207144;hep-th/0207144;31;0;31
hep-th/0109174;hep-th/0109174;197;24;221
hep-ph/0212078;hep-ph/0212078;11;1;12
hep-th/0209211;hep-th/0209211;121;21;142
hep-th/9711002;hep-th/9711002;206;6;212
hep-th/0402017;hep-th/0402017;13;8;21
astro-ph/0506072;astro-ph/0506072;4;25;29
hep-th/0308080;hep-th/0308080;42;21;63
hep-th/0401036;hep-th/0401036;17;20;37
hep-th/0403026;hep-th/0403026;23;33;56
hep-th/0406261;hep-th/0406261;18;3;21
astro-ph/0403157;astro-ph/0403157;35;37;72
astro-ph/0302012;astro-ph/0302012;33;10;43
hep-th/0308057;hep-th/0308057;23;67;90
gr-qc/9808069;gr-qc/9808069;9;10;19
hep-th/0109004;hep-th/0109004;113;33;146
astro-ph/0301395;astro-ph/0301395;51;31;82
hep-th/0502047;hep-th/0502047;19;17;36
gr-qc/0410111;gr-qc/0410111;5;14;19
astro-ph/0505552;astro-ph/0505552;11;12;23
astro-ph/0501396;astro-ph/0501396;11;13;24
astro-ph/0504560;astro-ph/0504560;59;27;86
gr-qc/0410027;gr-qc/0410027;22;99;121
hep-th/9110037;hep-th/9110037;55;0;55
hep-th/0112026;hep-th/0112026;25;8;33
hep-ph/9910410;hep-ph/9910410;101;36;137
hep-th/0404002;hep-th/0404002;7;27;34
astro-ph/0407432;astro-ph/0407432;114;19;133
hep-th/0510210;hep-th/0510210;0;8;8
hep-th/0410166;hep-th/0410166;21;24;45
hep-ph/9811291;hep-ph/9811291;196;31;227
hep-ph/0304228;hep-ph/0304228;4;3;7
hep-th/0609079;hep-th/0609079;26;41;67
hep-th/0605178;hep-th/0605178;54;0;54
hep-th/0607022;hep-th/0607022;45;23;68
hep-th/0608118;hep-th/0608118;37;42;79
hep-th/0605158;hep-th/0605158;194;21;215
hep-th/0606195;hep-th/0606195;115;22;137
hep-th/0607089;hep-th/0607089;69;40;109
hep-th/0606190;hep-th/0606190;37;38;75
hep-th/0210220;hep-th/0210220;96;11;107
hep-th/0605292;hep-th/0605292;46;15;61
hep-th/0510132;hep-th/0510132;22;48;70
hep-th/0406264;hep-th/0406264;100;30;130
hep-th/9901056;hep-th/9901056;70;14;84
hep-ph/0606245;hep-ph/0606245;48;41;89
hep-th/0606136;hep-th/0606136;37;31;68
hep-th/0606134;hep-th/0606134;39;34;73
hep-th/0605191;hep-th/0605191;67;26;93
hep-th/0605296;hep-th/0605296;30;42;72
hep-th/9810225;hep-th/9810225;66;12;78
hep-ph/0607062;hep-ph/0607062;83;0;83
hep-th/9906201;hep-th/9906201;93;28;121
hep-th/9811120;hep-th/9811120;142;27;169
hep-th/9605051;hep-th/9605051;58;34;92
hep-ph/0605199;hep-ph/0605199;116;21;137
hep-th/9903132;hep-th/9903132;62;27;89
hep-th/9910036;hep-th/9910036;54;56;110
hep-th/0607233;hep-th/0607233;35;39;74
hep-th/0605235;hep-th/0605235;47;62;109
hep-th/9812121;hep-th/9812121;53;19;72
hep-ph/0605178;hep-ph/0605178;128;23;151
hep-th/0605182;hep-th/0605182;165;18;183
hep-th/9803263;hep-th/9803263;131;44;175
hep-th/9606099;hep-th/9606099;12;5;17
hep-th/9401092;hep-th/9401092;43;1;44
hep-th/9405005;hep-th/9405005;39;2;41
hep-th/9310049;hep-th/9310049;6;1;7
hep-th/9304063;hep-th/9304063;20;0;20
cond-mat/9511104;cond-mat/9511104;34;4;38
hep-th/9606098;hep-th/9606098;12;14;26
hep-th/9211082;hep-th/9211082;23;4;27
hep-th/9505161;hep-th/9505161;72;17;89
gr-qc/9508027;gr-qc/9508027;16;10;26
hep-th/9502098;hep-th/9502098;42;21;63
hep-th/9501071;hep-th/9501071;122;0;122
gr-qc/9508009;gr-qc/9508009;16;12;28
hep-th/9604064;hep-th/9604064;7;20;27
hep-th/9207006;hep-th/9207006;33;1;34
hep-th/9303014;hep-th/9303014;17;9;26
hep-th/9407104;hep-th/9407104;16;0;16
hep-ph/9807302;hep-ph/9807302;11;2;13
hep-th/9310042;hep-th/9310042;28;1;29
hep-th/9706193;hep-th/9706193;11;2;13
hep-th/9606095;hep-th/9606095;15;10;25
hep-th/9204064;hep-th/9204064;102;1;103
hep-th/9412128;hep-th/9412128;22;10;32
q-alg/9508009;q-alg/9508009;30;7;37
hep-th/9602074;hep-th/9602074;37;9;46
q-alg/9508011;q-alg/9508011;30;7;37
hep-th/9205055;hep-th/9205055;100;0;100
hep-th/9307196;hep-th/9307196;62;2;64
hep-th/9305100;hep-th/9305100;25;3;28
hep-th/9311189;hep-th/9311189;22;4;26
hep-th/9208067;hep-th/9208067;19;0;19
hep-th/9606094;hep-th/9606094;0;5;5
hep-th/9408167;hep-th/9408167;12;1;13
hep-th/9512030;hep-th/9512030;30;5;35
hep-th/9505017;hep-th/9505017;10;4;14
hep-th/9605052;hep-th/9605052;1;9;10
hep-th/9412062;hep-th/9412062;26;4;30
hep-th/9606097;hep-th/9606097;8;17;25
gr-qc/9309018;gr-qc/9309018;106;5;111
hep-th/9205069;hep-th/9205069;88;1;89
hep-th/9501016;hep-th/9501016;25;0;25
hep-th/9512187;hep-th/9512187;15;0;15
hep-th/9409179;hep-th/9409179;15;25;40
hep-th/9510109;hep-th/9510109;32;12;44
hep-th/9411020;hep-th/9411020;29;48;77
hep-th/9606096;hep-th/9606096;0;13;13
hep-th/9601097;hep-th/9601097;79;7;86
hep-th/9601085;hep-th/9601085;74;13;87
hep-th/9505187;hep-th/9505187;33;8;41
hep-th/9508156;hep-th/9508156;55;6;61
hep-th/9508117;hep-th/9508117;40;6;46
hep-th/9603134;hep-th/9603134;7;20;27
hep-th/9508124;hep-th/9508124;9;9;18
hep-th/9606091;hep-th/9606091;4;18;22
hep-th/9603150;hep-th/9603150;176;26;202
hep-th/9603116;hep-th/9603116;85;29;114
hep-th/9604041;hep-th/9604041;72;25;97
hep-th/9605200;hep-th/9605200;168;32;200
hep-th/9606008;hep-th/9606008;25;11;36
hep-th/9604030;hep-th/9604030;268;15;283
hep-th/9606090;hep-th/9606090;6;9;15
hep-th/9404125;hep-th/9404125;6;8;14
hep-th/9203080;hep-th/9203080;19;0;19
hep-th/9506101;hep-th/9506101;72;4;76
hep-th/9504025;hep-th/9504025;41;2;43
hep-th/9407147;hep-th/9407147;12;1;13
hep-th/9510152;hep-th/9510152;6;4;10
hep-th/9207043;hep-th/9207043;61;0;61
hep-th/9207042;hep-th/9207042;59;0;59
hep-th/9511115;hep-th/9511115;13;16;29
hep-th/9512180;hep-th/9512180;64;8;72
hep-th/9605059;hep-th/9605059;58;21;79
hep-th/9604062;hep-th/9604062;17;5;22
hep-th/9606092;hep-th/9606092;14;3;17
hep-th/9304047;hep-th/9304047;68;2;70
hep-th/9310125;hep-th/9310125;4;3;7
hep-th/9506105;hep-th/9506105;29;1;30
hep-th/9801133;hep-th/9801133;32;18;50
hep-th/9711057;hep-th/9711057;34;14;48
hep-th/9711047;hep-th/9711047;18;11;29
hep-th/9212088;hep-th/9212088;141;0;141
hep-th/9609174;hep-th/9609174;80;9;89
hep-th/9401059;hep-th/9401059;125;1;126
hep-th/9502096;hep-th/9502096;38;7;45
hep-th/9709032;hep-th/9709032;8;37;45
hep-th/9402008;hep-th/9402008;35;2;37
hep-th/9711023;hep-th/9711023;47;13;60
hep-th/9711096;hep-th/9711096;30;14;44
hep-th/9605183;hep-th/9605183;53;4;57
hep-th/9712006;hep-th/9712006;28;22;50
hep-th/9801042;hep-th/9801042;27;23;50
hep-th/9711110;hep-th/9711110;35;14;49
hep-th/9404031;hep-th/9404031;51;2;53
hep-th/9303012;hep-th/9303012;100;0;100
hep-th/9801132;hep-th/9801132;24;109;133
hep-th/9701023;hep-th/9701023;97;44;141
hep-th/9709146;hep-th/9709146;24;48;72
hep-th/9612192;hep-th/9612192;16;91;107
hep-th/9704059;hep-th/9704059;101;27;128
hep-th/9607184;hep-th/9607184;20;45;65
hep-th/9210127;hep-th/9210127;219;1;220
hep-th/9709107;hep-th/9709107;54;54;108
hep-th/9510169;hep-th/9510169;484;9;493
hep-th/9612052;hep-th/9612052;75;26;101
hep-th/9702093;hep-th/9702093;93;46;139
hep-th/9705131;hep-th/9705131;74;130;204
hep-th/9611190;hep-th/9611190;123;166;289
hep-th/9706211;hep-th/9706211;19;38;57
hep-th/9302038;hep-th/9302038;37;6;43
hep-th/9612121;hep-th/9612121;248;61;309
hep-th/9701137;hep-th/9701137;116;20;136
hep-th/9609176;hep-th/9609176;83;50;133
hep-th/9406198;hep-th/9406198;39;34;73
hep-th/9708130;hep-th/9708130;38;43;81
hep-th/9707075;hep-th/9707075;15;70;85
hep-th/9403096;hep-th/9403096;46;14;60
hep-th/9606169;hep-th/9606169;187;0;187
hep-th/9512139;hep-th/9512139;20;27;47
hep-th/9603170;hep-th/9603170;84;41;125
hep-th/9605184;hep-th/9605184;178;22;200
hep-th/9706051;hep-th/9706051;94;10;104
hep-th/9603074;hep-th/9603074;60;90;150
hep-th/9602097;hep-th/9602097;42;25;67
hep-th/9707160;hep-th/9707160;69;0;69
hep-th/9710246;hep-th/9710246;14;35;49
hep-th/9610162;hep-th/9610162;65;68;133
hep-th/9512129;hep-th/9512129;45;49;94
hep-th/9607091;hep-th/9607091;47;4;51
hep-th/9701019;hep-th/9701019;41;44;85
hep-th/9610195;hep-th/9610195;20;57;77
hep-th/9506160;hep-th/9506160;92;13;105
hep-th/9705163;hep-th/9705163;102;11;113
hep-th/9510234;hep-th/9510234;104;38;142
hep-th/9512219;hep-th/9512219;189;15;204
hep-th/9511108;hep-th/9511108;83;26;109
hep-th/9512196;hep-th/9512196;100;27;127
hep-th/9512053;hep-th/9512053;51;15;66
hep-th/9611184;hep-th/9611184;36;100;136
hep-th/9606148;hep-th/9606148;29;30;59
hep-th/9505025;hep-th/9505025;34;15;49
hep-th/9608012;hep-th/9608012;75;29;104
hep-th/9512181;hep-th/9512181;90;37;127
hep-th/9709062;hep-th/9709062;111;84;195
hep-th/9208074;hep-th/9208074;52;1;53
hep-th/9506194;hep-th/9506194;115;17;132
hep-th/9603086;hep-th/9603086;77;0;77
hep-th/9702201;hep-th/9702201;105;27;132
hep-th/9605154;hep-th/9605154;54;45;99
hep-th/9304104;hep-th/9304104;80;1;81
hep-th/9703082;hep-th/9703082;89;33;122
hep-th/9606049;hep-th/9606049;55;48;103
hep-th/9710231;hep-th/9710231;134;123;257
hep-th/9710136;hep-th/9710136;48;7;55
hep-th/9607021;hep-th/9607021;27;12;39
hep-th/9606122;hep-th/9606122;194;23;217
hep-th/9801135;hep-th/9801135;35;30;65
hep-th/9705074;hep-th/9705074;77;9;86
hep-th/9712199;hep-th/9712199;40;16;56
hep-th/9709171;hep-th/9709171;9;20;29
hep-th/9709065;hep-th/9709065;14;43;57
hep-th/9610125;hep-th/9610125;39;33;72
hep-th/9711117;hep-th/9711117;19;16;35
hep-th/9706142;hep-th/9706142;22;7;29
hep-th/9711177;hep-th/9711177;10;11;21
hep-th/9712086;hep-th/9712086;45;32;77
hep-th/9702202;hep-th/9702202;137;0;137
hep-th/9710026;hep-th/9710026;8;6;14
hep-th/9710121;hep-th/9710121;48;24;72
hep-th/9608167;hep-th/9608167;55;9;64
hep-th/9705084;hep-th/9705084;85;15;100
hep-th/9711098;hep-th/9711098;33;18;51
hep-th/9709054;hep-th/9709054;60;22;82
hep-th/9712187;hep-th/9712187;28;8;36
hep-th/9708137;hep-th/9708137;22;15;37
hep-th/9710218;hep-th/9710218;23;39;62
hep-th/9708074;hep-th/9708074;24;9;33
hep-th/9604156;hep-th/9604156;116;27;143
hep-th/9604091;hep-th/9604091;184;27;211
hep-th/9705130;hep-th/9705130;80;27;107
hep-th/9505067;hep-th/9505067;40;17;57
hep-th/9606184;hep-th/9606184;36;17;53
hep-th/9605108;hep-th/9605108;28;14;42
hep-th/9712193;hep-th/9712193;30;35;65
hep-ph/9507378;hep-ph/9507378;179;13;192
hep-th/9703210;hep-th/9703210;113;24;137
hep-th/9704170;hep-th/9704170;119;31;150
hep-th/9712143;hep-th/9712143;39;34;73
hep-th/9712145;hep-th/9712145;27;35;62
hep-th/9705044;hep-th/9705044;74;27;101
hep-th/9706047;hep-th/9706047;48;43;91
hep-th/9608046;hep-th/9608046;24;11;35
hep-th/9605113;hep-th/9605113;43;20;63
hep-th/9708134;hep-th/9708134;46;33;79
hep-th/9708117;hep-th/9708117;32;18;50
hep-ph/9704246;hep-ph/9704246;10;15;25
hep-th/9702014;hep-th/9702014;201;0;201
hep-th/9704043;hep-th/9704043;96;22;118
hep-th/9603158;hep-th/9603158;101;0;101
hep-th/9710116;hep-th/9710116;133;31;164
hep-th/9801060;hep-th/9801060;29;73;102
hep-th/9801136;hep-th/9801136;1;2;3
hep-th/9511151;hep-th/9511151;20;1;21
hep-th/9711133;hep-th/9711133;21;5;26
hep-th/9801139;hep-th/9801139;21;11;32
hep-th/9609239;hep-th/9609239;219;43;262
hep-th/9611090;hep-th/9611090;112;29;141
hep-th/9602118;hep-th/9602118;33;17;50
hep-th/9701150;hep-th/9701150;10;5;15
hep-th/9703100;hep-th/9703100;53;8;61
hep-th/9801138;hep-th/9801138;24;9;33
hep-th/9712251;hep-th/9712251;365;18;383
hep-th/9712253;hep-th/9712253;100;213;313
hep-th/9607050;hep-th/9607050;98;39;137
hep-th/0501231;hep-th/0501231;3;5;8
hep-th/0302167;hep-th/0302167;4;8;12
hep-th/0309204;hep-th/0309204;9;12;21
hep-th/0401198;hep-th/0401198;3;4;7
astro-ph/0309027;astro-ph/0309027;8;23;31
hep-ph/0202124;hep-ph/0202124;7;28;35
gr-qc/9810044;gr-qc/9810044;81;1;82
astro-ph/0212190;astro-ph/0212190;62;9;71
hep-ph/0301124;hep-ph/0301124;72;11;83
hep-th/0301124;hep-th/0301124;4;23;27
astro-ph/0210124;astro-ph/0210124;29;14;43
hep-ph/9811323;hep-ph/9811323;63;32;95
gr-qc/0005100;gr-qc/0005100;12;39;51
hep-th/0108061;hep-th/0108061;75;40;115
hep-ph/0202058;hep-ph/0202058;16;11;27
hep-ph/0011097;hep-ph/0011097;11;34;45
astro-ph/0102226;astro-ph/0102226;40;0;40
astro-ph/0105232;astro-ph/0105232;6;5;11
hep-th/0012216;hep-th/0012216;37;17;54
hep-ph/0112207;hep-ph/0112207;61;7;68
hep-th/0111176;hep-th/0111176;31;12;43
hep-th/0301088;hep-th/0301088;10;11;21
hep-th/9306044;hep-th/9306044;70;0;70
hep-th/9707091;hep-th/9707091;25;19;44
hep-th/0008044;hep-th/0008044;19;0;19
hep-th/9308057;hep-th/9308057;21;3;24
hep-th/0204097;hep-th/0204097;11;10;21
hep-th/0105178;hep-th/0105178;26;11;37
hep-th/9211053;hep-th/9211053;58;0;58
hep-th/9607046;hep-th/9607046;52;8;60
hep-th/9611238;hep-th/9611238;78;4;82
hep-th/9303108;hep-th/9303108;18;0;18
cond-mat/9803206;cond-mat/9803206;9;9;18
hep-th/9610003;hep-th/9610003;13;13;26
hep-th/9301026;hep-th/9301026;19;0;19
hep-th/9611071;hep-th/9611071;11;2;13
hep-th/9712121;hep-th/9712121;11;13;24
hep-th/9305134;hep-th/9305134;26;1;27
hep-th/9312169;hep-th/9312169;30;1;31
hep-th/9507010;hep-th/9507010;69;11;80
cond-mat/9511090;cond-mat/9511090;5;0;5
hep-th/9204036;hep-th/9204036;19;0;19
0810.3344;0810.3344;0;13;13
hep-th/0407277;hep-th/0407277;226;0;226
hep-th/0510221;hep-th/0510221;18;28;46
cond-mat/0304170;cond-mat/0304170;4;2;6
hep-th/0304255;hep-th/0304255;239;33;272
cond-mat/0312373;cond-mat/0312373;5;5;10
hep-th/0205169;hep-th/0205169;6;2;8
cond-mat/0608177;cond-mat/0608177;3;2;5
hep-th/0502086;hep-th/0502086;199;68;267
0910.5011;0910.5011;0;5;5
hep-th/9710176;hep-th/9710176;9;13;22
hep-th/9712139;hep-th/9712139;11;15;26
hep-th/9110069;hep-th/9110069;21;0;21
hep-th/9407076;hep-th/9407076;20;4;24
hep-th/9505027;hep-th/9505027;40;0;40
astro-ph/9906066;astro-ph/9906066;68;5;73
gr-qc/9607059;gr-qc/9607059;11;2;13
astro-ph/9602111;astro-ph/9602111;26;6;32
gr-qc/0004001;gr-qc/0004001;7;4;11
hep-th/0001140;hep-th/0001140;13;8;21
hep-th/9905223;hep-th/9905223;29;14;43
gr-qc/0004003;gr-qc/0004003;4;8;12
hep-th/9612197;hep-th/9612197;19;0;19
gr-qc/9903002;gr-qc/9903002;15;6;21
hep-th/9609006;hep-th/9609006;29;6;35
hep-th/9807094;hep-th/9807094;9;3;12
gr-qc/9901035;gr-qc/9901035;5;2;7
hep-th/0510218;hep-th/0510218;10;52;62
hep-th/0303035;hep-th/0303035;79;82;161
hep-th/0202124;hep-th/0202124;75;36;111
hep-th/0307086;hep-th/0307086;10;17;27
hep-th/0509177;hep-th/0509177;21;14;35
hep-th/0405229;hep-th/0405229;107;42;149
hep-th/0506138;hep-th/0506138;22;22;44
hep-th/0507164;hep-th/0507164;11;52;63
hep-th/0106274;hep-th/0106274;75;18;93
hep-th/0304180;hep-th/0304180;38;78;116
hep-th/0505110;hep-th/0505110;43;17;60
hep-th/0405247;hep-th/0405247;77;66;143
hep-th/0305011;hep-th/0305011;69;78;147
astro-ph/0503506;astro-ph/0503506;53;18;71
hep-th/0204143;hep-th/0204143;271;51;322
hep-th/0501099;hep-th/0501099;58;34;92
hep-th/0407193;hep-th/0407193;23;28;51
hep-th/9808090;hep-th/9808090;18;1;19
hep-th/0207235;hep-th/0207235;67;25;92
hep-th/0305092;hep-th/0305092;35;62;97
hep-th/0301076;hep-th/0301076;38;59;97
hep-th/0202079;hep-th/0202079;25;30;55
hep-th/0505172;hep-th/0505172;18;34;52
astro-ph/0410073;astro-ph/0410073;42;14;56
hep-th/0508027;hep-th/0508027;10;49;59
hep-ph/0403092;hep-ph/0403092;22;42;64
hep-th/0211180;hep-th/0211180;26;36;62
hep-ph/0505242;hep-ph/0505242;6;20;26
hep-th/0508135;hep-th/0508135;11;17;28
hep-th/0412095;hep-th/0412095;42;78;120
gr-qc/9810049;gr-qc/9810049;14;3;17
hep-th/0012210;hep-th/0012210;156;64;220
hep-th/0510066;hep-th/0510066;23;59;82
hep-th/9905195;hep-th/9905195;62;26;88
hep-th/0312007;hep-th/0312007;128;22;150
hep-ph/0111101;hep-ph/0111101;48;13;61
hep-th/0112147;hep-th/0112147;137;37;174
hep-th/0402072;hep-th/0402072;46;33;79
math/0102149;math/0102149;8;9;17
hep-th/0007164;hep-th/0007164;5;4;9
hep-th/9910079;hep-th/9910079;24;9;33
math/9909080;math/9909080;14;6;20
hep-th/9708120;hep-th/9708120;38;0;38
hep-th/9701061;hep-th/9701061;56;6;62
hep-th/0001173;hep-th/0001173;10;13;23
hep-th/9407074;hep-th/9407074;11;6;17
hep-th/9604104;hep-th/9604104;7;8;15
hep-th/9408160;hep-th/9408160;9;6;15
hep-th/0311099;hep-th/0311099;3;14;17
hep-th/9808111;hep-th/9808111;56;23;79
hep-th/9908006;hep-th/9908006;13;22;35
hep-th/0004039;hep-th/0004039;17;25;42
hep-th/9904181;hep-th/9904181;15;20;35
hep-th/0205309;hep-th/0205309;3;11;14
hep-th/9904020;hep-th/9904020;37;15;52
hep-th/0311098;hep-th/0311098;29;17;46
hep-th/0104032;hep-th/0104032;35;19;54
hep-th/9808026;hep-th/9808026;16;13;29
hep-th/0208073;hep-th/0208073;13;14;27
hep-lat/0303023;hep-lat/0303023;46;9;55
hep-th/0109082;hep-th/0109082;28;0;28
hep-lat/0206019;hep-lat/0206019;92;17;109
hep-th/0212235;hep-th/0212235;21;17;38
hep-th/0302163;hep-th/0302163;86;16;102
hep-lat/0308033;hep-lat/0308033;46;5;51
hep-lat/0302017;hep-lat/0302017;81;22;103
hep-th/0211194;hep-th/0211194;36;11;47
hep-th/0311097;hep-th/0311097;5;6;11
gr-qc/0101093;gr-qc/0101093;3;2;5
hep-th/0308079;hep-th/0308079;4;28;32
hep-ph/0106235;hep-ph/0106235;7;6;13
quant-ph/9810088;quant-ph/9810088;4;1;5
hep-th/9306066;hep-th/9306066;26;0;26
hep-th/9311091;hep-th/9311091;8;2;10
hep-th/0311096;hep-th/0311096;1;7;8
hep-th/9701047;hep-th/9701047;10;0;10
hep-th/9307123;hep-th/9307123;16;0;16
hep-ph/9803209;hep-ph/9803209;8;2;10
hep-th/0109027;hep-th/0109027;3;9;12
hep-th/0003225;hep-th/0003225;6;9;15
hep-th/0311095;hep-th/0311095;5;5;10
hep-th/9410237;hep-th/9410237;112;21;133
hep-th/0311094;hep-th/0311094;1;5;6
hep-th/0303159;hep-th/0303159;6;4;10
hep-th/0211244;hep-th/0211244;23;0;23
hep-th/0207205;hep-th/0207205;53;10;63
hep-ph/0102185;hep-ph/0102185;34;17;51
hep-th/0311093;hep-th/0311093;8;29;37
hep-th/0212069;hep-th/0212069;52;45;97
hep-th/0307082;hep-th/0307082;8;14;22
hep-th/0303207;hep-th/0303207;96;42;138
hep-th/0301006;hep-th/0301006;115;18;133
hep-th/0206017;hep-th/0206017;137;11;148
hep-th/0212212;hep-th/0212212;32;38;70
hep-th/0211123;hep-th/0211123;63;44;107
hep-th/0211100;hep-th/0211100;52;32;84
hep-th/0303065;hep-th/0303065;26;35;61
hep-th/0307054;hep-th/0307054;11;33;44
hep-th/0210135;hep-th/0210135;84;28;112
hep-th/0211254;hep-th/0211254;75;35;110
hep-th/0211069;hep-th/0211069;73;30;103
hep-th/0307190;hep-th/0307190;12;32;44
hep-th/0306068;hep-th/0306068;12;80;92
hep-th/0302150;hep-th/0302150;25;86;111
hep-th/0301157;hep-th/0301157;33;18;51
hep-th/0307115;hep-th/0307115;6;15;21
hep-th/0212082;hep-th/0212082;27;35;62
hep-th/0211017;hep-th/0211017;163;6;169
cond-mat/9908326;cond-mat/9908326;0;1;1
hep-th/9406133;hep-th/9406133;9;3;12
hep-th/0311091;hep-th/0311091;1;9;10
hep-th/0112007;hep-th/0112007;14;2;16
hep-th/0204022;hep-th/0204022;3;2;5
hep-th/0205017;hep-th/0205017;25;0;25
hep-th/0301053;hep-th/0301053;9;1;10
hep-th/0209196;hep-th/0209196;11;1;12
hep-th/0204006;hep-th/0204006;2;4;6
quant-ph/0101024;quant-ph/0101024;2;2;4
hep-th/0203067;hep-th/0203067;6;1;7
hep-th/0311090;hep-th/0311090;16;28;44
hep-th/0112055;hep-th/0112055;122;13;135
hep-th/0310234;hep-th/0310234;10;32;42
gr-qc/0307089;gr-qc/0307089;11;33;44
gr-qc/0301122;gr-qc/0301122;26;11;37
hep-th/9909056;hep-th/9909056;184;0;184
hep-th/0002156;hep-th/0002156;16;14;30
hep-th/9802198;hep-th/9802198;65;24;89
gr-qc/0101052;gr-qc/0101052;105;7;112
hep-th/0305113;hep-th/0305113;23;24;47
hep-th/9711138;hep-th/9711138;147;55;202
hep-th/0309227;hep-th/0309227;8;0;8
hep-th/0307013;hep-th/0307013;42;24;66
hep-th/9805097;hep-th/9805097;82;46;128
hep-th/0101194;hep-th/0101194;64;0;64
hep-th/0303029;hep-th/0303029;52;16;68
hep-th/0308196;hep-th/0308196;23;21;44
hep-th/9805146;hep-th/9805146;39;26;65
hep-th/9603195;hep-th/9603195;116;14;130
gr-qc/0307060;gr-qc/0307060;12;23;35
hep-th/9706071;hep-th/9706071;45;29;74
hep-th/9508058;hep-th/9508058;42;36;78
alg-geom/9603020;alg-geom/9603020;12;0;12
hep-th/9610242;hep-th/9610242;16;46;62
hep-th/9510079;hep-th/9510079;5;29;34
hep-th/9604004;hep-th/9604004;72;36;108
hep-th/9605090;hep-th/9605090;58;15;73
hep-th/9512005;hep-th/9512005;39;20;59
hep-th/9606111;hep-th/9606111;5;9;14
hep-th/9508064;hep-th/9508064;66;0;66
hep-th/9605096;hep-th/9605096;49;9;58
hep-th/9602049;hep-th/9602049;113;15;128
hep-th/9610237;hep-th/9610237;73;34;107
hep-th/9611123;hep-th/9611123;23;23;46
hep-th/9601168;hep-th/9601168;57;0;57
hep-th/9606191;hep-th/9606191;47;32;79
hep-th/9607190;hep-th/9607190;3;24;27
hep-th/9510207;hep-th/9510207;16;12;28
hep-th/9601014;hep-th/9601014;65;27;92
hep-th/9512140;hep-th/9512140;4;13;17
hep-th/9604097;hep-th/9604097;76;32;108
hep-th/9509009;hep-th/9509009;37;19;56
hep-th/9607202;hep-th/9607202;107;15;122
hep-th/9602061;hep-th/9602061;4;27;31
hep-th/9608161;hep-th/9608161;5;0;5
hep-th/9602082;hep-th/9602082;82;8;90
hep-th/9608104;hep-th/9608104;8;51;59
hep-th/9611065;hep-th/9611065;89;16;105
hep-th/9611104;hep-th/9611104;6;12;18
hep-th/9510106;hep-th/9510106;79;17;96
hep-th/9510023;hep-th/9510023;35;22;57
hep-th/9606168;hep-th/9606168;10;27;37
hep-th/9512138;hep-th/9512138;19;29;48
hep-th/9601108;hep-th/9601108;122;43;165
hep-th/9607066;hep-th/9607066;48;7;55
hep-th/9602174;hep-th/9602174;60;43;103
hep-th/9510225;hep-th/9510225;184;22;206
hep-th/9507048;hep-th/9507048;191;9;200
hep-th/9511126;hep-th/9511126;117;30;147
hep-th/9610204;hep-th/9610204;32;19;51
hep-th/9604043;hep-th/9604043;4;31;35
hep-th/9608039;hep-th/9608039;55;22;77
hep-th/9601059;hep-th/9601059;32;17;49
hep-th/9508163;hep-th/9508163;9;9;18
hep-th/9509146;hep-th/9509146;24;18;42
hep-th/9604077;hep-th/9604077;27;19;46
hep-th/9610053;hep-th/9610053;22;39;61
hep-th/9609116;hep-th/9609116;39;34;73
hep-th/9605131;hep-th/9605131;63;21;84
hep-th/9507113;hep-th/9507113;37;34;71
hep-th/9604057;hep-th/9604057;4;29;33
hep-th/9607159;hep-th/9607159;16;17;33
hep-th/9610049;hep-th/9610049;12;32;44
hep-th/9602154;hep-th/9602154;13;0;13
hep-th/9604199;hep-th/9604199;72;26;98
hep-th/9609145;hep-th/9609145;76;33;109
hep-th/9605135;hep-th/9605135;9;28;37
hep-th/9610142;hep-th/9610142;11;21;32
hep-th/9611016;hep-th/9611016;44;18;62
hep-th/9603108;hep-th/9603108;38;45;83
hep-th/9511030;hep-th/9511030;417;21;438
hep-th/9609130;hep-th/9609130;10;14;24
hep-th/9509042;hep-th/9509042;23;13;36
hep-th/9608121;hep-th/9608121;10;4;14
hep-th/9609157;hep-th/9609157;27;9;36
hep-th/9507135;hep-th/9507135;51;3;54
hep-th/9610154;hep-th/9610154;38;13;51
hep-th/9609101;hep-th/9609101;21;4;25
hep-th/9606043;hep-th/9606043;36;13;49
hep-th/9603037;hep-th/9603037;72;20;92
hep-th/9608154;hep-th/9608154;32;62;94
hep-th/0401169;hep-th/0401169;4;16;20
hep-th/0105190;hep-th/0105190;23;7;30
hep-th/0104189;hep-th/0104189;12;33;45
hep-th/0006177;hep-th/0006177;6;3;9
math/9902090;math/9902090;195;5;200
hep-th/9910028;hep-th/9910028;35;12;47
hep-th/9911092;hep-th/9911092;24;13;37
hep-th/0102106;hep-th/0102106;9;13;22
hep-th/0205273;hep-th/0205273;7;21;28
hep-th/0110140;hep-th/0110140;14;11;25
hep-th/9507104;hep-th/9507104;24;0;24
hep-th/0012177;hep-th/0012177;14;5;19
hep-th/0101124;hep-th/0101124;2;2;4
hep-th/0306153;hep-th/0306153;6;14;20
hep-th/9810235;hep-th/9810235;15;1;16
hep-th/9708140;hep-th/9708140;20;0;20
hep-th/0401168;hep-th/0401168;37;14;51
hep-th/0007175;hep-th/0007175;101;19;120
hep-th/0312052;hep-th/0312052;25;16;41
hep-th/0304018;hep-th/0304018;36;96;132
hep-th/9606040;hep-th/9606040;238;6;244
hep-th/0312284;hep-th/0312284;14;7;21
hep-th/0108100;hep-th/0108100;101;32;133
0706.3690;0706.3690;0;4;4
hep-th/0608221;hep-th/0608221;20;8;28
hep-th/0608226;hep-th/0608226;27;7;34
hep-th/0610241;hep-th/0610241;48;16;64
hep-th/9611191;hep-th/9611191;2;12;14
hep-th/9310085;hep-th/9310085;15;0;15
hep-th/9305120;hep-th/9305120;12;0;12
hep-th/9307011;hep-th/9307011;15;0;15
hep-th/9411223;hep-th/9411223;6;10;16
hep-th/9503232;hep-th/9503232;20;9;29
hep-th/9311064;hep-th/9311064;7;10;17
hep-th/9411229;hep-th/9411229;9;2;11
hep-th/9506095;hep-th/9506095;4;5;9
hep-th/9504103;hep-th/9504103;2;0;2
hep-th/0401163;hep-th/0401163;10;31;41
hep-th/0208184;hep-th/0208184;20;0;20
hep-th/9701186;hep-th/9701186;16;41;57
hep-th/0209142;hep-th/0209142;14;13;27
hep-th/9805019;hep-th/9805019;283;30;313
hep-th/0103136;hep-th/0103136;18;20;38
hep-th/0010173;hep-th/0010173;7;8;15
hep-th/0105210;hep-th/0105210;14;29;43
hep-th/0003273;hep-th/0003273;26;10;36
hep-th/9207060;hep-th/9207060;59;0;59
hep-th/9909062;hep-th/9909062;244;30;274
hep-th/9601003;hep-th/9601003;151;0;151
hep-th/9706141;hep-th/9706141;92;6;98
hep-th/0002204;hep-th/0002204;7;11;18
hep-th/9901003;hep-th/9901003;49;14;63
hep-th/9702133;hep-th/9702133;77;17;94
hep-th/9601167;hep-th/9601167;42;16;58
hep-th/9806155;hep-th/9806155;121;5;126
hep-th/9810109;hep-th/9810109;3;6;9
hep-th/0401162;hep-th/0401162;6;11;17
hep-th/0101043;hep-th/0101043;45;38;83
hep-th/9911238;hep-th/9911238;68;30;98
hep-th/0309079;hep-th/0309079;9;2;11
hep-th/0108205;hep-th/0108205;52;47;99
hep-th/9510044;hep-th/9510044;5;0;5
hep-th/0012034;hep-th/0012034;85;0;85
hep-th/9711181;hep-th/9711181;91;9;100
hep-th/0306043;hep-th/0306043;31;13;44
hep-th/0401161;hep-th/0401161;15;15;30
hep-th/9908007;hep-th/9908007;40;29;69
hep-th/0112192;hep-th/0112192;40;21;61
hep-th/0310136;hep-th/0310136;35;34;69
hep-th/0312104;hep-th/0312104;80;62;142
hep-th/0206241;hep-th/0206241;58;0;58
hep-th/0306185;hep-th/0306185;51;50;101
hep-th/0303049;hep-th/0303049;59;49;108
hep-th/0211027;hep-th/0211027;33;14;47
hep-th/0401160;hep-th/0401160;24;43;67
hep-th/9907030;hep-th/9907030;63;11;74
cond-mat/0112439;cond-mat/0112439;1;8;9
gr-qc/9912119;gr-qc/9912119;119;31;150
hep-th/9609075;hep-th/9609075;58;10;68
hep-th/9510159;hep-th/9510159;13;0;13
hep-th/0203048;hep-th/0203048;95;152;247
gr-qc/9411073;gr-qc/9411073;6;4;10
gr-qc/9710076;gr-qc/9710076;60;5;65
gr-qc/9307035;gr-qc/9307035;119;8;127
hep-th/9601073;hep-th/9601073;105;2;107
hep-th/9803025;hep-th/9803025;15;6;21
hep-th/9412232;hep-th/9412232;16;0;16
gr-qc/9409052;gr-qc/9409052;151;4;155
hep-th/9605112;hep-th/9605112;53;8;61
gr-qc/0212096;gr-qc/0212096;105;22;127
hep-th/9808168;hep-th/9808168;21;46;67
hep-th/9306083;hep-th/9306083;33;0;33
hep-th/9903237;hep-th/9903237;23;27;50
hep-th/9211030;hep-th/9211030;57;9;66
gr-qc/9710007;gr-qc/9710007;258;7;265
hep-th/0309218;hep-th/0309218;20;20;40
hep-th/0401167;hep-th/0401167;9;13;22
hep-th/0309138;hep-th/0309138;61;17;78
hep-th/0312194;hep-th/0312194;32;12;44
hep-th/9306063;hep-th/9306063;13;0;13
hep-th/9907191;hep-th/9907191;57;8;65
hep-th/0312208;hep-th/0312208;51;58;109
hep-th/9611192;hep-th/9611192;1;1;2
hep-th/9603006;hep-th/9603006;5;3;8
hep-th/0401165;hep-th/0401165;16;17;33
cond-mat/0003324;cond-mat/0003324;49;7;56
hep-th/0302011;hep-th/0302011;72;52;124
hep-th/9503211;hep-th/9503211;11;11;22
hep-th/9208044;hep-th/9208044;40;4;44
hep-th/0204246;hep-th/0204246;28;22;50
hep-th/9909147;hep-th/9909147;42;7;49
hep-th/0209085;hep-th/0209085;76;25;101
solv-int/9705016;solv-int/9705016;8;8;16
hep-th/9306153;hep-th/9306153;280;23;303
hep-th/9711091;hep-th/9711091;18;6;24
hep-th/9907060;hep-th/9907060;54;20;74
hep-th/9212106;hep-th/9212106;40;0;40
nlin/0001007;nlin/0001007;35;10;45
hep-th/0309010;hep-th/0309010;16;14;30
hep-th/0401164;hep-th/0401164;37;57;94
hep-th/0202142;hep-th/0202142;67;25;92
hep-th/0312143;hep-th/0312143;20;22;42
hep-th/0204110;hep-th/0204110;67;28;95
hep-th/0303249;hep-th/0303249;22;30;52
astro-ph/0009209;astro-ph/0009209;104;15;119
hep-th/0201189;hep-th/0201189;33;19;52
hep-th/0011241;hep-th/0011241;96;54;150
hep-th/0306079;hep-th/0306079;38;48;86
hep-th/0209159;hep-th/0209159;52;22;74
hep-th/0301229;hep-th/0301229;29;33;62
hep-ph/9306321;hep-ph/9306321;11;2;13
astro-ph/0104043;astro-ph/0104043;97;8;105
hep-th/0005209;hep-th/0005209;234;11;245
astro-ph/0005432;astro-ph/0005432;170;5;175
astro-ph/0103225;astro-ph/0103225;121;14;135
hep-th/0208167;hep-th/0208167;49;0;49
hep-th/0307014;hep-th/0307014;23;4;27
hep-th/0308135;hep-th/0308135;21;21;42
hep-th/0311180;hep-th/0311180;8;10;18
hep-ph/0309265;hep-ph/0309265;16;31;47
hep-th/0304066;hep-th/0304066;6;12;18
hep-th/0104102;hep-th/0104102;134;22;156
hep-th/0210233;hep-th/0210233;71;24;95
hep-th/0203113;hep-th/0203113;33;15;48
astro-ph/0005533;astro-ph/0005533;131;20;151
gr-qc/0203060;gr-qc/0203060;59;25;84
hep-th/0112122;hep-th/0112122;40;23;63
hep-th/0206149;hep-th/0206149;48;24;72
astro-ph/0101451;astro-ph/0101451;99;10;109
astro-ph/0012031;astro-ph/0012031;31;8;39
hep-th/0302184;hep-th/0302184;51;12;63
hep-ph/0305074;hep-ph/0305074;9;25;34
astro-ph/0109107;astro-ph/0109107;45;11;56
hep-th/0112258;hep-th/0112258;110;20;130
hep-th/0110226;hep-th/0110226;106;14;120
0903.0568;0903.0568;0;9;9
hep-th/0505154;hep-th/0505154;83;50;133
hep-th/0604212;hep-th/0604212;20;27;47
hep-th/0505113;hep-th/0505113;79;12;91
hep-th/0404156;hep-th/0404156;85;21;106
hep-th/9611193;hep-th/9611193;16;1;17
hep-th/9609141;hep-th/9609141;12;0;12
hep-th/0301083;hep-th/0301083;6;23;29
hep-th/0205092;hep-th/0205092;16;0;16
hep-th/0102060;hep-th/0102060;15;18;33
hep-th/9904063;hep-th/9904063;59;37;96
hep-th/0205106;hep-th/0205106;67;42;109
hep-th/0205104;hep-th/0205104;18;43;61
hep-th/0112177;hep-th/0112177;16;27;43
hep-th/0206070;hep-th/0206070;53;0;53
hep-th/9903241;hep-th/9903241;34;13;47
hep-th/0010195;hep-th/0010195;4;26;30
hep-th/0005270;hep-th/0005270;93;5;98
hep-th/0202111;hep-th/0202111;201;31;232
hep-th/9901060;hep-th/9901060;40;16;56
hep-th/0003261;hep-th/0003261;34;26;60
hep-th/9712130;hep-th/9712130;99;29;128
hep-th/0204054;hep-th/0204054;189;74;263
hep-th/9611194;hep-th/9611194;10;4;14
hep-th/9506186;hep-th/9506186;9;4;13
hep-th/9610192;hep-th/9610192;28;0;28
hep-th/9601078;hep-th/9601078;61;6;67
hep-th/9611124;hep-th/9611124;14;5;19
hep-th/0301082;hep-th/0301082;0;4;4
hep-th/0208113;hep-th/0208113;3;8;11
hep-th/0202085;hep-th/0202085;7;0;7
math-ph/9805013;math-ph/9805013;8;0;8
hep-th/9606046;hep-th/9606046;10;3;13
0903.0567;0903.0567;0;2;2
gr-qc/9310027;gr-qc/9310027;7;2;9
gr-qc/0603111;gr-qc/0603111;6;1;7
hep-th/9611195;hep-th/9611195;22;20;42
hep-th/9611149;hep-th/9611149;52;24;76
hep-th/9511228;hep-th/9511228;15;0;15
hep-th/9608194;hep-th/9608194;24;20;44
hep-th/9611196;hep-th/9611196;21;24;45
hep-th/9608111;hep-th/9608111;154;19;173
hep-th/9609219;hep-th/9609219;95;31;126
hep-th/9609070;hep-th/9609070;99;16;115
hep-th/9609071;hep-th/9609071;76;30;106
hep-th/9602010;hep-th/9602010;39;25;64
hep-th/9605222;hep-th/9605222;28;23;51
hep-th/9609046;hep-th/9609046;29;7;36
hep-th/9611197;hep-th/9611197;38;22;60
hep-th/9510228;hep-th/9510228;45;21;66
hep-th/9608077;hep-th/9608077;11;3;14
hep-th/9505051;hep-th/9505051;62;10;72
hep-th/9605232;hep-th/9605232;32;19;51
hep-th/9611088;hep-th/9611088;19;21;40
hep-th/9505088;hep-th/9505088;50;20;70
hep-th/9602031;hep-th/9602031;42;16;58
hep-th/9602035;hep-th/9602035;19;0;19
hep-th/9603034;hep-th/9603034;24;18;42
hep-th/9607210;hep-th/9607210;44;20;64
hep-th/9609230;hep-th/9609230;4;12;16
hep-th/0508086;hep-th/0508086;8;50;58
hep-th/0507241;hep-th/0507241;6;50;56
hep-th/9712239;hep-th/9712239;90;11;101
hep-th/9806072;hep-th/9806072;15;0;15
hep-th/0104246;hep-th/0104246;62;9;71
hep-th/0105001;hep-th/0105001;81;17;98
hep-th/0502220;hep-th/0502220;21;67;88
hep-th/0209056;hep-th/0209056;57;34;91
hep-th/0110196;hep-th/0110196;109;8;117
hep-th/9807150;hep-th/9807150;35;0;35
hep-th/0409260;hep-th/0409260;24;18;42
hep-th/0107186;hep-th/0107186;53;13;66
hep-th/0210114;hep-th/0210114;87;31;118
hep-th/0409304;hep-th/0409304;28;80;108
hep-th/0405057;hep-th/0405057;49;96;145
hep-th/0401177;hep-th/0401177;73;50;123
hep-th/0003203;hep-th/0003203;67;58;125
hep-th/0011112;hep-th/0011112;9;20;29
hep-th/0212181;hep-th/0212181;30;24;54
hep-th/9912205;hep-th/9912205;63;0;63
hep-th/0304217;hep-th/0304217;31;30;61
hep-th/9807090;hep-th/9807090;38;21;59
hep-th/0205131;hep-th/0205131;110;66;176
hep-th/0201226;hep-th/0201226;42;25;67
hep-th/0309177;hep-th/0309177;35;24;59
hep-th/0305040;hep-th/0305040;40;25;65
hep-th/0409292;hep-th/0409292;13;27;40
hep-th/9612250;hep-th/9612250;7;5;12
hep-th/9605207;hep-th/9605207;4;5;9
hep-th/9306132;hep-th/9306132;33;0;33
hep-th/9306131;hep-th/9306131;10;0;10
hep-th/0604165;hep-th/0604165;4;28;32
hep-th/0008082;hep-th/0008082;26;11;37
hep-th/0203168;hep-th/0203168;33;13;46
hep-th/0511061;hep-th/0511061;14;17;31
hep-th/0404236;hep-th/0404236;56;16;72
hep-th/0112178;hep-th/0112178;32;27;59
hep-th/0201172;hep-th/0201172;31;15;46
hep-th/0210093;hep-th/0210093;31;25;56
hep-th/0112264;hep-th/0112264;69;12;81
hep-th/0602106;hep-th/0602106;15;34;49
hep-th/0212138;hep-th/0212138;42;23;65
hep-th/0206207;hep-th/0206207;7;24;31
hep-th/0404261;hep-th/0404261;52;17;69
hep-th/0201258;hep-th/0201258;12;35;47
hep-th/0201100;hep-th/0201100;29;9;38
hep-th/0603185;hep-th/0603185;30;38;68
hep-th/0105309;hep-th/0105309;67;0;67
hep-th/9910267;hep-th/9910267;70;8;78
hep-th/0108017;hep-th/0108017;54;23;77
hep-th/0012102;hep-th/0012102;16;50;66
hep-th/0005025;hep-th/0005025;112;29;141
hep-th/0011156;hep-th/0011156;215;24;239
hep-th/0004067;hep-th/0004067;102;22;124
hep-th/0010232;hep-th/0010232;67;29;96
hep-th/0106097;hep-th/0106097;12;15;27
hep-th/0012073;hep-th/0012073;22;27;49
hep-th/9912187;hep-th/9912187;39;36;75
hep-th/0006146;hep-th/0006146;51;22;73
hep-th/0003052;hep-th/0003052;166;29;195
hep-th/9612251;hep-th/9612251;8;24;32
hep-th/9608117;hep-th/9608117;169;0;169
hep-th/9611215;hep-th/9611215;81;0;81
hep-th/9611233;hep-th/9611233;50;11;61
hep-th/9612144;hep-th/9612144;15;0;15
hep-th/9612162;hep-th/9612162;69;22;91
hep-th/9612126;hep-th/9612126;140;18;158
hep-th/9612215;hep-th/9612215;25;28;53
hep-th/9612087;hep-th/9612087;82;25;107
hep-th/9611202;hep-th/9611202;196;16;212
hep-th/9611042;hep-th/9611042;309;22;331
hep-th/9611103;hep-th/9611103;36;8;44
hep-th/9611164;hep-th/9611164;85;0;85
hep-th/9612157;hep-th/9612157;207;9;216
hep-th/9612223;hep-th/9612223;60;29;89
hep-th/9612222;hep-th/9612222;97;12;109
hep-th/0501181;hep-th/0501181;14;8;22
hep-th/0312276;hep-th/0312276;24;8;32
hep-th/9701081;hep-th/9701081;37;8;45
hep-th/0501134;hep-th/0501134;16;5;21
hep-th/0104038;hep-th/0104038;22;7;29
hep-th/9803199;hep-th/9803199;3;14;17
hep-th/0109124;hep-th/0109124;6;10;16
hep-th/0108016;hep-th/0108016;12;40;52
hep-th/0104026;hep-th/0104026;26;43;69
hep-th/0008081;hep-th/0008081;75;43;118
hep-th/0102105;hep-th/0102105;57;16;73
hep-th/0002159;hep-th/0002159;312;43;355
hep-th/9707068;hep-th/9707068;153;20;173
hep-th/9912275;hep-th/9912275;105;33;138
hep-th/0012193;hep-th/0012193;14;33;47
hep-th/0011146;hep-th/0011146;55;34;89
hep-th/9911161;hep-th/9911161;189;51;240
hep-th/0101013;hep-th/0101013;49;37;86
hep-th/0106014;hep-th/0106014;146;57;203
hep-th/0103022;hep-th/0103022;22;19;41
hep-th/9912157;hep-th/9912157;15;26;41
hep-th/0012035;hep-th/0012035;28;0;28
hep-th/0105258;hep-th/0105258;33;49;82
hep-th/9906242;hep-th/9906242;117;54;171
hep-th/0102172;hep-th/0102172;59;23;82
hep-th/9910109;hep-th/9910109;49;36;85
hep-th/0003033;hep-th/0003033;15;45;60
hep-th/0107057;hep-th/0107057;94;50;144
hep-th/0011193;hep-th/0011193;74;46;120
hep-th/9912161;hep-th/9912161;125;10;135
hep-th/0105077;hep-th/0105077;37;20;57
hep-th/9908060;hep-th/9908060;37;34;71
hep-th/0010088;hep-th/0010088;105;38;143
hep-th/9802088;hep-th/9802088;77;26;103
hep-th/9911096;hep-th/9911096;172;31;203
hep-th/0105159;hep-th/0105159;21;32;53
hep-th/9906214;hep-th/9906214;56;19;75
0902.4819;0902.4819;0;5;5
hep-th/9410046;hep-th/9410046;33;16;49
gr-qc/0611111;gr-qc/0611111;5;10;15
hep-th/0104035;hep-th/0104035;146;14;160
gr-qc/0603080;gr-qc/0603080;11;8;19
hep-th/0410063;hep-th/0410063;18;0;18
hep-ph/0603137;hep-ph/0603137;14;34;48
astro-ph/0308169;astro-ph/0308169;72;19;91
hep-ph/0112143;hep-ph/0112143;12;37;49
hep-ph/0506054;hep-ph/0506054;24;0;24
hep-ph/0104260;hep-ph/0104260;17;16;33
hep-ph/0107291;hep-ph/0107291;75;16;91
hep-ph/0212382;hep-ph/0212382;27;14;41
hep-th/9912094;hep-th/9912094;201;13;214
hep-th/0407111;hep-th/0407111;28;35;63
hep-th/0209234;hep-th/0209234;22;11;33
hep-th/0206035;hep-th/0206035;42;31;73
hep-ph/0010354;hep-ph/0010354;69;75;144
hep-th/0408197;hep-th/0408197;20;27;47
hep-th/0212176;hep-th/0212176;23;7;30
hep-ph/0105090;hep-ph/0105090;23;25;48
hep-th/0510108;hep-th/0510108;3;24;27
hep-th/9907110;hep-th/9907110;58;13;71
hep-th/0109191;hep-th/0109191;26;37;63
hep-th/0309159;hep-th/0309159;8;23;31
hep-th/0309155;hep-th/0309155;18;11;29
hep-th/0406006;hep-th/0406006;31;72;103
hep-th/0312080;hep-th/0312080;8;17;25
hep-ph/0401097;hep-ph/0401097;17;13;30
hep-th/0306176;hep-th/0306176;28;13;41
hep-th/0409012;hep-th/0409012;43;20;63
0812.4363;0812.4363;0;15;15
hep-th/0011166;hep-th/0011166;20;55;75
hep-th/0011121;hep-th/0011121;22;13;35
hep-th/0112010;hep-th/0112010;19;10;29
hep-th/0209128;hep-th/0209128;11;15;26
hep-th/0208137;hep-th/0208137;14;10;24
hep-th/9911199;hep-th/9911199;27;19;46
hep-th/0106032;hep-th/0106032;18;12;30
hep-th/9908110;hep-th/9908110;19;21;40
hep-th/0008065;hep-th/0008065;27;19;46
hep-th/0107220;hep-th/0107220;36;30;66
hep-th/0306097;hep-th/0306097;32;14;46
hep-th/0212190;hep-th/0212190;11;22;33
hep-th/0107261;hep-th/0107261;26;26;52
hep-ph/0009331;hep-ph/0009331;5;4;9
hep-ph/9905239;hep-ph/9905239;10;9;19
hep-ph/9801430;hep-ph/9801430;41;5;46
hep-ph/9903462;hep-ph/9903462;4;3;7
gr-qc/0602075;gr-qc/0602075;4;3;7
hep-th/0209264;hep-th/0209264;6;25;31
gr-qc/0207004;gr-qc/0207004;15;12;27
hep-ph/0611009;hep-ph/0611009;6;41;47
gr-qc/0105061;gr-qc/0105061;4;3;7
hep-th/0009176;hep-th/0009176;66;39;105
hep-th/0004004;hep-th/0004004;36;20;56
hep-th/9906038;hep-th/9906038;207;8;215
hep-th/0101154;hep-th/0101154;29;25;54
hep-th/9808138;hep-th/9808138;174;16;190
hep-ph/0601029;hep-ph/0601029;21;54;75
hep-ph/0609001;hep-ph/0609001;25;54;79
hep-ph/0511159;hep-ph/0511159;14;49;63
hep-th/0504073;hep-th/0504073;9;11;20
gr-qc/0510112;gr-qc/0510112;51;16;67
hep-ph/0510420;hep-ph/0510420;8;64;72
hep-ph/0304099;hep-ph/0304099;8;52;60
hep-ph/0606051;hep-ph/0606051;22;68;90
gr-qc/9712017;gr-qc/9712017;22;12;34
hep-th/0107137;hep-th/0107137;4;19;23
hep-ph/0503178;hep-ph/0503178;10;23;33
hep-ph/0507138;hep-ph/0507138;27;63;90
hep-th/0105205;hep-th/0105205;6;18;24
hep-th/9203054;hep-th/9203054;58;0;58
gr-qc/9706005;gr-qc/9706005;11;4;15
gr-qc/9806032;gr-qc/9806032;10;5;15
gr-qc/0602077;gr-qc/0602077;11;16;27
hep-th/0501130;hep-th/0501130;86;82;168
astro-ph/0508019;astro-ph/0508019;2;11;13
hep-th/0505151;hep-th/0505151;36;34;70
hep-th/0601230;hep-th/0601230;7;18;25
hep-th/0411230;hep-th/0411230;48;104;152
astro-ph/0510492;astro-ph/0510492;12;79;91
hep-th/0601178;hep-th/0601178;24;64;88
gr-qc/0206085;gr-qc/0206085;37;15;52
hep-th/0511079;hep-th/0511079;8;41;49
astro-ph/9904309;astro-ph/9904309;74;7;81
hep-th/0312102;hep-th/0312102;23;50;73
hep-th/9808098;hep-th/9808098;0;13;13
hep-th/9406212;hep-th/9406212;16;6;22
hep-th/9305052;hep-th/9305052;46;0;46
hep-th/9603186;hep-th/9603186;42;4;46
hep-th/9606054;hep-th/9606054;12;14;26
hep-th/9710104;hep-th/9710104;26;22;48
hep-th/9706184;hep-th/9706184;4;9;13
hep-th/9404094;hep-th/9404094;17;5;22
hep-th/9706198;hep-th/9706198;7;9;16
hep-th/9711006;hep-th/9711006;8;26;34
0805.4302;0805.4302;0;4;4
hep-th/0605125;hep-th/0605125;10;9;19
gr-qc/0609122;gr-qc/0609122;9;7;16
gr-qc/0411035;gr-qc/0411035;24;3;27
hep-th/0108013;hep-th/0108013;44;27;71
hep-th/0005193;hep-th/0005193;49;11;60
hep-th/0104181;hep-th/0104181;148;8;156
hep-th/0104180;hep-th/0104180;147;13;160
hep-th/0106050;hep-th/0106050;60;18;78
hep-th/9910174;hep-th/9910174;176;66;242
hep-th/0102077;hep-th/0102077;123;28;151
hep-th/0006232;hep-th/0006232;117;36;153
hep-th/0007064;hep-th/0007064;131;57;188
hep-th/0106127;hep-th/0106127;19;136;155
hep-th/0106067;hep-th/0106067;38;9;47
hep-th/9202018;hep-th/9202018;37;1;38
hep-th/0612184;hep-th/0612184;5;2;7
gr-qc/9801099;gr-qc/9801099;23;0;23
hep-th/0610253;hep-th/0610253;23;8;31
gr-qc/9909061;gr-qc/9909061;36;14;50
gr-qc/9503052;gr-qc/9503052;82;7;89
hep-th/9908089;hep-th/9908089;17;14;31
gr-qc/9503020;gr-qc/9503020;44;12;56
hep-th/9903033;hep-th/9903033;61;23;84
hep-th/9902156;hep-th/9902156;4;30;34
gr-qc/9506079;gr-qc/9506079;110;42;152
hep-th/9804062;hep-th/9804062;17;55;72
hep-th/9806026;hep-th/9806026;123;32;155
gr-qc/0506030;gr-qc/0506030;3;11;14
hep-th/0011232;hep-th/0011232;3;7;10
hep-th/0303002;hep-th/0303002;2;4;6
gr-qc/0103059;gr-qc/0103059;2;7;9
hep-th/9604056;hep-th/9604056;7;45;52
hep-th/0212115;hep-th/0212115;5;3;8
hep-th/0307205;hep-th/0307205;6;0;6
hep-th/0011134;hep-th/0011134;4;8;12
hep-th/9903153;hep-th/9903153;11;15;26
hep-th/0506041;hep-th/0506041;17;33;50
hep-th/0108137;hep-th/0108137;62;29;91
hep-th/9712230;hep-th/9712230;162;19;181
hep-th/0209228;hep-th/0209228;41;30;71
hep-th/9907186;hep-th/9907186;58;11;69
hep-th/9610140;hep-th/9610140;140;19;159
hep-th/9207094;hep-th/9207094;317;0;317
hep-th/0412209;hep-th/0412209;40;28;68
hep-th/0403166;hep-th/0403166;89;91;180
hep-th/0003263;hep-th/0003263;101;32;133
hep-th/0206152;hep-th/0206152;40;38;78
hep-th/0109063;hep-th/0109063;82;32;114
hep-th/9906200;hep-th/9906200;219;62;281
hep-th/0003085;hep-th/0003085;123;29;152
hep-th/9810201;hep-th/9810201;274;68;342
hep-th/0405134;hep-th/0405134;27;32;59
hep-th/0405118;hep-th/0405118;27;33;60
hep-th/0104259;hep-th/0104259;62;20;82
hep-th/0310262;hep-th/0310262;29;33;62
hep-th/0203111;hep-th/0203111;14;27;41
math/0001043;math/0001043;30;1;31
hep-th/0407123;hep-th/0407123;14;0;14
hep-th/0402110;hep-th/0402110;55;53;108
hep-th/0104147;hep-th/0104147;69;34;103
hep-th/0109053;hep-th/0109053;81;19;100
hep-th/0212021;hep-th/0212021;47;22;69
solv-int/9902001;solv-int/9902001;0;9;9
hep-th/9409153;hep-th/9409153;4;6;10
hep-th/9310089;hep-th/9310089;7;3;10
hep-th/9710099;hep-th/9710099;15;13;28
cond-mat/9407104;cond-mat/9407104;2;0;2
hep-th/9208066;hep-th/9208066;35;0;35
hep-th/9411112;hep-th/9411112;42;13;55
0708.4270;0708.4270;0;3;3
hep-th/9303136;hep-th/9303136;48;1;49
hep-th/9205088;hep-th/9205088;119;0;119
hep-th/9211096;hep-th/9211096;48;2;50
hep-ph/0006190;hep-ph/0006190;49;201;250
hep-th/9812118;hep-th/9812118;88;51;139
hep-ph/9807522;hep-ph/9807522;69;11;80
hep-th/0208020;hep-th/0208020;298;0;298
hep-th/0004100;hep-th/0004100;18;22;40
hep-th/9709043;hep-th/9709043;50;18;68
hep-th/9311183;hep-th/9311183;68;1;69
hep-th/9604129;hep-th/9604129;164;24;188
hep-th/9707126;hep-th/9707126;85;72;157
hep-th/9808056;hep-th/9808056;37;15;52
hep-th/9810010;hep-th/9810010;67;16;83
hep-ph/9903422;hep-ph/9903422;95;9;104
hep-th/9807011;hep-th/9807011;104;45;149
hep-ph/0001166;hep-ph/0001166;61;24;85
hep-th/9602045;hep-th/9602045;153;142;295
hep-th/9811089;hep-th/9811089;57;55;112
hep-th/9911081;hep-th/9911081;88;58;146
hep-ph/9906431;hep-ph/9906431;13;52;65
hep-th/9509080;hep-th/9509080;119;0;119
hep-th/9903019;hep-th/9903019;48;37;85
hep-th/9611205;hep-th/9611205;61;18;79
hep-th/9811141;hep-th/9811141;122;24;146
hep-th/9910210;hep-th/9910210;1;20;21
hep-ph/9902323;hep-ph/9902323;48;12;60
hep-th/0002149;hep-th/0002149;46;0;46
hep-th/9909171;hep-th/9909171;6;11;17
hep-th/9603113;hep-th/9603113;36;27;63
hep-th/9811193;hep-th/9811193;65;0;65
hep-th/0005029;hep-th/0005029;82;73;155
hep-th/9506014;hep-th/9506014;121;5;126
hep-th/9903062;hep-th/9903062;5;3;8
hep-th/9803194;hep-th/9803194;154;54;208
hep-th/9611214;hep-th/9611214;76;0;76
hep-th/9908146;hep-th/9908146;25;36;61
hep-th/0006033;hep-th/0006033;35;51;86
hep-ph/9903400;hep-ph/9903400;27;30;57
hep-th/9906039;hep-th/9906039;100;75;175
hep-th/9802190;hep-th/9802190;11;10;21
hep-th/9711059;hep-th/9711059;36;24;60
hep-th/9908072;hep-th/9908072;103;43;146
hep-th/9912150;hep-th/9912150;18;17;35
hep-th/9807079;hep-th/9807079;9;24;33
hep-ph/9904301;hep-ph/9904301;53;29;82
hep-ph/9807415;hep-ph/9807415;80;24;104
hep-ph/9811501;hep-ph/9811501;20;13;33
hep-th/9708031;hep-th/9708031;35;6;41
hep-ph/9811355;hep-ph/9811355;30;18;48
hep-th/9804092;hep-th/9804092;89;54;143
hep-th/9901103;hep-th/9901103;10;29;39
hep-th/0003236;hep-th/0003236;83;13;96
hep-th/9807076;hep-th/9807076;63;11;74
hep-th/9904071;hep-th/9904071;60;24;84
hep-th/9711201;hep-th/9711201;83;71;154
hep-th/9911205;hep-th/9911205;16;0;16
hep-th/9908064;hep-th/9908064;84;32;116
hep-th/9911190;hep-th/9911190;44;12;56
hep-th/9511194;hep-th/9511194;135;1;136
hep-th/9505098;hep-th/9505098;27;23;50
hep-th/9812158;hep-th/9812158;45;15;60
hep-ph/9811350;hep-ph/9811350;162;48;210
hep-th/9703059;hep-th/9703059;111;37;148
hep-th/9712022;hep-th/9712022;4;27;31
hep-th/9904092;hep-th/9904092;44;36;80
hep-th/9712028;hep-th/9712028;188;26;214
hep-ph/9812489;hep-ph/9812489;123;50;173
hep-th/9808141;hep-th/9808141;286;27;313
hep-th/9609211;hep-th/9609211;24;6;30
hep-ph/9807479;hep-ph/9807479;39;26;65
hep-th/9904151;hep-th/9904151;15;36;51
hep-th/9603097;hep-th/9603097;172;14;186
hep-ph/9910230;hep-ph/9910230;48;0;48
hep-ph/9811337;hep-ph/9811337;137;10;147
hep-th/9605042;hep-th/9605042;56;25;81
hep-ph/9812397;hep-ph/9812397;111;73;184
hep-th/9701048;hep-th/9701048;26;16;42
hep-th/9907184;hep-th/9907184;59;35;94
hep-th/9707148;hep-th/9707148;51;10;61
hep-ph/9904232;hep-ph/9904232;12;33;45
hep-th/9605028;hep-th/9605028;71;39;110
hep-th/9801204;hep-th/9801204;10;12;22
hep-ph/9906327;hep-ph/9906327;23;22;45
hep-th/9910090;hep-th/9910090;15;29;44
hep-th/9704177;hep-th/9704177;105;21;126
hep-th/9711014;hep-th/9711014;12;11;23
hep-ph/0004091;hep-ph/0004091;27;27;54
hep-th/9804208;hep-th/9804208;66;43;109
hep-th/9606036;hep-th/9606036;75;26;101
hep-th/9803141;hep-th/9803141;84;23;107
hep-th/9808139;hep-th/9808139;191;0;191
hep-th/0003185;hep-th/0003185;24;34;58
hep-th/9909116;hep-th/9909116;33;20;53
hep-th/9803254;hep-th/9803254;3;15;18
hep-th/9903028;hep-th/9903028;29;15;44
hep-th/9604065;hep-th/9604065;84;38;122
hep-th/9807213;hep-th/9807213;48;13;61
hep-ph/9910277;hep-ph/9910277;16;56;72
hep-ph/9907522;hep-ph/9907522;8;36;44
hep-ph/9907520;hep-ph/9907520;20;25;45
hep-ph/9905349;hep-ph/9905349;22;44;66
hep-th/0005162;hep-th/0005162;14;45;59
hep-ph/9812221;hep-ph/9812221;34;45;79
hep-th/9503207;hep-th/9503207;128;3;131
hep-ph/9704247;hep-ph/9704247;38;13;51
hep-th/0003078;hep-th/0003078;5;27;32
hep-th/0004070;hep-th/0004070;2;33;35
hep-th/9912108;hep-th/9912108;32;20;52
hep-th/9812093;hep-th/9812093;65;43;108
hep-th/9905159;hep-th/9905159;83;5;88
hep-th/9911019;hep-th/9911019;22;31;53
hep-ph/0004214;hep-ph/0004214;103;27;130
hep-th/9902055;hep-th/9902055;48;40;88
0902.0205;0902.0205;0;5;5
gr-qc/0102009;gr-qc/0102009;8;8;16
hep-th/0509126;hep-th/0509126;11;20;31
gr-qc/0407003;gr-qc/0407003;6;16;22
0909.2527;0909.2527;0;19;19
cond-mat/0506051;cond-mat/0506051;13;6;19
hep-th/0510138;hep-th/0510138;4;20;24
hep-th/0504183;hep-th/0504183;178;35;213
hep-th/0602151;hep-th/0602151;16;21;37
hep-th/0505064;hep-th/0505064;39;13;52
cond-mat/0509806;cond-mat/0509806;14;4;18
hep-th/9309034;hep-th/9309034;72;3;75
hep-th/0605277;hep-th/0605277;13;11;24
hep-th/0411224;hep-th/0411224;24;8;32
hep-th/0504132;hep-th/0504132;34;16;50
math/9810043;math/9810043;6;4;10
hep-th/9501088;hep-th/9501088;13;4;17
q-alg/9601011;q-alg/9601011;6;11;17
hep-th/0506046;hep-th/0506046;3;1;4
hep-th/0308020;hep-th/0308020;6;3;9
hep-th/9808093;hep-th/9808093;3;4;7
hep-th/9702174;hep-th/9702174;91;6;97
hep-th/9712046;hep-th/9712046;54;17;71
hep-th/9808092;hep-th/9808092;2;0;2
hep-th/0404107;hep-th/0404107;36;39;75
hep-th/0301063;hep-th/0301063;35;7;42
hep-th/0307142;hep-th/0307142;31;40;71
hep-th/0108113;hep-th/0108113;4;36;40
hep-th/0302047;hep-th/0302047;39;26;65
hep-th/0311112;hep-th/0311112;72;32;104
hep-th/0402153;hep-th/0402153;135;42;177
hep-th/0403220;hep-th/0403220;52;34;86
hep-th/0311119;hep-th/0311119;33;42;75
hep-th/0403005;hep-th/0403005;19;31;50
hep-th/0107127;hep-th/0107127;2;21;23
hep-th/0308156;hep-th/0308156;50;187;237
hep-th/9805131;hep-th/9805131;109;52;161
hep-th/0010010;hep-th/0010010;85;26;111
hep-th/0403006;hep-th/0403006;11;19;30
hep-th/0009211;hep-th/0009211;148;30;178
hep-th/0303127;hep-th/0303127;55;18;73
hep-th/0311122;hep-th/0311122;82;17;99
hep-th/9907152;hep-th/9907152;95;19;114
hep-th/0011114;hep-th/0011114;36;19;55
hep-th/0403288;hep-th/0403288;41;78;119
hep-th/0311146;hep-th/0311146;52;60;112
hep-th/0306225;hep-th/0306225;66;45;111
hep-th/0011236;hep-th/0011236;19;0;19
hep-th/9901055;hep-th/9901055;28;22;50
hep-th/9912106;hep-th/9912106;17;23;40
hep-th/0010282;hep-th/0010282;32;22;54
hep-th/0308045;hep-th/0308045;29;47;76
hep-th/0306098;hep-th/0306098;24;14;38
hep-th/0404104;hep-th/0404104;34;24;58
hep-th/0306057;hep-th/0306057;36;14;50
hep-th/0403025;hep-th/0403025;43;25;68
hep-th/0307184;hep-th/0307184;22;40;62
hep-th/0402144;hep-th/0402144;70;27;97
hep-th/0110039;hep-th/0110039;50;22;72
hep-th/0112034;hep-th/0112034;41;12;53
hep-th/0404073;hep-th/0404073;60;30;90
hep-th/0204161;hep-th/0204161;35;14;49
hep-th/0112054;hep-th/0112054;70;13;83
hep-th/0204062;hep-th/0204062;36;7;43
hep-th/0204103;hep-th/0204103;30;46;76
hep-th/0212159;hep-th/0212159;15;11;26
hep-th/0205265;hep-th/0205265;31;32;63
hep-th/0206185;hep-th/0206185;19;20;39
hep-th/0103148;hep-th/0103148;62;20;82
hep-th/0310008;hep-th/0310008;87;36;123
hep-th/0108207;hep-th/0108207;23;18;41
hep-th/0309135;hep-th/0309135;18;43;61
hep-th/0307048;hep-th/0307048;14;13;27
hep-th/0105095;hep-th/0105095;38;0;38
hep-th/0111156;hep-th/0111156;13;29;42
hep-th/0404100;hep-th/0404100;9;37;46
hep-th/0303113;hep-th/0303113;10;23;33
hep-th/0306276;hep-th/0306276;8;19;27
hep-th/9710243;hep-th/9710243;67;0;67
hep-th/0003103;hep-th/0003103;53;19;72
hep-th/0005137;hep-th/0005137;27;0;27
hep-th/9912132;hep-th/9912132;47;58;105
hep-th/0203146;hep-th/0203146;21;12;33
hep-th/0012125;hep-th/0012125;6;8;14
hep-th/9808117;hep-th/9808117;55;20;75
hep-th/0003286;hep-th/0003286;82;23;105
hep-th/0203202;hep-th/0203202;32;30;62
hep-th/0209205;hep-th/0209205;28;29;57
hep-th/0203206;hep-th/0203206;65;9;74
hep-th/0009048;hep-th/0009048;29;14;43
hep-th/9811167;hep-th/9811167;66;47;113
hep-th/0112132;hep-th/0112132;3;0;3
hep-th/0210011;hep-th/0210011;7;0;7
hep-th/0401151;hep-th/0401151;7;21;28
hep-th/9905075;hep-th/9905075;83;17;100
hep-th/9909121;hep-th/9909121;62;32;94
hep-th/0204156;hep-th/0204156;25;7;32
hep-th/0306179;hep-th/0306179;22;18;40
hep-th/9909041;hep-th/9909041;57;30;87
hep-th/0004201;hep-th/0004201;4;17;21
hep-th/9906194;hep-th/9906194;173;30;203
hep-th/0404101;hep-th/0404101;5;19;24
hep-th/0211098;hep-th/0211098;99;0;99
hep-th/0009188;hep-th/0009188;22;7;29
hep-th/0312145;hep-th/0312145;20;22;42
hep-th/0110171;hep-th/0110171;53;44;97
hep-th/0311117;hep-th/0311117;20;27;47
hep-th/0205297;hep-th/0205297;112;29;141
hep-th/9412236;hep-th/9412236;120;0;120
0905.3543;0905.3543;0;16;16
hep-th/0008164;hep-th/0008164;48;34;82
hep-th/0603139;hep-th/0603139;2;10;12
hep-th/0310071;hep-th/0310071;12;6;18
hep-th/0503093;hep-th/0503093;5;15;20
hep-th/0510185;hep-th/0510185;3;10;13
hep-th/9807107;hep-th/9807107;13;11;24
hep-th/0506106;hep-th/0506106;6;10;16
hep-th/0106013;hep-th/0106013;14;31;45
hep-th/0104135;hep-th/0104135;23;28;51
hep-th/0302193;hep-th/0302193;13;10;23
hep-th/9610160;hep-th/9610160;2;0;2
hep-th/0005117;hep-th/0005117;16;19;35
hep-th/0410003;hep-th/0410003;5;32;37
hep-th/0212100;hep-th/0212100;15;17;32
hep-th/0407093;hep-th/0407093;8;13;21
hep-th/0606219;hep-th/0606219;1;12;13
0906.5366;0906.5366;0;6;6
hep-th/9904176;hep-th/9904176;182;1;183
astro-ph/0507075;astro-ph/0507075;2;6;8
astro-ph/0602540;astro-ph/0602540;19;12;31
hep-ph/9803371;hep-ph/9803371;14;12;26
hep-lat/9802037;hep-lat/9802037;13;10;23
hep-th/9701172;hep-th/9701172;46;3;49
hep-ph/9405262;hep-ph/9405262;77;0;77
hep-th/9605027;hep-th/9605027;11;8;19
cond-mat/9710288;cond-mat/9710288;10;8;18
hep-th/9308045;hep-th/9308045;41;1;42
hep-ph/9611412;hep-ph/9611412;16;4;20
hep-ph/9501304;hep-ph/9501304;63;4;67
hep-ph/9412257;hep-ph/9412257;52;0;52
hep-ph/9509320;hep-ph/9509320;83;7;90
hep-ph/9704394;hep-ph/9704394;22;10;32
hep-ph/9803372;hep-ph/9803372;20;5;25
hep-th/9603152;hep-th/9603152;33;0;33
hep-ph/9509413;hep-ph/9509413;16;1;17
hep-ph/9402256;hep-ph/9402256;3;0;3
nucl-th/9505009;nucl-th/9505009;10;2;12
hep-ph/9405352;hep-ph/9405352;77;1;78
hep-ph/0210057;hep-ph/0210057;9;4;13
0803.1058;0803.1058;0;10;10
math/0611100;math/0611100;3;0;3
hep-ph/0605166;hep-ph/0605166;8;24;32
funct-an/9702001;funct-an/9702001;24;8;32
hep-th/0607078;hep-th/0607078;11;25;36
hep-th/9706105;hep-th/9706105;20;0;20
hep-th/0605011;hep-th/0605011;14;1;15
math/0011194;math/0011194;58;7;65
0908.3761;0908.3761;0;4;4
hep-th/0003011;hep-th/0003011;21;0;21
hep-th/0106137;hep-th/0106137;2;2;4
hep-th/9505138;hep-th/9505138;7;9;16
hep-th/9309142;hep-th/9309142;60;4;64
hep-th/9304141;hep-th/9304141;87;2;89
hep-th/9207025;hep-th/9207025;5;2;7
hep-th/9404108;hep-th/9404108;75;0;75
hep-th/9311027;hep-th/9311027;22;7;29
hep-th/9310188;hep-th/9310188;79;1;80
hep-th/9306002;hep-th/9306002;340;2;342
hep-th/9504018;hep-th/9504018;23;10;33
hep-th/9505139;hep-th/9505139;7;6;13
hep-th/9401031;hep-th/9401031;20;3;23
hep-th/9505136;hep-th/9505136;13;3;16
hep-th/9302067;hep-th/9302067;1;0;1
hep-th/9505137;hep-th/9505137;0;1;1
hep-th/9412080;hep-th/9412080;2;6;8
hep-th/9505134;hep-th/9505134;3;5;8
hep-th/9409023;hep-th/9409023;13;0;13
hep-th/9309015;hep-th/9309015;4;0;4
hep-th/9505135;hep-th/9505135;10;12;22
hep-th/9412115;hep-th/9412115;11;15;26
hep-th/9501036;hep-th/9501036;2;7;9
hep-th/9505132;hep-th/9505132;4;13;17
hep-th/9504075;hep-th/9504075;2;6;8
hep-th/9206081;hep-th/9206081;53;0;53
hep-th/9405059;hep-th/9405059;6;6;12
hep-th/9504093;hep-th/9504093;1;24;25
hep-th/9501067;hep-th/9501067;5;9;14
hep-th/9311181;hep-th/9311181;22;3;25
hep-th/9402050;hep-th/9402050;1;2;3
hep-th/9303125;hep-th/9303125;1;2;3
hep-th/9404171;hep-th/9404171;24;5;29
hep-th/9405072;hep-th/9405072;12;25;37
hep-th/9505130;hep-th/9505130;9;1;10
hep-th/9501063;hep-th/9501063;27;0;27
hep-th/9505131;hep-th/9505131;1;3;4
hep-th/9307154;hep-th/9307154;6;7;13
hep-th/9303090;hep-th/9303090;11;0;11
hep-th/9112048;hep-th/9112048;24;0;24
hep-th/0506044;hep-th/0506044;10;29;39
hep-th/0401038;hep-th/0401038;54;102;156
hep-th/9805085;hep-th/9805085;21;6;27
hep-th/0402230;hep-th/0402230;34;21;55
hep-th/0109084;hep-th/0109084;42;0;42
hep-th/0405201;hep-th/0405201;27;50;77
hep-th/9505175;hep-th/9505175;127;0;127
hep-th/0405208;hep-th/0405208;5;17;22
hep-th/0501174;hep-th/0501174;18;21;39
hep-th/0403233;hep-th/0403233;10;13;23
hep-th/0209131;hep-th/0209131;14;10;24
hep-th/9801195;hep-th/9801195;98;8;106
hep-th/0101102;hep-th/0101102;113;40;153
hep-th/0103023;hep-th/0103023;75;29;104
hep-th/9902138;hep-th/9902138;58;4;62
hep-th/0303120;hep-th/0303120;37;28;65
hep-th/0307075;hep-th/0307075;62;31;93
hep-th/0204256;hep-th/0204256;49;30;79
hep-th/0102212;hep-th/0102212;34;17;51
hep-th/0212170;hep-th/0212170;20;23;43
hep-th/0312241;hep-th/0312241;25;23;48
hep-th/0110006;hep-th/0110006;29;38;67
hep-th/0405277;hep-th/0405277;38;66;104
hep-th/0503041;hep-th/0503041;26;0;26
hep-th/0106205;hep-th/0106205;60;19;79
hep-th/0307007;hep-th/0307007;35;25;60
hep-th/0407089;hep-th/0407089;37;29;66
hep-th/0305201;hep-th/0305201;22;21;43
hep-th/9710153;hep-th/9710153;38;10;48
hep-th/0404020;hep-th/0404020;43;0;43
1001.0131;1001.0131;0;12;12
math-ph/0701036;math-ph/0701036;12;2;14
hep-lat/9807036;hep-lat/9807036;0;1;1
hep-lat/9509036;hep-lat/9509036;13;4;17
hep-lat/9807037;hep-lat/9807037;0;2;2
hep-lat/9701014;hep-lat/9701014;9;1;10
hep-lat/9806017;hep-lat/9806017;1;1;2
cond-mat/0511021;cond-mat/0511021;0;1;1
hep-ph/9712212;hep-ph/9712212;14;9;23
hep-th/9608097;hep-th/9608097;0;4;4
0712.3775;0712.3775;0;11;11
hep-th/0511065;hep-th/0511065;6;1;7
hep-th/0412007;hep-th/0412007;14;30;44
gr-qc/9208004;gr-qc/9208004;5;2;7
hep-th/0609197;hep-th/0609197;5;8;13
hep-th/9802180;hep-th/9802180;10;1;11
hep-ph/9909257;hep-ph/9909257;17;19;36
hep-th/9608096;hep-th/9608096;144;18;162
hep-th/9511026;hep-th/9511026;76;7;83
hep-th/9512046;hep-th/9512046;36;40;76
hep-th/9512078;hep-th/9512078;123;21;144
hep-th/9607026;hep-th/9607026;142;33;175
hep-th/9306096;hep-th/9306096;55;0;55
alg-geom/9506020;alg-geom/9506020;9;0;9
hep-th/9607029;hep-th/9607029;16;5;21
hep-ph/0210058;hep-ph/0210058;5;10;15
hep-ph/9609444;hep-ph/9609444;13;2;15
hep-ph/0108117;hep-ph/0108117;5;1;6
hep-th/9810155;hep-th/9810155;302;42;344
hep-ph/0111057;hep-ph/0111057;6;14;20
hep-ph/9607421;hep-ph/9607421;11;4;15
hep-ph/9810442;hep-ph/9810442;188;21;209
hep-th/0603059;hep-th/0603059;1;10;11
math-ph/0201013;math-ph/0201013;19;9;28
quant-ph/0411137;quant-ph/0411137;33;19;52
hep-th/0511229;hep-th/0511229;15;12;27
quant-ph/0508195;quant-ph/0508195;12;0;12
quant-ph/0601188;quant-ph/0601188;23;7;30
hep-th/0508105;hep-th/0508105;14;11;25
quant-ph/0407070;quant-ph/0407070;5;4;9
quant-ph/0310164;quant-ph/0310164;10;9;19
quant-ph/0408132;quant-ph/0408132;35;22;57
hep-th/0606073;hep-th/0606073;3;19;22
hep-th/0603142;hep-th/0603142;11;25;36
hep-th/9809188;hep-th/9809188;111;14;125
hep-th/0111290;hep-th/0111290;19;29;48
hep-th/0508075;hep-th/0508075;16;55;71
hep-th/0108182;hep-th/0108182;19;14;33
hep-th/0205160;hep-th/0205160;50;44;94
hep-th/0605012;hep-th/0605012;3;14;17
hep-th/0009210;hep-th/0009210;21;12;33
hep-th/0207241;hep-th/0207241;15;18;33
hep-th/0506058;hep-th/0506058;19;31;50
hep-th/0101235;hep-th/0101235;17;13;30
hep-th/9904149;hep-th/9904149;32;18;50
0807.3685;0807.3685;0;18;18
hep-th/0005185;hep-th/0005185;13;36;49
hep-th/0101047;hep-th/0101047;3;6;9
hep-th/0009064;hep-th/0009064;14;8;22
hep-th/0009065;hep-th/0009065;4;12;16
hep-th/0603058;hep-th/0603058;12;40;52
hep-th/0212126;hep-th/0212126;17;64;81
hep-th/9910040;hep-th/9910040;38;25;63
hep-th/0211191;hep-th/0211191;21;23;44
hep-th/0011097;hep-th/0011097;62;0;62
hep-th/9904148;hep-th/9904148;51;11;62
hep-th/9903229;hep-th/9903229;96;12;108
hep-th/0510083;hep-th/0510083;21;19;40
hep-th/0405267;hep-th/0405267;37;56;93
hep-th/0509179;hep-th/0509179;14;25;39
hep-th/0102001;hep-th/0102001;24;20;44
hep-th/0205129;hep-th/0205129;29;46;75
hep-th/0208205;hep-th/0208205;98;23;121
hep-th/0405206;hep-th/0405206;19;15;34
hep-th/0201128;hep-th/0201128;25;32;57
hep-th/0203049;hep-th/0203049;17;36;53
hep-th/0602243;hep-th/0602243;21;57;78
hep-th/0109122;hep-th/0109122;51;60;111
hep-th/0209203;hep-th/0209203;17;43;60
hep-th/0001122;hep-th/0001122;47;35;82
hep-th/0602069;hep-th/0602069;15;24;39
gr-qc/0402044;gr-qc/0402044;46;30;76
hep-th/0207173;hep-th/0207173;22;73;95
hep-th/0312030;hep-th/0312030;20;34;54
hep-th/9810008;hep-th/9810008;75;19;94
hep-th/0110202;hep-th/0110202;23;15;38
hep-th/0112045;hep-th/0112045;152;0;152
hep-th/0008028;hep-th/0008028;36;15;51
hep-th/0109133;hep-th/0109133;161;19;180
gr-qc/9405007;gr-qc/9405007;105;7;112
hep-th/0506227;hep-th/0506227;24;25;49
quant-ph/0609023;quant-ph/0609023;0;8;8
hep-th/9505024;hep-th/9505024;5;9;14
gr-qc/9903084;gr-qc/9903084;79;7;86
hep-th/9303128;hep-th/9303128;8;1;9
hep-th/9302055;hep-th/9302055;5;1;6
hep-th/0010227;hep-th/0010227;3;3;6
hep-th/0207164;hep-th/0207164;18;3;21
0804.4006;0804.4006;0;70;70
hep-th/0608157;hep-th/0608157;76;29;105
hep-th/0504162;hep-th/0504162;5;26;31
hep-th/0703281;hep-th/0703281;65;40;105
hep-th/0608159;hep-th/0608159;69;20;89
hep-th/9706110;hep-th/9706110;177;75;252
hep-th/0607183;hep-th/0607183;84;28;112
hep-th/0610212;hep-th/0610212;84;60;144
hep-th/0703135;hep-th/0703135;54;38;92
hep-th/0611002;hep-th/0611002;6;29;35
hep-th/0612019;hep-th/0612019;34;55;89
hep-th/0405242;hep-th/0405242;14;41;55
hep-th/0311181;hep-th/0311181;31;51;82
hep-th/0212032;hep-th/0212032;40;74;114
hep-th/0610102;hep-th/0610102;257;0;257
hep-th/0403035;hep-th/0403035;9;36;45
hep-th/0303104;hep-th/0303104;33;17;50
hep-th/0112197;hep-th/0112197;131;29;160
hep-th/0604136;hep-th/0604136;81;55;136
hep-th/0411183;hep-th/0411183;71;27;98
hep-th/0610249;hep-th/0610249;67;26;93
hep-th/0607218;hep-th/0607218;86;35;121
hep-th/0703236;hep-th/0703236;98;48;146
hep-th/0006027;hep-th/0006027;24;0;24
hep-th/0210238;hep-th/0210238;102;36;138
hep-th/0606061;hep-th/0606061;64;20;84
hep-th/0404116;hep-th/0404116;189;21;210
hep-th/0301136;hep-th/0301136;36;91;127
hep-ph/0702069;hep-ph/0702069;68;46;114
hep-th/0602239;hep-th/0602239;247;31;278
hep-th/9803228;hep-th/9803228;16;24;40
hep-th/0702077;hep-th/0702077;38;30;68
hep-th/0011158;hep-th/0011158;1;4;5
hep-th/9402096;hep-th/9402096;32;1;33
hep-th/0011157;hep-th/0011157;1;1;2
hep-th/9510029;hep-th/9510029;43;7;50
hep-th/0004028;hep-th/0004028;70;17;87
hep-th/0011160;hep-th/0011160;34;8;42
hep-th/0003248;hep-th/0003248;37;7;44
hep-th/0002226;hep-th/0002226;53;37;90
hep-th/9810126;hep-th/9810126;222;14;236
hep-th/0003076;hep-th/0003076;48;80;128
hep-th/0011155;hep-th/0011155;7;2;9
hep-th/0010105;hep-th/0010105;55;20;75
hep-th/0011154;hep-th/0011154;0;22;22
hep-th/9502066;hep-th/9502066;40;1;41
hep-th/9612194;hep-th/9612194;61;6;67
hep-th/9709150;hep-th/9709150;1;0;1
hep-th/9703219;hep-th/9703219;11;15;26
hep-th/0006248;hep-th/0006248;4;3;7
hep-th/9711175;hep-th/9711175;2;15;17
cond-mat/9603156;cond-mat/9603156;7;5;12
hep-th/9411238;hep-th/9411238;17;4;21
hep-th/9705186;hep-th/9705186;7;18;25
hep-th/9612129;hep-th/9612129;3;0;3
hep-th/9705124;hep-th/9705124;45;4;49
hep-th/9609202;hep-th/9609202;20;11;31
hep-th/9407182;hep-th/9407182;100;1;101
hep-th/9811068;hep-th/9811068;14;15;29
hep-th/9801151;hep-th/9801151;13;25;38
cond-mat/9907193;cond-mat/9907193;2;27;29
hep-th/9505049;hep-th/9505049;27;8;35
cond-mat/0001022;cond-mat/0001022;11;15;26
hep-th/9607040;hep-th/9607040;21;9;30
hep-th/9703048;hep-th/9703048;15;12;27
hep-th/9705052;hep-th/9705052;58;4;62
hep-th/9508075;hep-th/9508075;35;6;41
hep-th/0011153;hep-th/0011153;21;25;46
hep-th/0004124;hep-th/0004124;55;26;81
hep-th/0009172;hep-th/0009172;12;18;30
hep-th/0004005;hep-th/0004005;80;19;99
gr-qc/9401023;gr-qc/9401023;32;1;33
hep-th/9305025;hep-th/9305025;126;4;130
hep-th/9712122;hep-th/9712122;9;7;16
hep-th/0008074;hep-th/0008074;85;34;119
hep-th/0008111;hep-th/0008111;9;12;21
hep-th/0006093;hep-th/0006093;21;17;38
hep-th/0009122;hep-th/0009122;44;15;59
hep-th/0008190;hep-th/0008190;64;25;89
hep-th/0002094;hep-th/0002094;72;86;158
hep-th/9911015;hep-th/9911015;128;17;145
hep-th/0010004;hep-th/0010004;9;0;9
hep-th/9807049;hep-th/9807049;9;31;40
hep-th/0003300;hep-th/0003300;84;11;95
hep-th/9909199;hep-th/9909199;85;41;126
hep-th/9608099;hep-th/9608099;38;31;69
hep-th/9510178;hep-th/9510178;3;14;17
hep-th/9601177;hep-th/9601177;144;0;144
hep-th/9507090;hep-th/9507090;183;28;211
hep-th/0011151;hep-th/0011151;1;20;21
hep-th/9710183;hep-th/9710183;7;2;9
hep-th/9811164;hep-th/9811164;19;3;22
hep-th/9907192;hep-th/9907192;17;15;32
quant-ph/9506024;quant-ph/9506024;22;0;22
hep-th/9912176;hep-th/9912176;13;8;21
hep-th/9707073;hep-th/9707073;24;5;29
hep-th/9410126;hep-th/9410126;10;1;11
hep-th/9907076;hep-th/9907076;24;9;33
hep-th/9905204;hep-th/9905204;8;4;12
hep-th/9605022;hep-th/9605022;48;5;53
hep-th/0003143;hep-th/0003143;8;11;19
hep-th/9503023;hep-th/9503023;118;2;120
hep-th/9506085;hep-th/9506085;21;5;26
hep-th/9812060;hep-th/9812060;27;9;36
hep-th/9901086;hep-th/9901086;17;9;26
hep-th/9505157;hep-th/9505157;53;5;58
hep-th/9608071;hep-th/9608071;86;11;97
hep-th/9912223;hep-th/9912223;15;15;30
hep-th/0011150;hep-th/0011150;3;1;4
quant-ph/9903020;quant-ph/9903020;3;0;3
hep-th/9711126;hep-th/9711126;15;5;20
hep-th/9603157;hep-th/9603157;34;0;34
hep-th/9711127;hep-th/9711127;20;30;50
hep-th/9608017;hep-th/9608017;38;19;57
hep-th/9609086;hep-th/9609086;57;12;69
hep-th/9702067;hep-th/9702067;21;9;30
hep-th/9708064;hep-th/9708064;20;14;34
hep-th/9703214;hep-th/9703214;39;15;54
hep-th/9704054;hep-th/9704054;45;16;61
hep-th/9704057;hep-th/9704057;28;12;40
hep-th/9504140;hep-th/9504140;48;2;50
hep-th/9503161;hep-th/9503161;48;18;66
hep-th/9410114;hep-th/9410114;13;3;16
hep-th/9710141;hep-th/9710141;21;22;43
hep-th/9607185;hep-th/9607185;62;0;62
hep-th/9710066;hep-th/9710066;14;23;37
hep-th/9705160;hep-th/9705160;59;10;69
hep-th/9707215;hep-th/9707215;27;22;49
hep-th/9604139;hep-th/9604139;82;20;102
hep-th/9607112;hep-th/9607112;105;19;124
hep-th/9704009;hep-th/9704009;4;16;20
hep-th/9703123;hep-th/9703123;33;12;45
hep-th/9703060;hep-th/9703060;58;24;82
hep-th/9606009;hep-th/9606009;13;35;48
hep-th/9612119;hep-th/9612119;18;21;39
hep-th/9705205;hep-th/9705205;47;25;72
hep-th/9711124;hep-th/9711124;42;20;62
hep-th/9704151;hep-th/9704151;216;20;236
hep-th/9707214;hep-th/9707214;29;12;41
hep-th/9607131;hep-th/9607131;6;10;16
hep-th/9711090;hep-th/9711090;25;12;37
hep-th/9702203;hep-th/9702203;73;12;85
hep-th/9705220;hep-th/9705220;41;58;99
hep-th/9708012;hep-th/9708012;49;8;57
hep-th/9508044;hep-th/9508044;5;24;29
hep-th/9311042;hep-th/9311042;68;3;71
hep-th/9506011;hep-th/9506011;93;16;109
hep-th/9702154;hep-th/9702154;60;13;73
hep-th/9612131;hep-th/9612131;69;23;92
hep-th/9711122;hep-th/9711122;4;7;11
hep-th/9508159;hep-th/9508159;10;13;23
hep-th/9508021;hep-th/9508021;33;13;46
hep-th/9506137;hep-th/9506137;16;12;28
hep-th/9701010;hep-th/9701010;8;18;26
hep-th/9511169;hep-th/9511169;5;0;5
hep-th/9711123;hep-th/9711123;1;7;8
hep-ph/9409386;hep-ph/9409386;6;0;6
hep-th/9510141;hep-th/9510141;19;4;23
hep-th/9506099;hep-th/9506099;12;3;15
hep-th/9507015;hep-th/9507015;18;0;18
hep-th/9506004;hep-th/9506004;22;1;23
hep-th/9308014;hep-th/9308014;6;0;6
hep-th/9403056;hep-th/9403056;23;0;23
hep-th/9711120;hep-th/9711120;23;2;25
hep-th/9709104;hep-th/9709104;14;0;14
hep-th/9508139;hep-th/9508139;16;2;18
hep-th/0603053;hep-th/0603053;1;18;19
math/0506450;math/0506450;7;6;13
math-ph/9812004;math-ph/9812004;16;0;16
hep-th/9411140;hep-th/9411140;5;0;5
hep-th/9406129;hep-th/9406129;8;3;11
math/0102065;math/0102065;20;10;30
hep-th/0504092;hep-th/0504092;7;13;20
hep-th/0003234;hep-th/0003234;6;18;24
hep-th/0601056;hep-th/0601056;28;15;43
math/0410077;math/0410077;6;6;12
math/0601554;math/0601554;6;22;28
math/0108136;math/0108136;8;8;16
math/0107070;math/0107070;40;5;45
hep-th/9208007;hep-th/9208007;47;0;47
hep-th/0606075;hep-th/0606075;1;38;39
hep-th/0211266;hep-th/0211266;29;23;52
hep-th/0403149;hep-th/0403149;100;44;144
hep-th/0602170;hep-th/0602170;89;121;210
hep-th/9806216;hep-th/9806216;78;16;94
hep-th/0601029;hep-th/0601029;8;27;35
hep-th/0509172;hep-th/0509172;8;26;34
hep-th/0509171;hep-th/0509171;6;21;27
hep-th/9608076;hep-th/9608076;6;4;10
hep-th/0207051;hep-th/0207051;32;18;50
hep-th/0312257;hep-th/0312257;57;37;94
hep-th/0502221;hep-th/0502221;9;23;32
hep-th/0307282;hep-th/0307282;26;17;43
hep-th/0304267;hep-th/0304267;27;17;44
hep-th/0307287;hep-th/0307287;131;39;170
hep-th/9604182;hep-th/9604182;15;9;24
hep-th/0307302;hep-th/0307302;77;6;83
hep-th/0602004;hep-th/0602004;17;17;34
hep-th/0206229;hep-th/0206229;12;16;28
hep-th/0005269;hep-th/0005269;13;7;20
hep-th/0401116;hep-th/0401116;19;9;28
hep-th/9906144;hep-th/9906144;37;9;46
hep-th/0011258;hep-th/0011258;26;12;38
hep-th/0507172;hep-th/0507172;13;35;48
hep-th/0011027;hep-th/0011027;21;21;42
hep-th/0010288;hep-th/0010288;2;2;4
hep-th/0403158;hep-th/0403158;117;37;154
hep-th/0203137;hep-th/0203137;29;19;48
hep-th/0509216;hep-th/0509216;94;181;275
hep-th/0403106;hep-th/0403106;25;15;40
hep-th/9911018;hep-th/9911018;14;9;23
hep-th/9511111;hep-th/9511111;8;5;13
hep-th/9810072;hep-th/9810072;252;30;282
hep-th/9910258;hep-th/9910258;3;15;18
hep-th/9812219;hep-th/9812219;386;18;404
hep-th/9511077;hep-th/9511077;16;8;24
hep-th/9708040;hep-th/9708040;99;14;113
hep-th/9302099;hep-th/9302099;24;3;27
hep-th/9607229;hep-th/9607229;98;29;127
hep-th/9410152;hep-th/9410152;27;7;34
hep-th/9905137;hep-th/9905137;32;33;65
hep-th/9711128;hep-th/9711128;26;8;34
hep-th/9512082;hep-th/9512082;14;6;20
hep-th/9711129;hep-th/9711129;4;6;10
hep-th/9704171;hep-th/9704171;20;4;24
hep-th/9610020;hep-th/9610020;12;10;22
hep-th/0501146;hep-th/0501146;12;8;20
gr-qc/0409089;gr-qc/0409089;22;13;35
hep-th/0209227;hep-th/0209227;69;8;77
hep-ph/0404182;hep-ph/0404182;4;5;9
hep-th/0501042;hep-th/0501042;1;7;8
hep-th/9911102;hep-th/9911102;12;1;13
hep-ph/0309232;hep-ph/0309232;3;7;10
hep-ph/0406149;hep-ph/0406149;1;4;5
hep-th/0501147;hep-th/0501147;14;39;53
hep-th/0212258;hep-th/0212258;28;31;59
hep-th/0303030;hep-th/0303030;25;18;43
hep-th/0002158;hep-th/0002158;119;24;143
hep-th/0306017;hep-th/0306017;5;13;18
hep-th/0107147;hep-th/0107147;26;28;54
hep-lat/0409059;hep-lat/0409059;7;17;24
hep-th/0110293;hep-th/0110293;27;41;68
hep-th/0110113;hep-th/0110113;64;40;104
hep-th/0110134;hep-th/0110134;21;26;47
hep-th/0404179;hep-th/0404179;16;21;37
hep-th/0006119;hep-th/0006119;97;17;114
hep-th/9903187;hep-th/9903187;128;13;141
hep-th/0406187;hep-th/0406187;15;31;46
hep-th/9911041;hep-th/9911041;142;25;167
hep-th/0110093;hep-th/0110093;65;25;90
hep-th/0104133;hep-th/0104133;44;40;84
hep-th/0205210;hep-th/0205210;20;21;41
hep-lat/0209021;hep-lat/0209021;34;10;44
hep-th/0203166;hep-th/0203166;33;48;81
hep-th/0004147;hep-th/0004147;166;81;247
hep-th/0312047;hep-th/0312047;11;26;37
hep-lat/0209106;hep-lat/0209106;57;6;63
hep-th/9903077;hep-th/9903077;163;18;181
hep-th/0207222;hep-th/0207222;14;19;33
hep-th/0203155;hep-th/0203155;7;15;22
hep-th/0203151;hep-th/0203151;52;36;88
hep-th/0204037;hep-th/0204037;17;26;43
hep-th/9802082;hep-th/9802082;20;9;29
hep-th/0309216;hep-th/0309216;15;20;35
hep-th/9912167;hep-th/9912167;175;22;197
hep-th/0302162;hep-th/0302162;21;40;61
hep-th/0501144;hep-th/0501144;2;22;24
hep-th/0107160;hep-th/0107160;26;68;94
hep-th/0111260;hep-th/0111260;99;49;148
hep-th/9203069;hep-th/9203069;41;0;41
hep-th/0105046;hep-th/0105046;37;37;74
hep-th/0111228;hep-th/0111228;131;103;234
hep-th/0107242;hep-th/0107242;29;89;118
hep-th/0312185;hep-th/0312185;5;20;25
hep-th/0201099;hep-th/0201099;19;0;19
hep-th/0212016;hep-th/0212016;12;21;33
hep-th/0201091;hep-th/0201091;43;0;43
hep-th/0501145;hep-th/0501145;24;42;66
hep-th/0305081;hep-th/0305081;36;77;113
hep-th/9209102;hep-th/9209102;18;0;18
hep-th/0405126;hep-th/0405126;46;29;75
hep-th/0309005;hep-th/0309005;18;39;57
hep-th/0405141;hep-th/0405141;23;66;89
hep-th/0407216;hep-th/0407216;28;32;60
hep-th/9404114;hep-th/9404114;69;23;92
hep-th/9404092;hep-th/9404092;58;24;82
hep-th/9205046;hep-th/9205046;68;5;73
hep-th/0205101;hep-th/0205101;81;39;120
hep-th/0209176;hep-th/0209176;15;45;60
hep-th/0304241;hep-th/0304241;26;41;67
hep-th/0305032;hep-th/0305032;18;23;41
hep-th/9206078;hep-th/9206078;97;0;97
hep-th/0307280;hep-th/0307280;50;49;99
hep-th/0212215;hep-th/0212215;71;49;120
hep-th/0410007;hep-th/0410007;13;21;34
hep-th/0204004;hep-th/0204004;104;58;162
hep-th/0206228;hep-th/0206228;125;26;151
hep-th/0302137;hep-th/0302137;28;46;74
hep-th/0203112;hep-th/0203112;89;10;99
hep-th/0212242;hep-th/0212242;22;30;52
hep-th/9310202;hep-th/9310202;87;5;92
hep-th/0204261;hep-th/0204261;95;34;129
hep-th/0204189;hep-th/0204189;87;29;116
hep-th/0408083;hep-th/0408083;43;36;79
hep-th/0407150;hep-th/0407150;9;26;35
hep-th/0501142;hep-th/0501142;19;12;31
hep-th/0403051;hep-th/0403051;38;40;78
hep-th/0403200;hep-th/0403200;21;22;43
hep-th/0408067;hep-th/0408067;16;19;35
hep-th/0001201;hep-th/0001201;69;24;93
hep-th/0008127;hep-th/0008127;35;25;60
hep-th/0306041;hep-th/0306041;25;43;68
hep-th/0307019;hep-th/0307019;19;10;29
hep-th/9409015;hep-th/9409015;28;4;32
hep-th/0501143;hep-th/0501143;21;30;51
hep-th/0412265;hep-th/0412265;53;25;78
hep-th/0403187;hep-th/0403187;68;17;85
hep-th/0407214;hep-th/0407214;120;32;152
hep-th/9801162;hep-th/9801162;2;13;15
hep-th/0403047;hep-th/0403047;208;6;214
hep-th/0406051;hep-th/0406051;92;14;106
hep-th/0406146;hep-th/0406146;77;24;101
hep-th/0402045;hep-th/0402045;107;2;109
hep-th/0410224;hep-th/0410224;88;41;129
hep-th/0312171;hep-th/0312171;371;28;399
hep-th/0405086;hep-th/0405086;41;16;57
hep-th/0402121;hep-th/0402121;65;4;69
hep-th/0509223;hep-th/0509223;175;0;175
hep-th/0404072;hep-th/0404072;100;9;109
hep-th/0409245;hep-th/0409245;85;9;94
hep-th/0406085;hep-th/0406085;84;20;104
hep-th/0403115;hep-th/0403115;68;6;74
hep-th/9710196;hep-th/9710196;7;5;12
hep-th/9710197;hep-th/9710197;7;5;12
hep-th/0412210;hep-th/0412210;78;45;123
hep-th/0406133;hep-th/0406133;74;33;107
hep-th/0406175;hep-th/0406175;75;20;95
hep-th/0403280;hep-th/0403280;12;31;43
hep-th/0406177;hep-th/0406177;97;9;106
hep-th/0402016;hep-th/0402016;83;7;90
hep-th/9809160;hep-th/9809160;22;24;46
hep-th/0407027;hep-th/0407027;100;22;122
hep-th/0403190;hep-th/0403190;79;11;90
hep-th/0408233;hep-th/0408233;27;25;52
hep-th/0501140;hep-th/0501140;3;7;10
hep-th/0101151;hep-th/0101151;49;21;70
hep-th/0011006;hep-th/0011006;62;29;91
hep-th/0301215;hep-th/0301215;7;15;22
hep-th/0401140;hep-th/0401140;8;8;16
hep-th/0107001;hep-th/0107001;19;6;25
hep-th/0311151;hep-th/0311151;5;9;14
hep-th/0501141;hep-th/0501141;12;23;35
hep-th/0412266;hep-th/0412266;8;24;32
hep-th/0312196;hep-th/0312196;65;76;141
hep-th/0001012;hep-th/0001012;221;11;232
hep-th/9202015;hep-th/9202015;37;0;37
hep-th/0408039;hep-th/0408039;51;31;82
hep-th/0406030;hep-th/0406030;41;36;77
hep-th/0312170;hep-th/0312170;83;43;126
hep-th/0111129;hep-th/0111129;126;58;184
hep-th/0409306;hep-th/0409306;9;24;33
hep-th/9201001;hep-th/9201001;54;0;54
hep-th/9409066;hep-th/9409066;3;7;10
hep-th/0408216;hep-th/0408216;5;21;26
hep-th/0111092;hep-th/0111092;50;19;69
hep-th/9303093;hep-th/9303093;70;0;70
hep-th/9303139;hep-th/9303139;82;0;82
0704.0680;0704.0680;0;11;11
astro-ph/0701013;astro-ph/0701013;9;23;32
astro-ph/0604206;astro-ph/0604206;7;13;20
astro-ph/0509082;astro-ph/0509082;5;14;19
gr-qc/0509059;gr-qc/0509059;43;0;43
hep-th/0603050;hep-th/0603050;8;22;30
hep-th/0208043;hep-th/0208043;9;24;33
hep-th/9710003;hep-th/9710003;6;2;8
hep-th/0103069;hep-th/0103069;95;40;135
hep-th/0111160;hep-th/0111160;24;29;53
hep-th/0409248;hep-th/0409248;10;38;48
hep-th/0302074;hep-th/0302074;20;9;29
hep-th/0306045;hep-th/0306045;17;23;40
hep-th/0511116;hep-th/0511116;3;2;5
hep-th/0205112;hep-th/0205112;5;1;6
hep-th/0212262;hep-th/0212262;47;13;60
hep-th/0402029;hep-th/0402029;11;18;29
cond-mat/0503266;cond-mat/0503266;5;6;11
0912.4793;0912.4793;0;4;4
gr-qc/0110105;gr-qc/0110105;14;30;44
hep-ph/9906542;hep-ph/9906542;91;18;109
gr-qc/0212075;gr-qc/0212075;19;32;51
hep-th/0501148;hep-th/0501148;27;77;104
gr-qc/0204060;gr-qc/0204060;34;7;41
gr-qc/0309079;gr-qc/0309079;18;14;32
hep-ph/0311238;hep-ph/0311238;29;33;62
hep-th/0305067;hep-th/0305067;21;53;74
hep-th/9709224;hep-th/9709224;48;9;57
gr-qc/0307012;gr-qc/0307012;23;16;39
hep-th/0311036;hep-th/0311036;18;9;27
hep-th/0403251;hep-th/0403251;16;17;33
hep-ph/0108060;hep-ph/0108060;67;20;87
hep-ph/0206060;hep-ph/0206060;51;26;77
hep-th/0402103;hep-th/0402103;9;40;49
hep-ph/0212199;hep-ph/0212199;79;62;141
hep-th/0409145;hep-th/0409145;12;21;33
hep-th/0107243;hep-th/0107243;35;10;45
hep-th/0407092;hep-th/0407092;4;7;11
hep-ph/0306008;hep-ph/0306008;29;30;59
gr-qc/0209003;gr-qc/0209003;87;7;94
hep-th/0401192;hep-th/0401192;29;37;66
hep-th/0408166;hep-th/0408166;2;3;5
hep-ph/0112161;hep-ph/0112161;38;25;63
gr-qc/9606052;gr-qc/9606052;72;9;81
hep-ph/0312249;hep-ph/0312249;15;23;38
gr-qc/0304053;gr-qc/0304053;32;21;53
hep-ph/0401116;hep-ph/0401116;38;20;58
hep-th/0207247;hep-th/0207247;48;39;87
hep-ph/0305223;hep-ph/0305223;53;27;80
hep-th/0410279;hep-th/0410279;10;56;66
hep-th/0402080;hep-th/0402080;23;26;49
hep-th/0404047;hep-th/0404047;8;41;49
gr-qc/0311064;gr-qc/0311064;36;28;64
hep-th/0409131;hep-th/0409131;53;14;67
gr-qc/0203093;gr-qc/0203093;50;18;68
gr-qc/0303114;gr-qc/0303114;20;12;32
hep-th/0406117;hep-th/0406117;18;19;37
hep-ph/0307228;hep-ph/0307228;37;32;69
hep-th/0501149;hep-th/0501149;1;3;4
hep-ph/0211106;hep-ph/0211106;9;2;11
hep-th/9407011;hep-th/9407011;5;1;6
hep-th/0606079;hep-th/0606079;1;17;18
hep-th/9802179;hep-th/9802179;11;22;33
hep-th/0001127;hep-th/0001127;8;29;37
math-ph/0208010;math-ph/0208010;2;3;5
hep-th/0410186;hep-th/0410186;4;18;22
hep-th/0007019;hep-th/0007019;20;29;49
hep-th/9806103;hep-th/9806103;33;29;62
hep-th/9902081;hep-th/9902081;26;4;30
hep-th/0307105;hep-th/0307105;8;14;22
hep-th/0503155;hep-th/0503155;16;18;34
hep-th/9208059;hep-th/9208059;53;1;54
quant-ph/0301081;quant-ph/0301081;3;8;11
hep-th/9112035;hep-th/9112035;42;0;42
hep-th/0008045;hep-th/0008045;14;11;25
hep-th/0312064;hep-th/0312064;16;21;37
hep-th/0010118;hep-th/0010118;11;0;11
gr-qc/0412095;gr-qc/0412095;16;25;41
hep-th/9312147;hep-th/9312147;3;0;3
hep-th/9610191;hep-th/9610191;92;33;125
hep-th/9309002;hep-th/9309002;17;1;18
hep-th/0007105;hep-th/0007105;15;10;25
hep-th/9906156;hep-th/9906156;21;3;24
hep-th/9409175;hep-th/9409175;7;6;13
math-ph/0201042;math-ph/0201042;0;4;4
hep-th/9708095;hep-th/9708095;11;3;14
hep-th/9511002;hep-th/9511002;19;2;21
0704.0646;0704.0646;0;35;35
quant-ph/0201093;quant-ph/0201093;3;0;3
hep-th/0611221;hep-th/0611221;27;22;49
hep-th/9702027;hep-th/9702027;66;7;73
gr-qc/0402118;gr-qc/0402118;16;5;21
cond-mat/0508020;cond-mat/0508020;3;8;11
physics/0604171;physics/0604171;1;0;1
gr-qc/0205058;gr-qc/0205058;43;0;43
quant-ph/0011122;quant-ph/0011122;1;0;1
hep-th/0211048;hep-th/0211048;27;22;49
hep-th/0610101;hep-th/0610101;16;16;32
hep-th/9410151;hep-th/9410151;1;0;1
hep-th/0507118;hep-th/0507118;13;6;19
hep-th/0611271;hep-th/0611271;30;12;42
hep-th/0609193;hep-th/0609193;33;25;58
hep-th/0206088;hep-th/0206088;25;3;28
hep-th/0612137;hep-th/0612137;22;26;48
math-ph/0103013;math-ph/0103013;1;7;8
hep-th/0011065;hep-th/0011065;1;0;1
gr-qc/0505037;gr-qc/0505037;6;7;13
hep-th/0405270;hep-th/0405270;49;16;65
physics/0510188;physics/0510188;2;0;2
gr-qc/0102010;gr-qc/0102010;9;9;18
gr-qc/9504030;gr-qc/9504030;98;2;100
hep-th/0501233;hep-th/0501233;0;10;10
hep-th/9404008;hep-th/9404008;112;3;115
cond-mat/9311054;cond-mat/9311054;1;0;1
hep-th/0004078;hep-th/0004078;10;14;24
hep-th/9404101;hep-th/9404101;26;3;29
hep-th/0611294;hep-th/0611294;14;60;74
hep-th/0206236;hep-th/0206236;13;7;20
hep-th/0602159;hep-th/0602159;31;36;67
hep-th/0409199;hep-th/0409199;16;25;41
hep-th/0509010;hep-th/0509010;36;47;83
hep-th/0311056;hep-th/0311056;25;20;45
gr-qc/9811026;gr-qc/9811026;41;5;46
hep-th/0410117;hep-th/0410117;36;42;78
hep-th/0401071;hep-th/0401071;24;18;42
astro-ph/0507670;astro-ph/0507670;20;22;42
hep-th/0411152;hep-th/0411152;53;9;62
hep-th/0410119;hep-th/0410119;39;0;39
hep-th/0511021;hep-th/0511021;19;48;67
hep-th/9802039;hep-th/9802039;71;21;92
hep-th/0511260;hep-th/0511260;29;51;80
hep-th/0602203;hep-th/0602203;35;51;86
hep-th/0211071;hep-th/0211071;32;7;39
hep-th/0410191;hep-th/0410191;34;45;79
hep-th/0610064;hep-th/0610064;2;47;49
hep-th/0606135;hep-th/0606135;24;48;72
astro-ph/0210472;astro-ph/0210472;32;24;56
astro-ph/0106468;astro-ph/0106468;60;15;75
hep-th/0207143;hep-th/0207143;38;32;70
hep-th/0110021;hep-th/0110021;95;26;121
hep-th/0606044;hep-th/0606044;23;39;62
hep-th/0207028;hep-th/0207028;44;15;59
hep-th/0206145;hep-th/0206145;44;33;77
gr-qc/0607030;gr-qc/0607030;16;36;52
astro-ph/0303150;astro-ph/0303150;49;19;68
hep-th/0112089;hep-th/0112089;51;12;63
hep-th/9808070;hep-th/9808070;21;12;33
hep-th/0311196;hep-th/0311196;28;32;60
hep-th/0303154;hep-th/0303154;25;13;38
gr-qc/0403115;gr-qc/0403115;25;22;47
0804.1585;0804.1585;0;25;25
hep-th/9812113;hep-th/9812113;19;20;39
hep-th/0612165;hep-th/0612165;19;1;20
hep-th/0702089;hep-th/0702089;8;4;12
hep-th/0003100;hep-th/0003100;36;31;67
hep-th/0601091;hep-th/0601091;13;32;45
hep-th/9809034;hep-th/9809034;50;22;72
hep-th/9610074;hep-th/9610074;21;42;63
hep-th/9706185;hep-th/9706185;10;16;26
hep-th/0103042;hep-th/0103042;35;19;54
hep-th/9803188;hep-th/9803188;60;22;82
hep-th/0605267;hep-th/0605267;13;14;27
hep-th/0610187;hep-th/0610187;8;20;28
hep-th/0606045;hep-th/0606045;20;37;57
hep-th/9812161;hep-th/9812161;36;22;58
hep-th/0002140;hep-th/0002140;36;30;66
hep-th/0703002;hep-th/0703002;9;33;42
hep-ph/0604236;hep-ph/0604236;15;3;18
hep-th/0106021;hep-th/0106021;33;33;66
hep-th/0404124;hep-th/0404124;48;74;122
0912.2645;0912.2645;0;13;13
quant-ph/0506191;quant-ph/0506191;14;11;25
hep-th/0107078;hep-th/0107078;39;12;51
hep-th/0404165;hep-th/0404165;25;19;44
hep-th/0209166;hep-th/0209166;20;15;35
hep-th/0104224;hep-th/0104224;58;21;79
hep-th/0203260;hep-th/0203260;49;34;83
hep-th/0106125;hep-th/0106125;40;24;64
hep-th/0205058;hep-th/0205058;7;19;26
hep-th/0109204;hep-th/0109204;15;14;29
hep-th/0008126;hep-th/0008126;29;12;41
hep-th/0107199;hep-th/0107199;20;27;47
hep-th/0102066;hep-th/0102066;9;11;20
hep-th/0009233;hep-th/0009233;45;69;114
hep-th/0103048;hep-th/0103048;6;6;12
hep-th/0110046;hep-th/0110046;15;36;51
hep-th/0110177;hep-th/0110177;30;7;37
hep-th/0203165;hep-th/0203165;24;39;63
hep-th/0202040;hep-th/0202040;7;18;25
hep-th/0010177;hep-th/0010177;19;10;29
hep-th/0108158;hep-th/0108158;13;27;40
hep-th/0107110;hep-th/0107110;38;40;78
0712.0135;0712.0135;0;9;9
hep-th/0604138;hep-th/0604138;2;2;4
hep-th/9907180;hep-th/9907180;39;9;48
hep-th/0007204;hep-th/0007204;91;10;101
hep-th/0008075;hep-th/0008075;162;25;187
hep-th/0011244;hep-th/0011244;22;30;52
hep-th/9807069;hep-th/9807069;158;2;160
0903.1920;0903.1920;0;21;21
gr-qc/0405109;gr-qc/0405109;157;0;157
astro-ph/0610210;astro-ph/0610210;41;29;70
hep-th/0408084;hep-th/0408084;87;26;113
astro-ph/0506056;astro-ph/0506056;86;17;103
hep-th/0610151;hep-th/0610151;26;35;61
astro-ph/0602285;astro-ph/0602285;25;42;67
hep-th/9904075;hep-th/9904075;254;4;258
hep-th/0605045;hep-th/0605045;140;92;232
astro-ph/0507053;astro-ph/0507053;61;21;82
hep-th/0601099;hep-th/0601099;55;35;90
hep-th/0610235;hep-th/0610235;39;18;57
hep-th/0506236;hep-th/0506236;86;11;97
astro-ph/0503692;astro-ph/0503692;80;20;100
astro-ph/0406398;astro-ph/0406398;149;34;183
hep-th/0005207;hep-th/0005207;0;5;5
hep-th/9906002;hep-th/9906002;3;4;7
hep-th/9904047;hep-th/9904047;9;3;12
hep-th/9910151;hep-th/9910151;3;7;10
hep-th/9910166;hep-th/9910166;2;9;11
hep-ph/9608327;hep-ph/9608327;13;2;15
0903.5296;0903.5296;0;6;6
astro-ph/0611238;astro-ph/0611238;13;0;13
astro-ph/0610092;astro-ph/0610092;54;62;116
astro-ph/0602053;astro-ph/0602053;25;0;25
astro-ph/0506396;astro-ph/0506396;3;12;15
astro-ph/0504582;astro-ph/0504582;60;56;116
astro-ph/0002030;astro-ph/0002030;10;8;18
astro-ph/9401011;astro-ph/9401011;213;5;218
hep-ph/9803479;hep-ph/9803479;42;11;53
hep-ph/9904229;hep-ph/9904229;110;31;141
hep-ph/9904261;hep-ph/9904261;14;6;20
hep-ph/9805209;hep-ph/9805209;38;7;45
hep-ph/9901362;hep-ph/9901362;60;17;77
hep-th/0104080;hep-th/0104080;18;3;21
hep-th/0007138;hep-th/0007138;27;7;34
hep-th/0003005;hep-th/0003005;28;7;35
hep-th/9411169;hep-th/9411169;14;23;37
hep-th/9209024;hep-th/9209024;18;0;18
hep-th/9305160;hep-th/9305160;50;3;53
hep-th/9405034;hep-th/9405034;20;9;29
hep-th/9205040;hep-th/9205040;10;2;12
hep-th/9202069;hep-th/9202069;15;0;15
hep-th/9404065;hep-th/9404065;9;9;18
hep-th/9404149;hep-th/9404149;2;14;16
hep-th/9406197;hep-th/9406197;4;1;5
hep-th/9208057;hep-th/9208057;24;0;24
hep-th/9305154;hep-th/9305154;24;0;24
hep-th/9307035;hep-th/9307035;21;0;21
hep-th/9407148;hep-th/9407148;35;10;45
hep-th/9203076;hep-th/9203076;44;0;44
hep-th/9310022;hep-th/9310022;19;7;26
hep-th/9404030;hep-th/9404030;14;10;24
hep-th/9411168;hep-th/9411168;16;5;21
hep-th/9311084;hep-th/9311084;17;15;32
hep-th/9302006;hep-th/9302006;45;1;46
hep-th/9406005;hep-th/9406005;18;1;19
hep-th/9306033;hep-th/9306033;21;11;32
0802.4444;0802.4444;0;12;12
hep-th/0210107;hep-th/0210107;22;5;27
hep-th/0303022;hep-th/0303022;20;12;32
hep-th/0104152;hep-th/0104152;42;8;50
hep-th/0306265;hep-th/0306265;12;25;37
hep-th/0506078;hep-th/0506078;9;36;45
hep-th/9607065;hep-th/9607065;17;12;29
hep-th/0410257;hep-th/0410257;9;25;34
hep-th/0104115;hep-th/0104115;29;18;47
hep-th/0604019;hep-th/0604019;3;16;19
hep-th/0306206;hep-th/0306206;16;16;32
hep-th/9711184;hep-th/9711184;30;7;37
hep-th/9411163;hep-th/9411163;49;9;58
hep-th/9312003;hep-th/9312003;22;1;23
hep-th/9403121;hep-th/9403121;44;0;44
hep-th/9211054;hep-th/9211054;37;3;40
hep-th/9308002;hep-th/9308002;20;1;21
hep-th/9302026;hep-th/9302026;38;3;41
hep-th/9310144;hep-th/9310144;50;3;53
hep-th/9411162;hep-th/9411162;1;1;2
hep-th/9403196;hep-th/9403196;27;1;28
hep-th/9411161;hep-th/9411161;0;1;1
hep-th/9306024;hep-th/9306024;1;1;2
hep-th/9411160;hep-th/9411160;15;2;17
hep-th/9210128;hep-th/9210128;39;0;39
hep-th/9411167;hep-th/9411167;0;1;1
hep-th/9411166;hep-th/9411166;7;7;14
hep-th/9212078;hep-th/9212078;14;0;14
hep-th/9209031;hep-th/9209031;20;0;20
hep-th/9409074;hep-th/9409074;6;10;16
hep-th/9411165;hep-th/9411165;1;4;5
hep-th/9309141;hep-th/9309141;2;3;5
hep-th/9406022;hep-th/9406022;4;5;9
hep-th/9109055;hep-th/9109055;6;0;6
hep-th/9401075;hep-th/9401075;14;4;18
hep-th/9411164;hep-th/9411164;10;8;18
hep-th/9205116;hep-th/9205116;16;0;16
hep-th/9111006;hep-th/9111006;7;0;7
hep-th/9304067;hep-th/9304067;14;4;18
hep-th/9201048;hep-th/9201048;20;0;20
hep-th/9408047;hep-th/9408047;1;3;4
hep-th/9301120;hep-th/9301120;7;2;9
hep-th/9302046;hep-th/9302046;29;1;30
hep-th/9812184;hep-th/9812184;7;11;18
hep-th/9309134;hep-th/9309134;24;0;24
hep-th/9807060;hep-th/9807060;15;0;15
hep-th/9801182;hep-th/9801182;151;127;278
hep-th/9812185;hep-th/9812185;1;4;5
hep-th/9808127;hep-th/9808127;10;2;12
hep-th/9812090;hep-th/9812090;62;3;65
hep-th/9812186;hep-th/9812186;2;8;10
hep-th/9607085;hep-th/9607085;27;13;40
hep-th/9612070;hep-th/9612070;5;6;11
hep-th/9803243;hep-th/9803243;7;13;20
hep-th/9803242;hep-th/9803242;4;8;12
hep-th/9801094;hep-th/9801094;12;3;15
hep-th/9403039;hep-th/9403039;21;0;21
hep-th/9301040;hep-th/9301040;7;0;7
hep-th/9207102;hep-th/9207102;36;0;36
hep-lat/9804008;hep-lat/9804008;93;14;107
hep-th/9806171;hep-th/9806171;46;7;53
hep-lat/9701003;hep-lat/9701003;13;1;14
hep-lat/9701012;hep-lat/9701012;23;6;29
hep-lat/9605013;hep-lat/9605013;29;0;29
hep-th/9206024;hep-th/9206024;19;0;19
hep-th/9409048;hep-th/9409048;5;5;10
hep-th/9707202;hep-th/9707202;27;39;66
hep-th/9507074;hep-th/9507074;86;4;90
hep-ph/9209224;hep-ph/9209224;70;0;70
hep-th/9812181;hep-th/9812181;1;9;10
hep-th/9706042;hep-th/9706042;11;1;12
hep-th/9601054;hep-th/9601054;7;8;15
hep-th/9704114;hep-th/9704114;89;69;158
hep-th/9710089;hep-th/9710089;1;1;2
hep-th/9409111;hep-th/9409111;77;0;77
hep-th/9812182;hep-th/9812182;0;1;1
hep-th/9812183;hep-th/9812183;0;15;15
hep-th/9308094;hep-th/9308094;20;0;20
hep-th/9401045;hep-th/9401045;13;1;14
hep-th/9301001;hep-th/9301001;30;0;30
hep-th/9208041;hep-th/9208041;27;0;27
hep-th/9409030;hep-th/9409030;17;6;23
hep-th/9804045;hep-th/9804045;4;12;16
hep-th/9711015;hep-th/9711015;4;15;19
0906.0253;0906.0253;0;18;18
hep-th/0605214;hep-th/0605214;12;21;33
hep-th/9908075;hep-th/9908075;42;19;61
hep-th/9810250;hep-th/9810250;33;9;42
hep-th/9909188;hep-th/9909188;18;0;18
hep-th/9205115;hep-th/9205115;33;0;33
hep-th/0702194;hep-th/0702194;5;28;33
hep-th/9909137;hep-th/9909137;12;5;17
hep-th/9812188;hep-th/9812188;8;35;43
hep-th/9712075;hep-th/9712075;31;30;61
hep-th/9706117;hep-th/9706117;67;12;79
hep-th/9707042;hep-th/9707042;66;18;84
hep-th/9712084;hep-th/9712084;55;37;92
hep-th/9712162;hep-th/9712162;15;27;42
hep-th/9707011;hep-th/9707011;14;28;42
hep-th/9806169;hep-th/9806169;41;45;86
hep-th/9703124;hep-th/9703124;12;16;28
hep-th/9710065;hep-th/9710065;59;21;80
hep-th/9708086;hep-th/9708086;80;12;92
hep-th/9707217;hep-th/9707217;80;29;109
hep-th/9712047;hep-th/9712047;28;45;73
hep-th/9708037;hep-th/9708037;39;49;88
hep-th/9707139;hep-th/9707139;45;10;55
hep-th/9707113;hep-th/9707113;12;4;16
hep-th/9706144;hep-th/9706144;33;8;41
hep-th/9707259;hep-th/9707259;31;32;63
hep-th/9801158;hep-th/9801158;11;19;30
hep-th/9604035;hep-th/9604035;273;38;311
hep-th/9711043;hep-th/9711043;38;22;60
hep-th/9704120;hep-th/9704120;55;22;77
hep-th/9809039;hep-th/9809039;148;260;408
hep-th/9305020;hep-th/9305020;33;3;36
hep-th/9505128;hep-th/9505128;15;1;16
hep-th/9301019;hep-th/9301019;40;1;41
hep-th/9603117;hep-th/9603117;15;6;21
hep-th/9707023;hep-th/9707023;3;0;3
hep-th/0206188;hep-th/0206188;12;43;55
hep-th/9910023;hep-th/9910023;61;6;67
hep-th/9812032;hep-th/9812032;113;8;121
hep-th/0010203;hep-th/0010203;7;11;18
gr-qc/0011078;gr-qc/0011078;62;7;69
hep-th/0112115;hep-th/0112115;29;25;54
hep-th/9902052;hep-th/9902052;59;23;82
hep-th/0103186;hep-th/0103186;35;8;43
hep-th/0107244;hep-th/0107244;14;34;48
hep-th/0105256;hep-th/0105256;20;55;75
hep-th/9912018;hep-th/9912018;129;21;150
gr-qc/9706050;gr-qc/9706050;37;2;39
hep-th/0104073;hep-th/0104073;122;38;160
hep-th/0202017;hep-th/0202017;67;39;106
hep-th/0112205;hep-th/0112205;22;34;56
hep-th/0204091;hep-th/0204091;59;30;89
hep-th/0111277;hep-th/0111277;34;24;58
astro-ph/9906463;astro-ph/9906463;181;0;181
hep-th/0105304;hep-th/0105304;14;13;27
hep-th/9912160;hep-th/9912160;149;8;157
hep-th/0206189;hep-th/0206189;11;3;14
hep-th/9407181;hep-th/9407181;23;9;32
hep-th/0012234;hep-th/0012234;89;69;158
hep-th/0508178;hep-th/0508178;6;5;11
astro-ph/0101567;astro-ph/0101567;11;2;13
astro-ph/0101568;astro-ph/0101568;16;1;17
hep-th/9904015;hep-th/9904015;15;5;20
hep-th/0312018;hep-th/0312018;9;20;29
astro-ph/0307318;astro-ph/0307318;5;3;8
hep-th/0508179;hep-th/0508179;7;27;34
hep-th/9803071;hep-th/9803071;16;18;34
hep-th/0507242;hep-th/0507242;2;11;13
math-ph/0408011;math-ph/0408011;5;14;19
hep-th/0311039;hep-th/0311039;9;9;18
hep-th/9610168;hep-th/9610168;68;19;87
hep-th/9610167;hep-th/9610167;23;34;57
hep-th/9504127;hep-th/9504127;35;5;40
hep-th/9207032;hep-th/9207032;34;1;35
hep-th/9201080;hep-th/9201080;47;0;47
hep-th/9810019;hep-th/9810019;34;1;35
hep-th/0507177;hep-th/0507177;5;11;16
hep-th/0210070;hep-th/0210070;12;96;108
hep-th/9506180;hep-th/9506180;23;5;28
hep-th/0408029;hep-th/0408029;4;9;13
hep-th/0407026;hep-th/0407026;9;102;111
hep-th/9512175;hep-th/9512175;16;15;31
hep-th/0207201;hep-th/0207201;24;27;51
hep-th/0504211;hep-th/0504211;6;17;23
hep-th/9604200;hep-th/9604200;35;17;52
hep-th/9608061;hep-th/9608061;46;28;74
hep-th/9512115;hep-th/9512115;11;3;14
hep-th/9803189;hep-th/9803189;3;36;39
hep-th/9711012;hep-th/9711012;16;26;42
hep-th/9206077;hep-th/9206077;14;4;18
hep-th/9612120;hep-th/9612120;34;19;53
hep-th/9401124;hep-th/9401124;11;2;13
hep-th/9703078;hep-th/9703078;52;11;63
hep-th/9305116;hep-th/9305116;25;5;30
hep-th/9611040;hep-th/9611040;26;27;53
hep-th/9702019;hep-th/9702019;6;8;14
hep-th/9706125;hep-th/9706125;7;15;22
hep-th/9711163;hep-th/9711163;34;21;55
hep-th/9403133;hep-th/9403133;36;0;36
hep-th/9704169;hep-th/9704169;11;25;36
hep-th/9207103;hep-th/9207103;116;6;122
hep-th/9803186;hep-th/9803186;6;16;22
hep-th/9803086;hep-th/9803086;42;31;73
hep-th/9704104;hep-th/9704104;126;49;175
hep-th/9706127;hep-th/9706127;63;29;92
hep-th/9803033;hep-th/9803033;10;13;23
hep-th/9803187;hep-th/9803187;2;4;6
hep-th/9612025;hep-th/9612025;2;8;10
hep-th/9204057;hep-th/9204057;55;0;55
hep-th/9508160;hep-th/9508160;3;0;3
hep-th/9210036;hep-th/9210036;21;2;23
hep-th/9803184;hep-th/9803184;18;5;23
hep-th/9701060;hep-th/9701060;50;10;60
cond-mat/9612003;cond-mat/9612003;2;3;5
hep-th/9308028;hep-th/9308028;9;0;9
hep-ph/9510213;hep-ph/9510213;6;1;7
hep-th/9803185;hep-th/9803185;4;21;25
hep-th/9703186;hep-th/9703186;20;23;43
hep-th/9702094;hep-th/9702094;93;38;131
hep-th/9706099;hep-th/9706099;41;56;97
hep-th/9703176;hep-th/9703176;28;0;28
hep-th/9610026;hep-th/9610026;43;56;99
hep-th/9607239;hep-th/9607239;49;12;61
hep-th/9803182;hep-th/9803182;6;8;14
hep-th/9704052;hep-th/9704052;22;18;40
hep-th/9803114;hep-th/9803114;5;7;12
hep-th/9706091;hep-th/9706091;27;22;49
hep-th/9803183;hep-th/9803183;24;27;51
hep-th/9801100;hep-th/9801100;1;2;3
hep-th/9702144;hep-th/9702144;8;6;14
hep-th/9606077;hep-th/9606077;17;34;51
hep-th/9612102;hep-th/9612102;37;38;75
hep-th/9710165;hep-th/9710165;13;34;47
hep-th/9703154;hep-th/9703154;24;8;32
hep-th/9712043;hep-th/9712043;19;27;46
hep-th/9505183;hep-th/9505183;53;14;67
hep-th/9704040;hep-th/9704040;10;37;47
hep-th/9704167;hep-th/9704167;84;12;96
hep-th/9406101;hep-th/9406101;36;15;51
hep-th/9512130;hep-th/9512130;15;3;18
hep-th/9509151;hep-th/9509151;67;15;82
hep-th/9502009;hep-th/9502009;42;2;44
hep-th/9211059;hep-th/9211059;58;7;65
hep-th/9803180;hep-th/9803180;0;27;27
gr-qc/9705006;gr-qc/9705006;23;7;30
hep-th/9709091;hep-th/9709091;93;20;113
hep-th/9704072;hep-th/9704072;11;3;14
gr-qc/9710032;gr-qc/9710032;10;16;26
hep-th/9801053;hep-th/9801053;21;0;21
hep-th/9802010;hep-th/9802010;47;71;118
hep-th/9712063;hep-th/9712063;40;20;60
hep-th/9710217;hep-th/9710217;64;27;91
hep-th/9711003;hep-th/9711003;32;26;58
hep-th/9711005;hep-th/9711005;83;14;97
gr-qc/9707009;gr-qc/9707009;36;20;56
gr-qc/9401032;gr-qc/9401032;48;0;48
hep-th/9803181;hep-th/9803181;3;6;9
hep-th/9702134;hep-th/9702134;28;11;39
hep-th/9712053;hep-th/9712053;2;9;11
hep-th/9706018;hep-th/9706018;13;0;13
hep-th/9711092;hep-th/9711092;14;11;25
hep-th/9701080;hep-th/9701080;36;10;46
hep-th/9702002;hep-th/9702002;18;14;32
hep-th/0005215;hep-th/0005215;4;7;11
hep-th/9609102;hep-th/9609102;31;2;33
hep-th/9902024;hep-th/9902024;34;7;41
hep-th/9702184;hep-th/9702184;69;14;83
hep-th/9903158;hep-th/9903158;5;0;5
hep-th/0005214;hep-th/0005214;7;5;12
hep-th/9802096;hep-th/9802096;15;4;19
hep-th/9812069;hep-th/9812069;8;4;12
hep-th/9905065;hep-th/9905065;5;0;5
hep-th/9805128;hep-th/9805128;14;5;19
hep-th/0005217;hep-th/0005217;34;59;93
hep-th/9909070;hep-th/9909070;205;30;235
hep-th/0003045;hep-th/0003045;50;14;64
hep-th/9901111;hep-th/9901111;8;8;16
hep-th/9812163;hep-th/9812163;41;85;126
hep-th/9806008;hep-th/9806008;54;40;94
hep-th/0003020;hep-th/0003020;60;47;107
hep-th/0003152;hep-th/0003152;2;28;30
hep-th/0004057;hep-th/0004057;28;21;49
hep-th/0002121;hep-th/0002121;49;14;63
hep-th/0002160;hep-th/0002160;138;74;212
hep-th/9804110;hep-th/9804110;66;17;83
hep-th/9912002;hep-th/9912002;19;10;29
hep-th/9803214;hep-th/9803214;80;67;147
hep-th/0003197;hep-th/0003197;44;14;58
hep-th/0005216;hep-th/0005216;5;3;8
gr-qc/9211004;gr-qc/9211004;13;0;13
hep-th/0402193;hep-th/0402193;8;1;9
hep-th/0404160;hep-th/0404160;24;1;25
hep-th/0005211;hep-th/0005211;6;26;32
hep-th/9903123;hep-th/9903123;76;32;108
hep-th/9706175;hep-th/9706175;160;10;170
hep-th/9701093;hep-th/9701093;242;25;267
hep-th/9901014;hep-th/9901014;53;0;53
hep-th/9909182;hep-th/9909182;12;9;21
hep-th/9910217;hep-th/9910217;9;31;40
hep-th/9809111;hep-th/9809111;115;11;126
hep-th/9912029;hep-th/9912029;1;12;13
hep-th/9902160;hep-th/9902160;43;24;67
hep-th/9910100;hep-th/9910100;1;10;11
hep-th/0005210;hep-th/0005210;33;41;74
hep-th/9906161;hep-th/9906161;129;40;169
q-alg/9509004;q-alg/9509004;19;4;23
hep-th/9903107;hep-th/9903107;125;23;148
math/9805119;math/9805119;6;43;49
hep-th/0002212;hep-th/0002212;6;13;19
physics/9709045;physics/9709045;54;67;121
hep-th/9803067;hep-th/9803067;75;22;97
hep-th/9804001;hep-th/9804001;65;17;82
hep-th/9701078;hep-th/9701078;86;32;118
hep-th/9312179;hep-th/9312179;37;10;47
hep-th/9912140;hep-th/9912140;50;24;74
gr-qc/9909028;gr-qc/9909028;7;0;7
hep-th/9903239;hep-th/9903239;48;11;59
gr-qc/9712012;gr-qc/9712012;7;9;16
hep-th/9601169;hep-th/9601169;18;0;18
math-ph/9908015;math-ph/9908015;8;8;16
hep-th/9402033;hep-th/9402033;27;3;30
hep-ph/9810524;hep-ph/9810524;17;2;19
hep-th/9904132;hep-th/9904132;35;11;46
hep-th/9906192;hep-th/9906192;208;12;220
hep-th/9806099;hep-th/9806099;58;43;101
hep-th/0005213;hep-th/0005213;8;26;34
hep-th/9811156;hep-th/9811156;114;23;137
hep-th/9912257;hep-th/9912257;37;48;85
hep-th/9809057;hep-th/9809057;214;10;224
hep-th/9903186;hep-th/9903186;21;19;40
hep-th/9811035;hep-th/9811035;170;28;198
hep-ph/9404248;hep-ph/9404248;14;0;14
hep-th/9902074;hep-th/9902074;72;44;116
hep-th/9812089;hep-th/9812089;106;24;130
hep-th/0003050;hep-th/0003050;21;39;60
hep-th/9904013;hep-th/9904013;22;36;58
hep-th/9903090;hep-th/9903090;28;26;54
hep-th/9811208;hep-th/9811208;38;22;60
hep-th/9909047;hep-th/9909047;169;37;206
hep-ph/9904485;hep-ph/9904485;31;16;47
hep-th/9109048;hep-th/9109048;280;0;280
hep-th/9911117;hep-th/9911117;13;27;40
hep-th/9402088;hep-th/9402088;24;2;26
hep-th/9902058;hep-th/9902058;63;50;113
hep-th/9511075;hep-th/9511075;47;3;50
hep-th/9808014;hep-th/9808014;136;23;159
hep-th/9806042;hep-th/9806042;62;28;90
hep-th/9902066;hep-th/9902066;47;9;56
hep-th/9905134;hep-th/9905134;25;30;55
hep-th/9807149;hep-th/9807149;15;10;25
hep-th/0005218;hep-th/0005218;3;2;5
hep-th/9206114;hep-th/9206114;23;2;25
hep-th/9906120;hep-th/9906120;7;2;9
hep-th/0311005;hep-th/0311005;22;46;68
hep-th/0102168;hep-th/0102168;37;23;60
hep-th/0307060;hep-th/0307060;25;15;40
hep-th/0307243;hep-th/0307243;18;30;48
hep-th/0011053;hep-th/0011053;17;18;35
hep-th/0308050;hep-th/0308050;15;0;15
hep-th/0309076;hep-th/0309076;13;33;46
hep-th/0308171;hep-th/0308171;41;22;63
hep-th/9903112;hep-th/9903112;18;7;25
hep-th/0307039;hep-th/0307039;77;19;96
hep-th/0310137;hep-th/0310137;31;49;80
hep-th/0303063;hep-th/0303063;119;20;139
hep-th/0309037;hep-th/0309037;49;38;87
hep-th/0308012;hep-th/0308012;72;21;93
hep-th/0104190;hep-th/0104190;142;21;163
hep-th/0308049;hep-th/0308049;59;11;70
hep-th/0209164;hep-th/0209164;16;48;64
hep-th/0308107;hep-th/0308107;11;24;35
hep-th/0308021;hep-th/0308021;59;10;69
hep-th/0304118;hep-th/0304118;14;13;27
hep-th/0204170;hep-th/0204170;28;16;44
hep-th/0008013;hep-th/0008013;134;30;164
hep-th/0310065;hep-th/0310065;14;37;51
hep-th/0006137;hep-th/0006137;30;46;76
hep-th/0609077;hep-th/0609077;0;8;8
hep-th/9409076;hep-th/9409076;50;22;72
hep-th/0401020;hep-th/0401020;26;17;43
hep-th/0601014;hep-th/0601014;8;13;21
hep-th/0407199;hep-th/0407199;9;5;14
hep-th/0607107;hep-th/0607107;4;10;14
hep-th/0609076;hep-th/0609076;0;4;4
hep-th/9803257;hep-th/9803257;6;17;23
hep-th/9707181;hep-th/9707181;10;5;15
hep-th/9807042;hep-th/9807042;5;15;20
hep-th/0609075;hep-th/0609075;5;44;49
gr-qc/0605003;gr-qc/0605003;3;16;19
hep-th/0608175;hep-th/0608175;4;26;30
hep-th/0604072;hep-th/0604072;18;44;62
hep-th/0508217;hep-th/0508217;34;35;69
hep-th/0508108;hep-th/0508108;2;9;11
cond-mat/0503393;cond-mat/0503393;15;11;26
hep-th/0511225;hep-th/0511225;3;43;46
hep-th/0606137;hep-th/0606137;14;0;14
gr-qc/0511104;gr-qc/0511104;4;34;38
hep-th/0312238;hep-th/0312238;25;23;48
hep-th/0609045;hep-th/0609045;2;23;25
hep-th/0605196;hep-th/0605196;26;25;51
hep-th/9808081;hep-th/9808081;17;23;40
hep-ph/0607322;hep-ph/0607322;9;17;26
hep-th/0501058;hep-th/0501058;1;8;9
hep-th/9804085;hep-th/9804085;366;27;393
hep-ph/0606048;hep-ph/0606048;14;23;37
hep-th/0601032;hep-th/0601032;41;53;94
hep-th/0606256;hep-th/0606256;16;33;49
hep-th/0504037;hep-th/0504037;13;0;13
hep-th/0606205;hep-th/0606205;24;29;53
hep-th/0604045;hep-th/0604045;11;18;29
gr-qc/0511066;gr-qc/0511066;15;12;27
hep-th/0311029;hep-th/0311029;8;11;19
hep-th/0310091;hep-th/0310091;6;10;16
hep-th/0507171;hep-th/0507171;73;6;79
hep-th/0401081;hep-th/0401081;22;11;33
hep-th/0002145;hep-th/0002145;84;24;108
hep-th/0204034;hep-th/0204034;3;20;23
hep-th/0606027;hep-th/0606027;11;45;56
gr-qc/0506020;gr-qc/0506020;1;9;10
hep-th/0510148;hep-th/0510148;5;11;16
hep-th/0510021;hep-th/0510021;11;16;27
hep-th/0602134;hep-th/0602134;21;0;21
hep-th/0302186;hep-th/0302186;12;13;25
hep-th/0609074;hep-th/0609074;43;76;119
hep-th/0403225;hep-th/0403225;16;20;36
hep-th/0607023;hep-th/0607023;32;20;52
hep-th/0005003;hep-th/0005003;83;30;113
hep-th/0603149;hep-th/0603149;72;45;117
hep-th/0606230;hep-th/0606230;5;22;27
hep-th/9904005;hep-th/9904005;98;24;122
hep-th/0503219;hep-th/0503219;27;47;74
hep-th/0007195;hep-th/0007195;110;149;259
hep-th/0506176;hep-th/0506176;99;45;144
hep-th/9809187;hep-th/9809187;157;19;176
hep-th/9806104;hep-th/9806104;157;0;157
hep-th/0505122;hep-th/0505122;63;38;101
hep-th/0502126;hep-th/0502126;63;50;113
hep-th/9812027;hep-th/9812027;81;28;109
dg-ga/9710001;dg-ga/9710001;10;0;10
hep-th/9812240;hep-th/9812240;39;17;56
hep-th/0608059;hep-th/0608059;43;24;67
hep-th/0607138;hep-th/0607138;34;36;70
hep-th/0602046;hep-th/0602046;42;11;53
hep-th/0507014;hep-th/0507014;91;86;177
gr-qc/9405070;gr-qc/9405070;76;5;81
hep-th/0502157;hep-th/0502157;87;60;147
hep-th/0503045;hep-th/0503045;55;40;95
hep-th/0005072;hep-th/0005072;51;35;86
hep-th/9707134;hep-th/9707134;87;17;104
hep-th/9904217;hep-th/9904217;28;22;50
hep-th/9707013;hep-th/9707013;86;25;111
hep-th/9812082;hep-th/9812082;161;18;179
hep-th/0512216;hep-th/0512216;3;34;37
hep-th/9805208;hep-th/9805208;31;0;31
hep-th/0411255;hep-th/0411255;90;39;129
hep-th/9812127;hep-th/9812127;157;18;175
hep-th/0510180;hep-th/0510180;48;83;131
hep-th/9906094;hep-th/9906094;125;30;155
hep-th/9803205;hep-th/9803205;68;12;80
hep-th/0503105;hep-th/0503105;32;40;72
hep-th/0305129;hep-th/0305129;33;30;63
hep-th/9704016;hep-th/9704016;29;23;52
hep-th/0010289;hep-th/0010289;0;9;9
hep-th/9606194;hep-th/9606194;15;13;28
hep-th/0002093;hep-th/0002093;4;24;28
hep-th/9612246;hep-th/9612246;2;20;22
hep-th/9709097;hep-th/9709097;17;6;23
hep-th/0609070;hep-th/0609070;1;12;13
hep-th/0010124;hep-th/0010124;30;18;48
hep-th/0512308;hep-th/0512308;14;4;18
dg-ga/9605006;dg-ga/9605006;7;0;7
gr-qc/0512115;gr-qc/0512115;4;31;35
hep-th/0510168;hep-th/0510168;3;0;3
hep-th/0501061;hep-th/0501061;5;0;5
hep-th/0005225;hep-th/0005225;46;0;46
hep-th/0311107;hep-th/0311107;8;6;14
hep-th/0503024;hep-th/0503024;22;0;22
hep-th/0510274;hep-th/0510274;5;12;17
hep-th/0310299;hep-th/0310299;40;11;51
hep-th/0010285;hep-th/0010285;21;26;47
hep-th/9903044;hep-th/9903044;41;4;45
hep-th/9811157;hep-th/9811157;9;3;12
hep-th/9905061;hep-th/9905061;77;11;88
hep-th/0007152;hep-th/0007152;1;13;14
hep-th/0006114;hep-th/0006114;35;20;55
hep-th/9806127;hep-th/9806127;14;9;23
hep-th/9809036;hep-th/9809036;7;9;16
hep-th/9406034;hep-th/9406034;22;4;26
hep-th/9902115;hep-th/9902115;87;17;104
hep-th/9511135;hep-th/9511135;2;0;2
hep-th/0005255;hep-th/0005255;13;7;20
hep-th/0004116;hep-th/0004116;2;5;7
hep-th/9904037;hep-th/9904037;53;4;57
hep-th/9905172;hep-th/9905172;4;9;13
hep-th/9903258;hep-th/9903258;37;15;52
hep-th/9303072;hep-th/9303072;15;0;15
hep-th/9905095;hep-th/9905095;38;7;45
hep-th/9403116;hep-th/9403116;14;1;15
hep-ph/0002294;hep-ph/0002294;12;6;18
hep-th/9209005;hep-th/9209005;46;0;46
hep-th/9502025;hep-th/9502025;35;2;37
hep-th/0008210;hep-th/0008210;54;8;62
hep-th/0010286;hep-th/0010286;9;23;32
hep-th/9801087;hep-th/9801087;48;31;79
hep-th/0009127;hep-th/0009127;28;17;45
hep-th/9607011;hep-th/9607011;60;20;80
hep-th/9709214;hep-th/9709214;28;7;35
hep-th/0010287;hep-th/0010287;4;13;17
hep-th/0010262;hep-th/0010262;15;14;29
hep-th/9910218;hep-th/9910218;30;17;47
hep-th/0001128;hep-th/0001128;13;14;27
hep-th/9606032;hep-th/9606032;48;13;61
hep-th/9706203;hep-th/9706203;22;25;47
hep-th/0008208;hep-th/0008208;14;24;38
hep-th/0004089;hep-th/0004089;16;14;30
hep-th/9701109;hep-th/9701109;24;10;34
hep-th/0010280;hep-th/0010280;3;38;41
hep-th/9112044;hep-th/9112044;103;0;103
hep-th/9602096;hep-th/9602096;37;6;43
gr-qc/9811025;gr-qc/9811025;1;4;5
hep-th/9708046;hep-th/9708046;94;40;134
gr-qc/9407029;gr-qc/9407029;5;0;5
gr-qc/9902004;gr-qc/9902004;13;11;24
hep-th/0004149;hep-th/0004149;8;52;60
hep-th/9611039;hep-th/9611039;113;22;135
hep-th/9110004;hep-th/9110004;122;0;122
hep-th/9702043;hep-th/9702043;73;40;113
hep-th/9902071;hep-th/9902071;115;67;182
gr-qc/9407030;gr-qc/9407030;2;1;3
hep-th/0006171;hep-th/0006171;37;2;39
hep-th/9602087;hep-th/9602087;70;12;82
hep-th/9902210;hep-th/9902210;75;33;108
hep-th/0009047;hep-th/0009047;36;13;49
hep-th/0009062;hep-th/0009062;27;35;62
hep-th/0007213;hep-th/0007213;40;10;50
hep-th/9911138;hep-th/9911138;15;21;36
hep-th/9912022;hep-th/9912022;8;30;38
hep-th/0010283;hep-th/0010283;10;19;29
hep-ph/9702403;hep-ph/9702403;13;5;18
hep-th/9902070;hep-th/9902070;25;11;36
hep-th/0005017;hep-th/0005017;11;12;23
hep-th/9501137;hep-th/9501137;20;2;22
hep-th/9909076;hep-th/9909076;36;23;59
hep-th/9912229;hep-th/9912229;21;5;26
hep-th/9604125;hep-th/9604125;12;22;34
hep-th/9902069;hep-th/9902069;16;1;17
hep-th/9603135;hep-th/9603135;14;6;20
hep-th/9805067;hep-th/9805067;76;3;79
hep-th/9610189;hep-th/9610189;16;2;18
hep-th/0502235;hep-th/0502235;18;18;36
hep-th/9703188;hep-th/9703188;8;15;23
hep-th/0109005;hep-th/0109005;28;7;35
hep-th/9301050;hep-th/9301050;21;0;21
hep-th/9810226;hep-th/9810226;56;26;82
hep-th/0304109;hep-th/0304109;17;12;29
hep-th/0005168;hep-th/0005168;15;14;29
hep-th/9910110;hep-th/9910110;21;32;53
hep-th/0409272;hep-th/0409272;15;5;20
hep-th/9804177;hep-th/9804177;123;1;124
hep-th/0106161;hep-th/0106161;6;32;38
hep-th/0008063;hep-th/0008063;47;3;50
0807.3324;0807.3324;0;50;50
hep-th/0106255;hep-th/0106255;15;28;43
hep-th/9903067;hep-th/9903067;16;15;31
hep-th/0407071;hep-th/0407071;51;46;97
hep-th/9903003;hep-th/9903003;8;16;24
hep-th/9808039;hep-th/9808039;33;13;46
hep-th/0011122;hep-th/0011122;9;28;37
hep-th/9901050;hep-th/9901050;40;101;141
hep-th/9808079;hep-th/9808079;124;16;140
hep-th/0405203;hep-th/0405203;8;36;44
hep-th/0003249;hep-th/0003249;27;11;38
hep-th/0404176;hep-th/0404176;71;31;102
hep-th/0602260;hep-th/0602260;44;6;50
hep-th/0507073;hep-th/0507073;194;25;219
hep-th/9803231;hep-th/9803231;82;83;165
hep-th/9907029;hep-th/9907029;21;34;55
hep-th/0412141;hep-th/0412141;309;40;349
hep-th/0206247;hep-th/0206247;16;0;16
hep-th/9805069;hep-th/9805069;66;17;83
hep-th/9809022;hep-th/9809022;212;24;236
hep-th/9810146;hep-th/9810146;42;13;55
hep-th/9706192;hep-th/9706192;61;0;61
hep-th/0308024;hep-th/0308024;14;43;57
hep-th/0603016;hep-th/0603016;32;35;67
hep-th/9405124;hep-th/9405124;96;2;98
0706.0572;0706.0572;0;45;45
hep-th/0701050;hep-th/0701050;49;69;118
hep-th/9611072;hep-th/9611072;102;19;121
hep-th/0005040;hep-th/0005040;215;15;230
astro-ph/0407543;astro-ph/0407543;30;48;78
astro-ph/0604195;astro-ph/0604195;9;15;24
hep-th/0601162;hep-th/0601162;33;25;58
hep-th/0611043;hep-th/0611043;56;55;111
hep-th/0703173;hep-th/0703173;6;35;41
hep-th/0606114;hep-th/0606114;39;11;50
hep-th/0602264;hep-th/0602264;25;22;47
astro-ph/0308458;astro-ph/0308458;53;16;69
hep-th/0304203;hep-th/0304203;59;4;63
hep-th/0203186;hep-th/0203186;66;36;102
astro-ph/0603782;astro-ph/0603782;10;39;49
astro-ph/0605442;astro-ph/0605442;10;0;10
hep-th/0609095;hep-th/0609095;37;6;43
hep-th/0004074;hep-th/0004074;113;51;164
hep-th/0608207;hep-th/0608207;10;60;70
hep-th/0403134;hep-th/0403134;22;16;38
hep-th/0605015;hep-th/0605015;23;6;29
hep-th/0402018;hep-th/0402018;22;11;33
astro-ph/0311378;astro-ph/0311378;44;39;83
gr-qc/0701114;gr-qc/0701114;13;0;13
hep-ph/0406057;hep-ph/0406057;11;11;22
hep-th/0702217;hep-th/0702217;12;19;31
hep-th/0203099;hep-th/0203099;91;37;128
0910.5236;0910.5236;0;17;17
astro-ph/0506222;astro-ph/0506222;25;15;40
gr-qc/0505020;gr-qc/0505020;80;20;100
astro-ph/0403324;astro-ph/0403324;120;77;197
hep-th/0412227;hep-th/0412227;38;50;88
astro-ph/0506482;astro-ph/0506482;8;19;27
astro-ph/0307316;astro-ph/0307316;59;6;65
astro-ph/0702015;astro-ph/0702015;36;55;91
astro-ph/0503242;astro-ph/0503242;20;8;28
hep-th/0501059;hep-th/0501059;7;47;54
0905.2284;0905.2284;0;17;17
hep-ph/9903350;hep-ph/9903350;37;15;52
hep-th/0507257;hep-th/0507257;66;49;115
hep-th/0402086;hep-th/0402086;27;56;83
hep-th/0508229;hep-th/0508229;53;113;166
astro-ph/0104006;astro-ph/0104006;70;29;99
hep-th/0602136;hep-th/0602136;53;53;106
hep-ph/0410198;hep-ph/0410198;5;4;9
hep-ph/0212348;hep-ph/0212348;23;31;54
hep-ph/0404260;hep-ph/0404260;10;1;11
0806.1534;0806.1534;0;28;28
hep-th/0604075;hep-th/0604075;27;11;38
hep-th/0601001;hep-th/0601001;90;10;100
hep-th/0602178;hep-th/0602178;96;17;113
hep-th/0606090;hep-th/0606090;46;22;68
gr-qc/9810026;gr-qc/9810026;19;9;28
hep-th/0703116;hep-th/0703116;14;33;47
hep-th/0603010;hep-th/0603010;26;27;53
hep-th/0505231;hep-th/0505231;23;42;65
hep-th/9210046;hep-th/9210046;60;0;60
hep-th/0506067;hep-th/0506067;10;34;44
hep-th/0605264;hep-th/0605264;43;15;58
hep-th/0509212;hep-th/0509212;76;4;80
0706.1224;0706.1224;0;10;10
hep-th/0202039;hep-th/0202039;67;25;92
hep-th/0610224;hep-th/0610224;25;11;36
hep-th/0402093;hep-th/0402093;46;6;52
hep-th/0501036;hep-th/0501036;51;0;51
hep-th/0612251;hep-th/0612251;40;17;57
hep-th/0512271;hep-th/0512271;46;14;60
hep-th/0702068;hep-th/0702068;10;31;41
hep-th/0305066;hep-th/0305066;48;9;57
cond-mat/9412060;cond-mat/9412060;5;0;5
hep-th/0401128;hep-th/0401128;110;10;120
0706.1223;0706.1223;0;83;83
hep-th/0409198;hep-th/0409198;14;13;27
gr-qc/0612180;gr-qc/0612180;75;54;129
gr-qc/0604006;gr-qc/0604006;57;26;83
astro-ph/0310904;astro-ph/0310904;61;20;81
astro-ph/0311293;astro-ph/0311293;52;26;78
hep-th/0307239;hep-th/0307239;34;33;67
gr-qc/0509029;gr-qc/0509029;27;13;40
gr-qc/0703006;gr-qc/0703006;27;63;90
gr-qc/0603012;gr-qc/0603012;7;9;16
gr-qc/0512017;gr-qc/0512017;25;22;47
astro-ph/0411209;astro-ph/0411209;34;32;66
astro-ph/0702278;astro-ph/0702278;29;8;37
astro-ph/0306630;astro-ph/0306630;94;8;102
astro-ph/0603703;astro-ph/0603703;75;9;84
hep-th/0409080;hep-th/0409080;27;46;73
gr-qc/0511094;gr-qc/0511094;38;70;108
gr-qc/0507027;gr-qc/0507027;37;9;46
gr-qc/0604028;gr-qc/0604028;51;18;69
gr-qc/0506095;gr-qc/0506095;27;56;83
astro-ph/0604431;astro-ph/0604431;90;30;120
gr-qc/0408069;gr-qc/0408069;27;5;32
gr-qc/0612026;gr-qc/0612026;59;95;154
gr-qc/0511045;gr-qc/0511045;18;21;39
hep-th/0502001;hep-th/0502001;26;52;78
gr-qc/0611149;gr-qc/0611149;14;9;23
gr-qc/0510007;gr-qc/0510007;17;19;36
hep-th/0605039;hep-th/0605039;74;33;107
hep-th/0506212;hep-th/0506212;118;68;186
hep-th/0307177;hep-th/0307177;37;21;58
gr-qc/0612075;gr-qc/0612075;25;0;25
hep-th/0501096;hep-th/0501096;80;30;110
hep-th/0306212;hep-th/0306212;90;49;139
hep-th/0512118;hep-th/0512118;51;20;71
hep-th/0505215;hep-th/0505215;107;52;159
hep-th/0608008;hep-th/0608008;85;42;127
hep-ph/0101210;hep-ph/0101210;84;0;84
gr-qc/0506096;gr-qc/0506096;27;16;43
hep-th/0507182;hep-th/0507182;75;43;118
astro-ph/0308111;astro-ph/0308111;57;7;64
gr-qc/0605050;gr-qc/0605050;3;51;54
gr-qc/0312041;gr-qc/0312041;24;13;37
gr-qc/0511127;gr-qc/0511127;23;1;24
gr-qc/0703132;gr-qc/0703132;16;17;33
astro-ph/0005004;astro-ph/0005004;59;1;60
hep-th/0511233;hep-th/0511233;21;14;35
hep-th/0608015;hep-th/0608015;44;17;61
hep-th/0110167;hep-th/0110167;47;27;74
hep-th/0611071;hep-th/0611071;58;109;167
gr-qc/0511034;gr-qc/0511034;16;13;29
hep-th/0405034;hep-th/0405034;162;37;199
hep-th/0403159;hep-th/0403159;15;16;31
hep-th/0309062;hep-th/0309062;32;18;50
hep-th/0411102;hep-th/0411102;20;11;31
gr-qc/0505101;gr-qc/0505101;33;3;36
astro-ph/0209037;astro-ph/0209037;48;10;58
gr-qc/0511071;gr-qc/0511071;6;14;20
hep-th/0312082;hep-th/0312082;31;42;73
hep-th/0305207;hep-th/0305207;47;64;111
astro-ph/0604154;astro-ph/0604154;39;34;73
gr-qc/0509008;gr-qc/0509008;28;0;28
gr-qc/9509044;gr-qc/9509044;20;1;21
gr-qc/0410046;gr-qc/0410046;35;0;35
astro-ph/0506392;astro-ph/0506392;9;21;30
hep-ph/0311312;hep-ph/0311312;185;18;203
hep-th/0308176;hep-th/0308176;98;7;105
hep-th/9908005;hep-th/9908005;15;1;16
hep-th/0301067;hep-th/0301067;35;33;68
hep-th/9707066;hep-th/9707066;12;0;12
hep-th/0410116;hep-th/0410116;17;23;40
hep-th/0601225;hep-th/0601225;35;42;77
hep-th/9802097;hep-th/9802097;31;2;33
hep-th/0309222;hep-th/0309222;44;38;82
hep-th/0505216;hep-th/0505216;12;24;36
hep-th/0311212;hep-th/0311212;30;19;49
hep-th/0304049;hep-th/0304049;114;29;143
hep-th/0501108;hep-th/0501108;42;27;69
hep-th/0602166;hep-th/0602166;18;0;18
hep-th/0301054;hep-th/0301054;21;8;29
hep-th/0507138;hep-th/0507138;13;29;42
hep-th/0203115;hep-th/0203115;33;9;42
hep-th/0212245;hep-th/0212245;27;53;80
hep-th/0205132;hep-th/0205132;41;18;59
hep-th/0406192;hep-th/0406192;37;23;60
hep-th/0601071;hep-th/0601071;2;52;54
hep-th/0407180;hep-th/0407180;23;34;57
hep-th/9810231;hep-th/9810231;42;1;43
hep-th/0507152;hep-th/0507152;15;7;22
hep-ph/0410194;hep-ph/0410194;4;4;8
hep-ph/0409188;hep-ph/0409188;1;5;6
hep-ph/9510366;hep-ph/9510366;11;8;19
math/0609036;math/0609036;0;1;1
hep-th/9405121;hep-th/9405121;51;10;61
0708.0662;0708.0662;0;4;4
hep-th/0408200;hep-th/0408200;10;16;26
gr-qc/0612047;gr-qc/0612047;33;25;58
gr-qc/0607093;gr-qc/0607093;18;12;30
hep-th/0607094;hep-th/0607094;10;29;39
hep-th/0502234;hep-th/0502234;0;1;1
hep-th/0006104;hep-th/0006104;3;1;4
hep-lat/0010039;hep-lat/0010039;1;6;7
hep-th/0001181;hep-th/0001181;3;4;7
hep-lat/9907018;hep-lat/9907018;2;2;4
hep-th/0002243;hep-th/0002243;3;4;7
hep-th/9906189;hep-th/9906189;8;5;13
hep-th/0002251;hep-th/0002251;6;2;8
hep-lat/9903011;hep-lat/9903011;9;3;12
hep-th/0608214;hep-th/0608214;9;7;16
hep-th/0602185;hep-th/0602185;40;14;54
hep-th/0604025;hep-th/0604025;31;13;44
hep-th/0605113;hep-th/0605113;53;42;95
hep-th/0109146;hep-th/0109146;8;9;17
hep-th/0210259;hep-th/0210259;11;0;11
hep-th/0607251;hep-th/0607251;6;6;12
hep-th/0603024;hep-th/0603024;49;14;63
hep-th/9910009;hep-th/9910009;2;1;3
hep-ph/9602385;hep-ph/9602385;56;2;58
hep-th/0407008;hep-th/0407008;1;2;3
solv-int/9804006;solv-int/9804006;6;0;6
hep-th/0012099;hep-th/0012099;2;6;8
quant-ph/0404120;quant-ph/0404120;31;8;39
cond-mat/0409611;cond-mat/0409611;12;4;16
quant-ph/0501110;quant-ph/0501110;14;9;23
quant-ph/0411123;quant-ph/0411123;1;2;3
hep-th/9403137;hep-th/9403137;72;33;105
quant-ph/9904022;quant-ph/9904022;13;6;19
quant-ph/0211074;quant-ph/0211074;72;6;78
quant-ph/0304098;quant-ph/0304098;29;18;47
0806.1452;0806.1452;0;27;27
hep-th/9511188;hep-th/9511188;78;5;83
gr-qc/0305037;gr-qc/0305037;93;32;125
hep-th/0609028;hep-th/0609028;13;27;40
hep-th/0606096;hep-th/0606096;17;19;36
hep-th/0611005;hep-th/0611005;41;39;80
hep-th/0205142;hep-th/0205142;74;10;84
hep-th/0211024;hep-th/0211024;48;23;71
hep-th/0512022;hep-th/0512022;21;56;77
hep-th/0603200;hep-th/0603200;5;23;28
gr-qc/0301052;gr-qc/0301052;56;13;69
hep-th/0406111;hep-th/0406111;32;21;53
hep-th/0703102;hep-th/0703102;7;34;41
hep-th/9804031;hep-th/9804031;18;21;39
hep-th/0003295;hep-th/0003295;59;8;67
hep-th/9705223;hep-th/9705223;41;14;55
gr-qc/9502023;gr-qc/9502023;6;5;11
gr-qc/9309010;gr-qc/9309010;6;1;7
gr-qc/9303002;gr-qc/9303002;6;0;6
gr-qc/9308012;gr-qc/9308012;10;1;11
gr-qc/9210008;gr-qc/9210008;15;0;15
gr-qc/9406044;gr-qc/9406044;8;2;10
0811.1915;0811.1915;0;12;12
hep-th/0207206;hep-th/0207206;15;16;31
hep-th/0208218;hep-th/0208218;4;2;6
hep-th/0103032;hep-th/0103032;48;19;67
hep-th/9710119;hep-th/9710119;149;15;164
hep-ph/9602424;hep-ph/9602424;21;5;26
hep-th/9711178;hep-th/9711178;58;19;77
hep-th/0304206;hep-th/0304206;67;38;105
hep-th/0512292;hep-th/0512292;26;19;45
hep-th/0607245;hep-th/0607245;0;2;2
hep-th/9512067;hep-th/9512067;3;0;3
hep-th/9510162;hep-th/9510162;5;0;5
hep-lat/0308023;hep-lat/0308023;4;9;13
hep-th/0211267;hep-th/0211267;14;5;19
hep-lat/0206017;hep-lat/0206017;4;4;8
hep-th/9505070;hep-th/9505070;67;7;74
hep-lat/9510026;hep-lat/9510026;23;2;25
hep-th/9404140;hep-th/9404140;60;1;61
hep-lat/9512030;hep-lat/9512030;23;2;25
hep-lat/9909099;hep-lat/9909099;14;6;20
hep-lat/9802005;hep-lat/9802005;27;1;28
hep-th/0601129;hep-th/0601129;8;45;53
hep-th/9711139;hep-th/9711139;11;7;18
astro-ph/0311015;astro-ph/0311015;56;8;64
hep-th/0310224;hep-th/0310224;12;19;31
gr-qc/0308033;gr-qc/0308033;29;6;35
hep-th/0307085;hep-th/0307085;50;15;65
gr-qc/9606088;gr-qc/9606088;80;6;86
gr-qc/9703038;gr-qc/9703038;13;13;26
gr-qc/9703037;gr-qc/9703037;12;12;24
quant-ph/0009072;quant-ph/0009072;7;1;8
hep-th/0407213;hep-th/0407213;24;34;58
gr-qc/9705021;gr-qc/9705021;52;9;61
gr-qc/0405060;gr-qc/0405060;13;19;32
gr-qc/9311010;gr-qc/9311010;23;1;24
gr-qc/9910079;gr-qc/9910079;25;20;45
gr-qc/9612035;gr-qc/9612035;88;28;116
hep-th/0005232;hep-th/0005232;24;31;55
hep-th/0401172;hep-th/0401172;18;40;58
astro-ph/0411124;astro-ph/0411124;8;6;14
hep-th/0507235;hep-th/0507235;14;71;85
gr-qc/0306008;gr-qc/0306008;36;60;96
hep-th/0405273;hep-th/0405273;49;34;83
gr-qc/0412039;gr-qc/0412039;13;6;19
hep-th/0601004;hep-th/0601004;18;11;29
hep-th/0403108;hep-th/0403108;9;5;14
gr-qc/0011106;gr-qc/0011106;18;18;36
hep-th/0501114;hep-th/0501114;51;74;125
astro-ph/0607380;astro-ph/0607380;9;22;31
hep-th/0409182;hep-th/0409182;6;7;13
gr-qc/0505033;gr-qc/0505033;15;20;35
gr-qc/0505032;gr-qc/0505032;26;0;26
gr-qc/0102038;gr-qc/0102038;35;28;63
gr-qc/9609034;gr-qc/9609034;34;16;50
hep-th/9901010;hep-th/9901010;22;2;24
hep-th/0603032;hep-th/0603032;13;0;13
gr-qc/0509118;gr-qc/0509118;15;23;38
hep-th/9905017;hep-th/9905017;6;3;9
hep-th/0408048;hep-th/0408048;58;165;223
hep-th/0505016;hep-th/0505016;29;29;58
hep-th/0211111;hep-th/0211111;37;0;37
hep-th/0502237;hep-th/0502237;5;7;12
hep-th/0309250;hep-th/0309250;7;3;10
hep-th/0309251;hep-th/0309251;8;3;11
hep-th/0112032;hep-th/0112032;6;43;49
hep-ph/0312034;hep-ph/0312034;13;19;32
hep-ph/9605455;hep-ph/9605455;10;5;15
hep-ph/9612324;hep-ph/9612324;5;4;9
hep-th/0608211;hep-th/0608211;12;67;79
hep-th/0008087;hep-th/0008087;28;18;46
hep-th/0303011;hep-th/0303011;17;42;59
gr-qc/0312059;gr-qc/0312059;291;281;572
hep-th/0403298;hep-th/0403298;20;29;49
hep-ph/0106343;hep-ph/0106343;16;14;30
hep-th/0507239;hep-th/0507239;9;43;52
hep-th/0102147;hep-th/0102147;24;0;24
hep-th/0607185;hep-th/0607185;22;18;40
hep-th/0607189;hep-th/0607189;8;23;31
hep-th/0506035;hep-th/0506035;31;66;97
hep-th/0606238;hep-th/0606238;5;37;42
hep-th/0103138;hep-th/0103138;25;12;37
hep-th/0004109;hep-th/0004109;108;19;127
hep-th/0407176;hep-th/0407176;49;22;71
hep-th/0302143;hep-th/0302143;29;23;52
hep-th/0001192;hep-th/0001192;117;54;171
hep-th/0602086;hep-th/0602086;23;36;59
hep-th/0312092;hep-th/0312092;35;51;86
hep-th/0508038;hep-th/0508038;23;64;87
hep-th/0106076;hep-th/0106076;42;34;76
hep-th/0004097;hep-th/0004097;133;12;145
hep-th/0411155;hep-th/0411155;16;26;42
hep-ph/0211377;hep-ph/0211377;10;30;40
hep-th/0101105;hep-th/0101105;37;24;61
hep-th/0603026;hep-th/0603026;56;60;116
hep-th/0505108;hep-th/0505108;13;22;35
hep-ph/0003129;hep-ph/0003129;269;28;297
hep-th/0304040;hep-th/0304040;19;41;60
hep-th/0302054;hep-th/0302054;15;29;44
hep-th/0005127;hep-th/0005127;55;41;96
hep-th/0104177;hep-th/0104177;58;0;58
hep-th/9912186;hep-th/9912186;58;20;78
hep-th/0512278;hep-th/0512278;10;31;41
hep-th/0508185;hep-th/0508185;21;25;46
hep-th/0406211;hep-th/0406211;25;90;115
hep-th/0007239;hep-th/0007239;26;39;65
hep-th/0510220;hep-th/0510220;11;15;26
hep-th/0308108;hep-th/0308108;37;22;59
hep-th/0312269;hep-th/0312269;26;19;45
hep-th/0109099;hep-th/0109099;28;53;81
hep-th/0205320;hep-th/0205320;35;22;57
hep-th/0302017;hep-th/0302017;33;36;69
hep-th/0309176;hep-th/0309176;32;17;49
hep-th/0508093;hep-th/0508093;31;24;55
hep-th/0510117;hep-th/0510117;12;17;29
hep-th/0505224;hep-th/0505224;17;53;70
gr-qc/0407085;gr-qc/0407085;14;20;34
0905.2757;0905.2757;0;9;9
hep-ph/0410142;hep-ph/0410142;6;42;48
hep-lat/9609042;hep-lat/9609042;10;1;11
hep-lat/0207003;hep-lat/0207003;63;4;67
hep-th/9406003;hep-th/9406003;19;2;21
hep-th/0305208;hep-th/0305208;26;27;53
hep-lat/0604006;hep-lat/0604006;4;7;11
hep-th/0007079;hep-th/0007079;26;25;51
hep-ph/0006217;hep-ph/0006217;16;22;38
hep-lat/0111047;hep-lat/0111047;11;21;32
cond-mat/0009084;cond-mat/0009084;17;16;33
hep-th/0003110;hep-th/0003110;39;35;74
hep-th/9805101;hep-th/9805101;14;9;23
hep-th/9802061;hep-th/9802061;38;6;44
cond-mat/0005286;cond-mat/0005286;16;3;19
hep-th/9806121;hep-th/9806121;16;8;24
hep-th/9503014;hep-th/9503014;17;6;23
hep-th/9510008;hep-th/9510008;25;10;35
cond-mat/9612187;cond-mat/9612187;60;6;66
hep-th/9804080;hep-th/9804080;6;9;15
hep-th/9708141;hep-th/9708141;57;0;57
hep-th/9409176;hep-th/9409176;22;7;29
hep-th/0608212;hep-th/0608212;0;16;16
hep-th/9811255;hep-th/9811255;3;9;12
hep-th/0005258;hep-th/0005258;9;15;24
hep-th/0211140;hep-th/0211140;17;10;27
hep-th/0201125;hep-th/0201125;4;18;22
hep-th/9904159;hep-th/9904159;17;2;19
hep-th/9906172;hep-th/9906172;6;1;7
hep-lat/0301023;hep-lat/0301023;120;70;190
hep-th/9604063;hep-th/9604063;18;7;25
hep-th/0407086;hep-th/0407086;5;21;26
hep-th/0405196;hep-th/0405196;3;22;25
hep-th/9907135;hep-th/9907135;4;6;10
cond-mat/0009080;cond-mat/0009080;2;1;3
q-alg/9601012;q-alg/9601012;9;19;28
hep-th/9501134;hep-th/9501134;10;25;35
hep-th/9501005;hep-th/9501005;5;0;5
q-alg/9507014;q-alg/9507014;4;11;15
hep-th/9512095;hep-th/9512095;3;10;13
hep-th/9508079;hep-th/9508079;5;30;35
hep-th/9507072;hep-th/9507072;4;30;34
hep-th/9408136;hep-th/9408136;17;6;23
hep-th/9508110;hep-th/9508110;2;7;9
hep-th/9510168;hep-th/9510168;8;0;8
q-alg/9512027;q-alg/9512027;3;3;6
hep-th/9305024;hep-th/9305024;8;1;9
hep-th/9404116;hep-th/9404116;7;11;18
hep-th/9505072;hep-th/9505072;1;1;2
q-alg/9601010;q-alg/9601010;0;5;5
hep-th/9406146;hep-th/9406146;15;1;16
hep-th/9309036;hep-th/9309036;11;4;15
hep-th/9410241;hep-th/9410241;15;12;27
hep-th/9405161;hep-th/9405161;13;25;38
hep-th/9310117;hep-th/9310117;46;1;47
0905.2759;0905.2759;0;4;4
hep-th/9605213;hep-th/9605213;25;7;32
hep-th/9609114;hep-th/9609114;12;1;13
q-alg/9601014;q-alg/9601014;7;5;12
q-alg/9506020;q-alg/9506020;8;0;8
hep-th/9401141;hep-th/9401141;3;2;5
hep-lat/0110004;hep-lat/0110004;1;5;6
hep-lat/0107007;hep-lat/0107007;78;10;88
hep-lat/0012025;hep-lat/0012025;30;10;40
hep-lat/0103027;hep-lat/0103027;53;10;63
hep-th/0106185;hep-th/0106185;48;10;58
hep-th/0506208;hep-th/0506208;14;22;36
hep-th/0006247;hep-th/0006247;28;31;59
math/0505111;math/0505111;7;7;14
hep-th/0404196;hep-th/0404196;51;0;51
hep-th/0305136;hep-th/0305136;63;7;70
hep-th/0305133;hep-th/0305133;69;31;100
hep-th/0312286;hep-th/0312286;36;26;62
hep-th/0409204;hep-th/0409204;25;25;50
hep-th/0405138;hep-th/0405138;25;38;63
hep-th/0105038;hep-th/0105038;137;45;182
hep-th/0306001;hep-th/0306001;43;7;50
hep-th/0401135;hep-th/0401135;49;54;103
hep-th/0404184;hep-th/0404184;34;25;59
hep-th/0006100;hep-th/0006100;39;40;79
hep-th/0503207;hep-th/0503207;44;48;92
hep-th/0506209;hep-th/0506209;2;14;16
hep-th/0205116;hep-th/0205116;8;0;8
hep-th/0405169;hep-th/0405169;20;12;32
hep-th/9601146;hep-th/9601146;34;0;34
hep-th/0006050;hep-th/0006050;12;8;20
hep-th/0302117;hep-th/0302117;3;10;13
hep-th/0505254;hep-th/0505254;4;3;7
hep-th/0505214;hep-th/0505214;3;0;3
hep-th/9801091;hep-th/9801091;8;2;10
hep-th/9506052;hep-th/9506052;81;3;84
hep-th/0010201;hep-th/0010201;31;2;33
hep-th/0202038;hep-th/0202038;8;3;11
hep-th/9408009;hep-th/9408009;4;0;4
hep-th/9410107;hep-th/9410107;6;1;7
hep-th/0103013;hep-th/0103013;153;31;184
hep-th/0112185;hep-th/0112185;14;31;45
hep-th/0103179;hep-th/0103179;94;12;106
hep-th/0105002;hep-th/0105002;7;5;12
hep-th/0106136;hep-th/0106136;10;23;33
hep-th/0106016;hep-th/0106016;41;7;48
hep-th/0106138;hep-th/0106138;75;13;88
cond-mat/0109413;cond-mat/0109413;9;9;18
hep-th/0202011;hep-th/0202011;20;34;54
hep-th/0102157;hep-th/0102157;45;26;71
hep-th/0111013;hep-th/0111013;6;50;56
hep-th/0101029;hep-th/0101029;231;0;231
hep-th/0202036;hep-th/0202036;11;10;21
hep-th/9909086;hep-th/9909086;32;14;46
hep-th/0007172;hep-th/0007172;4;21;25
hep-th/9602105;hep-th/9602105;46;0;46
hep-th/9807123;hep-th/9807123;38;14;52
hep-th/0003290;hep-th/0003290;14;17;31
hep-th/0012048;hep-th/0012048;27;8;35
gr-qc/9907041;gr-qc/9907041;51;48;99
hep-th/9705236;hep-th/9705236;65;4;69
gr-qc/9904034;gr-qc/9904034;18;10;28
hep-th/9403018;hep-th/9403018;49;4;53
hep-th/0108055;hep-th/0108055;43;68;111
hep-th/0104201;hep-th/0104201;23;21;44
hep-th/0111266;hep-th/0111266;34;32;66
hep-th/0112019;hep-th/0112019;45;42;87
astro-ph/0106449;astro-ph/0106449;17;8;25
hep-th/0011111;hep-th/0011111;19;61;80
hep-th/9903210;hep-th/9903210;92;50;142
hep-th/0109054;hep-th/0109054;18;73;91
hep-th/0104146;hep-th/0104146;32;22;54
hep-th/0008128;hep-th/0008128;32;43;75
hep-ph/0201295;hep-ph/0201295;22;30;52
hep-ph/0102146;hep-ph/0102146;10;2;12
hep-th/0111269;hep-th/0111269;28;0;28
hep-th/0107143;hep-th/0107143;225;42;267
hep-ph/0102157;hep-ph/0102157;7;5;12
hep-th/0010065;hep-th/0010065;13;11;24
hep-th/0011132;hep-th/0011132;8;14;22
hep-lat/9210002;hep-lat/9210002;18;0;18
hep-th/9302032;hep-th/9302032;5;8;13
hep-th/0108093;hep-th/0108093;43;8;51
hep-th/0112198;hep-th/0112198;79;36;115
hep-th/0112188;hep-th/0112188;53;27;80
hep-th/0101152;hep-th/0101152;172;16;188
hep-th/0109150;hep-th/0109150;27;26;53
hep-th/9108025;hep-th/9108025;10;0;10
hep-th/0103029;hep-th/0103029;25;18;43
hep-th/0106005;hep-th/0106005;51;32;83
hep-th/0202033;hep-th/0202033;0;22;22
hep-th/0008139;hep-th/0008139;4;8;12
hep-th/0207149;hep-th/0207149;21;0;21
hep-th/0012188;hep-th/0012188;12;21;33
hep-th/9911128;hep-th/9911128;5;8;13
gr-qc/0112023;gr-qc/0112023;1;8;9
hep-th/0502040;hep-th/0502040;26;24;50
hep-th/9205095;hep-th/9205095;12;0;12
hep-th/9909083;hep-th/9909083;3;3;6
cond-mat/0011396;cond-mat/0011396;1;0;1
hep-th/9507137;hep-th/9507137;7;2;9
hep-th/0004032;hep-th/0004032;25;14;39
hep-th/0110067;hep-th/0110067;4;36;40
hep-th/9304081;hep-th/9304081;14;1;15
hep-th/0010064;hep-th/0010064;9;1;10
cond-mat/9808004;cond-mat/9808004;3;2;5
hep-th/0112025;hep-th/0112025;2;11;13
hep-th/0112104;hep-th/0112104;4;34;38
hep-th/9710179;hep-th/9710179;14;17;31
hep-th/9410067;hep-th/9410067;29;0;29
hep-th/0104261;hep-th/0104261;1;13;14
hep-th/0202030;hep-th/0202030;28;30;58
hep-th/0105129;hep-th/0105129;48;18;66
hep-th/0108150;hep-th/0108150;76;22;98
hep-th/0111087;hep-th/0111087;36;20;56
hep-th/0107007;hep-th/0107007;19;31;50
hep-th/0107101;hep-th/0107101;47;16;63
hep-th/0204260;hep-th/0204260;39;46;85
hep-th/0106036;hep-th/0106036;75;29;104
hep-th/0201015;hep-th/0201015;66;28;94
hep-th/0111069;hep-th/0111069;59;31;90
hep-th/0105168;hep-th/0105168;109;63;172
hep-th/9306029;hep-th/9306029;9;1;10
hep-th/0106157;hep-th/0106157;64;11;75
hep-th/0112169;hep-th/0112169;42;42;84
hep-th/0105175;hep-th/0105175;25;19;44
hep-th/0106027;hep-th/0106027;19;25;44
hep-th/0106107;hep-th/0106107;15;32;47
hep-th/0112231;hep-th/0112231;33;35;68
hep-th/0111034;hep-th/0111034;53;17;70
hep-th/0109132;hep-th/0109132;15;5;20
hep-th/0112214;hep-th/0112214;21;43;64
hep-th/0105058;hep-th/0105058;110;13;123
hep-th/0105059;hep-th/0105059;101;81;182
hep-th/0202031;hep-th/0202031;1;7;8
hep-th/9306134;hep-th/9306134;6;3;9
hep-th/9408109;hep-th/9408109;19;2;21
hep-th/9210049;hep-th/9210049;9;2;11
hep-th/9805160;hep-th/9805160;18;5;23
hep-th/0109009;hep-th/0109009;5;3;8
hep-th/0110165;hep-th/0110165;3;3;6
cond-mat/0210604;cond-mat/0210604;11;11;22
cond-mat/0110572;cond-mat/0110572;75;2;77
hep-th/0209104;hep-th/0209104;32;10;42
hep-th/0209182;hep-th/0209182;18;14;32
hep-th/0207111;hep-th/0207111;38;0;38
hep-th/0203095;hep-th/0203095;36;16;52
hep-th/0201016;hep-th/0201016;44;37;81
cond-mat/0206164;cond-mat/0206164;32;13;45
hep-th/0203264;hep-th/0203264;69;9;78
hep-th/9706168;hep-th/9706168;33;43;76
hep-th/9705113;hep-th/9705113;17;27;44
hep-th/9705117;hep-th/9705117;151;32;183
hep-th/9705175;hep-th/9705175;29;35;64
hep-th/9703218;hep-th/9703218;81;17;98
hep-th/9610082;hep-th/9610082;70;52;122
hep-th/9704086;hep-th/9704086;7;20;27
hep-th/9702006;hep-th/9702006;42;15;57
hep-th/9702101;hep-th/9702101;102;10;112
hep-th/9405069;hep-th/9405069;44;0;44
hep-th/9612198;hep-th/9612198;38;7;45
hep-th/9704158;hep-th/9704158;79;15;94
hep-th/9704197;hep-th/9704197;41;25;66
hep-th/9704041;hep-th/9704041;76;25;101
hep-th/9702136;hep-th/9702136;106;23;129
hep-th/9703208;hep-th/9703208;17;19;36
hep-th/9705190;hep-th/9705190;29;14;43
hep-th/9705132;hep-th/9705132;28;0;28
hep-th/9508154;hep-th/9508154;157;24;181
hep-th/9703052;hep-th/9703052;54;22;76
hep-th/9705055;hep-th/9705055;63;45;108
hep-th/9706169;hep-th/9706169;17;5;22
hep-th/9512143;hep-th/9512143;33;3;36
hep-th/9609016;hep-th/9609016;17;4;21
hep-th/9706108;hep-th/9706108;20;6;26
hep-th/9612203;hep-th/9612203;22;5;27
hep-th/9706166;hep-th/9706166;10;1;11
hep-th/9509156;hep-th/9509156;1;1;2
hep-th/9706167;hep-th/9706167;4;7;11
hep-th/9609089;hep-th/9609089;9;5;14
hep-th/9206113;hep-th/9206113;4;0;4
hep-th/9705183;hep-th/9705183;10;7;17
hep-th/9611081;hep-th/9611081;5;2;7
hep-th/9310185;hep-th/9310185;15;0;15
hep-th/9706164;hep-th/9706164;0;5;5
hep-th/9307099;hep-th/9307099;15;0;15
hep-th/9509057;hep-th/9509057;6;1;7
hep-th/9408173;hep-th/9408173;5;3;8
hep-th/9503191;hep-th/9503191;2;6;8
hep-th/9706165;hep-th/9706165;6;13;19
hep-th/9705016;hep-th/9705016;12;18;30
hep-th/9509148;hep-th/9509148;61;19;80
hep-th/9703009;hep-th/9703009;17;36;53
hep-th/9706162;hep-th/9706162;0;2;2
hep-th/9504048;hep-th/9504048;8;0;8
hep-th/9612097;hep-th/9612097;7;5;12
hep-th/9706163;hep-th/9706163;3;17;20
hep-th/9405166;hep-th/9405166;15;1;16
hep-lat/9501035;hep-lat/9501035;10;11;21
hep-th/9603159;hep-th/9603159;10;0;10
hep-th/9501012;hep-th/9501012;22;2;24
hep-th/9609054;hep-th/9609054;2;8;10
hep-lat/9702005;hep-lat/9702005;23;8;31
hep-th/9511221;hep-th/9511221;5;0;5
hep-th/9412165;hep-th/9412165;49;1;50
hep-th/9705152;hep-th/9705152;33;13;46
hep-lat/9307006;hep-lat/9307006;102;2;104
hep-th/9602176;hep-th/9602176;15;10;25
hep-lat/9507013;hep-lat/9507013;8;4;12
hep-th/9510067;hep-th/9510067;15;25;40
hep-th/9411137;hep-th/9411137;7;6;13
hep-lat/9501027;hep-lat/9501027;54;19;73
hep-th/9706160;hep-th/9706160;2;2;4
hep-th/9609205;hep-th/9609205;9;11;20
hep-th/9706161;hep-th/9706161;13;12;25
cond-mat/9510055;cond-mat/9510055;27;8;35
solv-int/9509003;solv-int/9509003;6;6;12
hep-th/9607099;hep-th/9607099;89;6;95
hep-th/9607167;hep-th/9607167;75;3;78
hep-th/9706140;hep-th/9706140;34;7;41
hep-th/9109021;hep-th/9109021;31;0;31
hep-th/9204094;hep-th/9204094;27;1;28
hep-th/0701081;hep-th/0701081;3;11;14
hep-th/0307015;hep-th/0307015;215;55;270
hep-th/0404173;hep-th/0404173;34;35;69
hep-th/0204226;hep-th/0204226;346;23;369
hep-th/0410226;hep-th/0410226;73;43;116
hep-th/0701051;hep-th/0701051;4;37;41
hep-th/0701080;hep-th/0701080;11;14;25
hep-th/0503114;hep-th/0503114;67;36;103
hep-th/0611001;hep-th/0611001;36;66;102
hep-th/0605038;hep-th/0605038;20;37;57
hep-th/0605114;hep-th/0605114;14;22;36
hep-th/0604191;hep-th/0604191;19;15;34
hep-th/9108028;hep-th/9108028;53;0;53
hep-th/0701083;hep-th/0701083;13;35;48
hep-th/0612146;hep-th/0612146;9;1;10
hep-th/0612222;hep-th/0612222;8;22;30
gr-qc/0612164;gr-qc/0612164;29;73;102
gr-qc/0512034;gr-qc/0512034;11;14;25
gr-qc/9504022;gr-qc/9504022;25;14;39
hep-th/0612215;hep-th/0612215;26;0;26
hep-th/0605106;hep-th/0605106;5;23;28
hep-th/0605047;hep-th/0605047;13;22;35
hep-th/0605266;hep-th/0605266;39;64;103
hep-th/0602091;hep-th/0602091;18;42;60
hep-th/0503203;hep-th/0503203;115;0;115
hep-th/0701082;hep-th/0701082;8;49;57
hep-th/0412193;hep-th/0412193;69;42;111
hep-th/0611083;hep-th/0611083;29;21;50
hep-th/0604125;hep-th/0604125;53;10;63
hep-th/0507169;hep-th/0507169;11;36;47
hep-th/0612029;hep-th/0612029;30;11;41
hep-th/0411264;hep-th/0411264;140;35;175
hep-th/0505040;hep-th/0505040;73;52;125
hep-th/0501012;hep-th/0501012;15;22;37
hep-th/0512306;hep-th/0512306;14;20;34
hep-th/0505168;hep-th/0505168;28;51;79
hep-th/0512061;hep-th/0512061;17;39;56
hep-th/0504225;hep-th/0504225;106;11;117
hep-th/0505027;hep-th/0505027;66;10;76
hep-th/9710007;hep-th/9710007;46;21;67
hep-th/0505029;hep-th/0505029;69;43;112
hep-th/0202175;hep-th/0202175;9;25;34
hep-th/0603245;hep-th/0603245;26;56;82
hep-th/0504155;hep-th/0504155;23;22;45
hep-th/0605222;hep-th/0605222;11;9;20
hep-th/0611245;hep-th/0611245;30;14;44
hep-th/0701064;hep-th/0701064;27;39;66
hep-th/0601002;hep-th/0601002;23;11;34
hep-th/0411238;hep-th/0411238;125;27;152
hep-th/0012011;hep-th/0012011;88;22;110
hep-th/9809063;hep-th/9809063;9;16;25
hep-th/0605129;hep-th/0605129;16;12;28
hep-th/0102185;hep-th/0102185;46;28;74
hep-th/0505055;hep-th/0505055;60;14;74
hep-th/0011023;hep-th/0011023;68;26;94
hep-th/0505223;hep-th/0505223;54;31;85
hep-th/0505220;hep-th/0505220;68;47;115
hep-th/0505206;hep-th/0505206;69;56;125
hep-th/0505039;hep-th/0505039;13;22;35
hep-th/0701085;hep-th/0701085;40;59;99
hep-th/0304131;hep-th/0304131;68;25;93
astro-ph/0501487;astro-ph/0501487;31;13;44
hep-th/0604160;hep-th/0604160;21;35;56
hep-th/9806039;hep-th/9806039;218;4;222
hep-th/0405281;hep-th/0405281;25;11;36
astro-ph/0601598;astro-ph/0601598;25;39;64
hep-th/0610190;hep-th/0610190;42;39;81
astro-ph/0503495;astro-ph/0503495;22;26;48
astro-ph/0509531;astro-ph/0509531;32;35;67
hep-th/0611165;hep-th/0611165;49;22;71
hep-th/0403127;hep-th/0403127;171;5;176
hep-th/0407056;hep-th/0407056;39;13;52
hep-th/0609069;hep-th/0609069;53;35;88
hep-th/0406019;hep-th/0406019;46;42;88
astro-ph/0202346;astro-ph/0202346;192;32;224
astro-ph/0004075;astro-ph/0004075;326;58;384
astro-ph/0609699;astro-ph/0609699;50;47;97
hep-th/0306149;hep-th/0306149;10;5;15
astro-ph/0604327;astro-ph/0604327;18;11;29
hep-th/0410095;hep-th/0410095;49;22;71
hep-th/0609104;hep-th/0609104;49;45;94
hep-th/0608168;hep-th/0608168;18;35;53
hep-th/0001145;hep-th/0001145;83;12;95
hep-th/9902088;hep-th/9902088;104;7;111
hep-th/0511053;hep-th/0511053;14;23;37
hep-th/0412218;hep-th/0412218;36;56;92
astro-ph/0606555;astro-ph/0606555;13;40;53
hep-th/0601093;hep-th/0601093;44;39;83
hep-th/0403052;hep-th/0403052;128;8;136
astro-ph/0409275;astro-ph/0409275;31;38;69
hep-th/9803132;hep-th/9803132;196;7;203
astro-ph/0403590;astro-ph/0403590;87;6;93
astro-ph/0404229;astro-ph/0404229;99;14;113
hep-th/0701084;hep-th/0701084;3;5;8
hep-th/0606086;hep-th/0606086;24;16;40
gr-qc/0104001;gr-qc/0104001;16;22;38
hep-th/9902167;hep-th/9902167;8;10;18
hep-th/0011109;hep-th/0011109;15;25;40
hep-th/0701087;hep-th/0701087;1;45;46
hep-th/0305189;hep-th/0305189;17;13;30
hep-th/0405101;hep-th/0405101;12;38;50
hep-th/0611082;hep-th/0611082;2;21;23
hep-th/0510116;hep-th/0510116;2;15;17
hep-th/9912271;hep-th/9912271;55;108;163
hep-th/0411110;hep-th/0411110;4;33;37
hep-th/0310078;hep-th/0310078;4;28;32
hep-th/0212225;hep-th/0212225;68;31;99
hep-th/0409265;hep-th/0409265;2;68;70
hep-th/0506087;hep-th/0506087;2;26;28
hep-th/0210291;hep-th/0210291;82;19;101
hep-th/0311066;hep-th/0311066;46;165;211
hep-th/0410165;hep-th/0410165;60;57;117
hep-th/0309084;hep-th/0309084;5;0;5
hep-th/0408103;hep-th/0408103;5;87;92
hep-th/0701086;hep-th/0701086;3;10;13
hep-th/0411280;hep-th/0411280;84;20;104
hep-th/9303153;hep-th/9303153;68;2;70
hep-th/0511064;hep-th/0511064;7;19;26
hep-th/0612262;hep-th/0612262;3;29;32
hep-th/0507070;hep-th/0507070;33;40;73
hep-th/0701089;hep-th/0701089;2;14;16
hep-th/0611274;hep-th/0611274;2;19;21
hep-th/0608028;hep-th/0608028;4;19;23
hep-th/0605234;hep-th/0605234;32;41;73
hep-th/0212269;hep-th/0212269;92;32;124
hep-th/0410010;hep-th/0410010;13;45;58
hep-th/0502149;hep-th/0502149;74;11;85
math-ph/0506046;math-ph/0506046;0;11;11
hep-th/0105135;hep-th/0105135;30;26;56
physics/9710040;physics/9710040;1;0;1
hep-th/0102051;hep-th/0102051;60;9;69
hep-th/0005122;hep-th/0005122;33;9;42
hep-th/0302183;hep-th/0302183;8;7;15
hep-th/0112158;hep-th/0112158;29;19;48
hep-th/0311150;hep-th/0311150;12;12;24
0707.1664;0707.1664;0;10;10
hep-th/0505078;hep-th/0505078;6;17;23
hep-th/0505063;hep-th/0505063;22;8;30
hep-th/9906010;hep-th/9906010;46;7;53
hep-th/0505120;hep-th/0505120;7;8;15
hep-th/9206053;hep-th/9206053;61;3;64
hep-th/0609020;hep-th/0609020;3;22;25
hep-th/0512346;hep-th/0512346;9;33;42
0910.4249;0910.4249;0;52;52
hep-th/9910021;hep-th/9910021;43;14;57
hep-th/0603211;hep-th/0603211;13;36;49
hep-th/9610105;hep-th/9610105;109;47;156
hep-th/9611176;hep-th/9611176;40;25;65
hep-th/0512227;hep-th/0512227;21;39;60
hep-th/9610232;hep-th/9610232;22;13;35
hep-th/9712042;hep-th/9712042;53;8;61
hep-th/9611140;hep-th/9611140;24;20;44
hep-th/9704095;hep-th/9704095;17;49;66
hep-th/9704142;hep-th/9704142;65;37;102
0903.1493;0903.1493;0;3;3
hep-th/0408190;hep-th/0408190;6;23;29
hep-th/0107121;hep-th/0107121;10;21;31
hep-th/0106093;hep-th/0106093;4;14;18
hep-th/0012136;hep-th/0012136;58;13;71
hep-th/0008091;hep-th/0008091;19;45;64
hep-th/0106020;hep-th/0106020;15;37;52
hep-th/0003183;hep-th/0003183;29;48;77
hep-th/9803232;hep-th/9803232;67;64;131
hep-th/0701294;hep-th/0701294;13;8;21
hep-ph/0003025;hep-ph/0003025;9;7;16
hep-th/0408221;hep-th/0408221;18;9;27
hep-th/0606016;hep-th/0606016;18;8;26
hep-th/0505273;hep-th/0505273;19;10;29
hep-ph/0304285;hep-ph/0304285;10;25;35
hep-th/0610267;hep-th/0610267;17;19;36
hep-th/0203072;hep-th/0203072;12;6;18
hep-th/0609023;hep-th/0609023;17;7;24
gr-qc/9404039;gr-qc/9404039;70;7;77
hep-th/0002044;hep-th/0002044;70;25;95
hep-th/9602115;hep-th/9602115;83;5;88
hep-th/9401070;hep-th/9401070;249;3;252
hep-th/9401072;hep-th/9401072;163;2;165
hep-th/0306247;hep-th/0306247;24;36;60
gr-qc/9911091;gr-qc/9911091;8;15;23
hep-th/0409299;hep-th/0409299;9;42;51
quant-ph/0109127;quant-ph/0109127;0;3;3
gr-qc/9405073;gr-qc/9405073;23;1;24
gr-qc/9902045;gr-qc/9902045;32;10;42
hep-th/9507066;hep-th/9507066;1;0;1
0806.0660;0806.0660;0;9;9
hep-th/0309100;hep-th/0309100;4;9;13
hep-th/0412245;hep-th/0412245;13;25;38
hep-th/9703075;hep-th/9703075;49;9;58
0806.0665;0806.0665;0;14;14
astro-ph/0703775;astro-ph/0703775;4;21;25
hep-th/0003004;hep-th/0003004;52;2;54
gr-qc/0306019;gr-qc/0306019;2;6;8
gr-qc/9504004;gr-qc/9504004;140;1;141
gr-qc/0606061;gr-qc/0606061;31;24;55
hep-th/0605052;hep-th/0605052;9;40;49
gr-qc/0701003;gr-qc/0701003;28;48;76
gr-qc/9903080;gr-qc/9903080;21;30;51
0710.4319;0710.4319;0;57;57
hep-th/0411250;hep-th/0411250;49;47;96
hep-th/0612140;hep-th/0612140;26;59;85
hep-th/0510026;hep-th/0510026;23;22;45
hep-th/0608083;hep-th/0608083;30;47;77
hep-th/0610078;hep-th/0610078;25;50;75
hep-th/0506050;hep-th/0506050;28;74;102
hep-th/0608051;hep-th/0608051;25;26;51
hep-th/0502093;hep-th/0502093;5;26;31
hep-th/0212091;hep-th/0212091;41;53;94
hep-th/0201256;hep-th/0201256;30;27;57
hep-th/0004093;hep-th/0004093;109;0;109
hep-th/0204042;hep-th/0204042;15;10;25
hep-th/0308064;hep-th/0308064;104;38;142
hep-th/0602208;hep-th/0602208;30;24;54
hep-th/9910202;hep-th/9910202;71;28;99
hep-th/0404207;hep-th/0404207;31;0;31
hep-th/0508172;hep-th/0508172;19;26;45
hep-th/0304148;hep-th/0304148;44;13;57
hep-th/0703029;hep-th/0703029;26;40;66
hep-th/0504033;hep-th/0504033;17;13;30
hep-th/0611311;hep-th/0611311;33;38;71
hep-th/0702098;hep-th/0702098;9;0;9
hep-th/0509061;hep-th/0509061;22;32;54
hep-th/0703105;hep-th/0703105;36;74;110
hep-th/0111235;hep-th/0111235;29;19;48
hep-th/0512212;hep-th/0512212;23;41;64
hep-th/0206024;hep-th/0206024;35;18;53
hep-th/0501049;hep-th/0501049;15;9;24
hep-th/0504091;hep-th/0504091;8;29;37
hep-th/0611102;hep-th/0611102;10;46;56
hep-th/0512218;hep-th/0512218;35;35;70
hep-th/0512019;hep-th/0512019;11;18;29
hep-th/0307238;hep-th/0307238;79;0;79
hep-th/0502072;hep-th/0502072;16;33;49
hep-th/0309065;hep-th/0309065;15;17;32
hep-th/0309195;hep-th/0309195;28;22;50
hep-th/9903178;hep-th/9903178;8;27;35
gr-qc/9606043;gr-qc/9606043;77;10;87
hep-th/9903248;hep-th/9903248;12;16;28
hep-th/9807019;hep-th/9807019;26;0;26
hep-th/9810200;hep-th/9810200;18;12;30
hep-th/9811162;hep-th/9811162;13;22;35
hep-th/9802076;hep-th/9802076;79;17;96
hep-th/9806065;hep-th/9806065;20;9;29
hep-th/9811005;hep-th/9811005;44;17;61
hep-th/9801019;hep-th/9801019;81;22;103
hep-th/9901148;hep-th/9901148;51;31;82
hep-th/9809021;hep-th/9809021;46;32;78
hep-th/9901087;hep-th/9901087;12;24;36
hep-th/9812056;hep-th/9812056;139;14;153
0903.4421;0903.4421;0;20;20
hep-ph/9711395;hep-ph/9711395;117;1;118
hep-th/0602176;hep-th/0602176;31;28;59
hep-th/0402014;hep-th/0402014;16;7;23
hep-th/0305240;hep-th/0305240;18;14;32
hep-th/0505275;hep-th/0505275;12;28;40
hep-th/0308164;hep-th/0308164;12;3;15
quant-ph/0605141;quant-ph/0605141;24;22;46
hep-th/0302092;hep-th/0302092;15;5;20
hep-th/0205304;hep-th/0205304;22;16;38
quant-ph/0606235;quant-ph/0606235;16;17;33
hep-th/0601049;hep-th/0601049;19;12;31
hep-th/0507174;hep-th/0507174;35;13;48
hep-th/9409182;hep-th/9409182;6;0;6
hep-ph/0011333;hep-ph/0011333;83;0;83
quant-ph/0601094;quant-ph/0601094;28;12;40
0804.3986;0804.3986;0;7;7
math/0612139;math/0612139;9;10;19
math/0512166;math/0512166;8;5;13
alg-geom/9411018;alg-geom/9411018;114;0;114
math/0502050;math/0502050;10;2;12
hep-th/0702092;hep-th/0702092;2;18;20
hep-th/0701290;hep-th/0701290;5;17;22
hep-th/0204089;hep-th/0204089;190;252;442
hep-th/0507244;hep-th/0507244;20;18;38
hep-th/0403293;hep-th/0403293;16;15;31
hep-th/0411032;hep-th/0411032;31;52;83
hep-th/0610258;hep-th/0610258;5;26;31
hep-th/9803145;hep-th/9803145;46;21;67
hep-th/0509048;hep-th/0509048;7;10;17
quant-ph/9804056;quant-ph/9804056;28;6;34
gr-qc/9508002;gr-qc/9508002;12;2;14
gr-qc/9604008;gr-qc/9604008;18;6;24
hep-th/9606106;hep-th/9606106;17;8;25
gr-qc/9410047;gr-qc/9410047;34;0;34
gr-qc/9701056;gr-qc/9701056;15;6;21
0907.5011;0907.5011;0;43;43
hep-th/0612065;hep-th/0612065;13;22;35
hep-th/0207133;hep-th/0207133;78;21;99
hep-th/0302086;hep-th/0302086;35;14;49
hep-th/0604091;hep-th/0604091;1;51;52
hep-th/0702079;hep-th/0702079;6;23;29
hep-th/0209238;hep-th/0209238;19;26;45
gr-qc/0107098;gr-qc/0107098;43;15;58
hep-th/0703093;hep-th/0703093;27;26;53
hep-th/0104213;hep-th/0104213;38;23;61
hep-th/0407024;hep-th/0407024;21;22;43
hep-th/0403198;hep-th/0403198;15;29;44
hep-th/0005143;hep-th/0005143;42;9;51
hep-th/0601059;hep-th/0601059;8;28;36
gr-qc/9712077;gr-qc/9712077;42;2;44
hep-th/0210126;hep-th/0210126;64;14;78
hep-th/9908193;hep-th/9908193;22;42;64
hep-th/9811240;hep-th/9811240;28;24;52
hep-th/9705174;hep-th/9705174;24;27;51
hep-th/9903104;hep-th/9903104;13;50;63
hep-th/9808159;hep-th/9808159;11;63;74
hep-th/9802194;hep-th/9802194;31;25;56
hep-th/9706093;hep-th/9706093;22;8;30
hep-th/9811129;hep-th/9811129;24;15;39
alg-geom/9707004;alg-geom/9707004;27;0;27
hep-th/9802202;hep-th/9802202;44;28;72
hep-th/9801057;hep-th/9801057;40;30;70
hep-th/9705104;hep-th/9705104;71;35;106
hep-th/9612188;hep-th/9612188;39;13;52
hep-th/9507011;hep-th/9507011;7;18;25
hep-th/9803224;hep-th/9803224;66;19;85
hep-th/9609122;hep-th/9609122;196;8;204
0901.1847;0901.1847;0;58;58
hep-th/0002090;hep-th/0002090;40;18;58
hep-th/0005026;hep-th/0005026;60;35;95
hep-th/0405049;hep-th/0405049;43;17;60
hep-th/0003048;hep-th/0003048;15;8;23
hep-th/9804081;hep-th/9804081;33;5;38
hep-th/0010040;hep-th/0010040;27;15;42
hep-th/9602020;hep-th/9602020;27;3;30
hep-th/9710223;hep-th/9710223;32;0;32
hep-th/0201257;hep-th/0201257;23;37;60
hep-th/9608163;hep-th/9608163;129;17;146
hep-th/0009082;hep-th/0009082;8;31;39
hep-th/0205063;hep-th/0205063;18;13;31
hep-th/0008247;hep-th/0008247;10;15;25
hep-th/9602016;hep-th/9602016;44;3;47
hep-th/0608143;hep-th/0608143;12;28;40
hep-th/0001144;hep-th/0001144;22;20;42
hep-th/0005123;hep-th/0005123;45;15;60
hep-th/0206184;hep-th/0206184;5;2;7
hep-th/0003231;hep-th/0003231;27;19;46
hep-th/9911136;hep-th/9911136;95;42;137
hep-th/0612267;hep-th/0612267;6;29;35
hep-th/0605086;hep-th/0605086;23;0;23
hep-th/0105035;hep-th/0105035;16;34;50
hep-th/0111133;hep-th/0111133;10;15;25
hep-th/0502233;hep-th/0502233;2;6;8
hep-th/0304166;hep-th/0304166;37;15;52
hep-th/9508049;hep-th/9508049;6;3;9
hep-th/0112243;hep-th/0112243;23;2;25
gr-qc/9310036;gr-qc/9310036;1;3;4
hep-th/9108006;hep-th/9108006;33;0;33
hep-th/9205090;hep-th/9205090;61;1;62
hep-th/9112072;hep-th/9112072;31;1;32
gr-qc/9310037;gr-qc/9310037;1;5;6
0911.5004;0911.5004;0;98;98
gr-qc/0105063;gr-qc/0105063;26;81;107
gr-qc/0408051;gr-qc/0408051;23;11;34
hep-th/0302068;hep-th/0302068;26;2;28
hep-th/0607240;hep-th/0607240;47;29;76
hep-th/9607104;hep-th/9607104;51;22;73
gr-qc/9903054;gr-qc/9903054;34;5;39
hep-th/9303029;hep-th/9303029;33;4;37
hep-th/0205278;hep-th/0205278;42;8;50
hep-th/9801015;hep-th/9801015;22;7;29
hep-th/0701261;hep-th/0701261;27;33;60
gr-qc/0302099;gr-qc/0302099;29;25;54
gr-qc/0609012;gr-qc/0609012;8;104;112
hep-th/0310022;hep-th/0310022;15;13;28
hep-th/0602156;hep-th/0602156;39;13;52
gr-qc/0701002;gr-qc/0701002;29;22;51
gr-qc/0205090;gr-qc/0205090;33;2;35
gr-qc/0404091;gr-qc/0404091;11;47;58
hep-th/0111224;hep-th/0111224;62;48;110
gr-qc/0212126;gr-qc/0212126;42;10;52
hep-th/0509090;hep-th/0509090;17;23;40
gr-qc/9806079;gr-qc/9806079;20;25;45
hep-th/0406060;hep-th/0406060;52;17;69
hep-th/9305016;hep-th/9305016;85;4;89
gr-qc/0405072;gr-qc/0405072;31;16;47
gr-qc/0310027;gr-qc/0310027;39;7;46
gr-qc/0611071;gr-qc/0611071;42;15;57
gr-qc/0309053;gr-qc/0309053;22;20;42
hep-th/0412224;hep-th/0412224;41;31;72
gr-qc/0310098;gr-qc/0310098;26;24;50
hep-th/9307194;hep-th/9307194;42;3;45
hep-th/0612144;hep-th/0612144;38;24;62
hep-th/0501055;hep-th/0501055;53;15;68
astro-ph/0601389;astro-ph/0601389;50;61;111
hep-th/0702029;hep-th/0702029;8;19;27
gr-qc/0202078;gr-qc/0202078;43;0;43
gr-qc/0308070;gr-qc/0308070;26;12;38
hep-th/0608120;hep-th/0608120;18;37;55
gr-qc/0402069;gr-qc/0402069;15;18;33
astro-ph/0506748;astro-ph/0506748;65;62;127
hep-th/0703253;hep-th/0703253;20;23;43
hep-th/9610045;hep-th/9610045;69;26;95
gr-qc/0612089;gr-qc/0612089;34;20;54
gr-qc/0204019;gr-qc/0204019;87;4;91
hep-th/9910158;hep-th/9910158;35;2;37
hep-th/0609128;hep-th/0609128;46;23;69
hep-th/0505144;hep-th/0505144;17;3;20
hep-th/0701198;hep-th/0701198;33;33;66
hep-th/9401159;hep-th/9401159;47;0;47
hep-th/9703178;hep-th/9703178;56;17;73
gr-qc/0209088;gr-qc/0209088;13;7;20
hep-th/0405033;hep-th/0405033;35;7;42
gr-qc/0510015;gr-qc/0510015;17;19;36
hep-th/0204112;hep-th/0204112;24;59;83
gr-qc/0412068;gr-qc/0412068;24;38;62
hep-th/9903166;hep-th/9903166;18;66;84
gr-qc/9511030;gr-qc/9511030;49;3;52
gr-qc/9709052;gr-qc/9709052;96;22;118
gr-qc/9702030;gr-qc/9702030;30;19;49
gr-qc/9502006;gr-qc/9502006;23;5;28
gr-qc/9712067;gr-qc/9712067;53;38;91
hep-th/9211103;hep-th/9211103;25;0;25
hep-th/9712148;hep-th/9712148;25;10;35
hep-th/0002009;hep-th/0002009;37;29;66
hep-th/9203040;hep-th/9203040;18;0;18
hep-th/9607122;hep-th/9607122;5;4;9
hep-th/9904016;hep-th/9904016;26;32;58
gr-qc/9702025;gr-qc/9702025;53;7;60
hep-th/9904009;hep-th/9904009;25;3;28
hep-th/9609010;hep-th/9609010;12;0;12
hep-th/9808191;hep-th/9808191;31;22;53
hep-th/9808192;hep-th/9808192;7;67;74
gr-qc/9405015;gr-qc/9405015;23;2;25
hep-ph/9410306;hep-ph/9410306;12;2;14
hep-th/9912137;hep-th/9912137;15;6;21
hep-th/9806241;hep-th/9806241;25;7;32
gr-qc/9811053;gr-qc/9811053;17;4;21
hep-th/9301043;hep-th/9301043;84;0;84
hep-th/9906022;hep-th/9906022;203;21;224
hep-th/9708034;hep-th/9708034;20;24;44
hep-th/9301061;hep-th/9301061;12;1;13
hep-th/9805108;hep-th/9805108;97;20;117
hep-th/9508036;hep-th/9508036;21;6;27
hep-th/9211104;hep-th/9211104;23;0;23
hep-th/9805207;hep-th/9805207;50;16;66
hep-th/9910146;hep-th/9910146;13;47;60
gr-qc/9602023;gr-qc/9602023;72;7;79
hep-th/9511047;hep-th/9511047;33;9;42
gr-qc/9505028;gr-qc/9505028;71;13;84
hep-th/9801022;hep-th/9801022;16;37;53
hep-th/9703149;hep-th/9703149;19;2;21
hep-th/9908191;hep-th/9908191;0;1;1
0812.4753;0812.4753;0;28;28
hep-th/0202027;hep-th/0202027;9;0;9
hep-th/0405142;hep-th/0405142;4;15;19
hep-th/0610251;hep-th/0610251;285;0;285
hep-th/9705091;hep-th/9705091;113;19;132
hep-th/9806108;hep-th/9806108;68;0;68
hep-th/0202156;hep-th/0202156;25;48;73
hep-th/0002107;hep-th/0002107;9;14;23
hep-th/9908096;hep-th/9908096;47;17;64
hep-th/0407021;hep-th/0407021;27;24;51
hep-th/0201048;hep-th/0201048;8;6;14
hep-th/0110105;hep-th/0110105;5;8;13
hep-th/9904018;hep-th/9904018;9;27;36
hep-th/9904182;hep-th/9904182;24;17;41
hep-th/9910001;hep-th/9910001;35;48;83
cond-mat/9407106;cond-mat/9407106;1;1;2
gr-qc/0003070;gr-qc/0003070;19;7;26
astro-ph/9812481;astro-ph/9812481;45;4;49
hep-th/0003063;hep-th/0003063;69;29;98
hep-th/9906206;hep-th/9906206;61;67;128
astro-ph/0703466;astro-ph/0703466;0;16;16
hep-th/0207217;hep-th/0207217;18;2;20
hep-th/9502099;hep-th/9502099;16;8;24
hep-th/0112110;hep-th/0112110;23;1;24
hep-th/0201046;hep-th/0201046;21;6;27
hep-th/9505038;hep-th/9505038;55;10;65
hep-ph/0206071;hep-ph/0206071;46;16;62
astro-ph/0507619;astro-ph/0507619;7;0;7
hep-th/9503082;hep-th/9503082;25;9;34
hep-ph/0002126;hep-ph/0002126;23;6;29
gr-qc/0003079;gr-qc/0003079;2;3;5
hep-th/9908196;hep-th/9908196;25;19;44
hep-th/9806128;hep-th/9806128;40;4;44
hep-th/9806125;hep-th/9806125;87;27;114
hep-th/9809106;hep-th/9809106;44;11;55
hep-th/9902067;hep-th/9902067;39;20;59
hep-th/9908175;hep-th/9908175;43;57;100
hep-ph/9407299;hep-ph/9407299;2;1;3
hep-th/9810186;hep-th/9810186;63;21;84
hep-th/0307074;hep-th/0307074;8;55;63
hep-th/0009246;hep-th/0009246;99;37;136
hep-th/0210101;hep-th/0210101;49;40;89
hep-th/0202148;hep-th/0202148;54;76;130
hep-th/0304153;hep-th/0304153;12;20;32
hep-th/0210221;hep-th/0210221;17;36;53
hep-th/0302160;hep-th/0302160;11;48;59
hep-th/9805170;hep-th/9805170;439;15;454
hep-ph/0212219;hep-ph/0212219;26;43;69
hep-th/0209122;hep-th/0209122;103;71;174
hep-th/0205003;hep-th/0205003;116;23;139
hep-th/0301142;hep-th/0301142;21;0;21
hep-th/9809033;hep-th/9809033;68;50;118
hep-th/0304226;hep-th/0304226;40;51;91
hep-th/0211127;hep-th/0211127;11;27;38
hep-th/0205055;hep-th/0205055;111;19;130
astro-ph/0303406;astro-ph/0303406;7;28;35
hep-th/0212063;hep-th/0212063;8;60;68
hep-th/0208149;hep-th/0208149;33;8;41
hep-th/0303236;hep-th/0303236;7;57;64
hep-th/0204099;hep-th/0204099;60;5;65
hep-th/0204204;hep-th/0204204;101;26;127
hep-th/0301140;hep-th/0301140;30;0;30
hep-th/0304236;hep-th/0304236;8;23;31
hep-th/0303133;hep-th/0303133;46;27;73
hep-th/0205179;hep-th/0205179;108;42;150
hep-th/0305226;hep-th/0305226;6;0;6
hep-th/9305047;hep-th/9305047;113;6;119
hep-th/0111249;hep-th/0111249;46;22;68
hep-th/0304268;hep-th/0304268;12;37;49
hep-th/9309119;hep-th/9309119;41;9;50
hep-th/0005273;hep-th/0005273;30;16;46
hep-th/9404004;hep-th/9404004;63;7;70
hep-th/9510083;hep-th/9510083;99;0;99
hep-th/0107115;hep-th/0107115;34;67;101
hep-th/9910129;hep-th/9910129;72;15;87
hep-th/9908040;hep-th/9908040;158;39;197
hep-th/0307072;hep-th/0307072;11;27;38
hep-th/0102009;hep-th/0102009;67;16;83
hep-th/0107185;hep-th/0107185;26;45;71
hep-th/9109039;hep-th/9109039;25;0;25
hep-th/0105050;hep-th/0105050;67;4;71
hep-th/9908195;hep-th/9908195;1;4;5
hep-ph/9505259;hep-ph/9505259;50;13;63
hep-th/9410243;hep-th/9410243;2;2;4
hep-th/0307070;hep-th/0307070;0;11;11
hep-th/0302113;hep-th/0302113;10;16;26
hep-th/9601072;hep-th/9601072;14;17;31
hep-th/0203149;hep-th/0203149;19;23;42
hep-th/0212201;hep-th/0212201;9;13;22
hep-th/9309030;hep-th/9309030;30;2;32
hep-th/0112261;hep-th/0112261;17;5;22
hep-th/0301037;hep-th/0301037;7;4;11
hep-th/0306291;hep-th/0306291;84;23;107
hep-th/0304177;hep-th/0304177;51;0;51
hep-th/0304172;hep-th/0304172;86;0;86
hep-th/0303097;hep-th/0303097;106;14;120
hep-th/0304089;hep-th/0304089;48;9;57
hep-th/0205105;hep-th/0205105;1;1;2
hep-th/0002001;hep-th/0002001;9;4;13
hep-th/0304084;hep-th/0304084;74;34;108
hep-th/0303238;hep-th/0303238;105;10;115
hep-th/0304124;hep-th/0304124;63;19;82
hep-ph/0002001;hep-ph/0002001;82;19;101
hep-th/0106143;hep-th/0106143;48;15;63
hep-th/0305107;hep-th/0305107;17;50;67
hep-th/9908194;hep-th/9908194;0;3;3
hep-th/9406208;hep-th/9406208;37;1;38
hep-ph/9411375;hep-ph/9411375;17;1;18
hep-th/0307078;hep-th/0307078;8;29;37
hep-th/0306132;hep-th/0306132;46;22;68
hep-th/0306137;hep-th/0306137;58;32;90
hep-th/0105227;hep-th/0105227;39;39;78
hep-th/0209090;hep-th/0209090;123;19;142
hep-th/0012081;hep-th/0012081;43;52;95
hep-th/0207107;hep-th/0207107;126;51;177
hep-th/0305177;hep-th/0305177;42;36;78
hep-th/0208196;hep-th/0208196;98;38;136
hep-th/0304163;hep-th/0304163;38;38;76
hep-th/0209222;hep-th/0209222;66;42;108
hep-th/0212248;hep-th/0212248;136;19;155
hep-th/0307079;hep-th/0307079;7;72;79
hep-th/0301049;hep-th/0301049;64;58;122
hep-th/0305229;hep-th/0305229;29;0;29
hep-th/0205098;hep-th/0205098;77;0;77
hep-th/0211090;hep-th/0211090;41;34;75
hep-th/9605004;hep-th/9605004;15;0;15
hep-th/0209197;hep-th/0209197;34;0;34
hep-th/0301122;hep-th/0301122;28;21;49
hep-th/0207214;hep-th/0207214;35;0;35
hep-th/0209255;hep-th/0209255;34;78;112
hep-th/0303221;hep-th/0303221;67;20;87
hep-th/0207146;hep-th/0207146;43;0;43
hep-th/0207104;hep-th/0207104;52;55;107
hep-th/0208142;hep-th/0208142;107;126;233
hep-th/0305175;hep-th/0305175;5;47;52
hep-th/0307034;hep-th/0307034;12;41;53
hep-th/0305059;hep-th/0305059;23;33;56
hep-th/0305191;hep-th/0305191;14;66;80
hep-th/0205085;hep-th/0205085;89;30;119
hep-th/0303232;hep-th/0303232;16;35;51
hep-th/0306002;hep-th/0306002;15;79;94
hep-th/0301038;hep-th/0301038;111;24;135
hep-th/0210313;hep-th/0210313;15;65;80
hep-th/0304225;hep-th/0304225;39;0;39
hep-th/0301137;hep-th/0301137;72;23;95
hep-th/0304213;hep-th/0304213;28;22;50
hep-th/0303172;hep-th/0303172;30;96;126
hep-th/0306096;hep-th/0306096;12;23;35
hep-th/0204187;hep-th/0204187;145;13;158
hep-th/0305055;hep-th/0305055;34;28;62
hep-th/0303199;hep-th/0303199;25;53;78
hep-th/0305099;hep-th/0305099;30;20;50
hep-th/0003213;hep-th/0003213;15;30;45
hep-th/9911195;hep-th/9911195;41;13;54
hep-th/9807187;hep-th/9807187;80;12;92
hep-th/9910065;hep-th/9910065;37;26;63
hep-th/9708103;hep-th/9708103;60;33;93
hep-th/9903143;hep-th/9903143;36;27;63
hep-th/9801081;hep-th/9801081;62;33;95
hep-th/9801161;hep-th/9801161;46;18;64
hep-th/9512222;hep-th/9512222;38;4;42
hep-th/9808097;hep-th/9808097;50;10;60
hep-th/9810090;hep-th/9810090;26;13;39
hep-th/9702010;hep-th/9702010;17;14;31
hep-th/9703101;hep-th/9703101;51;17;68
hep-th/9704147;hep-th/9704147;51;24;75
hep-th/0001131;hep-th/0001131;49;29;78
hep-th/0003212;hep-th/0003212;1;5;6
hep-th/9603162;hep-th/9603162;1;4;5
hep-th/9112067;hep-th/9112067;8;0;8
hep-th/9201031;hep-th/9201031;3;0;3
hep-th/0003211;hep-th/0003211;12;38;50
hep-th/9812014;hep-th/9812014;14;34;48
hep-th/9708003;hep-th/9708003;70;22;92
hep-th/9803196;hep-th/9803196;13;0;13
hep-th/9707063;hep-th/9707063;8;15;23
hep-th/9812095;hep-th/9812095;9;14;23
hep-th/9803163;hep-th/9803163;66;34;100
hep-th/9807113;hep-th/9807113;3;0;3
hep-th/9907202;hep-th/9907202;66;16;82
hep-th/9809043;hep-th/9809043;1;22;23
hep-th/9905162;hep-th/9905162;27;41;68
hep-th/9804011;hep-th/9804011;33;21;54
hep-th/9803209;hep-th/9803209;83;32;115
hep-th/9905157;hep-th/9905157;50;0;50
hep-th/0003210;hep-th/0003210;9;14;23
hep-th/9704069;hep-th/9704069;8;3;11
hep-th/9602101;hep-th/9602101;16;2;18
q-alg/9508022;q-alg/9508022;5;1;6
q-alg/9604017;q-alg/9604017;6;10;16
hep-th/9910206;hep-th/9910206;4;12;16
hep-th/9307026;hep-th/9307026;17;0;17
hep-th/9910046;hep-th/9910046;17;11;28
hep-th/9907050;hep-th/9907050;8;13;21
hep-th/9610202;hep-th/9610202;13;2;15
hep-th/9407108;hep-th/9407108;15;0;15
hep-th/9605099;hep-th/9605099;11;0;11
q-alg/9611010;q-alg/9611010;7;14;21
q-alg/9712026;q-alg/9712026;6;15;21
hep-th/9209076;hep-th/9209076;51;0;51
hep-th/0003217;hep-th/0003217;6;20;26
hep-th/9309135;hep-th/9309135;25;0;25
hep-th/9501136;hep-th/9501136;20;16;36
hep-th/9506169;hep-th/9506169;20;32;52
cond-mat/9804173;cond-mat/9804173;6;5;11
hep-th/9810006;hep-th/9810006;21;31;52
hep-th/9712222;hep-th/9712222;17;0;17
hep-th/9402061;hep-th/9402061;8;3;11
hep-th/9911105;hep-th/9911105;18;21;39
hep-th/9805008;hep-th/9805008;69;7;76
hep-th/9202011;hep-th/9202011;53;1;54
hep-th/9308147;hep-th/9308147;11;5;16
hep-th/9412213;hep-th/9412213;36;27;63
hep-th/9906069;hep-th/9906069;5;19;24
hep-th/9701118;hep-th/9701118;7;0;7
hep-th/0003216;hep-th/0003216;29;21;50
hep-th/0001182;hep-th/0001182;49;8;57
hep-th/0001111;hep-th/0001111;19;20;39
hep-th/9811224;hep-th/9811224;42;4;46
hep-th/0003145;hep-th/0003145;59;29;88
hep-th/9911057;hep-th/9911057;38;29;67
hep-th/0003113;hep-th/0003113;69;15;84
hep-th/0002067;hep-th/0002067;68;27;95
hep-th/0003215;hep-th/0003215;61;44;105
hep-th/9912075;hep-th/9912075;115;14;129
hep-th/0003180;hep-th/0003180;65;50;115
hep-th/9502156;hep-th/9502156;29;5;34
hep-th/0001027;hep-th/0001027;57;19;76
hep-th/0003176;hep-th/0003176;39;31;70
hep-th/0001089;hep-th/0001089;16;27;43
hep-th/9601143;hep-th/9601143;79;4;83
hep-th/0003219;hep-th/0003219;14;47;61
hep-th/9904131;hep-th/9904131;49;47;96
hep-th/9903129;hep-th/9903129;5;25;30
hep-th/9910249;hep-th/9910249;10;48;58
hep-th/0001077;hep-th/0001077;11;59;70
hep-th/9912090;hep-th/9912090;5;32;37
hep-th/9908144;hep-th/9908144;71;43;114
hep-th/9807138;hep-th/9807138;47;0;47
hep-th/9905080;hep-th/9905080;12;24;36
hep-th/9811230;hep-th/9811230;54;0;54
hep-th/9902158;hep-th/9902158;16;31;47
hep-th/9907054;hep-th/9907054;6;56;62
hep-th/9811004;hep-th/9811004;114;38;152
hep-th/0001066;hep-th/0001066;14;35;49
hep-th/9902181;hep-th/9902181;22;17;39
hep-th/9704006;hep-th/9704006;91;10;101
hep-th/9908182;hep-th/9908182;10;17;27
hep-th/9908126;hep-th/9908126;26;29;55
hep-th/9910266;hep-th/9910266;10;19;29
hep-th/0003218;hep-th/0003218;32;35;67
hep-th/9912250;hep-th/9912250;33;26;59
hep-th/0002154;hep-th/0002154;24;30;54
hep-th/9912210;hep-th/9912210;36;44;80
hep-th/0002170;hep-th/0002170;46;25;71
hep-th/9910150;hep-th/9910150;46;23;69
hep-th/9905085;hep-th/9905085;49;20;69
hep-th/9910011;hep-th/9910011;30;27;57
hep-th/9910016;hep-th/9910016;48;26;74
hep-th/9910197;hep-th/9910197;45;13;58
hep-th/0003038;hep-th/0003038;18;21;39
hep-th/9810051;hep-th/9810051;37;22;59
hep-th/9903094;hep-th/9903094;35;26;61
hep-th/9911222;hep-th/9911222;54;47;101
hep-th/0003096;hep-th/0003096;44;36;80
hep-th/0302095;hep-th/0302095;2;1;3
hep-th/0302062;hep-th/0302062;3;1;4
0707.3876;0707.3876;0;7;7
math-ph/0004017;math-ph/0004017;3;0;3
hep-th/0602044;hep-th/0602044;5;15;20
math-ph/0404076;math-ph/0404076;4;1;5
hep-th/0312046;hep-th/0312046;8;8;16
hep-th/0703008;hep-th/0703008;8;16;24
hep-th/0105030;hep-th/0105030;8;2;10
0902.0300;0902.0300;0;12;12
gr-qc/0402036;gr-qc/0402036;1;0;1
hep-th/9412061;hep-th/9412061;11;8;19
hep-th/9109034;hep-th/9109034;1;0;1
hep-th/0307187;hep-th/0307187;9;11;20
hep-th/0103237;hep-th/0103237;14;20;34
hep-th/9205015;hep-th/9205015;62;1;63
hep-th/9608169;hep-th/9608169;43;17;60
hep-th/9112005;hep-th/9112005;7;0;7
0804.4555;0804.4555;0;10;10
math/9902066;math/9902066;3;1;4
hep-th/0612173;hep-th/0612173;10;22;32
hep-th/0611328;hep-th/0611328;11;40;51
hep-th/0111020;hep-th/0111020;14;15;29
hep-th/0606197;hep-th/0606197;20;43;63
hep-th/0511114;hep-th/0511114;52;82;134
hep-th/0107099;hep-th/0107099;67;31;98
hep-th/0611209;hep-th/0611209;13;45;58
0712.0683;0712.0683;0;6;6
gr-qc/0607084;gr-qc/0607084;2;4;6
gr-qc/0510109;gr-qc/0510109;5;2;7
gr-qc/0508008;gr-qc/0508008;3;3;6
gr-qc/0206083;gr-qc/0206083;10;0;10
hep-th/9908198;hep-th/9908198;4;22;26
hep-th/9903109;hep-th/9903109;43;28;71
hep-th/9812017;hep-th/9812017;36;7;43
hep-th/9903029;hep-th/9903029;22;53;75
hep-ph/9511293;hep-ph/9511293;14;0;14
hep-th/9902012;hep-th/9902012;24;22;46
hep-ph/9607396;hep-ph/9607396;21;0;21
hep-th/9903032;hep-th/9903032;17;0;17
hep-th/9904036;hep-th/9904036;22;11;33
hep-th/9903091;hep-th/9903091;44;55;99
hep-th/9905200;hep-th/9905200;21;36;57
hep-th/9504139;hep-th/9504139;30;9;39
hep-th/9704102;hep-th/9704102;15;10;25
hep-th/9906216;hep-th/9906216;12;40;52
hep-th/9902125;hep-th/9902125;79;25;104
0907.2557;0907.2557;0;10;10
hep-ph/0110083;hep-ph/0110083;38;0;38
hep-th/9803091;hep-th/9803091;40;10;50
math/9905048;math/9905048;6;2;8
hep-th/9607174;hep-th/9607174;40;9;49
hep-ph/0407044;hep-ph/0407044;4;5;9
hep-ph/0311046;hep-ph/0311046;18;17;35
hep-th/9611004;hep-th/9611004;10;6;16
hep-th/9604128;hep-th/9604128;35;6;41
hep-th/9609128;hep-th/9609128;47;7;54
hep-ph/9810241;hep-ph/9810241;16;2;18
cond-mat/0703291;cond-mat/0703291;1;5;6
hep-th/0407155;hep-th/0407155;11;9;20
hep-th/0410109;hep-th/0410109;15;6;21
hep-th/0512155;hep-th/0512155;12;10;22
hep-th/0505070;hep-th/0505070;5;13;18
cond-mat/0612318;cond-mat/0612318;2;3;5
hep-lat/9810066;hep-lat/9810066;4;3;7
hep-th/9306120;hep-th/9306120;29;2;31
hep-ph/9605288;hep-ph/9605288;49;0;49
hep-th/9905033;hep-th/9905033;13;35;48
hep-th/9803168;hep-th/9803168;7;41;48
hep-th/9705030;hep-th/9705030;72;26;98
hep-th/9904211;hep-th/9904211;14;33;47
hep-th/9904007;hep-th/9904007;18;18;36
hep-th/9606176;hep-th/9606176;39;32;71
hep-th/9706005;hep-th/9706005;14;15;29
hep-th/9806044;hep-th/9806044;58;20;78
hep-th/9808048;hep-th/9808048;20;46;66
hep-th/9702038;hep-th/9702038;61;19;80
gr-qc/9905073;gr-qc/9905073;11;12;23
hep-th/9211095;hep-th/9211095;16;3;19
hep-th/9803081;hep-th/9803081;6;17;23
hep-th/9901119;hep-th/9901119;12;20;32
hep-th/9704193;hep-th/9704193;5;31;36
hep-th/9802139;hep-th/9802139;9;23;32
hep-th/9801052;hep-th/9801052;8;8;16
hep-th/9706143;hep-th/9706143;42;29;71
hep-th/9902124;hep-th/9902124;6;4;10
hep-th/9712015;hep-th/9712015;5;25;30
0811.0793;0811.0793;0;32;32
gr-qc/9905029;gr-qc/9905029;48;4;52
hep-th/9408025;hep-th/9408025;126;0;126
gr-qc/0511090;gr-qc/0511090;12;4;16
gr-qc/0603070;gr-qc/0603070;12;31;43
hep-ph/0405231;hep-ph/0405231;18;3;21
astro-ph/0206298;astro-ph/0206298;47;15;62
astro-ph/9810509;astro-ph/9810509;108;4;112
astro-ph/0604517;astro-ph/0604517;13;4;17
astro-ph/0309300;astro-ph/0309300;95;3;98
hep-th/0701169;hep-th/0701169;6;5;11
gr-qc/0607111;gr-qc/0607111;11;79;90
astro-ph/0407107;astro-ph/0407107;147;23;170
hep-th/0603229;hep-th/0603229;5;21;26
hep-ph/0608186;hep-ph/0608186;5;7;12
hep-th/0311102;hep-th/0311102;22;34;56
hep-th/0411188;hep-th/0411188;18;13;31
astro-ph/0305224;astro-ph/0305224;3;5;8
hep-th/0007144;hep-th/0007144;27;11;38
hep-th/9312132;hep-th/9312132;5;2;7
hep-th/0106085;hep-th/0106085;14;3;17
astro-ph/0005111;astro-ph/0005111;39;6;45
hep-th/0110040;hep-th/0110040;32;10;42
hep-th/0011049;hep-th/0011049;21;16;37
gr-qc/0409062;gr-qc/0409062;30;14;44
hep-th/9909052;hep-th/9909052;10;0;10
hep-th/0112105;hep-th/0112105;3;2;5
hep-th/0003195;hep-th/0003195;24;6;30
hep-th/9406117;hep-th/9406117;23;1;24
hep-th/0302091;hep-th/0302091;33;15;48
hep-th/0202132;hep-th/0202132;10;8;18
hep-th/9509076;hep-th/9509076;13;10;23
hep-th/9904169;hep-th/9904169;11;9;20
hep-th/0206049;hep-th/0206049;78;7;85
hep-th/0206136;hep-th/0206136;41;4;45
hep-th/0101012;hep-th/0101012;18;0;18
hep-th/0207187;hep-th/0207187;29;12;41
hep-th/0205205;hep-th/0205205;11;11;22
gr-qc/9709048;gr-qc/9709048;10;2;12
hep-th/0004016;hep-th/0004016;18;0;18
hep-th/9806223;hep-th/9806223;14;0;14
hep-th/0102144;hep-th/0102144;13;21;34
gr-qc/9706018;gr-qc/9706018;32;0;32
hep-ph/9602315;hep-ph/9602315;67;3;70
hep-th/0009056;hep-th/0009056;63;47;110
0712.0687;0712.0687;0;12;12
gr-qc/0105067;gr-qc/0105067;61;10;71
gr-qc/0511107;gr-qc/0511107;5;15;20
quant-ph/0611264;quant-ph/0611264;7;9;16
cond-mat/0605683;cond-mat/0605683;12;0;12
quant-ph/0605112;quant-ph/0605112;6;28;34
cond-mat/0606436;cond-mat/0606436;7;4;11
quant-ph/0505092;quant-ph/0505092;20;10;30
0706.3563;0706.3563;0;19;19
hep-th/0701235;hep-th/0701235;32;25;57
hep-th/0701002;hep-th/0701002;35;16;51
hep-th/0701272;hep-th/0701272;32;13;45
hep-th/0702199;hep-th/0702199;29;26;55
gr-qc/0203059;gr-qc/0203059;8;0;8
hep-th/0612261;hep-th/0612261;46;0;46
hep-th/0612286;hep-th/0612286;39;7;46
hep-th/0701048;hep-th/0701048;28;27;55
hep-ph/0202249;hep-ph/0202249;1;4;5
hep-th/9604135;hep-th/9604135;5;0;5
hep-th/9906009;hep-th/9906009;15;1;16
hep-ph/9711384;hep-ph/9711384;31;17;48
hep-th/0605066;hep-th/0605066;20;14;34
hep-th/0501180;hep-th/0501180;15;13;28
hep-th/0506142;hep-th/0506142;8;23;31
hep-th/0605035;hep-th/0605035;5;26;31
hep-th/0603096;hep-th/0603096;7;11;18
hep-th/0402183;hep-th/0402183;41;11;52
hep-th/9907045;hep-th/9907045;29;5;34
hep-th/0408097;hep-th/0408097;12;16;28
quant-ph/0601123;quant-ph/0601123;11;8;19
cond-mat/9810388;cond-mat/9810388;3;4;7
cond-mat/9408016;cond-mat/9408016;10;0;10
cond-mat/9501067;cond-mat/9501067;4;0;4
hep-th/9406154;hep-th/9406154;22;2;24
cond-mat/9810130;cond-mat/9810130;23;6;29
0802.3633;0802.3633;0;6;6
hep-th/0602295;hep-th/0602295;25;7;32
cond-mat/0601055;cond-mat/0601055;29;8;37
quant-ph/0310194;quant-ph/0310194;31;3;34
hep-th/0511056;hep-th/0511056;32;10;42
astro-ph/0407349;astro-ph/0407349;3;3;6
astro-ph/9601147;astro-ph/9601147;8;3;11
astro-ph/9706182;astro-ph/9706182;21;6;27
gr-qc/9908073;gr-qc/9908073;7;9;16
gr-qc/9901074;gr-qc/9901074;23;9;32
gr-qc/9805024;gr-qc/9805024;22;7;29
hep-th/9908012;hep-th/9908012;4;4;8
gr-qc/9607003;gr-qc/9607003;41;4;45
hep-th/9412050;hep-th/9412050;5;0;5
gr-qc/9710055;gr-qc/9710055;25;10;35
gr-qc/9910060;gr-qc/9910060;21;0;21
gr-qc/9706006;gr-qc/9706006;28;4;32
0712.0689;0712.0689;0;38;38
hep-th/9606033;hep-th/9606033;102;43;145
hep-th/0411191;hep-th/0411191;62;65;127
hep-th/0501038;hep-th/0501038;17;0;17
hep-th/0410173;hep-th/0410173;21;19;40
hep-th/0105049;hep-th/0105049;60;35;95
hep-th/9611209;hep-th/9611209;28;24;52
hep-th/0507136;hep-th/0507136;97;107;204
hep-th/0203004;hep-th/0203004;43;20;63
hep-th/9804035;hep-th/9804035;122;7;129
hep-th/0307101;hep-th/0307101;72;88;160
gr-qc/9908075;gr-qc/9908075;4;5;9
hep-th/9707003;hep-th/9707003;11;21;32
gr-qc/9805057;gr-qc/9805057;7;0;7
hep-th/0512186;hep-th/0512186;9;8;17
hep-th/0509199;hep-th/0509199;3;15;18
quant-ph/0302152;quant-ph/0302152;16;7;23
quant-ph/0210098;quant-ph/0210098;3;2;5
hep-th/0407228;hep-th/0407228;13;11;24
quant-ph/0208185;quant-ph/0208185;17;4;21
hep-ph/9606416;hep-ph/9606416;17;5;22
hep-th/0512184;hep-th/0512184;15;9;24
hep-th/0504064;hep-th/0504064;27;22;49
hep-th/0410187;hep-th/0410187;14;3;17
hep-th/0411214;hep-th/0411214;21;4;25
hep-ph/0210402;hep-ph/0210402;22;12;34
astro-ph/0511543;astro-ph/0511543;10;41;51
astro-ph/0503706;astro-ph/0503706;6;6;12
hep-th/0512185;hep-th/0512185;7;34;41
hep-th/0009112;hep-th/0009112;28;40;68
hep-th/0104041;hep-th/0104041;12;18;30
math/0405303;math/0405303;27;9;36
hep-th/0403126;hep-th/0403126;6;20;26
hep-th/0002023;hep-th/0002023;93;12;105
hep-th/0405085;hep-th/0405085;78;20;98
hep-th/0405240;hep-th/0405240;38;17;55
hep-th/0501071;hep-th/0501071;16;9;25
hep-th/0111043;hep-th/0111043;3;5;8
hep-th/0502148;hep-th/0502148;35;24;59
hep-th/0311101;hep-th/0311101;22;7;29
hep-th/0008149;hep-th/0008149;23;24;47
math/0005118;math/0005118;14;12;26
hep-th/0408169;hep-th/0408169;34;11;45
hep-th/0110218;hep-th/0110218;6;17;23
hep-th/9903134;hep-th/9903134;11;12;23
hep-th/0103014;hep-th/0103014;18;20;38
hep-th/0002213;hep-th/0002213;14;8;22
hep-th/9904002;hep-th/9904002;24;32;56
hep-th/9707235;hep-th/9707235;31;23;54
hep-th/9806003;hep-th/9806003;25;22;47
hep-th/9702190;hep-th/9702190;30;7;37
hep-th/9503227;hep-th/9503227;87;9;96
hep-th/0110219;hep-th/0110219;24;24;48
hep-th/9712257;hep-th/9712257;78;33;111
hep-th/9909030;hep-th/9909030;144;17;161
hep-th/9909114;hep-th/9909114;41;10;51
hep-th/0108126;hep-th/0108126;10;39;49
hep-th/0007174;hep-th/0007174;61;20;81
hep-th/9609112;hep-th/9609112;84;32;116
hep-th/9705148;hep-th/9705148;13;16;29
hep-th/9909163;hep-th/9909163;74;17;91
hep-th/9910148;hep-th/9910148;12;13;25
hep-th/9911229;hep-th/9911229;25;11;36
hep-th/9812193;hep-th/9812193;193;3;196
hep-th/9706057;hep-th/9706057;13;21;34
hep-th/0512180;hep-th/0512180;0;25;25
gr-qc/9504019;gr-qc/9504019;26;3;29
hep-th/9712071;hep-th/9712071;68;49;117
hep-th/0410034;hep-th/0410034;9;23;32
hep-th/0208207;hep-th/0208207;55;38;93
hep-th/0512167;hep-th/0512167;5;22;27
gr-qc/9308032;gr-qc/9308032;25;1;26
gr-qc/9310008;gr-qc/9310008;33;8;41
hep-th/0512181;hep-th/0512181;0;4;4
hep-th/9211011;hep-th/9211011;39;6;45
hep-th/0503090;hep-th/0503090;2;5;7
hep-th/0405263;hep-th/0405263;4;1;5
hep-th/0309160;hep-th/0309160;2;21;23
hep-th/0110214;hep-th/0110214;0;19;19
hep-th/9708080;hep-th/9708080;5;15;20
hep-th/0101096;hep-th/0101096;32;26;58
hep-th/0004199;hep-th/0004199;8;16;24
hep-th/9902010;hep-th/9902010;8;3;11
hep-th/0012231;hep-th/0012231;10;17;27
hep-th/0104208;hep-th/0104208;20;12;32
hep-th/0104184;hep-th/0104184;12;2;14
hep-th/9911042;hep-th/9911042;76;13;89
hep-th/9506098;hep-th/9506098;93;7;100
hep-th/0103155;hep-th/0103155;67;20;87
hep-th/0107100;hep-th/0107100;9;9;18
hep-th/0108191;hep-th/0108191;18;0;18
hep-th/0010272;hep-th/0010272;15;11;26
hep-th/9912266;hep-th/9912266;52;29;81
hep-th/0108226;hep-th/0108226;24;15;39
hep-th/0011089;hep-th/0011089;146;18;164
hep-th/0107177;hep-th/0107177;200;58;258
hep-th/0108245;hep-th/0108245;66;37;103
hep-th/9911225;hep-th/9911225;20;6;26
hep-th/0110217;hep-th/0110217;4;8;12
hep-th/0102193;hep-th/0102193;16;0;16
hep-th/0002049;hep-th/0002049;4;12;16
hep-th/0101062;hep-th/0101062;9;4;13
hep-th/0010214;hep-th/0010214;11;8;19
hep-th/9709084;hep-th/9709084;10;4;14
hep-th/0103050;hep-th/0103050;4;6;10
hep-th/0110210;hep-th/0110210;0;1;1
hep-th/0104197;hep-th/0104197;2;4;6
hep-th/0110211;hep-th/0110211;8;8;16
hep-th/0104098;hep-th/0104098;13;14;27
hep-th/0106199;hep-th/0106199;16;10;26
hep-th/0110212;hep-th/0110212;1;8;9
hep-th/9604111;hep-th/9604111;10;0;10
hep-th/9903255;hep-th/9903255;12;0;12
hep-th/9412188;hep-th/9412188;12;2;14
hep-th/9306161;hep-th/9306161;26;0;26
hep-th/0110213;hep-th/0110213;4;24;28
hep-th/0008050;hep-th/0008050;38;20;58
hep-th/0006112;hep-th/0006112;65;31;96
hep-th/0009212;hep-th/0009212;35;11;46
hep-th/0010025;hep-th/0010025;16;16;32
hep-th/0006062;hep-th/0006062;126;34;160
hep-th/0105288;hep-th/0105288;16;48;64
hep-th/9506057;hep-th/9506057;61;22;83
hep-th/9810115;hep-th/9810115;11;6;17
hep-th/9801105;hep-th/9801105;21;3;24
hep-th/9810117;hep-th/9810117;17;15;32
hep-th/9707094;hep-th/9707094;19;7;26
hep-th/9802064;hep-th/9802064;45;17;62
hep-th/9705146;hep-th/9705146;5;18;23
hep-th/9312114;hep-th/9312114;75;0;75
hep-th/9810104;hep-th/9810104;34;22;56
hep-ph/9606468;hep-ph/9606468;40;0;40
hep-th/9809004;hep-th/9809004;22;27;49
hep-th/9607188;hep-th/9607188;36;0;36
hep-th/9810116;hep-th/9810116;78;26;104
hep-th/9803166;hep-th/9803166;58;23;81
hep-th/9803044;hep-th/9803044;61;22;83
hep-th/9802052;hep-th/9802052;44;12;56
hep-th/9712201;hep-th/9712201;64;22;86
hep-th/9707179;hep-th/9707179;28;17;45
hep-th/9801170;hep-th/9801170;27;12;39
hep-th/9808128;hep-th/9808128;14;9;23
hep-th/9710078;hep-th/9710078;38;18;56
hep-th/9810111;hep-th/9810111;0;3;3
hep-th/9708044;hep-th/9708044;54;60;114
hep-th/9710213;hep-th/9710213;4;38;42
hep-th/9810110;hep-th/9810110;7;9;16
hep-th/9601148;hep-th/9601148;17;1;18
hep-th/9706196;hep-th/9706196;25;26;51
hep-th/9708149;hep-th/9708149;7;17;24
hep-th/9212094;hep-th/9212094;8;0;8
hep-th/9412054;hep-th/9412054;11;10;21
q-alg/9607027;q-alg/9607027;4;6;10
hep-th/9808171;hep-th/9808171;1;6;7
q-alg/9602018;q-alg/9602018;1;3;4
math/9802085;math/9802085;2;0;2
q-alg/9707004;q-alg/9707004;1;0;1
hep-th/9504052;hep-th/9504052;16;8;24
hep-th/9412199;hep-th/9412199;5;10;15
hep-th/9509147;hep-th/9509147;15;1;16
hep-th/0107088;hep-th/0107088;50;2;52
astro-ph/0510453;astro-ph/0510453;33;11;44
0803.2490;0803.2490;0;3;3
hep-ph/0010280;hep-ph/0010280;12;4;16
astro-ph/0608405;astro-ph/0608405;13;4;17
hep-th/9810119;hep-th/9810119;16;6;22
hep-th/9403158;hep-th/9403158;89;0;89
math/0509298;math/0509298;3;1;4
math-ph/0102005;math-ph/0102005;6;11;17
0904.2993;0904.2993;0;38;38
hep-th/0202149;hep-th/0202149;13;8;21
math/0502443;math/0502443;20;10;30
hep-th/0404217;hep-th/0404217;45;13;58
hep-th/9910030;hep-th/9910030;108;5;113
hep-th/0610327;hep-th/0610327;217;475;692
hep-th/0411276;hep-th/0411276;109;48;157
math/0411642;math/0411642;24;7;31
hep-th/0503229;hep-th/0503229;48;23;71
0801.2630;0801.2630;0;13;13
hep-th/0209034;hep-th/0209034;73;72;145
hep-th/9305129;hep-th/9305129;17;6;23
hep-th/0411198;hep-th/0411198;11;17;28
hep-th/9904126;hep-th/9904126;30;11;41
hep-th/9510108;hep-th/9510108;34;9;43
hep-th/0305172;hep-th/0305172;16;26;42
hep-th/9305130;hep-th/9305130;39;3;42
hep-th/9506177;hep-th/9506177;47;6;53
math-ph/0603008;math-ph/0603008;7;16;23
hep-th/0205113;hep-th/0205113;16;31;47
hep-th/0603023;hep-th/0603023;16;14;30
hep-th/9610087;hep-th/9610087;34;10;44
hep-th/0506011;hep-th/0506011;6;1;7
hep-th/0611293;hep-th/0611293;15;17;32
astro-ph/0605604;astro-ph/0605604;18;9;27
hep-th/0608032;hep-th/0608032;12;46;58
hep-th/0507205;hep-th/0507205;119;52;171
hep-ph/0610423;hep-ph/0610423;1;13;14
hep-th/0503195;hep-th/0503195;82;99;181
hep-ph/9903524;hep-ph/9903524;73;24;97
hep-th/0512102;hep-th/0512102;62;59;121
gr-qc/0606034;gr-qc/0606034;18;20;38
quant-ph/0605070;quant-ph/0605070;0;4;4
hep-th/0311269;hep-th/0311269;30;3;33
quant-ph/0212023;quant-ph/0212023;37;18;55
hep-th/0408062;hep-th/0408062;10;10;20
hep-th/0605069;hep-th/0605069;0;25;25
math-ph/0208024;math-ph/0208024;3;7;10
hep-th/9304012;hep-th/9304012;42;1;43
hep-th/0212146;hep-th/0212146;12;7;19
hep-th/0011240;hep-th/0011240;37;75;112
hep-th/0306036;hep-th/0306036;40;22;62
hep-th/9910244;hep-th/9910244;11;36;47
hep-th/0305117;hep-th/0305117;50;4;54
hep-th/9809168;hep-th/9809168;50;29;79
gr-qc/9612012;gr-qc/9612012;72;23;95
hep-th/0501208;hep-th/0501208;14;70;84
hep-th/9206093;hep-th/9206093;5;1;6
hep-th/0607030;hep-th/0607030;7;63;70
hep-th/0306069;hep-th/0306069;3;26;29
hep-th/9308021;hep-th/9308021;2;7;9
hep-th/0602095;hep-th/0602095;10;18;28
hep-th/9704005;hep-th/9704005;92;20;112
gr-qc/0310068;gr-qc/0310068;9;34;43
cond-mat/9902066;cond-mat/9902066;1;1;2
cond-mat/9805209;cond-mat/9805209;15;0;15
hep-th/0502239;hep-th/0502239;1;38;39
gr-qc/0312079;gr-qc/0312079;12;22;34
hep-th/0311221;hep-th/0311221;27;33;60
hep-th/0301254;hep-th/0301254;16;4;20
hep-th/0501138;hep-th/0501138;8;35;43
hep-th/0406169;hep-th/0406169;29;18;47
gr-qc/0502023;gr-qc/0502023;9;24;33
hep-th/0106059;hep-th/0106059;24;7;31
hep-th/9702087;hep-th/9702087;30;5;35
hep-th/0009126;hep-th/0009126;113;22;135
hep-th/0101229;hep-th/0101229;21;9;30
hep-th/0306120;hep-th/0306120;17;7;24
hep-th/0312061;hep-th/0312061;28;24;52
gr-qc/0303095;gr-qc/0303095;33;2;35
hep-th/0407062;hep-th/0407062;12;33;45
gr-qc/0307020;gr-qc/0307020;42;14;56
gr-qc/0212014;gr-qc/0212014;62;10;72
gr-qc/9606086;gr-qc/9606086;13;2;15
hep-th/0306214;hep-th/0306214;21;19;40
hep-th/0410158;hep-th/0410158;26;0;26
gr-qc/0303078;gr-qc/0303078;20;8;28
gr-qc/0502010;gr-qc/0502010;4;19;23
gr-qc/0502011;gr-qc/0502011;8;24;32
hep-th/0209129;hep-th/0209129;7;22;29
hep-th/9305163;hep-th/9305163;67;5;72
hep-th/0205014;hep-th/0205014;6;0;6
hep-th/9604045;hep-th/9604045;48;10;58
hep-th/0207279;hep-th/0207279;35;19;54
hep-th/0203065;hep-th/0203065;57;14;71
hep-th/0204215;hep-th/0204215;3;0;3
gr-qc/0208002;gr-qc/0208002;12;12;24
hep-th/0207022;hep-th/0207022;11;14;25
hep-th/0107039;hep-th/0107039;116;9;125
hep-th/9301067;hep-th/9301067;104;3;107
hep-th/0208138;hep-th/0208138;4;24;28
hep-th/0204245;hep-th/0204245;75;13;88
hep-th/0201245;hep-th/0201245;19;22;41
hep-th/9411115;hep-th/9411115;9;2;11
hep-th/0107255;hep-th/0107255;17;31;48
hep-th/0207127;hep-th/0207127;11;52;63
hep-th/0009016;hep-th/0009016;15;30;45
hep-th/0110072;hep-th/0110072;50;10;60
hep-th/9812035;hep-th/9812035;99;19;118
hep-th/0006066;hep-th/0006066;84;41;125
hep-th/0111072;hep-th/0111072;47;15;62
hep-th/0109010;hep-th/0109010;21;22;43
hep-th/9810206;hep-th/9810206;111;17;128
hep-th/0207246;hep-th/0207246;8;21;29
hep-ph/0403108;hep-ph/0403108;10;5;15
hep-ph/0312126;hep-ph/0312126;4;13;17
hep-th/0311223;hep-th/0311223;23;53;76
hep-th/0209125;hep-th/0209125;4;11;15
hep-th/9910198;hep-th/9910198;11;21;32
hep-th/9602113;hep-th/9602113;14;4;18
hep-th/9811092;hep-th/9811092;28;30;58
hep-th/0012037;hep-th/0012037;29;0;29
hep-th/0009084;hep-th/0009084;10;22;32
hep-th/9210015;hep-th/9210015;45;2;47
math-ph/0211020;math-ph/0211020;3;4;7
hep-th/0209124;hep-th/0209124;10;10;20
hep-th/0203003;hep-th/0203003;17;16;33
gr-qc/9706004;gr-qc/9706004;17;10;27
hep-th/0105134;hep-th/0105134;13;23;36
hep-th/9809029;hep-th/9809029;13;1;14
hep-th/0107224;hep-th/0107224;10;6;16
hep-th/0110001;hep-th/0110001;8;6;14
gr-qc/9505039;gr-qc/9505039;47;5;52
gr-qc/9810061;gr-qc/9810061;15;16;31
hep-th/0209127;hep-th/0209127;1;46;47
hep-th/0204183;hep-th/0204183;17;59;76
hep-th/0112204;hep-th/0112204;31;7;38
hep-th/9806246;hep-th/9806246;5;0;5
hep-th/9704079;hep-th/9704079;12;6;18
hep-th/0110024;hep-th/0110024;16;0;16
hep-th/0011197;hep-th/0011197;44;188;232
hep-th/9906235;hep-th/9906235;29;46;75
hep-th/9706095;hep-th/9706095;13;21;34
hep-th/0209126;hep-th/0209126;0;3;3
hep-th/0009034;hep-th/0009034;1;3;4
hep-th/9910231;hep-th/9910231;2;4;6
hep-th/0209121;hep-th/0209121;0;12;12
hep-ph/0208044;hep-ph/0208044;11;4;15
hep-ph/0201148;hep-ph/0201148;25;10;35
hep-th/0209120;hep-th/0209120;39;23;62
hep-th/0209079;hep-th/0209079;50;95;145
hep-th/0204107;hep-th/0204107;35;8;43
hep-th/0110007;hep-th/0110007;174;48;222
hep-th/0207245;hep-th/0207245;52;91;143
hep-th/0106109;hep-th/0106109;283;11;294
hep-th/0109213;hep-th/0109213;87;32;119
hep-th/0208028;hep-th/0208028;23;34;57
hep-th/0206212;hep-th/0206212;37;0;37
hep-th/0208023;hep-th/0208023;37;35;72
hep-th/9807064;hep-th/9807064;22;9;31
hep-th/9704051;hep-th/9704051;43;16;59
hep-th/0105024;hep-th/0105024;61;44;105
hep-th/0010240;hep-th/0010240;81;65;146
hep-th/0204252;hep-th/0204252;49;21;70
hep-th/0206102;hep-th/0206102;32;25;57
hep-th/0207004;hep-th/0207004;35;27;62
hep-th/0203051;hep-th/0203051;7;13;20
hep-th/9910159;hep-th/9910159;20;10;30
hep-th/0209068;hep-th/0209068;49;0;49
hep-th/0103085;hep-th/0103085;61;20;81
gr-qc/0108040;gr-qc/0108040;73;127;200
hep-th/0204203;hep-th/0204203;39;74;113
hep-th/0208217;hep-th/0208217;38;44;82
hep-th/0010181;hep-th/0010181;11;23;34
hep-lat/9803016;hep-lat/9803016;11;18;29
hep-lat/9503013;hep-lat/9503013;18;5;23
hep-th/9512112;hep-th/9512112;33;18;51
hep-lat/9609031;hep-lat/9609031;17;4;21
hep-lat/9212019;hep-lat/9212019;97;0;97
hep-lat/9709014;hep-lat/9709014;2;4;6
hep-th/9701007;hep-th/9701007;9;5;14
hep-lat/9509046;hep-lat/9509046;12;3;15
hep-lat/9308011;hep-lat/9308011;92;0;92
hep-th/0502238;hep-th/0502238;1;8;9
hep-th/9802015;hep-th/9802015;36;2;38
hep-th/0410171;hep-th/0410171;9;17;26
hep-th/9804143;hep-th/9804143;45;13;58
hep-th/0012031;hep-th/0012031;9;0;9
hep-th/9710062;hep-th/9710062;23;2;25
q-alg/9507013;q-alg/9507013;3;1;4
hep-th/9505083;hep-th/9505083;9;11;20
0804.3811;0804.3811;0;13;13
hep-th/0112002;hep-th/0112002;27;31;58
hep-th/0504233;hep-th/0504233;35;23;58
hep-th/0112253;hep-th/0112253;43;34;77
hep-th/9905099;hep-th/9905099;72;19;91
0904.3710;0904.3710;0;20;20
hep-ph/0703069;hep-ph/0703069;25;23;48
hep-th/0612187;hep-th/0612187;51;15;66
hep-ph/0501218;hep-ph/0501218;153;30;183
hep-th/0701276;hep-th/0701276;70;11;81
hep-ph/0404089;hep-ph/0404089;2;1;3
hep-ph/0304182;hep-ph/0304182;63;15;78
hep-ph/0501128;hep-ph/0501128;194;18;212
hep-th/0701280;hep-th/0701280;84;42;126
hep-th/0404131;hep-th/0404131;4;14;18
hep-ph/0602252;hep-ph/0602252;44;21;65
hep-ph/0507049;hep-ph/0507049;29;21;50
hep-ph/0609270;hep-ph/0609270;24;27;51
hep-th/0501022;hep-th/0501022;97;31;128
hep-th/0212338;hep-th/0212338;2;9;11
hep-th/0211147;hep-th/0211147;9;10;19
hep-th/9309124;hep-th/9309124;19;3;22
hep-th/0202069;hep-th/0202069;39;8;47
hep-th/9606112;hep-th/9606112;227;15;242
hep-th/0111161;hep-th/0111161;40;8;48
hep-th/0209098;hep-th/0209098;38;17;55
cond-mat/9507061;cond-mat/9507061;1;1;2
hep-th/9206074;hep-th/9206074;3;0;3
cond-mat/9507064;cond-mat/9507064;0;1;1
hep-th/9110046;hep-th/9110046;19;0;19
hep-th/0306031;hep-th/0306031;24;40;64
hep-th/9903048;hep-th/9903048;49;12;61
hep-th/9604066;hep-th/9604066;1;3;4
hep-th/0210046;hep-th/0210046;7;55;62
hep-th/0205290;hep-th/0205290;50;19;69
hep-th/0105160;hep-th/0105160;13;70;83
hep-th/0110234;hep-th/0110234;78;27;105
hep-th/0201272;hep-th/0201272;30;35;65
hep-th/9812007;hep-th/9812007;61;35;96
hep-th/0212089;hep-th/0212089;9;24;33
hep-th/0010200;hep-th/0010200;46;26;72
hep-th/0111093;hep-th/0111093;74;59;133
hep-th/0207024;hep-th/0207024;9;15;24
hep-th/0204158;hep-th/0204158;86;47;133
hep-th/0008160;hep-th/0008160;16;0;16
gr-qc/0306002;gr-qc/0306002;4;10;14
hep-th/0205246;hep-th/0205246;39;14;53
hep-th/0303157;hep-th/0303157;5;33;38
hep-th/9206080;hep-th/9206080;14;2;16
hep-th/0010072;hep-th/0010072;35;0;35
hep-th/9812097;hep-th/9812097;15;0;15
hep-th/0302005;hep-th/0302005;14;49;63
hep-th/0009225;hep-th/0009225;9;6;15
hep-th/0011034;hep-th/0011034;11;15;26
hep-th/0301080;hep-th/0301080;35;65;100
hep-th/9707123;hep-th/9707123;87;33;120
hep-th/0008030;hep-th/0008030;57;44;101
hep-th/9708002;hep-th/9708002;37;29;66
hep-th/0009213;hep-th/0009213;15;58;73
hep-th/9907055;hep-th/9907055;39;6;45
hep-th/0304169;hep-th/0304169;19;46;65
hep-th/0202131;hep-th/0202131;22;36;58
hep-th/0110115;hep-th/0110115;21;54;75
hep-th/0206009;hep-th/0206009;11;20;31
hep-th/0210035;hep-th/0210035;16;44;60
hep-th/9908152;hep-th/9908152;37;7;44
hep-th/9903093;hep-th/9903093;65;28;93
hep-th/9901080;hep-th/9901080;111;22;133
hep-lat/9512019;hep-lat/9512019;20;5;25
hep-th/9510167;hep-th/9510167;28;3;31
hep-lat/9409013;hep-lat/9409013;25;5;30
hep-th/0212279;hep-th/0212279;38;28;66
hep-th/0212098;hep-th/0212098;13;21;34
hep-th/0201075;hep-th/0201075;27;41;68
hep-th/0211108;hep-th/0211108;61;35;96
hep-th/0206161;hep-th/0206161;201;0;201
hep-th/0208176;hep-th/0208176;51;14;65
hep-th/0112211;hep-th/0112211;12;14;26
hep-th/0210145;hep-th/0210145;8;71;79
hep-th/9702198;hep-th/9702198;97;31;128
hep-th/0306035;hep-th/0306035;3;32;35
hep-th/0211261;hep-th/0211261;48;22;70
hep-th/0210281;hep-th/0210281;55;22;77
hep-th/0209099;hep-th/0209099;64;11;75
hep-th/0304227;hep-th/0304227;18;12;30
hep-th/9810035;hep-th/9810035;45;15;60
hep-th/0303001;hep-th/0303001;42;36;78
hep-th/0305023;hep-th/0305023;24;20;44
hep-th/0211216;hep-th/0211216;93;35;128
hep-th/0209089;hep-th/0209089;78;17;95
hep-th/0304251;hep-th/0304251;8;16;24
hep-th/0305217;hep-th/0305217;16;14;30
hep-th/0304271;hep-th/0304271;42;59;101
hep-th/9612114;hep-th/9612114;48;3;51
hep-th/0306034;hep-th/0306034;5;49;54
hep-th/0106197;hep-th/0106197;3;11;14
hep-th/0005159;hep-th/0005159;35;35;70
hep-th/9805110;hep-th/9805110;19;13;32
hep-th/0105029;hep-th/0105029;2;8;10
hep-th/0002060;hep-th/0002060;4;14;18
hep-th/9202043;hep-th/9202043;10;0;10
hep-th/0301227;hep-th/0301227;11;28;39
hep-th/0201034;hep-th/0201034;2;13;15
hep-th/0205024;hep-th/0205024;43;24;67
hep-th/0110191;hep-th/0110191;52;32;84
hep-th/0109186;hep-th/0109186;10;25;35
hep-th/0104054;hep-th/0104054;23;30;53
hep-th/0001167;hep-th/0001167;74;10;84
hep-th/0111200;hep-th/0111200;17;11;28
hep-th/0201070;hep-th/0201070;25;0;25
hep-th/0303082;hep-th/0303082;22;12;34
hep-th/9611100;hep-th/9611100;121;12;133
hep-th/9506109;hep-th/9506109;109;11;120
hep-th/9503182;hep-th/9503182;73;2;75
hep-th/0301233;hep-th/0301233;8;10;18
hep-th/0008027;hep-th/0008027;34;20;54
hep-th/9808049;hep-th/9808049;8;22;30
hep-th/9912066;hep-th/9912066;12;16;28
hep-th/0107251;hep-th/0107251;86;0;86
hep-th/0102181;hep-th/0102181;76;10;86
hep-th/0306037;hep-th/0306037;4;2;6
hep-th/9904152;hep-th/9904152;12;6;18
gr-qc/0111097;gr-qc/0111097;20;14;34
hep-th/0305073;hep-th/0305073;6;46;52
gr-qc/9602040;gr-qc/9602040;49;21;70
hep-th/0305036;hep-th/0305036;21;37;58
hep-th/9607226;hep-th/9607226;53;7;60
gr-qc/9707053;gr-qc/9707053;17;4;21
gr-qc/0105034;gr-qc/0105034;27;17;44
hep-th/0208052;hep-th/0208052;26;37;63
gr-qc/0105078;gr-qc/0105078;26;37;63
gr-qc/0001038;gr-qc/0001038;32;9;41
gr-qc/9511081;gr-qc/9511081;67;4;71
hep-th/0304252;hep-th/0304252;10;19;29
hep-lat/9512013;hep-lat/9512013;5;4;9
hep-lat/9512012;hep-lat/9512012;7;11;18
hep-th/9411179;hep-th/9411179;32;0;32
hep-th/9503006;hep-th/9503006;29;22;51
hep-th/9412097;hep-th/9412097;4;0;4
hep-lat/9401026;hep-lat/9401026;30;1;31
hep-lat/9408015;hep-lat/9408015;9;2;11
hep-th/9411060;hep-th/9411060;4;3;7
hep-lat/9509004;hep-lat/9509004;2;9;11
hep-th/9303127;hep-th/9303127;24;5;29
hep-lat/9411008;hep-lat/9411008;4;2;6
0804.3730;0804.3730;0;34;34
hep-ph/9608233;hep-ph/9608233;31;23;54
hep-th/0402088;hep-th/0402088;66;22;88
hep-th/0506172;hep-th/0506172;29;47;76
hep-th/9605170;hep-th/9605170;70;12;82
hep-th/0605108;hep-th/0605108;50;52;102
hep-th/0508171;hep-th/0508171;51;29;80
hep-th/0506266;hep-th/0506266;56;16;72
hep-ph/0505126;hep-ph/0505126;12;17;29
gr-qc/0212028;gr-qc/0212028;7;7;14
math-ph/9903028;math-ph/9903028;77;4;81
gr-qc/0111108;gr-qc/0111108;38;8;46
math-ph/0202003;math-ph/0202003;11;15;26
math-ph/0102035;math-ph/0102035;14;8;22
math-ph/0012020;math-ph/0012020;3;1;4
gr-qc/0103074;gr-qc/0103074;46;5;51
0802.2946;0802.2946;0;16;16
hep-th/9903194;hep-th/9903194;5;26;31
hep-th/0105048;hep-th/0105048;69;72;141
hep-th/9506077;hep-th/9506077;40;34;74
hep-th/0101233;hep-th/0101233;106;14;120
hep-ph/0310355;hep-ph/0310355;31;36;67
gr-qc/0212023;gr-qc/0212023;1;9;10
hep-th/9305054;hep-th/9305054;20;0;20
gr-qc/0207088;gr-qc/0207088;5;9;14
gr-qc/0207111;gr-qc/0207111;26;7;33
gr-qc/9511057;gr-qc/9511057;30;7;37
hep-th/9811222;hep-th/9811222;32;1;33
gr-qc/0212021;gr-qc/0212021;12;14;26
hep-th/0107045;hep-th/0107045;18;11;29
gr-qc/0012066;gr-qc/0012066;36;6;42
gr-qc/9503016;gr-qc/9503016;46;9;55
hep-th/0102061;hep-th/0102061;34;11;45
hep-th/0209039;hep-th/0209039;15;32;47
gr-qc/0211089;gr-qc/0211089;15;14;29
hep-th/0207169;hep-th/0207169;13;29;42
gr-qc/0210024;gr-qc/0210024;27;47;74
hep-th/9811052;hep-th/9811052;21;17;38
gr-qc/0202034;gr-qc/0202034;18;32;50
gr-qc/0212025;gr-qc/0212025;3;19;22
hep-th/9507029;hep-th/9507029;5;4;9
hep-th/0003120;hep-th/0003120;31;11;42
hep-th/9505059;hep-th/9505059;37;0;37
math-ph/9805026;math-ph/9805026;28;5;33
math-ph/0201016;math-ph/0201016;2;2;4
hep-th/9412094;hep-th/9412094;3;0;3
hep-th/0207057;hep-th/0207057;6;12;18
hep-th/0202096;hep-th/0202096;10;15;25
gr-qc/9803036;gr-qc/9803036;19;1;20
math-ph/0201015;math-ph/0201015;10;14;24
math-ph/9906019;math-ph/9906019;22;14;36
funct-an/9406005;funct-an/9406005;19;0;19
0902.2593;0902.2593;0;6;6
quant-ph/0605221;quant-ph/0605221;10;3;13
hep-th/0410102;hep-th/0410102;10;9;19
quant-ph/0605215;quant-ph/0605215;13;6;19
q-alg/9609023;q-alg/9609023;2;9;11
hep-th/9410186;hep-th/9410186;3;1;4
q-alg/9508014;q-alg/9508014;6;7;13
hep-th/9309083;hep-th/9309083;23;5;28
hep-th/9211071;hep-th/9211071;49;0;49
hep-th/9510011;hep-th/9510011;8;9;17
hep-th/9401093;hep-th/9401093;11;12;23
hep-th/9209003;hep-th/9209003;94;1;95
hep-th/9310001;hep-th/9310001;8;2;10
hep-th/0111165;hep-th/0111165;35;65;100
hep-th/0103115;hep-th/0103115;62;41;103
hep-th/9707125;hep-th/9707125;6;10;16
hep-th/0011079;hep-th/0011079;72;27;99
hep-th/9908169;hep-th/9908169;17;7;24
hep-th/9711013;hep-th/9711013;108;32;140
hep-th/0106034;hep-th/0106034;99;30;129
hep-th/0106162;hep-th/0106162;23;26;49
hep-th/0108219;hep-th/0108219;16;12;28
hep-th/9802193;hep-th/9802193;3;13;16
hep-th/0105045;hep-th/0105045;109;0;109
hep-th/0109025;hep-th/0109025;42;45;87
hep-th/0107264;hep-th/0107264;76;13;89
hep-th/0103068;hep-th/0103068;68;23;91
hep-th/0106155;hep-th/0106155;55;45;100
hep-th/0012054;hep-th/0012054;86;30;116
hep-th/9506150;hep-th/9506150;113;13;126
hep-th/0108165;hep-th/0108165;86;18;104
hep-th/0103203;hep-th/0103203;3;34;37
hep-th/0106266;hep-th/0106266;11;23;34
hep-th/0012157;hep-th/0012157;24;17;41
hep-th/9611007;hep-th/9611007;38;15;53
hep-th/0105225;hep-th/0105225;50;29;79
hep-th/0003198;hep-th/0003198;144;44;188
hep-th/0106055;hep-th/0106055;41;0;41
hep-th/0106026;hep-th/0106026;39;14;53
hep-th/0110187;hep-th/0110187;34;33;67
hep-th/0111167;hep-th/0111167;9;4;13
gr-qc/0002054;gr-qc/0002054;15;2;17
hep-th/0202105;hep-th/0202105;5;0;5
gr-qc/9808022;gr-qc/9808022;3;5;8
hep-th/9702105;hep-th/9702105;35;18;53
hep-th/9501065;hep-th/9501065;49;7;56
hep-th/9603089;hep-th/9603089;56;0;56
hep-th/9607051;hep-th/9607051;27;40;67
hep-th/0004061;hep-th/0004061;24;8;32
hep-th/9303109;hep-th/9303109;3;5;8
hep-th/0005268;hep-th/0005268;10;19;29
hep-th/9707088;hep-th/9707088;9;0;9
hep-th/0006207;hep-th/0006207;23;1;24
hep-th/0005048;hep-th/0005048;203;16;219
hep-th/0007156;hep-th/0007156;38;12;50
hep-th/0006236;hep-th/0006236;105;29;134
hep-th/0007192;hep-th/0007192;9;6;15
hep-th/0105257;hep-th/0105257;32;36;68
hep-th/9503101;hep-th/9503101;12;2;14
hep-th/9510087;hep-th/9510087;74;7;81
hep-th/0103107;hep-th/0103107;5;14;19
hep-th/0006085;hep-th/0006085;71;16;87
hep-th/0005073;hep-th/0005073;75;22;97
hep-th/0004072;hep-th/0004072;37;20;57
hep-th/0006235;hep-th/0006235;51;13;64
hep-th/0104167;hep-th/0104167;7;17;24
hep-th/0108186;hep-th/0108186;6;13;19
hep-th/0111162;hep-th/0111162;4;7;11
hep-th/0009102;hep-th/0009102;6;8;14
hep-th/9601144;hep-th/9601144;5;1;6
hep-th/9709173;hep-th/9709173;12;2;14
hep-th/9412210;hep-th/9412210;8;1;9
hep-th/9912216;hep-th/9912216;4;8;12
hep-th/9808173;hep-th/9808173;10;6;16
hep-th/9503147;hep-th/9503147;7;0;7
gr-qc/0204074;gr-qc/0204074;38;11;49
hep-ph/9909353;hep-ph/9909353;46;14;60
gr-qc/0011075;gr-qc/0011075;23;12;35
gr-qc/9609026;gr-qc/9609026;62;0;62
hep-ph/0003172;hep-ph/0003172;61;17;78
hep-ph/9809574;hep-ph/9809574;30;6;36
hep-ph/9808404;hep-ph/9808404;55;13;68
gr-qc/9704037;gr-qc/9704037;77;2;79
hep-ph/9809490;hep-ph/9809490;69;9;78
hep-th/9407169;hep-th/9407169;16;3;19
gr-qc/0204071;gr-qc/0204071;2;13;15
gr-qc/0011105;gr-qc/0011105;46;14;60
hep-th/0101060;hep-th/0101060;51;32;83
hep-th/0105100;hep-th/0105100;39;0;39
gr-qc/0109084;gr-qc/0109084;10;0;10
gr-qc/0105058;gr-qc/0105058;18;0;18
gr-qc/0103093;gr-qc/0103093;19;11;30
gr-qc/0108073;gr-qc/0108073;35;27;62
hep-th/9407164;hep-th/9407164;3;4;7
hep-th/9202050;hep-th/9202050;9;0;9
hep-th/9204061;hep-th/9204061;18;0;18
hep-th/9407165;hep-th/9407165;1;1;2
hep-th/9308029;hep-th/9308029;7;0;7
hep-th/9407166;hep-th/9407166;5;4;9
hep-th/9402131;hep-th/9402131;6;3;9
hep-th/9303105;hep-th/9303105;18;3;21
hep-th/9204018;hep-th/9204018;31;0;31
hep-th/9209022;hep-th/9209022;22;2;24
hep-th/9407167;hep-th/9407167;26;12;38
hep-th/9407014;hep-th/9407014;16;3;19
hep-th/9206088;hep-th/9206088;23;0;23
hep-th/9402052;hep-th/9402052;27;4;31
hep-th/9201017;hep-th/9201017;30;0;30
hep-th/9208026;hep-th/9208026;35;0;35
hep-th/9211057;hep-th/9211057;13;5;18
hep-th/9205014;hep-th/9205014;21;1;22
hep-th/9403089;hep-th/9403089;12;3;15
hep-th/9210120;hep-th/9210120;27;4;31
hep-th/9210107;hep-th/9210107;25;0;25
hep-th/9407160;hep-th/9407160;5;1;6
hep-th/9407161;hep-th/9407161;9;5;14
hep-th/9203048;hep-th/9203048;9;0;9
hep-th/9304108;hep-th/9304108;13;1;14
hep-th/9407162;hep-th/9407162;1;1;2
hep-th/9311069;hep-th/9311069;4;0;4
hep-th/9407163;hep-th/9407163;1;13;14
hep-th/9212023;hep-th/9212023;24;3;27
hep-th/9310197;hep-th/9310197;9;0;9
hep-th/9212075;hep-th/9212075;34;2;36
hep-th/9311009;hep-th/9311009;34;29;63
hep-th/9309106;hep-th/9309106;55;0;55
hep-th/9307088;hep-th/9307088;45;19;64
hep-th/9403097;hep-th/9403097;2;2;4
hep-th/9306119;hep-th/9306119;10;2;12
hep-th/9404180;hep-th/9404180;38;11;49
hep-th/9403070;hep-th/9403070;14;3;17
quant-ph/0510229;quant-ph/0510229;0;2;2
quant-ph/0012099;quant-ph/0012099;12;2;14
quant-ph/0206005;quant-ph/0206005;6;5;11
hep-th/0510129;hep-th/0510129;19;47;66
hep-th/0208187;hep-th/0208187;27;56;83
hep-th/0206196;hep-th/0206196;76;0;76
hep-th/0504102;hep-th/0504102;18;45;63
hep-th/0506130;hep-th/0506130;72;48;120
hep-th/0507185;hep-th/0507185;30;10;40
hep-th/0510044;hep-th/0510044;24;18;42
hep-th/0203201;hep-th/0203201;72;11;83
hep-th/0507067;hep-th/0507067;26;58;84
hep-th/0509204;hep-th/0509204;29;72;101
hep-th/0508003;hep-th/0508003;25;61;86
hep-th/0211218;hep-th/0211218;18;27;45
hep-th/0210030;hep-th/0210030;36;23;59
hep-th/0210231;hep-th/0210231;47;41;88
hep-th/0509067;hep-th/0509067;39;61;100
hep-th/0503148;hep-th/0503148;10;57;67
hep-th/0506260;hep-th/0506260;37;13;50
hep-th/0408124;hep-th/0408124;23;47;70
hep-th/0205288;hep-th/0205288;67;19;86
physics/9712046;physics/9712046;0;2;2
hep-th/9110076;hep-th/9110076;64;0;64
hep-th/9406196;hep-th/9406196;14;1;15
hep-th/0307276;hep-th/0307276;16;68;84
hep-th/9812116;hep-th/9812116;12;5;17
hep-th/9811195;hep-th/9811195;45;22;67
hep-th/9708067;hep-th/9708067;8;3;11
hep-th/9912211;hep-th/9912211;5;6;11
hep-th/9706217;hep-th/9706217;54;10;64
hep-th/9905165;hep-th/9905165;35;14;49
hep-th/0012182;hep-th/0012182;18;21;39
hep-th/0208127;hep-th/0208127;19;41;60
hep-th/9910095;hep-th/9910095;48;18;66
hep-th/0203142;hep-th/0203142;6;29;35
hep-th/0008112;hep-th/0008112;47;49;96
hep-th/0307206;hep-th/0307206;12;35;47
hep-th/0001092;hep-th/0001092;95;20;115
hep-th/9709137;hep-th/9709137;54;9;63
hep-ph/0105010;hep-ph/0105010;27;12;39
hep-th/0104056;hep-th/0104056;71;0;71
hep-th/0306284;hep-th/0306284;38;40;78
hep-th/0005014;hep-th/0005014;20;34;54
hep-th/0001165;hep-th/0001165;17;11;28
hep-th/9911083;hep-th/9911083;33;24;57
hep-th/9706089;hep-th/9706089;107;12;119
hep-th/9707016;hep-th/9707016;45;6;51
hep-th/0002076;hep-th/0002076;32;21;53
hep-th/0112136;hep-th/0112136;39;0;39
hep-th/0207064;hep-th/0207064;7;12;19
hep-th/0208154;hep-th/0208154;18;24;42
hep-th/0109094;hep-th/0109094;26;19;45
hep-th/0205247;hep-th/0205247;17;21;38
hep-th/9904209;hep-th/9904209;4;4;8
hep-th/0007184;hep-th/0007184;19;27;46
hep-th/0004188;hep-th/0004188;30;40;70
hep-th/0510122;hep-th/0510122;1;3;4
hep-th/0311208;hep-th/0311208;3;13;16
hep-th/0003112;hep-th/0003112;12;4;16
hep-th/9608180;hep-th/9608180;13;0;13
hep-th/0510123;hep-th/0510123;13;58;71
astro-ph/9908085;astro-ph/9908085;65;4;69
hep-th/0504004;hep-th/0504004;17;59;76
astro-ph/0412609;astro-ph/0412609;7;34;41
hep-th/0402217;hep-th/0402217;24;15;39
hep-th/9711158;hep-th/9711158;56;0;56
hep-th/9706171;hep-th/9706171;57;18;75
hep-ph/0307284;hep-ph/0307284;72;61;133
hep-th/0408063;hep-th/0408063;33;23;56
astro-ph/0107573;astro-ph/0107573;46;28;74
hep-th/9911164;hep-th/9911164;31;52;83
hep-th/0307052;hep-th/0307052;21;10;31
hep-th/0507293;hep-th/0507293;12;26;38
nucl-th/0007016;nucl-th/0007016;27;7;34
hep-th/0402200;hep-th/0402200;42;41;83
hep-th/0506164;hep-th/0506164;19;43;62
hep-th/0507278;hep-th/0507278;18;52;70
hep-th/0407208;hep-th/0407208;43;27;70
hep-ph/0007178;hep-ph/0007178;15;24;39
hep-th/0508065;hep-th/0508065;11;16;27
hep-th/0411140;hep-th/0411140;46;112;158
hep-th/0105261;hep-th/0105261;25;29;54
hep-ph/9702237;hep-ph/9702237;41;11;52
hep-ph/0508156;hep-ph/0508156;7;46;53
hep-th/0311074;hep-th/0311074;82;21;103
hep-th/0510121;hep-th/0510121;2;11;13
hep-th/9603009;hep-th/9603009;73;35;108
hep-th/0211139;hep-th/0211139;67;22;89
hep-th/0205185;hep-th/0205185;122;23;145
hep-th/0207050;hep-th/0207050;63;14;77
hep-th/0312197;hep-th/0312197;35;10;45
hep-th/0006043;hep-th/0006043;8;33;41
hep-th/9309152;hep-th/9309152;10;3;13
hep-th/0303076;hep-th/0303076;12;6;18
hep-th/0111212;hep-th/0111212;57;37;94
hep-th/0510127;hep-th/0510127;1;15;16
hep-th/0408072;hep-th/0408072;2;41;43
hep-th/0510124;hep-th/0510124;48;51;99
hep-th/0310252;hep-th/0310252;190;0;190
hep-th/0505099;hep-th/0505099;18;0;18
hep-th/0409054;hep-th/0409054;40;29;69
hep-th/0408187;hep-th/0408187;67;0;67
hep-th/0308089;hep-th/0308089;145;19;164
hep-th/0401057;hep-th/0401057;161;75;236
hep-th/0509132;hep-th/0509132;21;23;44
hep-th/0310232;hep-th/0310232;44;31;75
hep-th/0412331;hep-th/0412331;36;28;64
hep-th/0405001;hep-th/0405001;247;56;303
hep-th/0306054;hep-th/0306054;51;38;89
hep-th/0507189;hep-th/0507189;64;66;130
hep-th/0502188;hep-th/0502188;47;52;99
hep-th/0311139;hep-th/0311139;197;86;283
hep-th/0504190;hep-th/0504190;267;71;338
hep-th/0409147;hep-th/0409147;25;19;44
hep-th/0501203;hep-th/0501203;74;0;74
hep-th/0409009;hep-th/0409009;48;0;48
hep-th/0509084;hep-th/0509084;83;60;143
hep-th/0307032;hep-th/0307032;135;19;154
hep-th/0303060;hep-th/0303060;383;59;442
hep-th/0507113;hep-th/0507113;27;14;41
hep-th/0506150;hep-th/0506150;38;15;53
hep-th/0412188;hep-th/0412188;256;54;310
hep-th/0409180;hep-th/0409180;30;82;112
hep-th/0307191;hep-th/0307191;190;26;216
hep-th/0406256;hep-th/0406256;301;63;364
hep-th/0402207;hep-th/0402207;272;0;272
hep-th/0506128;hep-th/0506128;42;0;42
hep-th/0507217;hep-th/0507217;6;24;30
hep-th/0407240;hep-th/0407240;36;26;62
hep-th/0206103;hep-th/0206103;144;41;185
hep-th/9712090;hep-th/9712090;14;15;29
hep-th/9211133;hep-th/9211133;33;2;35
hep-th/0502173;hep-th/0502173;64;50;114
hep-th/0509235;hep-th/0509235;79;97;176
hep-th/0509096;hep-th/0509096;56;53;109
hep-th/9412039;hep-th/9412039;12;3;15
hep-th/0201001;hep-th/0201001;29;4;33
astro-ph/0507666;astro-ph/0507666;31;29;60
astro-ph/0407572;astro-ph/0407572;27;20;47
hep-th/0404057;hep-th/0404057;38;40;78
gr-qc/0507010;gr-qc/0507010;9;22;31
hep-th/0502128;hep-th/0502128;14;22;36
hep-th/0404030;hep-th/0404030;56;7;63
hep-th/0405078;hep-th/0405078;78;16;94
hep-th/0406142;hep-th/0406142;22;6;28
hep-th/0501100;hep-th/0501100;11;39;50
hep-th/0501023;hep-th/0501023;21;46;67
hep-lat/9607029;hep-lat/9607029;15;3;18
hep-th/0001180;hep-th/0001180;18;15;33
hep-th/9405026;hep-th/9405026;36;11;47
hep-th/9907087;hep-th/9907087;24;20;44
hep-th/9806024;hep-th/9806024;68;0;68
hep-th/9410132;hep-th/9410132;20;8;28
hep-th/9709143;hep-th/9709143;6;3;9
hep-th/9705208;hep-th/9705208;45;12;57
hep-th/9611041;hep-th/9611041;30;19;49
hep-th/9410219;hep-th/9410219;40;3;43
hep-th/9805173;hep-th/9805173;8;7;15
hep-th/9503205;hep-th/9503205;61;15;76
hep-th/9908189;hep-th/9908189;35;34;69
hep-th/9803038;hep-th/9803038;19;13;32
hep-th/0001183;hep-th/0001183;38;29;67
hep-th/9903045;hep-th/9903045;12;14;26
hep-th/9212099;hep-th/9212099;6;3;9
hep-ph/9909373;hep-ph/9909373;79;39;118
hep-ph/9909481;hep-ph/9909481;164;24;188
hep-th/9906220;hep-th/9906220;36;39;75
hep-th/9304048;hep-th/9304048;11;6;17
hep-th/9302120;hep-th/9302120;14;5;19
hep-th/9406028;hep-th/9406028;8;10;18
hep-th/9506059;hep-th/9506059;8;9;17
hep-th/9908047;hep-th/9908047;50;16;66
hep-th/0001185;hep-th/0001185;8;27;35
hep-th/9208011;hep-th/9208011;21;1;22
hep-th/9605104;hep-th/9605104;13;6;19
hep-th/9201032;hep-th/9201032;18;0;18
hep-th/9304050;hep-th/9304050;16;6;22
hep-th/9307166;hep-th/9307166;4;9;13
hep-th/9512104;hep-th/9512104;4;2;6
hep-th/9205024;hep-th/9205024;14;1;15
hep-th/9206052;hep-th/9206052;20;3;23
hep-th/9202028;hep-th/9202028;4;0;4
hep-th/9306028;hep-th/9306028;43;0;43
hep-th/9409108;hep-th/9409108;27;4;31
hep-th/9405197;hep-th/9405197;17;8;25
hep-th/9709034;hep-th/9709034;62;7;69
hep-th/9601123;hep-th/9601123;17;20;37
hep-th/9211115;hep-th/9211115;19;5;24
hep-th/9910102;hep-th/9910102;19;23;42
hep-th/9411085;hep-th/9411085;11;12;23
hep-th/9604098;hep-th/9604098;8;0;8
hep-th/9412154;hep-th/9412154;17;13;30
hep-th/0001184;hep-th/0001184;26;25;51
hep-th/9510222;hep-th/9510222;125;21;146
hep-th/9605066;hep-th/9605066;4;0;4
hep-th/9801082;hep-th/9801082;11;3;14
hep-lat/9803009;hep-lat/9803009;39;0;39
hep-th/9805172;hep-th/9805172;58;58;116
hep-th/9506147;hep-th/9506147;33;8;41
hep-th/9906243;hep-th/9906243;20;17;37
hep-th/9901006;hep-th/9901006;20;17;37
hep-th/9906198;hep-th/9906198;20;10;30
hep-th/9807218;hep-th/9807218;13;4;17
hep-th/0001187;hep-th/0001187;0;4;4
hep-th/9908123;hep-th/9908123;19;5;24
hep-th/9812245;hep-th/9812245;22;4;26
hep-th/9906026;hep-th/9906026;5;1;6
hep-th/0001186;hep-th/0001186;1;12;13
hep-th/9909155;hep-th/9909155;2;6;8
hep-th/9906081;hep-th/9906081;35;0;35
hep-th/0001189;hep-th/0001189;8;17;25
hep-th/9903050;hep-th/9903050;4;45;49
hep-th/9805080;hep-th/9805080;9;13;22
hep-th/9804123;hep-th/9804123;42;40;82
hep-th/9803117;hep-th/9803117;91;5;96
hep-th/9804199;hep-th/9804199;66;5;71
hep-th/0001188;hep-th/0001188;21;18;39
hep-th/0001137;hep-th/0001137;13;22;35
hep-th/9904199;hep-th/9904199;34;27;61
hep-th/9803007;hep-th/9803007;31;19;50
hep-th/9802174;hep-th/9802174;37;19;56
hep-th/9811212;hep-th/9811212;62;26;88
hep-th/9806110;hep-th/9806110;62;18;80
solv-int/9804005;solv-int/9804005;11;0;11
hep-th/9902117;hep-th/9902117;25;12;37
hep-lat/9703016;hep-lat/9703016;7;1;8
hep-th/9604161;hep-th/9604161;6;1;7
hep-ph/0105295;hep-ph/0105295;9;4;13
hep-ph/0002239;hep-ph/0002239;2;2;4
hep-ph/9803357;hep-ph/9803357;9;3;12
hep-ph/9712221;hep-ph/9712221;13;1;14
gr-qc/0506069;gr-qc/0506069;16;14;30
hep-th/0312186;hep-th/0312186;11;16;27
hep-th/0401220;hep-th/0401220;7;11;18
hep-th/0407212;hep-th/0407212;16;0;16
hep-th/0410026;hep-th/0410026;6;9;15
hep-th/0412142;hep-th/0412142;4;5;9
hep-th/0303006;hep-th/0303006;24;23;47
hep-th/0407256;hep-th/0407256;5;12;17
hep-th/0306142;hep-th/0306142;19;11;30
hep-th/0307021;hep-th/0307021;9;18;27
hep-th/0304111;hep-th/0304111;5;16;21
0808.0530;0808.0530;0;10;10
hep-th/0010274;hep-th/0010274;125;7;132
hep-th/9112045;hep-th/9112045;4;0;4
hep-th/0108006;hep-th/0108006;25;25;50
hep-th/9506138;hep-th/9506138;75;15;90
hep-th/0611098;hep-th/0611098;19;47;66
hep-th/0306238;hep-th/0306238;138;0;138
0902.0831;0902.0831;0;18;18
hep-th/0501014;hep-th/0501014;34;19;53
hep-th/0411272;hep-th/0411272;59;0;59
hep-th/9602060;hep-th/9602060;58;18;76
hep-th/0606100;hep-th/0606100;23;13;36
hep-th/0012232;hep-th/0012232;40;10;50
0903.2620;0903.2620;0;11;11
hep-th/0606130;hep-th/0606130;12;45;57
gr-qc/0608075;gr-qc/0608075;17;31;48
hep-th/0305064;hep-th/0305064;39;25;64
hep-th/0505189;hep-th/0505189;30;13;43
cond-mat/0007151;cond-mat/0007151;15;4;19
cond-mat/9909279;cond-mat/9909279;5;1;6
hep-th/0005069;hep-th/0005069;4;2;6
hep-ph/9912273;hep-ph/9912273;20;12;32
hep-ph/9903353;hep-ph/9903353;19;11;30
hep-ph/9906480;hep-ph/9906480;8;37;45
hep-ph/9904262;hep-ph/9904262;14;55;69
hep-ph/9903298;hep-ph/9903298;37;12;49
hep-ph/9904272;hep-ph/9904272;5;21;26
0705.2200;0705.2200;0;9;9
hep-th/0302202;hep-th/0302202;3;20;23
gr-qc/9602013;gr-qc/9602013;21;6;27
gr-qc/0609033;gr-qc/0609033;1;0;1
quant-ph/0703262;quant-ph/0703262;0;1;1
hep-th/9905039;hep-th/9905039;9;2;11
hep-th/9611030;hep-th/9611030;1;1;2
0707.2626;0707.2626;0;7;7
hep-th/9911132;hep-th/9911132;11;7;18
hep-th/0201179;hep-th/0201179;30;22;52
hep-th/0605103;hep-th/0605103;3;17;20
hep-th/0209208;hep-th/0209208;16;17;33
hep-th/0404252;hep-th/0404252;26;26;52
hep-th/9911242;hep-th/9911242;24;30;54
0805.0413;0805.0413;0;14;14
gr-qc/0406042;gr-qc/0406042;40;16;56
hep-th/0407115;hep-th/0407115;33;27;60
hep-th/0411199;hep-th/0411199;32;43;75
astro-ph/0608138;astro-ph/0608138;2;8;10
hep-th/0610213;hep-th/0610213;30;8;38
hep-th/0503147;hep-th/0503147;7;35;42
hep-th/0407258;hep-th/0407258;13;21;34
gr-qc/0208047;gr-qc/0208047;61;23;84
gr-qc/0606032;gr-qc/0606032;36;41;77
hep-ph/0111098;hep-ph/0111098;10;9;19
hep-ph/0108040;hep-ph/0108040;19;16;35
hep-ph/0108210;hep-ph/0108210;22;6;28
hep-ph/9906555;hep-ph/9906555;20;11;31
hep-lat/0104010;hep-lat/0104010;12;3;15
hep-ph/0108178;hep-ph/0108178;24;1;25
hep-ph/0012274;hep-ph/0012274;24;10;34
hep-ph/0001171;hep-ph/0001171;45;11;56
hep-ph/9906346;hep-ph/9906346;37;7;44
hep-th/9904162;hep-th/9904162;25;12;37
hep-th/9308075;hep-th/9308075;125;5;130
hep-th/9904074;hep-th/9904074;21;3;24
hep-th/9404187;hep-th/9404187;31;6;37
hep-th/9406027;hep-th/9406027;15;5;20
hep-th/9706123;hep-th/9706123;5;15;20
gr-qc/9810032;gr-qc/9810032;10;5;15
gr-qc/9808048;gr-qc/9808048;19;10;29
hep-th/9904163;hep-th/9904163;0;3;3
hep-th/9902182;hep-th/9902182;6;0;6
hep-th/9904160;hep-th/9904160;7;4;11
hep-th/9811071;hep-th/9811071;5;3;8
hep-th/9702089;hep-th/9702089;65;3;68
hep-th/9903183;hep-th/9903183;9;2;11
hep-th/9904161;hep-th/9904161;0;2;2
hep-th/9411152;hep-th/9411152;6;5;11
hep-th/9206006;hep-th/9206006;89;6;95
hep-th/9904166;hep-th/9904166;1;2;3
hep-th/9510177;hep-th/9510177;12;4;16
hep-th/9904167;hep-th/9904167;8;8;16
hep-th/9602107;hep-th/9602107;12;0;12
hep-th/9902157;hep-th/9902157;66;24;90
hep-th/9701097;hep-th/9701097;2;13;15
hep-th/9312043;hep-th/9312043;23;8;31
cond-mat/9710035;cond-mat/9710035;14;7;21
hep-th/9904164;hep-th/9904164;3;11;14
hep-th/9903228;hep-th/9903228;47;13;60
hep-th/9901079;hep-th/9901079;75;0;75
hep-th/9901076;hep-th/9901076;55;11;66
hep-th/9904165;hep-th/9904165;0;29;29
hep-th/9807115;hep-th/9807115;42;0;42
hep-th/9903086;hep-th/9903086;14;31;45
hep-th/9810243;hep-th/9810243;48;22;70
hep-th/9807206;hep-th/9807206;43;13;56
hep-th/9701054;hep-th/9701054;21;28;49
hep-th/9808100;hep-th/9808100;28;66;94
hep-th/9805041;hep-th/9805041;69;16;85
hep-th/9902046;hep-th/9902046;26;16;42
hep-th/9802126;hep-th/9802126;68;13;81
0806.4758;0806.4758;0;15;15
hep-th/0510194;hep-th/0510194;24;30;54
hep-th/0404092;hep-th/0404092;137;25;162
hep-th/0601112;hep-th/0601112;68;33;101
hep-th/0611269;hep-th/0611269;57;48;105
hep-th/0509071;hep-th/0509071;22;60;82
hep-th/0001204;hep-th/0001204;68;21;89
hep-th/0410105;hep-th/0410105;102;66;168
hep-th/0308117;hep-th/0308117;178;33;211
hep-th/9607056;hep-th/9607056;50;5;55
hep-th/9904168;hep-th/9904168;4;3;7
hep-th/9310124;hep-th/9310124;7;2;9
hep-th/9502010;hep-th/9502010;108;3;111
hep-th/9206018;hep-th/9206018;2;0;2
gr-qc/9808045;gr-qc/9808045;1;3;4
hep-th/9306140;hep-th/9306140;4;2;6
hep-th/9710046;hep-th/9710046;124;371;495
gr-qc/9808044;gr-qc/9808044;5;0;5
hep-th/9807012;hep-th/9807012;9;19;28
0901.3558;0901.3558;0;43;43
nlin/0110048;nlin/0110048;5;7;12
hep-th/0312235;hep-th/0312235;15;9;24
hep-th/0601107;hep-th/0601107;8;19;27
hep-th/0303205;hep-th/0303205;14;21;35
hep-th/0411190;hep-th/0411190;11;12;23
hep-th/0507148;hep-th/0507148;8;21;29
hep-th/9506157;hep-th/9506157;28;2;30
hep-th/0503019;hep-th/0503019;6;19;25
hep-th/9204003;hep-th/9204003;12;0;12
hep-th/0703222;hep-th/0703222;6;11;17
cond-mat/0411512;cond-mat/0411512;14;15;29
hep-th/0612268;hep-th/0612268;5;13;18
hep-th/0207099;hep-th/0207099;10;24;34
hep-th/0505062;hep-th/0505062;21;15;36
hep-th/0110116;hep-th/0110116;23;9;32
hep-th/0211001;hep-th/0211001;39;9;48
hep-th/0307095;hep-th/0307095;27;8;35
hep-th/0507053;hep-th/0507053;6;14;20
math/9803056;math/9803056;2;0;2
hep-th/0605223;hep-th/0605223;10;34;44
hep-th/0603112;hep-th/0603112;8;31;39
hep-th/0509069;hep-th/0509069;9;12;21
hep-th/0512273;hep-th/0512273;11;14;25
hep-th/0507139;hep-th/0507139;10;8;18
hep-th/0703106;hep-th/0703106;10;9;19
hep-th/9211114;hep-th/9211114;74;1;75
hep-th/0611136;hep-th/0611136;8;36;44
hep-th/0511134;hep-th/0511134;12;18;30
hep-th/0411048;hep-th/0411048;17;11;28
cond-mat/0009279;cond-mat/0009279;22;2;24
hep-th/0105033;hep-th/0105033;6;7;13
hep-th/0304092;hep-th/0304092;34;6;40
math-ph/0406021;math-ph/0406021;22;28;50
hep-th/9601049;hep-th/9601049;9;10;19
hep-th/0512154;hep-th/0512154;7;19;26
hep-th/9510095;hep-th/9510095;11;12;23
math-ph/0604036;math-ph/0604036;9;30;39
hep-th/0201008;hep-th/0201008;8;20;28
hep-th/0504124;hep-th/0504124;10;0;10
hep-ph/0601156;hep-ph/0601156;6;2;8
hep-ph/0411101;hep-ph/0411101;7;5;12
0707.1667;0707.1667;0;8;8
math/0407495;math/0407495;17;9;26
hep-th/9802023;hep-th/9802023;13;20;33
hep-th/0302180;hep-th/0302180;25;29;54
hep-th/9710154;hep-th/9710154;3;0;3
gr-qc/0307103;gr-qc/0307103;34;44;78
hep-th/0211273;hep-th/0211273;0;4;4
hep-th/9201035;hep-th/9201035;14;0;14
hep-th/9911054;hep-th/9911054;1;1;2
hep-th/9308109;hep-th/9308109;5;0;5
hep-th/0610169;hep-th/0610169;5;21;26
hep-th/0303114;hep-th/0303114;26;10;36
hep-th/0404005;hep-th/0404005;19;22;41
hep-th/0411184;hep-th/0411184;4;17;21
hep-ph/0403308;hep-ph/0403308;22;5;27
hep-th/0206044;hep-th/0206044;39;20;59
hep-th/0610168;hep-th/0610168;6;26;32
hep-th/0101158;hep-th/0101158;5;9;14
hep-th/9504162;hep-th/9504162;12;9;21
hep-th/9911129;hep-th/9911129;18;8;26
hep-th/9402154;hep-th/9402154;10;6;16
hep-th/9502111;hep-th/9502111;14;5;19
hep-th/0106151;hep-th/0106151;67;35;102
hep-th/0307030;hep-th/0307030;9;10;19
hep-th/9804119;hep-th/9804119;9;9;18
hep-th/0609138;hep-th/0609138;4;11;15
gr-qc/9708040;gr-qc/9708040;15;4;19
hep-th/9403077;hep-th/9403077;7;2;9
hep-th/9704108;hep-th/9704108;26;8;34
hep-th/0610167;hep-th/0610167;4;21;25
hep-th/0509147;hep-th/0509147;4;20;24
hep-th/9710207;hep-th/9710207;21;17;38
gr-qc/0609114;gr-qc/0609114;2;21;23
hep-th/9901042;hep-th/9901042;51;26;77
hep-th/9503223;hep-th/9503223;9;4;13
hep-th/0610166;hep-th/0610166;1;11;12
hep-th/0105296;hep-th/0105296;20;30;50
hep-th/0305198;hep-th/0305198;15;11;26
hep-th/9912015;hep-th/9912015;49;18;67
hep-th/0005045;hep-th/0005045;30;20;50
hep-th/0404037;hep-th/0404037;5;6;11
hep-th/0205197;hep-th/0205197;10;1;11
hep-th/0209217;hep-th/0209217;35;37;72
hep-th/0610165;hep-th/0610165;0;4;4
hep-th/0403019;hep-th/0403019;6;7;13
hep-th/0610164;hep-th/0610164;28;33;61
gr-qc/0602028;gr-qc/0602028;11;24;35
hep-th/0605010;hep-th/0605010;9;60;69
astro-ph/0508350;astro-ph/0508350;43;35;78
gr-qc/0504057;gr-qc/0504057;51;22;73
gr-qc/0601100;gr-qc/0601100;25;18;43
gr-qc/0603025;gr-qc/0603025;12;33;45
hep-th/0403264;hep-th/0403264;28;24;52
hep-th/0310045;hep-th/0310045;45;11;56
hep-th/0610163;hep-th/0610163;9;19;28
hep-th/0605041;hep-th/0605041;36;36;72
hep-th/0607056;hep-th/0607056;13;33;46
hep-th/0602074;hep-th/0602074;39;19;58
hep-th/0506203;hep-th/0506203;24;18;42
hep-th/0604023;hep-th/0604023;18;23;41
hep-th/0608115;hep-th/0608115;25;36;61
hep-th/0508081;hep-th/0508081;22;22;44
hep-th/0510251;hep-th/0510251;87;53;140
hep-th/0610162;hep-th/0610162;2;13;15
hep-th/0505265;hep-th/0505265;30;21;51
hep-th/0412316;hep-th/0412316;15;6;21
hep-th/0503158;hep-th/0503158;27;6;33
hep-th/0507020;hep-th/0507020;9;10;19
hep-th/0610161;hep-th/0610161;2;15;17
hep-th/0304143;hep-th/0304143;9;45;54
hep-th/0505182;hep-th/0505182;7;0;7
math/0108088;math/0108088;27;4;31
hep-th/0502112;hep-th/0502112;3;35;38
hep-th/0305261;hep-th/0305261;9;22;31
hep-th/0410100;hep-th/0410100;4;104;108
hep-th/0509018;hep-th/0509018;9;8;17
hep-th/9707262;hep-th/9707262;35;36;71
hep-th/0512030;hep-th/0512030;6;10;16
hep-th/0610160;hep-th/0610160;0;3;3
hep-th/0501186;hep-th/0501186;2;9;11
hep-th/0511175;hep-th/0511175;8;1;9
hep-th/9912235;hep-th/9912235;1;8;9
hep-th/9907167;hep-th/9907167;2;6;8
hep-th/9710094;hep-th/9710094;4;4;8
hep-th/9912219;hep-th/9912219;1;11;12
math/0207025;math/0207025;2;3;5
hep-th/9301070;hep-th/9301070;21;1;22
hep-th/9407134;hep-th/9407134;35;2;37
hep-th/9503017;hep-th/9503017;30;23;53
hep-th/9912234;hep-th/9912234;3;17;20
hep-th/9811066;hep-th/9811066;18;6;24
hep-th/9603012;hep-th/9603012;14;13;27
hep-th/9204065;hep-th/9204065;18;0;18
hep-th/9408028;hep-th/9408028;10;0;10
hep-th/9502140;hep-th/9502140;18;0;18
hep-th/9510030;hep-th/9510030;5;10;15
hep-th/9812148;hep-th/9812148;9;11;20
hep-th/9509139;hep-th/9509139;14;2;16
hep-th/9403069;hep-th/9403069;34;2;36
hep-th/9607215;hep-th/9607215;18;7;25
hep-th/9708035;hep-th/9708035;4;8;12
hep-th/9203016;hep-th/9203016;34;0;34
hep-th/9301122;hep-th/9301122;21;1;22
hep-th/9803258;hep-th/9803258;11;11;22
hep-th/9403143;hep-th/9403143;31;17;48
hep-th/9609119;hep-th/9609119;4;0;4
hep-th/9912237;hep-th/9912237;1;3;4
hep-th/9901011;hep-th/9901011;41;18;59
hep-th/9707083;hep-th/9707083;59;14;73
0705.2903;0705.2903;0;14;14
physics/0104054;physics/0104054;8;0;8
hep-th/0505002;hep-th/0505002;3;7;10
hep-th/0412221;hep-th/0412221;25;15;40
hep-th/0409114;hep-th/0409114;11;46;57
hep-ph/0305271;hep-ph/0305271;10;49;59
hep-th/0203050;hep-th/0203050;6;32;38
hep-ph/0405286;hep-ph/0405286;6;13;19
0904.1021;0904.1021;0;2;2
hep-ph/0404293;hep-ph/0404293;52;20;72
hep-th/0608026;hep-th/0608026;13;12;25
hep-th/9912236;hep-th/9912236;29;20;49
hep-th/9910194;hep-th/9910194;25;28;53
hep-th/9109038;hep-th/9109038;146;0;146
hep-th/9112070;hep-th/9112070;118;1;119
hep-th/9408060;hep-th/9408060;26;14;40
hep-th/9907132;hep-th/9907132;25;7;32
hep-th/9108011;hep-th/9108011;61;1;62
0903.3588;0903.3588;0;13;13
hep-th/9711135;hep-th/9711135;22;0;22
hep-th/9412011;hep-th/9412011;21;7;28
hep-th/9712128;hep-th/9712128;19;9;28
hep-th/9710250;hep-th/9710250;46;14;60
hep-th/9806147;hep-th/9806147;35;17;52
hep-th/9710142;hep-th/9710142;57;17;74
hep-th/0101127;hep-th/0101127;28;13;41
hep-th/9704214;hep-th/9704214;67;9;76
hep-th/0108235;hep-th/0108235;13;18;31
gr-qc/9610008;gr-qc/9610008;24;4;28
gr-qc/9607032;gr-qc/9607032;1;1;2
hep-th/0202070;hep-th/0202070;9;3;12
hep-th/9912230;hep-th/9912230;16;42;58
hep-ph/9905417;hep-ph/9905417;28;9;37
hep-th/9804084;hep-th/9804084;14;40;54
hep-th/9911237;hep-th/9911237;22;32;54
hep-ph/9911262;hep-ph/9911262;123;28;151
hep-ph/9906238;hep-ph/9906238;20;15;35
hep-ph/9810356;hep-ph/9810356;15;93;108
hep-th/9908116;hep-th/9908116;88;22;110
hep-th/9908139;hep-th/9908139;10;18;28
hep-th/9909048;hep-th/9909048;30;13;43
hep-th/9912125;hep-th/9912125;31;87;118
hep-ph/9909255;hep-ph/9909255;83;0;83
hep-th/0511299;hep-th/0511299;16;35;51
hep-th/9705035;hep-th/9705035;59;8;67
hep-th/0401037;hep-th/0401037;60;25;85
hep-th/0506053;hep-th/0506053;35;12;47
hep-th/0509159;hep-th/0509159;27;64;91
hep-th/0509076;hep-th/0509076;9;60;69
hep-th/0012226;hep-th/0012226;47;13;60
hep-th/0501179;hep-th/0501179;27;22;49
hep-th/0501032;hep-th/0501032;44;55;99
hep-th/0404177;hep-th/0404177;61;22;83
hep-th/0408037;hep-th/0408037;33;0;33
hep-th/9801073;hep-th/9801073;61;16;77
hep-th/0501163;hep-th/0501163;37;6;43
hep-th/0306109;hep-th/0306109;77;62;139
hep-th/0509043;hep-th/0509043;21;48;69
hep-th/0510022;hep-th/0510022;73;86;159
hep-th/0512056;hep-th/0512056;10;0;10
hep-th/0307044;hep-th/0307044;70;14;84
hep-th/0509099;hep-th/0509099;28;62;90
quant-ph/0406068;quant-ph/0406068;0;2;2
hep-th/9512047;hep-th/9512047;9;18;27
hep-ph/0512367;hep-ph/0512367;0;5;5
hep-th/9402028;hep-th/9402028;2;0;2
hep-ph/0101343;hep-ph/0101343;4;1;5
hep-ph/0212018;hep-ph/0212018;1;2;3
hep-ph/0502250;hep-ph/0502250;1;3;4
hep-ph/9908347;hep-ph/9908347;55;6;61
hep-th/9909130;hep-th/9909130;118;6;124
hep-th/9911101;hep-th/9911101;13;13;26
hep-ph/9911406;hep-ph/9911406;270;84;354
hep-ph/9904383;hep-ph/9904383;92;3;95
hep-th/0511293;hep-th/0511293;1;13;14
hep-th/0105239;hep-th/0105239;5;0;5
hep-th/9304009;hep-th/9304009;10;0;10
math-ph/0508002;math-ph/0508002;1;29;30
math/9904109;math/9904109;40;6;46
math-ph/0411048;math-ph/0411048;1;5;6
hep-th/0203242;hep-th/0203242;8;14;22
hep-th/0511292;hep-th/0511292;9;4;13
hep-ph/9809562;hep-ph/9809562;11;5;16
astro-ph/0410190;astro-ph/0410190;13;12;25
hep-th/0511214;hep-th/0511214;11;9;20
hep-th/0511291;hep-th/0511291;2;23;25
hep-th/0405105;hep-th/0405105;7;25;32
math-ph/0402043;math-ph/0402043;16;5;21
hep-th/9901031;hep-th/9901031;16;5;21
math-ph/0412039;math-ph/0412039;4;11;15
hep-th/0406016;hep-th/0406016;8;12;20
math-ph/0511034;math-ph/0511034;7;0;7
quant-ph/0403149;quant-ph/0403149;5;0;5
hep-th/0005110;hep-th/0005110;6;6;12
math-ph/0411072;math-ph/0411072;7;2;9
hep-th/0504206;hep-th/0504206;5;26;31
gr-qc/0212074;gr-qc/0212074;15;4;19
math-ph/0203021;math-ph/0203021;18;6;24
math-ph/9809003;math-ph/9809003;15;4;19
hep-th/0501103;hep-th/0501103;14;10;24
math-ph/0411058;math-ph/0411058;10;4;14
hep-th/9911218;hep-th/9911218;36;23;59
hep-th/9907082;hep-th/9907082;45;4;49
hep-th/9909001;hep-th/9909001;48;15;63
hep-th/9704045;hep-th/9704045;6;7;13
hep-th/0511297;hep-th/0511297;14;68;82
hep-th/0101087;hep-th/0101087;24;40;64
hep-th/0301176;hep-th/0301176;9;38;47
hep-th/0312010;hep-th/0312010;8;58;66
hep-th/0108085;hep-th/0108085;40;48;88
hep-th/0305006;hep-th/0305006;8;15;23
hep-th/0502158;hep-th/0502158;15;43;58
hep-th/0502117;hep-th/0502117;8;31;39
hep-th/0101082;hep-th/0101082;21;21;42
hep-th/0102080;hep-th/0102080;64;52;116
hep-th/0104095;hep-th/0104095;7;41;48
hep-th/0010119;hep-th/0010119;37;0;37
hep-th/0105311;hep-th/0105311;32;0;32
hep-th/0109069;hep-th/0109069;28;56;84
hep-th/9410052;hep-th/9410052;59;2;61
hep-th/0507078;hep-th/0507078;13;37;50
hep-th/9804163;hep-th/9804163;43;14;57
hep-th/0505184;hep-th/0505184;7;0;7
hep-th/0306260;hep-th/0306260;16;29;45
hep-th/0211250;hep-th/0211250;77;0;77
hep-th/9708116;hep-th/9708116;17;12;29
hep-th/0511036;hep-th/0511036;9;37;46
hep-th/0009142;hep-th/0009142;117;43;160
hep-th/9604198;hep-th/9604198;167;8;175
hep-th/0205283;hep-th/0205283;9;32;41
hep-th/0204221;hep-th/0204221;31;17;48
hep-th/0212188;hep-th/0212188;23;57;80
hep-th/0002180;hep-th/0002180;36;16;52
hep-th/0205150;hep-th/0205150;25;13;38
hep-th/0203047;hep-th/0203047;7;20;27
hep-th/0202165;hep-th/0202165;11;21;32
hep-th/9902102;hep-th/9902102;50;37;87
hep-th/0501086;hep-th/0501086;7;45;52
hep-th/0109030;hep-th/0109030;26;18;44
hep-th/0511296;hep-th/0511296;6;14;20
hep-th/9806236;hep-th/9806236;34;16;50
hep-th/0001031;hep-th/0001031;14;3;17
hep-th/0508158;hep-th/0508158;19;27;46
hep-th/0511295;hep-th/0511295;5;12;17
hep-th/0407017;hep-th/0407017;7;16;23
hep-th/0109048;hep-th/0109048;25;16;41
nlin/0208002;nlin/0208002;11;7;18
math-ph/0504002;math-ph/0504002;12;9;21
math/0104169;math/0104169;18;6;24
hep-th/0309036;hep-th/0309036;26;11;37
hep-th/0210159;hep-th/0210159;11;16;27
hep-th/0303161;hep-th/0303161;13;9;22
hep-th/0610298;hep-th/0610298;24;39;63
hep-th/0605254;hep-th/0605254;31;28;59
hep-th/0506077;hep-th/0506077;43;42;85
hep-th/0609208;hep-th/0609208;9;17;26
hep-th/0606131;hep-th/0606131;44;41;85
hep-th/0609047;hep-th/0609047;23;13;36
hep-th/0511286;hep-th/0511286;93;54;147
hep-th/0201159;hep-th/0201159;18;37;55
hep-th/0603195;hep-th/0603195;54;30;84
hep-th/0211238;hep-th/0211238;24;53;77
hep-th/0202151;hep-th/0202151;60;44;104
hep-th/0409020;hep-th/0409020;11;40;51
hep-th/0201095;hep-th/0201095;61;0;61
hep-th/0603159;hep-th/0603159;60;33;93
hep-th/0408245;hep-th/0408245;10;27;37
hep-th/0210199;hep-th/0210199;10;8;18
hep-th/0606142;hep-th/0606142;66;31;97
hep-th/0406212;hep-th/0406212;14;21;35
hep-th/0202087;hep-th/0202087;57;16;73
hep-th/0409018;hep-th/0409018;14;20;34
hep-th/0404102;hep-th/0404102;7;0;7
0912.4971;0912.4971;0;2;2
gr-qc/9601046;gr-qc/9601046;6;5;11
gr-qc/9210006;gr-qc/9210006;7;0;7
gr-qc/9307019;gr-qc/9307019;4;0;4
gr-qc/9307015;gr-qc/9307015;11;0;11
gr-qc/9404017;gr-qc/9404017;8;1;9
gr-qc/9210010;gr-qc/9210010;90;0;90
hep-th/0610291;hep-th/0610291;1;14;15
hep-th/0507105;hep-th/0507105;5;14;19
hep-th/0608176;hep-th/0608176;5;42;47
hep-th/0610178;hep-th/0610178;5;100;105
hep-th/0302110;hep-th/0302110;25;10;35
hep-th/0610289;hep-th/0610289;1;11;12
hep-th/0507102;hep-th/0507102;8;20;28
hep-th/0610290;hep-th/0610290;4;23;27
gr-qc/0308029;gr-qc/0308029;2;7;9
quant-ph/0205003;quant-ph/0205003;11;8;19
quant-ph/0307059;quant-ph/0307059;13;23;36
quant-ph/9806019;quant-ph/9806019;42;6;48
quant-ph/0508073;quant-ph/0508073;7;9;16
hep-th/0405113;hep-th/0405113;16;13;29
hep-th/9608048;hep-th/9608048;29;1;30
hep-th/0408028;hep-th/0408028;16;43;59
quant-ph/0104077;quant-ph/0104077;29;7;36
quant-ph/0312078;quant-ph/0312078;4;9;13
gr-qc/0306003;gr-qc/0306003;18;8;26
quant-ph/0108096;quant-ph/0108096;21;11;32
hep-th/0408081;hep-th/0408081;5;38;43
hep-th/9712215;hep-th/9712215;16;32;48
hep-th/0505094;hep-th/0505094;63;8;71
hep-th/0504005;hep-th/0504005;38;41;79
hep-th/0412139;hep-th/0412139;61;20;81
hep-th/0412287;hep-th/0412287;83;17;100
hep-th/0406058;hep-th/0406058;77;25;102
hep-th/0504221;hep-th/0504221;57;48;105
hep-th/0504054;hep-th/0504054;45;34;79
hep-th/0610292;hep-th/0610292;0;4;4
astro-ph/0604492;astro-ph/0604492;5;6;11
astro-ph/0407646;astro-ph/0407646;9;10;19
astro-ph/0403614;astro-ph/0403614;12;12;24
hep-th/0610295;hep-th/0610295;36;21;57
hep-th/0605155;hep-th/0605155;94;24;118
hep-th/0606145;hep-th/0606145;65;45;110
hep-th/0606126;hep-th/0606126;105;69;174
hep-th/0604175;hep-th/0604175;119;29;148
hep-th/0608047;hep-th/0608047;55;32;87
hep-th/0512077;hep-th/0512077;82;49;131
hep-th/0607009;hep-th/0607009;68;28;96
nlin/0610017;nlin/0610017;94;62;156
hep-th/0306143;hep-th/0306143;155;13;168
hep-th/0511082;hep-th/0511082;229;67;296
hep-th/0608049;hep-th/0608049;38;23;61
hep-th/0604135;hep-th/0604135;179;51;230
hep-ph/0110238;hep-ph/0110238;4;9;13
hep-th/9602083;hep-th/9602083;20;7;27
hep-th/9904046;hep-th/9904046;9;5;14
hep-ph/9503311;hep-ph/9503311;6;6;12
hep-ph/9812202;hep-ph/9812202;7;8;15
hep-th/9410130;hep-th/9410130;2;0;2
hep-ph/9906478;hep-ph/9906478;28;7;35
hep-ph/9507246;hep-ph/9507246;9;1;10
hep-th/9911207;hep-th/9911207;7;0;7
hep-ph/9506417;hep-ph/9506417;11;0;11
0902.0445;0902.0445;0;13;13
hep-th/0611343;hep-th/0611343;16;17;33
hep-th/0309164;hep-th/0309164;11;9;20
hep-th/0611190;hep-th/0611190;6;8;14
hep-th/0211012;hep-th/0211012;52;83;135
hep-th/0611189;hep-th/0611189;10;3;13
hep-th/0605276;hep-th/0605276;5;15;20
hep-th/0504101;hep-th/0504101;6;18;24
hep-th/0505060;hep-th/0505060;5;5;10
hep-th/9612065;hep-th/9612065;26;15;41
hep-th/9803059;hep-th/9803059;10;6;16
gr-qc/0503043;gr-qc/0503043;6;9;15
gr-qc/9511009;gr-qc/9511009;39;23;62
hep-th/9605008;hep-th/9605008;38;12;50
0712.2321;0712.2321;0;8;8
hep-th/0512178;hep-th/0512178;10;0;10
hep-th/0404040;hep-th/0404040;12;4;16
hep-th/0206056;hep-th/0206056;8;1;9
hep-th/0306162;hep-th/0306162;8;13;21
hep-th/0702067;hep-th/0702067;6;20;26
hep-th/0607113;hep-th/0607113;5;16;21
hep-th/0703139;hep-th/0703139;1;5;6
hep-ph/0204274;hep-ph/0204274;5;10;15
hep-th/9811178;hep-th/9811178;69;8;77
hep-th/9904145;hep-th/9904145;75;8;83
q-alg/9611008;q-alg/9611008;4;0;4
0912.1535;0912.1535;0;1;1
hep-th/9909201;hep-th/9909201;36;18;54
hep-lat/9402004;hep-lat/9402004;1;2;3
hep-th/9201069;hep-th/9201069;3;0;3
hep-th/9802175;hep-th/9802175;11;5;16
hep-th/9710240;hep-th/9710240;18;9;27
hep-th/9901072;hep-th/9901072;10;7;17
hep-th/9806198;hep-th/9806198;11;9;20
hep-th/9901071;hep-th/9901071;4;3;7
hep-th/9802112;hep-th/9802112;4;0;4
hep-th/9707077;hep-th/9707077;7;1;8
hep-th/9805052;hep-th/9805052;6;3;9
hep-th/9901070;hep-th/9901070;2;3;5
hep-th/9709177;hep-th/9709177;14;9;23
hep-th/9708087;hep-th/9708087;6;2;8
hep-th/9303098;hep-th/9303098;14;0;14
hep-th/9304098;hep-th/9304098;3;1;4
hep-th/9112006;hep-th/9112006;15;0;15
hep-th/9901075;hep-th/9901075;6;6;12
hep-th/9610113;hep-th/9610113;16;6;22
hep-th/9704012;hep-th/9704012;13;3;16
hep-th/9704028;hep-th/9704028;13;1;14
hep-th/9901074;hep-th/9901074;3;2;5
hep-th/9304094;hep-th/9304094;2;2;4
hep-th/9207001;hep-th/9207001;15;2;17
hep-th/9205071;hep-th/9205071;39;1;40
hep-th/9304096;hep-th/9304096;3;3;6
hep-th/9304090;hep-th/9304090;5;3;8
hep-th/9206099;hep-th/9206099;11;0;11
hep-th/9206102;hep-th/9206102;8;0;8
hep-th/9206035;hep-th/9206035;49;0;49
hep-th/9304091;hep-th/9304091;13;12;25
hep-th/9201061;hep-th/9201061;136;0;136
hep-th/9206087;hep-th/9206087;21;2;23
hep-th/9201074;hep-th/9201074;101;0;101
hep-th/9209118;hep-th/9209118;21;5;26
hep-th/9203052;hep-th/9203052;56;0;56
hep-th/9208015;hep-th/9208015;19;1;20
hep-th/9203042;hep-th/9203042;47;0;47
gr-qc/9208002;gr-qc/9208002;35;9;44
hep-th/9206043;hep-th/9206043;5;0;5
hep-th/9304092;hep-th/9304092;12;3;15
gr-qc/0401037;gr-qc/0401037;8;0;8
hep-th/9302051;hep-th/9302051;16;0;16
hep-th/9303061;hep-th/9303061;2;1;3
hep-th/0502147;hep-th/0502147;41;109;150
hep-th/0108131;hep-th/0108131;62;15;77
hep-th/0303016;hep-th/0303016;133;58;191
hep-th/0208103;hep-th/0208103;46;0;46
hep-th/0404134;hep-th/0404134;122;73;195
hep-th/0502066;hep-th/0502066;46;27;73
hep-th/0108127;hep-th/0108127;12;18;30
hep-th/0212177;hep-th/0212177;89;52;141
hep-th/0107036;hep-th/0107036;48;42;90
hep-th/0404229;hep-th/0404229;82;59;141
hep-ph/0205252;hep-ph/0205252;69;40;109
hep-th/0206108;hep-th/0206108;65;53;118
hep-th/0212109;hep-th/0212109;6;20;26
hep-th/9910228;hep-th/9910228;36;64;100
hep-th/9903145;hep-th/9903145;39;21;60
hep-th/0206115;hep-th/0206115;82;33;115
hep-th/0412206;hep-th/0412206;16;32;48
hep-th/0203160;hep-th/0203160;102;0;102
hep-th/0010198;hep-th/0010198;62;11;73
hep-th/0502005;hep-th/0502005;225;201;426
hep-th/0502095;hep-th/0502095;56;103;159
hep-th/0411129;hep-th/0411129;99;61;160
hep-th/0008250;hep-th/0008250;103;26;129
hep-th/0412025;hep-th/0412025;20;62;82
hep-th/0210200;hep-th/0210200;35;58;93
hep-th/0212281;hep-th/0212281;16;55;71
hep-th/0310154;hep-th/0310154;9;52;61
hep-th/9709012;hep-th/9709012;16;10;26
hep-th/0401040;hep-th/0401040;14;169;183
hep-th/0301032;hep-th/0301032;119;38;157
hep-th/9711069;hep-th/9711069;34;58;92
hep-th/0201205;hep-th/0201205;113;0;113
hep-th/0212112;hep-th/0212112;28;45;73
hep-th/0403196;hep-th/0403196;69;48;117
hep-th/0310001;hep-th/0310001;125;317;442
hep-th/0412008;hep-th/0412008;54;21;75
hep-th/0402087;hep-th/0402087;8;33;41
hep-th/0111187;hep-th/0111187;7;56;63
hep-th/0408059;hep-th/0408059;76;22;98
hep-th/0502085;hep-th/0502085;37;67;104
hep-th/0303024;hep-th/0303024;117;0;117
hep-th/0209202;hep-th/0209202;47;54;101
hep-th/0210088;hep-th/0210088;22;0;22
hep-th/0208014;hep-th/0208014;53;82;135
hep-th/0409132;hep-th/0409132;103;98;201
hep-th/0105208;hep-th/0105208;55;0;55
cond-mat/0307649;cond-mat/0307649;2;10;12
cond-mat/0207452;cond-mat/0207452;12;6;18
cond-mat/0302482;cond-mat/0302482;18;4;22
hep-th/9310081;hep-th/9310081;57;2;59
hep-th/0205256;hep-th/0205256;35;13;48
cond-mat/9212012;cond-mat/9212012;8;0;8
cond-mat/9610174;cond-mat/9610174;20;7;27
hep-th/0103194;hep-th/0103194;14;3;17
cond-mat/0203096;cond-mat/0203096;16;0;16
cond-mat/0203411;cond-mat/0203411;26;0;26
hep-th/0302187;hep-th/0302187;44;17;61
hep-th/0411139;hep-th/0411139;1;25;26
hep-th/0308082;hep-th/0308082;2;3;5
hep-th/9312048;hep-th/9312048;29;1;30
hep-th/0012266;hep-th/0012266;35;33;68
hep-th/0311157;hep-th/0311157;6;6;12
hep-th/0408132;hep-th/0408132;13;46;59
hep-th/0111122;hep-th/0111122;25;6;31
hep-th/0309015;hep-th/0309015;6;34;40
hep-th/0005253;hep-th/0005253;19;15;34
hep-th/0102188;hep-th/0102188;48;24;72
hep-th/0306228;hep-th/0306228;16;23;39
hep-th/0102137;hep-th/0102137;31;41;72
hep-th/0205287;hep-th/0205287;13;9;22
hep-th/0304215;hep-th/0304215;15;17;32
hep-th/0411138;hep-th/0411138;3;2;5
hep-th/0105114;hep-th/0105114;4;10;14
physics/9712016;physics/9712016;10;2;12
hep-th/0411135;hep-th/0411135;7;23;30
hep-th/9806235;hep-th/9806235;38;16;54
hep-th/9907126;hep-th/9907126;21;13;34
hep-th/0407215;hep-th/0407215;49;19;68
hep-th/9907177;hep-th/9907177;33;22;55
hep-th/0211107;hep-th/0211107;60;8;68
hep-th/0206081;hep-th/0206081;1;25;26
hep-th/0409205;hep-th/0409205;41;44;85
hep-th/0009146;hep-th/0009146;10;22;32
hep-th/0003059;hep-th/0003059;17;23;40
hep-th/9805104;hep-th/9805104;29;11;40
hep-th/9811192;hep-th/9811192;76;13;89
hep-th/0311190;hep-th/0311190;35;37;72
hep-th/0411137;hep-th/0411137;18;18;36
hep-th/0407007;hep-th/0407007;19;68;87
hep-th/0209198;hep-th/0209198;11;6;17
hep-th/0409230;hep-th/0409230;19;39;58
hep-th/0402044;hep-th/0402044;14;57;71
hep-th/0404108;hep-th/0404108;18;0;18
hep-th/0311159;hep-th/0311159;28;18;46
hep-th/0310274;hep-th/0310274;18;18;36
hep-th/0210162;hep-th/0210162;4;6;10
hep-th/0411136;hep-th/0411136;14;19;33
hep-th/9812062;hep-th/9812062;46;22;68
hep-th/0405014;hep-th/0405014;48;34;82
hep-th/0409291;hep-th/0409291;23;23;46
hep-th/0403291;hep-th/0403291;27;23;50
math/0306207;math/0306207;9;0;9
gr-qc/0408033;gr-qc/0408033;12;7;19
gr-qc/0209105;gr-qc/0209105;14;14;28
gr-qc/9905089;gr-qc/9905089;46;16;62
hep-ph/0510103;hep-ph/0510103;2;4;6
hep-th/0405088;hep-th/0405088;4;8;12
hep-th/9906083;hep-th/9906083;7;9;16
quant-ph/0408056;quant-ph/0408056;5;3;8
hep-th/0208159;hep-th/0208159;11;9;20
0804.1648;0804.1648;0;18;18
math/0312094;math/0312094;13;20;33
hep-th/0304126;hep-th/0304126;15;14;29
hep-th/0604063;hep-th/0604063;33;9;42
hep-th/0604137;hep-th/0604137;39;19;58
hep-th/0605247;hep-th/0605247;14;29;43
hep-th/0509028;hep-th/0509028;19;11;30
0711.4894;0711.4894;0;26;26
hep-th/0310257;hep-th/0310257;48;41;89
hep-ph/0503029;hep-ph/0503029;6;25;31
hep-ph/0611020;hep-ph/0611020;22;0;22
hep-th/0303009;hep-th/0303009;16;22;38
hep-ph/0406041;hep-ph/0406041;12;14;26
hep-ph/0511035;hep-ph/0511035;75;14;89
hep-th/0504117;hep-th/0504117;16;7;23
hep-th/0512270;hep-th/0512270;16;23;39
hep-ph/0403065;hep-ph/0403065;63;8;71
hep-th/0608085;hep-th/0608085;26;7;33
hep-th/0405195;hep-th/0405195;6;2;8
hep-th/0304212;hep-th/0304212;10;17;27
hep-th/0410232;hep-th/0410232;22;47;69
hep-th/9207049;hep-th/9207049;34;0;34
hep-th/0611095;hep-th/0611095;73;21;94
hep-th/0210004;hep-th/0210004;16;9;25
hep-th/0211091;hep-th/0211091;17;24;41
hep-th/0203129;hep-th/0203129;32;42;74
hep-th/0207278;hep-th/0207278;76;35;111
hep-th/0201037;hep-th/0201037;42;51;93
hep-ph/0208205;hep-ph/0208205;17;35;52
hep-th/0011281;hep-th/0011281;27;57;84
hep-ph/0205083;hep-ph/0205083;54;41;95
hep-th/0210219;hep-th/0210219;44;36;80
hep-th/0205147;hep-th/0205147;94;41;135
hep-th/9912204;hep-th/9912204;106;42;148
0801.0432;0801.0432;0;1;1
alg-geom/9712034;alg-geom/9712034;1;0;1
0901.2608;0901.2608;0;21;21
hep-th/0405135;hep-th/0405135;37;25;62
hep-th/0108216;hep-th/0108216;36;20;56
hep-th/0612254;hep-th/0612254;2;18;20
hep-th/0103074;hep-th/0103074;24;15;39
hep-th/0505246;hep-th/0505246;8;36;44
hep-th/0407183;hep-th/0407183;10;33;43
0803.1551;0803.1551;0;12;12
hep-th/0502201;hep-th/0502201;4;2;6
quant-ph/0510003;quant-ph/0510003;3;5;8
hep-th/0511010;hep-th/0511010;2;3;5
nucl-th/0604068;nucl-th/0604068;4;6;10
hep-th/0511129;hep-th/0511129;5;7;12
hep-th/0505025;hep-th/0505025;5;6;11
hep-th/0409294;hep-th/0409294;5;2;7
hep-th/0507218;hep-th/0507218;3;2;5
hep-th/0507025;hep-th/0507025;4;0;4
hep-th/0611161;hep-th/0611161;1;7;8
0705.4338;0705.4338;0;10;10
cond-mat/0106360;cond-mat/0106360;20;0;20
hep-th/0504114;hep-th/0504114;1;11;12
cond-mat/0106152;cond-mat/0106152;44;11;55
nucl-th/0109060;nucl-th/0109060;23;16;39
hep-th/9904123;hep-th/9904123;16;8;24
hep-ph/0506098;hep-ph/0506098;6;14;20
hep-th/0306018;hep-th/0306018;230;36;266
hep-th/0312071;hep-th/0312071;67;23;90
hep-th/0311270;hep-th/0311270;209;35;244
hep-th/0410080;hep-th/0410080;7;17;24
hep-th/0212207;hep-th/0212207;57;17;74
hep-th/0304032;hep-th/0304032;216;36;252
hep-th/0409118;hep-th/0409118;39;25;64
0712.3532;0712.3532;0;19;19
hep-th/9402006;hep-th/9402006;29;2;31
hep-ph/0108115;hep-ph/0108115;37;17;54
hep-th/0108185;hep-th/0108185;24;11;35
hep-th/0108183;hep-th/0108183;30;36;66
hep-ph/0104274;hep-ph/0104274;15;106;121
hep-th/0309069;hep-th/0309069;9;10;19
hep-th/0112161;hep-th/0112161;11;8;19
hep-th/9503055;hep-th/9503055;19;3;22
hep-th/0311187;hep-th/0311187;12;32;44
hep-th/0111264;hep-th/0111264;14;7;21
hep-ph/0207009;hep-ph/0207009;8;31;39
hep-ph/0311264;hep-ph/0311264;14;28;42
hep-th/0511055;hep-th/0511055;2;21;23
hep-th/0204094;hep-th/0204094;22;17;39
0806.4734;0806.4734;0;42;42
hep-th/0508053;hep-th/0508053;32;34;66
hep-th/0104200;hep-th/0104200;48;0;48
hep-th/0010217;hep-th/0010217;47;16;63
hep-th/0607247;hep-th/0607247;28;37;65
hep-th/0012179;hep-th/0012179;74;71;145
hep-th/0102122;hep-th/0102122;36;34;70
hep-th/0110071;hep-th/0110071;52;38;90
cond-mat/0404051;cond-mat/0404051;25;6;31
hep-th/0512208;hep-th/0512208;17;37;54
hep-th/0609034;hep-th/0609034;22;24;46
hep-th/0010196;hep-th/0010196;52;38;90
hep-th/0209161;hep-th/0209161;18;38;56
hep-th/0608027;hep-th/0608027;10;48;58
hep-th/9612181;hep-th/9612181;28;22;50
hep-th/0102018;hep-th/0102018;19;39;58
hep-th/0206242;hep-th/0206242;17;0;17
hep-th/0010223;hep-th/0010223;60;48;108
hep-th/0610209;hep-th/0610209;14;24;38
hep-th/0111210;hep-th/0111210;73;41;114
hep-th/0611296;hep-th/0611296;15;45;60
hep-th/0104126;hep-th/0104126;30;44;74
hep-th/0404189;hep-th/0404189;8;5;13
hep-th/0612095;hep-th/0612095;12;44;56
0909.1715;0909.1715;0;4;4
hep-th/0202023;hep-th/0202023;14;13;27
hep-th/0109208;hep-th/0109208;9;3;12
hep-th/0212156;hep-th/0212156;6;9;15
hep-th/0310280;hep-th/0310280;7;4;11
0811.2740;0811.2740;0;11;11
hep-th/0508031;hep-th/0508031;10;11;21
hep-th/9712074;hep-th/9712074;80;1;81
hep-th/0010117;hep-th/0010117;6;35;41
hep-th/0601148;hep-th/0601148;4;34;38
hep-th/0608050;hep-th/0608050;59;78;137
hep-th/0407060;hep-th/0407060;10;35;45
hep-th/0609179;hep-th/0609179;13;38;51
gr-qc/9311029;gr-qc/9311029;9;1;10
0910.4585;0910.4585;0;33;33
hep-ph/0006251;hep-ph/0006251;30;12;42
hep-th/0012248;hep-th/0012248;108;29;137
hep-ph/0103028;hep-ph/0103028;13;14;27
hep-th/0509085;hep-th/0509085;8;50;58
hep-th/0502049;hep-th/0502049;21;29;50
hep-ph/0605014;hep-ph/0605014;3;29;32
hep-ph/9310320;hep-ph/9310320;26;3;29
hep-th/9707133;hep-th/9707133;94;6;100
hep-th/0509230;hep-th/0509230;4;18;22
hep-ph/0010195;hep-ph/0010195;42;8;50
quant-ph/0603245;quant-ph/0603245;0;1;1
cond-mat/0107342;cond-mat/0107342;1;0;1
0905.4564;0905.4564;0;3;3
physics/0409076;physics/0409076;4;12;16
gr-qc/0302089;gr-qc/0302089;1;7;8
0910.4587;0910.4587;0;22;22
hep-th/0412300;hep-th/0412300;5;25;30
hep-th/0111246;hep-th/0111246;94;19;113
hep-th/0010252;hep-th/0010252;123;20;143
hep-th/0609062;hep-th/0609062;7;17;24
astro-ph/0305037;astro-ph/0305037;26;10;36
hep-th/0205080;hep-th/0205080;33;31;64
hep-th/0312282;hep-th/0312282;26;43;69
hep-th/0501169;hep-th/0501169;10;32;42
hep-th/0503066;hep-th/0503066;20;43;63
hep-th/9902183;hep-th/9902183;19;0;19
hep-th/9807216;hep-th/9807216;34;10;44
hep-th/0407188;hep-th/0407188;19;33;52
hep-th/0409318;hep-th/0409318;15;35;50
hep-th/9601046;hep-th/9601046;11;0;11
hep-th/9804109;hep-th/9804109;6;1;7
hep-lat/0206029;hep-lat/0206029;25;9;34
hep-th/9911211;hep-th/9911211;13;6;19
hep-th/9610165;hep-th/9610165;3;1;4
hep-th/0103220;hep-th/0103220;33;47;80
0711.3843;0711.3843;0;12;12
hep-th/0605202;hep-th/0605202;17;33;50
hep-th/9209099;hep-th/9209099;53;0;53
hep-th/0011260;hep-th/0011260;9;9;18
hep-th/0610208;hep-th/0610208;10;0;10
hep-th/0611307;hep-th/0611307;6;6;12
hep-th/0607105;hep-th/0607105;5;9;14
hep-th/0510065;hep-th/0510065;16;13;29
math/0202176;math/0202176;4;3;7
math/9910139;math/9910139;4;5;9
math/0010172;math/0010172;14;17;31
hep-th/0412268;hep-th/0412268;8;10;18
hep-th/0401034;hep-th/0401034;38;94;132
math/9806091;math/9806091;3;0;3
hep-th/9803061;hep-th/9803061;88;39;127
alg-geom/9710006;alg-geom/9710006;11;0;11
hep-th/0401233;hep-th/0401233;11;18;29
hep-th/0410290;hep-th/0410290;33;13;46
hep-th/0412092;hep-th/0412092;30;8;38
hep-th/0406001;hep-th/0406001;27;158;185
0905.4568;0905.4568;0;19;19
gr-qc/0511031;gr-qc/0511031;8;15;23
hep-th/0207158;hep-th/0207158;47;10;57
gr-qc/0112038;gr-qc/0112038;26;32;58
math-ph/0602018;math-ph/0602018;1;0;1
hep-th/0301248;hep-th/0301248;39;24;63
gr-qc/0308049;gr-qc/0308049;14;20;34
hep-th/0303185;hep-th/0303185;58;209;267
hep-th/0512113;hep-th/0512113;53;11;64
hep-ph/9912505;hep-ph/9912505;9;16;25
hep-ph/9910214;hep-ph/9910214;14;23;37
hep-ph/9901306;hep-ph/9901306;20;17;37
hep-th/9608006;hep-th/9608006;38;2;40
hep-ph/9907510;hep-ph/9907510;45;12;57
hep-th/9711144;hep-th/9711144;21;4;25
hep-th/9907124;hep-th/9907124;64;11;75
hep-ph/9911302;hep-ph/9911302;32;13;45
hep-ph/9904206;hep-ph/9904206;49;5;54
hep-ph/9706274;hep-ph/9706274;30;5;35
hep-ph/9906501;hep-ph/9906501;16;22;38
hep-ph/9910437;hep-ph/9910437;37;7;44
hep-th/9712031;hep-th/9712031;13;2;15
q-alg/9610013;q-alg/9610013;6;0;6
hep-th/9712033;hep-th/9712033;4;14;18
hep-th/9401078;hep-th/9401078;13;7;20
hep-th/9701062;hep-th/9701062;6;0;6
hep-th/9612133;hep-th/9612133;4;9;13
hep-th/9705142;hep-th/9705142;3;10;13
hep-th/9711146;hep-th/9711146;10;17;27
hep-th/9406155;hep-th/9406155;8;2;10
hep-th/9501029;hep-th/9501029;20;13;33
hep-th/9510171;hep-th/9510171;13;11;24
hep-th/9706172;hep-th/9706172;6;2;8
hep-th/9712032;hep-th/9712032;5;8;13
hep-th/9406094;hep-th/9406094;20;0;20
hep-th/9612083;hep-th/9612083;23;21;44
hep-th/9609140;hep-th/9609140;12;1;13
hep-th/9705159;hep-th/9705159;10;9;19
hep-th/9602006;hep-th/9602006;13;8;21
hep-th/9603177;hep-th/9603177;6;9;15
hep-th/9502102;hep-th/9502102;9;1;10
hep-ph/9507331;hep-ph/9507331;17;0;17
hep-th/9712035;hep-th/9712035;9;25;34
hep-th/9511230;hep-th/9511230;28;9;37
hep-th/9506048;hep-th/9506048;75;7;82
hep-th/9507027;hep-th/9507027;57;14;71
hep-th/9505054;hep-th/9505054;95;11;106
hep-th/9511204;hep-th/9511204;30;16;46
hep-th/9711104;hep-th/9711104;24;7;31
hep-th/9704129;hep-th/9704129;21;21;42
hep-th/9712034;hep-th/9712034;0;1;1
hep-th/9710148;hep-th/9710148;1;0;1
hep-th/9712037;hep-th/9712037;0;4;4
hep-th/9609142;hep-th/9609142;10;6;16
physics/9707015;physics/9707015;6;7;13
hep-th/9506083;hep-th/9506083;16;7;23
hep-th/9504158;hep-th/9504158;23;12;35
hep-th/9712036;hep-th/9712036;7;5;12
hep-th/9312062;hep-th/9312062;27;0;27
hep-th/9608038;hep-th/9608038;6;0;6
hep-th/9604148;hep-th/9604148;6;18;24
hep-th/9407067;hep-th/9407067;17;1;18
hep-th/9610183;hep-th/9610183;3;0;3
hep-th/9712039;hep-th/9712039;17;22;39
hep-th/9703196;hep-th/9703196;17;10;27
hep-th/9711150;hep-th/9711150;21;15;36
hep-th/9710161;hep-th/9710161;15;7;22
hep-th/9712025;hep-th/9712025;13;44;57
hep-th/9506181;hep-th/9506181;48;8;56
hep-th/9710112;hep-th/9710112;22;22;44
hep-th/9403111;hep-th/9403111;28;0;28
hep-th/9501124;hep-th/9501124;34;8;42
hep-th/9610143;hep-th/9610143;2;7;9
hep-th/9709100;hep-th/9709100;18;53;71
hep-th/9704202;hep-th/9704202;42;18;60
hep-th/0308084;hep-th/0308084;0;8;8
hep-th/0104229;hep-th/0104229;7;24;31
hep-th/9901122;hep-th/9901122;44;26;70
hep-th/0209027;hep-th/0209027;19;27;46
hep-th/0211175;hep-th/0211175;10;3;13
hep-th/9905184;hep-th/9905184;17;8;25
hep-th/0308085;hep-th/0308085;6;35;41
hep-th/0303243;hep-th/0303243;11;11;22
hep-th/9510053;hep-th/9510053;49;6;55
hep-th/0302021;hep-th/0302021;13;11;24
hep-th/9508046;hep-th/9508046;3;16;19
hep-th/9811101;hep-th/9811101;28;52;80
hep-th/9511162;hep-th/9511162;44;16;60
hep-th/0307152;hep-th/0307152;15;14;29
hep-th/9907026;hep-th/9907026;118;47;165
hep-th/9812205;hep-th/9812205;67;30;97
hep-th/0111274;hep-th/0111274;49;11;60
hep-th/0201062;hep-th/0201062;25;71;96
hep-th/9809007;hep-th/9809007;5;19;24
hep-th/9912164;hep-th/9912164;58;137;195
math/0105155;math/0105155;67;4;71
math/0205155;math/0205155;8;5;13
hep-th/0104212;hep-th/0104212;19;31;50
hep-th/0103249;hep-th/0103249;1;11;12
hep-th/9506116;hep-th/9506116;14;6;20
hep-th/0009119;hep-th/0009119;7;17;24
hep-th/9901109;hep-th/9901109;52;16;68
hep-th/9811121;hep-th/9811121;8;17;25
hep-th/9511065;hep-th/9511065;32;16;48
hep-th/9909043;hep-th/9909043;17;18;35
hep-th/0301198;hep-th/0301198;44;21;65
hep-th/0306005;hep-th/0306005;22;18;40
hep-th/0203013;hep-th/0203013;66;38;104
hep-th/0308081;hep-th/0308081;2;12;14
hep-th/0302138;hep-th/0302138;3;8;11
hep-th/9312118;hep-th/9312118;41;4;45
hep-th/9411232;hep-th/9411232;5;10;15
hep-th/9708123;hep-th/9708123;24;29;53
hep-th/9705128;hep-th/9705128;96;13;109
hep-th/9801084;hep-th/9801084;24;49;73
hep-th/0303004;hep-th/0303004;2;1;3
hep-th/0212044;hep-th/0212044;2;14;16
hep-th/9308150;hep-th/9308150;14;1;15
hep-th/9308141;hep-th/9308141;2;1;3
hep-th/9308152;hep-th/9308152;4;2;6
hep-ph/9308280;hep-ph/9308280;36;2;38
hep-th/9308155;hep-th/9308155;7;6;13
hep-th/9307025;hep-th/9307025;3;5;8
hep-th/0101168;hep-th/0101168;17;1;18
hep-th/9201040;hep-th/9201040;53;0;53
hep-th/9308157;hep-th/9308157;3;1;4
hep-th/9208017;hep-th/9208017;8;0;8
hep-th/9308156;hep-th/9308156;1;7;8
hep-th/9205107;hep-th/9205107;8;8;16
hep-th/9301097;hep-th/9301097;37;10;47
hep-th/9201052;hep-th/9201052;2;1;3
hep-th/9308158;hep-th/9308158;4;1;5
hep-th/0104218;hep-th/0104218;26;57;83
hep-th/0009155;hep-th/0009155;1;13;14
hep-th/0104061;hep-th/0104061;10;9;19
hep-th/0002061;hep-th/0002061;12;22;34
hep-th/0003220;hep-th/0003220;75;12;87
hep-th/0011226;hep-th/0011226;63;53;116
hep-th/0011033;hep-th/0011033;100;20;120
hep-th/0004015;hep-th/0004015;63;12;75
hep-th/9907201;hep-th/9907201;5;21;26
hep-th/0011009;hep-th/0011009;49;22;71
hep-th/0006122;hep-th/0006122;6;32;38
hep-th/0012080;hep-th/0012080;29;45;74
hep-th/0102093;hep-th/0102093;33;7;40
hep-th/0105008;hep-th/0105008;23;6;29
hep-th/9708150;hep-th/9708150;29;2;31
hep-th/0108190;hep-th/0108190;44;15;59
hep-th/0104093;hep-th/0104093;33;18;51
hep-th/0101058;hep-th/0101058;5;0;5
astro-ph/0211337;astro-ph/0211337;16;0;16
hep-th/0108197;hep-th/0108197;5;5;10
hep-th/9911085;hep-th/9911085;30;13;43
hep-th/0104154;hep-th/0104154;11;13;24
hep-th/0108194;hep-th/0108194;12;22;34
hep-th/0104227;hep-th/0104227;65;58;123
astro-ph/0108220;astro-ph/0108220;9;55;64
hep-th/9509142;hep-th/9509142;34;2;36
hep-th/0106134;hep-th/0106134;5;15;20
hep-th/0105255;hep-th/0105255;24;50;74
hep-th/0012014;hep-th/0012014;18;7;25
hep-th/0011138;hep-th/0011138;88;16;104
hep-th/0011278;hep-th/0011278;17;2;19
hep-th/0106261;hep-th/0106261;25;14;39
hep-th/0011152;hep-th/0011152;97;9;106
hep-th/0011177;hep-th/0011177;31;12;43
hep-th/0106203;hep-th/0106203;35;19;54
hep-th/0106100;hep-th/0106100;50;46;96
hep-th/0107233;hep-th/0107233;30;30;60
gr-qc/0107003;gr-qc/0107003;4;1;5
hep-th/0108195;hep-th/0108195;3;11;14
hep-ph/9812510;hep-ph/9812510;21;4;25
hep-ph/9906551;hep-ph/9906551;18;7;25
hep-ph/0011394;hep-ph/0011394;3;21;24
hep-ph/0101326;hep-ph/0101326;6;6;12
hep-ph/0010321;hep-ph/0010321;9;5;14
hep-ph/9811473;hep-ph/9811473;40;4;44
hep-ph/0004207;hep-ph/0004207;12;19;31
hep-ph/9908227;hep-ph/9908227;26;7;33
hep-ph/9910225;hep-ph/9910225;23;11;34
0810.4851;0810.4851;0;10;10
hep-th/0108198;hep-th/0108198;3;40;43
hep-th/0005241;hep-th/0005241;7;11;18
hep-th/9907146;hep-th/9907146;2;17;19
hep-th/9809100;hep-th/9809100;66;37;103
hep-th/9812239;hep-th/9812239;82;52;134
hep-th/9803003;hep-th/9803003;12;13;25
hep-th/9603127;hep-th/9603127;150;21;171
hep-th/9703056;hep-th/9703056;60;9;69
hep-th/9911068;hep-th/9911068;54;0;54
hep-th/9910052;hep-th/9910052;139;62;201
hep-th/9712185;hep-th/9712185;80;36;116
hep-th/0104210;hep-th/0104210;8;13;21
hep-th/9806201;hep-th/9806201;1;13;14
hep-th/0103262;hep-th/0103262;9;24;33
hep-th/0007023;hep-th/0007023;14;36;50
hep-th/9904095;hep-th/9904095;127;42;169
hep-th/9712159;hep-th/9712159;18;27;45
hep-th/0010122;hep-th/0010122;28;53;81
hep-th/0002016;hep-th/0002016;60;106;166
hep-th/0105253;hep-th/0105253;7;11;18
hep-th/0108199;hep-th/0108199;0;16;16
hep-th/9405012;hep-th/9405012;10;0;10
hep-th/0005090;hep-th/0005090;106;20;126
hep-th/9303082;hep-th/9303082;6;3;9
hep-th/9906092;hep-th/9906092;6;9;15
hep-th/9401061;hep-th/9401061;20;1;21
hep-th/9303099;hep-th/9303099;29;0;29
hep-th/9704035;hep-th/9704035;15;8;23
hep-th/9908065;hep-th/9908065;11;45;56
hep-th/9304087;hep-th/9304087;40;0;40
hep-th/9505061;hep-th/9505061;115;21;136
hep-th/9805187;hep-th/9805187;7;9;16
hep-th/9406090;hep-th/9406090;19;6;25
hep-th/9507168;hep-th/9507168;26;17;43
gr-qc/0606002;gr-qc/0606002;1;16;17
hep-th/0003014;hep-th/0003014;21;0;21
gr-qc/0312094;gr-qc/0312094;18;8;26
gr-qc/0203001;gr-qc/0203001;68;25;93
hep-th/0303166;hep-th/0303166;27;28;55
hep-th/0003255;hep-th/0003255;16;19;35
gr-qc/0410125;gr-qc/0410125;18;7;25
gr-qc/0503031;gr-qc/0503031;5;7;12
gr-qc/0606005;gr-qc/0606005;2;6;8
gr-qc/0306073;gr-qc/0306073;2;8;10
gr-qc/0203004;gr-qc/0203004;55;5;60
gr-qc/0603132;gr-qc/0603132;2;9;11
gr-qc/0507031;gr-qc/0507031;1;2;3
hep-th/0004101;hep-th/0004101;76;24;100
hep-th/9511139;hep-th/9511139;10;2;12
hep-ph/9403399;hep-ph/9403399;9;0;9
hep-th/9411080;hep-th/9411080;13;3;16
hep-th/9608005;hep-th/9608005;46;13;59
hep-th/9605101;hep-th/9605101;64;15;79
hep-th/9511137;hep-th/9511137;0;4;4
hep-th/9405193;hep-th/9405193;20;1;21
hep-th/9505117;hep-th/9505117;37;8;45
hep-th/9309148;hep-th/9309148;26;2;28
hep-th/9405181;hep-th/9405181;4;3;7
hep-th/9511136;hep-th/9511136;12;1;13
hep-th/9205028;hep-th/9205028;39;1;40
hep-th/9511133;hep-th/9511133;3;18;21
hep-th/9305031;hep-th/9305031;16;0;16
hep-th/9202075;hep-th/9202075;17;1;18
hep-th/9506128;hep-th/9506128;7;6;13
hep-th/9207117;hep-th/9207117;9;0;9
hep-th/9210081;hep-th/9210081;3;1;4
hep-th/9411132;hep-th/9411132;2;0;2
hep-th/9207105;hep-th/9207105;20;1;21
hep-th/9405084;hep-th/9405084;13;14;27
hep-th/9408010;hep-th/9408010;9;1;10
hep-th/9402078;hep-th/9402078;10;0;10
hep-th/9511131;hep-th/9511131;11;18;29
hep-th/9412079;hep-th/9412079;8;5;13
hep-th/9503114;hep-th/9503114;95;0;95
hep-th/9510022;hep-th/9510022;3;13;16
hep-th/9506207;hep-th/9506207;26;14;40
hep-th/9504143;hep-th/9504143;28;3;31
hep-th/9501053;hep-th/9501053;44;3;47
hep-th/9403058;hep-th/9403058;59;8;67
hep-th/9402007;hep-th/9402007;34;4;38
hep-th/9503170;hep-th/9503170;29;10;39
hep-ph/9501250;hep-ph/9501250;3;2;5
hep-th/9410205;hep-th/9410205;18;5;23
hep-th/9511130;hep-th/9511130;4;3;7
q-alg/9501017;q-alg/9501017;7;1;8
hep-th/9305133;hep-th/9305133;20;0;20
hep-th/9307161;hep-th/9307161;7;0;7
gr-qc/0206026;gr-qc/0206026;0;1;1
astro-ph/0205544;astro-ph/0205544;22;7;29
hep-th/9608007;hep-th/9608007;2;2;4
hep-th/9110054;hep-th/9110054;71;0;71
hep-th/9303032;hep-th/9303032;30;0;30
hep-th/9201015;hep-th/9201015;14;3;17
hep-th/9202092;hep-th/9202092;68;2;70
hep-th/9304155;hep-th/9304155;16;11;27
hep-th/9208076;hep-th/9208076;24;0;24
hep-th/9302033;hep-th/9302033;98;18;116
hep-th/9302036;hep-th/9302036;24;4;28
hep-th/9110023;hep-th/9110023;8;1;9
hep-th/9205060;hep-th/9205060;4;1;5
hep-th/9205062;hep-th/9205062;6;8;14
hep-th/9110067;hep-th/9110067;47;0;47
hep-th/9110065;hep-th/9110065;77;0;77
hep-th/9110044;hep-th/9110044;1;0;1
hep-th/9203008;hep-th/9203008;10;1;11
hep-th/9207111;hep-th/9207111;34;0;34
hep-th/9211041;hep-th/9211041;8;6;14
hep-th/9112011;hep-th/9112011;5;1;6
hep-th/9206051;hep-th/9206051;17;5;22
hep-th/9109026;hep-th/9109026;14;0;14
hep-th/9308042;hep-th/9308042;23;3;26
hep-th/9212089;hep-th/9212089;3;1;4
hep-th/9204037;hep-th/9204037;15;0;15
hep-th/9302069;hep-th/9302069;5;12;17
hep-th/9111038;hep-th/9111038;80;0;80
hep-th/9303016;hep-th/9303016;97;6;103
hep-th/9204046;hep-th/9204046;108;3;111
hep-th/9206023;hep-th/9206023;3;1;4
hep-th/9201047;hep-th/9201047;20;1;21
hep-th/9301005;hep-th/9301005;13;5;18
hep-th/9305073;hep-th/9305073;19;5;24
hep-th/9209052;hep-th/9209052;48;10;58
hep-th/9210121;hep-th/9210121;54;12;66
hep-th/9203031;hep-th/9203031;15;2;17
gr-qc/0206020;gr-qc/0206020;9;11;20
gr-qc/9901063;gr-qc/9901063;12;1;13
gr-qc/9511023;gr-qc/9511023;17;5;22
hep-th/9312172;hep-th/9312172;106;19;125
gr-qc/9711070;gr-qc/9711070;9;4;13
hep-th/9507143;hep-th/9507143;101;5;106
hep-th/9512154;hep-th/9512154;85;26;111
gr-qc/9910034;gr-qc/9910034;7;0;7
gr-qc/0003043;gr-qc/0003043;9;2;11
gr-qc/9906034;gr-qc/9906034;1;11;12
hep-th/9205021;hep-th/9205021;36;0;36
hep-th/9211117;hep-th/9211117;11;0;11
hep-th/9207079;hep-th/9207079;11;0;11
gr-qc/9705086;gr-qc/9705086;6;8;14
hep-th/9606069;hep-th/9606069;20;9;29
hep-th/9307104;hep-th/9307104;13;2;15
hep-th/9208070;hep-th/9208070;31;0;31
hep-th/9307042;hep-th/9307042;15;2;17
hep-th/9308030;hep-th/9308030;15;2;17
gr-qc/9804045;gr-qc/9804045;2;3;5
hep-th/9401135;hep-th/9401135;12;8;20
hep-th/9112061;hep-th/9112061;11;1;12
hep-th/9304121;hep-th/9304121;27;1;28
hep-th/9112052;hep-th/9112052;18;0;18
hep-th/9306141;hep-th/9306141;21;7;28
hep-th/9401134;hep-th/9401134;3;1;4
hep-th/9302104;hep-th/9302104;38;1;39
hep-th/9401137;hep-th/9401137;21;8;29
hep-th/9303146;hep-th/9303146;13;5;18
hep-th/9307120;hep-th/9307120;12;0;12
hep-th/9208030;hep-th/9208030;36;2;38
hep-th/9401136;hep-th/9401136;9;1;10
hep-th/9302008;hep-th/9302008;35;4;39
hep-th/9401131;hep-th/9401131;15;10;25
hep-th/9202004;hep-th/9202004;53;0;53
hep-th/9401130;hep-th/9401130;2;3;5
hep-th/9108005;hep-th/9108005;34;0;34
hep-th/9110048;hep-th/9110048;73;0;73
hep-th/9401133;hep-th/9401133;44;1;45
hep-th/9108020;hep-th/9108020;25;0;25
hep-th/0502033;hep-th/0502033;13;12;25
hep-th/0206220;hep-th/0206220;79;27;106
gr-qc/0108071;gr-qc/0108071;12;8;20
hep-th/0403050;hep-th/0403050;26;26;52
hep-th/0402216;hep-th/0402216;55;26;81
hep-th/0409111;hep-th/0409111;51;32;83
gr-qc/0201026;gr-qc/0201026;2;0;2
hep-th/0411240;hep-th/0411240;89;72;161
hep-th/9608002;hep-th/9608002;5;4;9
hep-th/9406180;hep-th/9406180;31;6;37
hep-th/9509039;hep-th/9509039;7;4;11
hep-th/9309137;hep-th/9309137;64;6;70
hep-th/9506167;hep-th/9506167;21;4;25
gr-qc/9901029;gr-qc/9901029;3;7;10
hep-th/9704026;hep-th/9704026;11;2;13
gr-qc/9811031;gr-qc/9811031;2;1;3
hep-th/9704058;hep-th/9704058;26;17;43
gr-qc/9704060;gr-qc/9704060;36;7;43
hep-th/9709050;hep-th/9709050;21;5;26
gr-qc/9503035;gr-qc/9503035;29;0;29
gr-qc/9712086;gr-qc/9712086;28;14;42
0710.0079;0710.0079;0;37;37
hep-th/0405123;hep-th/0405123;48;45;93
hep-th/0108118;hep-th/0108118;60;25;85
hep-th/0211263;hep-th/0211263;31;61;92
hep-th/0310214;hep-th/0310214;18;34;52
hep-th/9604126;hep-th/9604126;18;0;18
nlin/0006029;nlin/0006029;14;15;29
hep-th/0106213;hep-th/0106213;70;49;119
hep-th/0012200;hep-th/0012200;33;22;55
hep-th/0702106;hep-th/0702106;10;0;10
hep-th/0204185;hep-th/0204185;35;33;68
hep-th/0409168;hep-th/0409168;3;0;3
hep-th/0112050;hep-th/0112050;34;34;68
hep-th/0203269;hep-th/0203269;18;29;47
hep-th/9508129;hep-th/9508129;19;3;22
hep-th/9801118;hep-th/9801118;17;20;37
hep-th/0507112;hep-th/0507112;8;61;69
hep-th/0211148;hep-th/0211148;26;23;49
hep-th/0604219;hep-th/0604219;6;16;22
hep-th/0406065;hep-th/0406065;26;53;79
hep-th/0608225;hep-th/0608225;14;56;70
hep-th/0511130;hep-th/0511130;15;76;91
hep-th/0301213;hep-th/0301213;22;42;64
hep-th/0411068;hep-th/0411068;5;3;8
hep-th/9111036;hep-th/9111036;47;0;47
hep-th/0103196;hep-th/0103196;54;43;97
hep-th/9802122;hep-th/9802122;17;1;18
hep-th/0108225;hep-th/0108225;1;20;21
hep-th/9809141;hep-th/9809141;5;5;10
hep-th/9811079;hep-th/9811079;25;10;35
hep-ph/9908320;hep-ph/9908320;30;17;47
hep-ph/9707432;hep-ph/9707432;19;4;23
hep-th/9707248;hep-th/9707248;6;4;10
hep-th/9306023;hep-th/9306023;33;0;33
hep-th/9709077;hep-th/9709077;11;14;25
hep-th/9702097;hep-th/9702097;6;1;7
hep-th/9611138;hep-th/9611138;2;8;10
hep-th/9905116;hep-th/9905116;10;21;31
hep-th/9711016;hep-th/9711016;7;14;21
hep-th/9605195;hep-th/9605195;9;3;12
gr-qc/9901025;gr-qc/9901025;0;1;1
hep-ph/9511237;hep-ph/9511237;7;0;7
hep-th/9608003;hep-th/9608003;1;8;9
hep-th/9407193;hep-th/9407193;14;2;16
hep-th/9412129;hep-th/9412129;3;2;5
hep-th/9501092;hep-th/9501092;8;4;12
hep-th/9304114;hep-th/9304114;12;0;12
hep-th/9509034;hep-th/9509034;9;8;17
hep-th/9404159;hep-th/9404159;5;4;9
hep-th/9210069;hep-th/9210069;10;0;10
hep-th/0006226;hep-th/0006226;41;61;102
hep-th/9911197;hep-th/9911197;4;19;23
hep-ph/9904444;hep-ph/9904444;14;52;66
hep-th/0009054;hep-th/0009054;32;32;64
hep-th/9804069;hep-th/9804069;20;14;34
hep-th/9612231;hep-th/9612231;45;14;59
hep-th/0108222;hep-th/0108222;1;9;10
hep-th/9501077;hep-th/9501077;27;1;28
hep-th/9501142;hep-th/9501142;32;4;36
hep-th/9709145;hep-th/9709145;19;6;25
hep-th/9412185;hep-th/9412185;21;3;24
hep-th/9502120;hep-th/9502120;15;7;22
hep-th/9507150;hep-th/9507150;19;5;24
hep-th/9610035;hep-th/9610035;21;8;29
hep-th/9704166;hep-th/9704166;16;6;22
hep-th/9910038;hep-th/9910038;15;16;31
hep-th/9910180;hep-th/9910180;4;7;11
hep-th/9807072;hep-th/9807072;10;6;16
hep-th/9906229;hep-th/9906229;12;13;25
hep-th/9305055;hep-th/9305055;11;3;14
hep-th/9305053;hep-th/9305053;0;1;1
hep-th/9112042;hep-th/9112042;32;0;32
hep-th/9305051;hep-th/9305051;1;1;2
hep-th/9301091;hep-th/9301091;3;0;3
hep-th/9305050;hep-th/9305050;0;1;1
hep-th/9110022;hep-th/9110022;30;0;30
gr-qc/9408003;gr-qc/9408003;90;0;90
hep-th/9510229;hep-th/9510229;70;14;84
hep-th/9511088;hep-th/9511088;82;11;93
hep-th/9512121;hep-th/9512121;33;16;49
hep-th/9511173;hep-th/9511173;108;17;125
hep-th/9411219;hep-th/9411219;61;0;61
hep-th/9308100;hep-th/9308100;66;1;67
hep-th/9407008;hep-th/9407008;22;6;28
hep-th/9302080;hep-th/9302080;36;4;40
hep-th/9310101;hep-th/9310101;28;0;28
hep-th/9511064;hep-th/9511064;107;13;120
gr-qc/9509024;gr-qc/9509024;10;8;18
hep-th/9601028;hep-th/9601028;15;1;16
hep-ph/9405285;hep-ph/9405285;5;1;6
0706.1847;0706.1847;0;47;47
hep-th/0604106;hep-th/0604106;29;27;56
hep-th/0701150;hep-th/0701150;22;0;22
hep-th/0611240;hep-th/0611240;21;39;60
hep-th/0606098;hep-th/0606098;21;34;55
hep-th/0608037;hep-th/0608037;16;24;40
hep-th/0601183;hep-th/0601183;32;50;82
hep-th/0509144;hep-th/0509144;50;10;60
hep-th/0611143;hep-th/0611143;62;68;130
hep-th/0611140;hep-th/0611140;60;42;102
hep-th/0703260;hep-th/0703260;25;52;77
hep-th/0702170;hep-th/0702170;9;0;9
hep-th/0604028;hep-th/0604028;22;63;85
hep-th/0608222;hep-th/0608222;10;0;10
hep-th/0606026;hep-th/0606026;17;49;66
hep-th/0511306;hep-th/0511306;39;24;63
hep-th/9604173;hep-th/9604173;2;4;6
hep-th/9605187;hep-th/9605187;154;3;157
hep-th/9902031;hep-th/9902031;6;6;12
hep-ph/9907426;hep-ph/9907426;23;15;38
hep-th/9807191;hep-th/9807191;19;3;22
hep-th/9709154;hep-th/9709154;25;3;28
hep-th/9206106;hep-th/9206106;57;0;57
hep-th/9505101;hep-th/9505101;21;3;24
hep-ph/9811470;hep-ph/9811470;7;3;10
hep-th/9905192;hep-th/9905192;16;2;18
hep-th/9804013;hep-th/9804013;18;12;30
hep-th/9411202;hep-th/9411202;17;5;22
hep-th/9803030;hep-th/9803030;21;17;38
hep-ph/9410338;hep-ph/9410338;25;0;25
quant-ph/0208151;quant-ph/0208151;5;4;9
hep-th/9412130;hep-th/9412130;10;0;10
0903.1986;0903.1986;0;26;26
hep-th/9811117;hep-th/9811117;10;0;10
hep-th/0609205;hep-th/0609205;20;76;96
hep-th/0306231;hep-th/0306231;19;24;43
hep-th/0204219;hep-th/0204219;8;11;19
math-ph/0201003;math-ph/0201003;8;2;10
hep-th/9811169;hep-th/9811169;90;8;98
hep-th/0608202;hep-th/0608202;27;86;113
hep-th/9911087;hep-th/9911087;78;14;92
hep-lat/0509162;hep-lat/0509162;9;20;29
hep-th/9603071;hep-th/9603071;28;4;32
hep-th/0511076;hep-th/0511076;5;8;13
hep-th/0609166;hep-th/0609166;16;34;50
hep-th/9806098;hep-th/9806098;7;2;9
hep-th/9609166;hep-th/9609166;16;27;43
hep-th/9907182;hep-th/9907182;51;7;58
hep-th/9805153;hep-th/9805153;46;9;55
hep-th/9905127;hep-th/9905127;29;11;40
hep-th/9903223;hep-th/9903223;56;6;62
hep-th/0504198;hep-th/0504198;17;14;31
hep-th/0604006;hep-th/0604006;4;20;24
hep-th/0504107;hep-th/0504107;16;20;36
hep-th/9712120;hep-th/9712120;12;1;13
hep-th/0105163;hep-th/0105163;33;17;50
hep-th/0102026;hep-th/0102026;41;15;56
hep-lat/0604016;hep-lat/0604016;7;8;15
hep-th/9906129;hep-th/9906129;16;12;28
hep-th/0410024;hep-th/0410024;7;15;22
hep-th/0301013;hep-th/0301013;8;18;26
hep-th/9907048;hep-th/9907048;10;5;15
hep-th/0406216;hep-th/0406216;63;56;119
hep-lat/0008004;hep-lat/0008004;11;6;17
hep-th/0105268;hep-th/0105268;16;9;25
hep-th/9907063;hep-th/9907063;13;8;21
0909.1032;0909.1032;0;6;6
hep-th/9907187;hep-th/9907187;8;1;9
hep-th/0610202;hep-th/0610202;4;2;6
hep-th/0104015;hep-th/0104015;6;6;12
hep-th/0607072;hep-th/0607072;5;1;6
hep-th/0110061;hep-th/0110061;6;0;6
hep-ph/9609396;hep-ph/9609396;0;2;2
hep-ph/9212280;hep-ph/9212280;9;0;9
hep-th/0609160;hep-th/0609160;1;11;12
hep-ph/0303028;hep-ph/0303028;52;17;69
hep-ph/0510151;hep-ph/0510151;17;8;25
hep-th/0511307;hep-th/0511307;10;27;37
hep-th/0506165;hep-th/0506165;9;25;34
hep-th/0001175;hep-th/0001175;16;12;28
hep-th/0402180;hep-th/0402180;19;28;47
hep-th/0102104;hep-th/0102104;24;17;41
hep-th/0007220;hep-th/0007220;79;13;92
hep-th/0210278;hep-th/0210278;45;35;80
hep-th/9712226;hep-th/9712226;56;20;76
hep-th/0208155;hep-th/0208155;55;15;70
hep-th/0306023;hep-th/0306023;45;19;64
hep-th/0306154;hep-th/0306154;11;24;35
hep-th/0402181;hep-th/0402181;11;12;23
hep-th/0102087;hep-th/0102087;22;10;32
hep-th/0001046;hep-th/0001046;26;10;36
hep-th/9809024;hep-th/9809024;11;0;11
hep-th/0209032;hep-th/0209032;9;10;19
hep-th/0011014;hep-th/0011014;16;7;23
hep-th/9705155;hep-th/9705155;18;8;26
hep-th/9904202;hep-th/9904202;17;5;22
gr-qc/9912091;gr-qc/9912091;7;10;17
hep-th/9803128;hep-th/9803128;13;0;13
hep-th/0003095;hep-th/0003095;13;8;21
gr-qc/0302084;gr-qc/0302084;19;11;30
hep-th/9907081;hep-th/9907081;28;14;42
hep-th/0402182;hep-th/0402182;3;10;13
hep-th/0003264;hep-th/0003264;19;11;30
hep-th/0111195;hep-th/0111195;2;6;8
hep-th/9612150;hep-th/9612150;7;13;20
hep-th/0307002;hep-th/0307002;4;19;23
hep-th/9401008;hep-th/9401008;15;1;16
hep-th/0109115;hep-th/0109115;17;8;25
hep-th/0108039;hep-th/0108039;6;9;15
math-ph/0205002;math-ph/0205002;10;16;26
hep-th/9910245;hep-th/9910245;50;5;55
gr-qc/0305012;gr-qc/0305012;11;1;12
hep-th/9907079;hep-th/9907079;21;22;43
hep-th/0402161;hep-th/0402161;9;37;46
hep-th/9912119;hep-th/9912119;28;9;37
hep-th/0110189;hep-th/0110189;26;42;68
hep-th/0402185;hep-th/0402185;21;29;50
hep-th/0303223;hep-th/0303223;20;67;87
hep-th/0305264;hep-th/0305264;20;63;83
hep-th/0311231;hep-th/0311231;22;28;50
hep-th/0306056;hep-th/0306056;25;18;43
hep-th/0210246;hep-th/0210246;70;0;70
hep-th/0211198;hep-th/0211198;48;17;65
hep-th/0206010;hep-th/0206010;33;86;119
hep-th/0204146;hep-th/0204146;134;37;171
hep-th/0206073;hep-th/0206073;98;20;118
hep-th/0208209;hep-th/0208209;64;25;89
hep-th/0205311;hep-th/0205311;57;69;126
hep-th/0211122;hep-th/0211122;50;19;69
hep-th/0203249;hep-th/0203249;95;25;120
hep-th/0205183;hep-th/0205183;89;11;100
hep-th/0206221;hep-th/0206221;54;25;79
hep-th/0310033;hep-th/0310033;25;91;116
hep-th/0301036;hep-th/0301036;25;41;66
hep-th/0208179;hep-th/0208179;38;0;38
hep-th/0209247;hep-th/0209247;8;22;30
hep-th/0304114;hep-th/0304114;19;52;71
hep-th/0307027;hep-th/0307027;37;158;195
hep-th/0402186;hep-th/0402186;2;10;12
hep-th/9804118;hep-th/9804118;20;10;30
hep-th/9707257;hep-th/9707257;37;9;46
hep-th/0308121;hep-th/0308121;6;21;27
math/0206002;math/0206002;4;0;4
hep-th/9710171;hep-th/9710171;23;5;28
hep-th/0402187;hep-th/0402187;5;8;13
hep-th/9712189;hep-th/9712189;31;11;42
hep-th/0309244;hep-th/0309244;7;8;15
hep-th/9807055;hep-th/9807055;14;22;36
hep-th/0210223;hep-th/0210223;10;0;10
hep-th/0306145;hep-th/0306145;8;5;13
hep-th/0402188;hep-th/0402188;4;13;17
hep-th/0207220;hep-th/0207220;12;23;35
hep-th/0110057;hep-th/0110057;74;6;80
hep-th/0003137;hep-th/0003137;40;24;64
hep-th/0402189;hep-th/0402189;12;18;30
hep-th/0308204;hep-th/0308204;2;7;9
hep-th/0307056;hep-th/0307056;30;31;61
hep-th/0209059;hep-th/0209059;100;42;142
hep-th/0202123;hep-th/0202123;49;11;60
hep-th/0104114;hep-th/0104114;4;6;10
hep-th/0311132;hep-th/0311132;21;9;30
hep-th/0112162;hep-th/0112162;67;19;86
hep-th/9108021;hep-th/9108021;30;0;30
0711.2006;0711.2006;0;1;1
hep-ph/9411234;hep-ph/9411234;16;1;17
0910.4477;0910.4477;0;12;12
math/9911112;math/9911112;6;1;7
hep-th/9212143;hep-th/9212143;7;5;12
hep-th/9505085;hep-th/9505085;17;2;19
hep-th/9410036;hep-th/9410036;1;0;1
hep-th/9404165;hep-th/9404165;5;0;5
0905.3612;0905.3612;0;27;27
hep-th/9903146;hep-th/9903146;53;15;68
hep-th/9904025;hep-th/9904025;44;15;59
gr-qc/9904026;gr-qc/9904026;42;7;49
gr-qc/0402018;gr-qc/0402018;11;10;21
hep-th/9908070;hep-th/9908070;115;17;132
gr-qc/0612110;gr-qc/0612110;26;3;29
gr-qc/0207118;gr-qc/0207118;18;10;28
hep-th/0305149;hep-th/0305149;29;11;40
gr-qc/9308007;gr-qc/9308007;60;0;60
hep-th/0401238;hep-th/0401238;4;4;8
hep-th/9403146;hep-th/9403146;18;4;22
hep-ph/9406285;hep-ph/9406285;37;0;37
hep-th/0309165;hep-th/0309165;4;6;10
hep-th/9310118;hep-th/9310118;63;5;68
hep-th/9204031;hep-th/9204031;25;0;25
hep-th/9112030;hep-th/9112030;192;0;192
hep-th/9304062;hep-th/9304062;17;5;22
hep-th/9310119;hep-th/9310119;3;3;6
hep-th/9301056;hep-th/9301056;6;1;7
hep-th/9203065;hep-th/9203065;15;0;15
hep-lat/9910005;hep-lat/9910005;4;3;7
cond-mat/9511044;cond-mat/9511044;1;0;1
cond-mat/9606007;cond-mat/9606007;3;1;4
cond-mat/9506145;cond-mat/9506145;1;1;2
hep-ph/9301268;hep-ph/9301268;63;3;66
hep-th/9208024;hep-th/9208024;118;0;118
hep-th/9310111;hep-th/9310111;33;2;35
hep-th/9310113;hep-th/9310113;0;16;16
hep-th/9303148;hep-th/9303148;2;0;2
hep-th/9212151;hep-th/9212151;6;1;7
hep-th/9212070;hep-th/9212070;29;4;33
hep-th/9210162;hep-th/9210162;1;1;2
hep-th/9306035;hep-th/9306035;20;7;27
hep-th/9302088;hep-th/9302088;4;2;6
hep-th/9209006;hep-th/9209006;17;4;21
hep-th/9108007;hep-th/9108007;27;0;27
hep-th/9210091;hep-th/9210091;16;0;16
hep-th/9204086;hep-th/9204086;3;0;3
hep-th/9310114;hep-th/9310114;22;1;23
hep-th/9210001;hep-th/9210001;11;0;11
hep-th/9310116;hep-th/9310116;2;5;7
hep-th/9304132;hep-th/9304132;1;2;3
hep-th/9110028;hep-th/9110028;38;0;38
hep-th/9305043;hep-th/9305043;33;1;34
astro-ph/0405074;astro-ph/0405074;4;14;18
astro-ph/0308403;astro-ph/0308403;18;25;43
gr-qc/9904068;gr-qc/9904068;38;21;59
hep-th/0208033;hep-th/0208033;12;41;53
astro-ph/9907340;astro-ph/9907340;71;11;82
hep-th/0201012;hep-th/0201012;17;28;45
astro-ph/0309681;astro-ph/0309681;41;10;51
astro-ph/0212100;astro-ph/0212100;6;28;34
hep-th/0411044;hep-th/0411044;0;6;6
hep-th/0309067;hep-th/0309067;2;6;8
hep-th/0305038;hep-th/0305038;7;13;20
hep-th/0105107;hep-th/0105107;7;4;11
hep-th/0103178;hep-th/0103178;13;22;35
hep-th/0210190;hep-th/0210190;6;7;13
hep-th/0209074;hep-th/0209074;7;2;9
0803.3684;0803.3684;0;15;15
astro-ph/0006250;astro-ph/0006250;45;10;55
hep-th/0611355;hep-th/0611355;8;18;26
gr-qc/0511046;gr-qc/0511046;11;34;45
hep-th/9710075;hep-th/9710075;39;6;45
hep-th/0604044;hep-th/0604044;6;17;23
hep-th/9806203;hep-th/9806203;18;7;25
hep-ph/0304071;hep-ph/0304071;2;2;4
hep-ph/9709356;hep-ph/9709356;87;0;87
hep-ph/0303004;hep-ph/0303004;3;2;5
0708.0134;0708.0134;0;16;16
hep-ph/9908309;hep-ph/9908309;21;1;22
hep-th/0605181;hep-th/0605181;11;11;22
hep-ph/0302150;hep-ph/0302150;46;9;55
hep-ph/9909334;hep-ph/9909334;22;5;27
hep-ph/0608153;hep-ph/0608153;7;10;17
gr-qc/0105082;gr-qc/0105082;22;8;30
hep-th/0205298;hep-th/0205298;27;27;54
astro-ph/0505519;astro-ph/0505519;33;0;33
hep-ph/0612152;hep-ph/0612152;11;13;24
hep-ph/0005256;hep-ph/0005256;5;0;5
hep-ph/0308251;hep-ph/0308251;17;58;75
hep-th/0203241;hep-th/0203241;28;20;48
hep-th/0401232;hep-th/0401232;7;18;25
hep-th/0103005;hep-th/0103005;20;11;31
hep-th/0211070;hep-th/0211070;17;27;44
hep-th/0312322;hep-th/0312322;31;32;63
hep-th/0312323;hep-th/0312323;13;9;22
hep-th/0101065;hep-th/0101065;29;13;42
hep-th/0306261;hep-th/0306261;10;9;19
hep-th/0309196;hep-th/0309196;5;8;13
hep-th/0212303;hep-th/0212303;37;27;64
hep-th/0112075;hep-th/0112075;5;21;26
hep-th/9907224;hep-th/9907224;25;22;47
hep-th/0311023;hep-th/0311023;8;6;14
hep-th/9808064;hep-th/9808064;5;1;6
hep-th/9808065;hep-th/9808065;0;1;1
hep-th/9808066;hep-th/9808066;0;3;3
hep-th/9808067;hep-th/9808067;5;6;11
hep-th/9702072;hep-th/9702072;11;8;19
hep-th/9807163;hep-th/9807163;10;11;21
hep-th/9606082;hep-th/9606082;25;15;40
hep-th/9807205;hep-th/9807205;38;12;50
hep-th/9808062;hep-th/9808062;10;15;25
hep-th/9501098;hep-th/9501098;74;10;84
hep-th/9701091;hep-th/9701091;28;9;37
hep-th/9705034;hep-th/9705034;20;15;35
hep-th/9304139;hep-th/9304139;8;0;8
hep-th/9701065;hep-th/9701065;9;0;9
hep-th/9803034;hep-th/9803034;14;3;17
hep-th/9503126;hep-th/9503126;4;1;5
hep-th/9710092;hep-th/9710092;15;6;21
hep-th/9705043;hep-th/9705043;3;10;13
hep-th/9808063;hep-th/9808063;0;8;8
hep-th/9806233;hep-th/9806233;10;12;22
hep-th/9806230;hep-th/9806230;70;27;97
hep-th/9703150;hep-th/9703150;57;19;76
hep-th/9706221;hep-th/9706221;46;41;87
gr-qc/9706053;gr-qc/9706053;15;0;15
hep-th/0103166;hep-th/0103166;9;10;19
hep-th/0003224;hep-th/0003224;11;3;14
hep-th/0103011;hep-th/0103011;76;45;121
hep-th/9512117;hep-th/9512117;24;10;34
hep-th/0011288;hep-th/0011288;33;26;59
hep-th/0011130;hep-th/0011130;32;24;56
hep-th/0103080;hep-th/0103080;51;45;96
hep-th/0101206;hep-th/0101206;39;5;44
hep-th/0012194;hep-th/0012194;38;53;91
hep-th/0012195;hep-th/0012195;61;14;75
hep-th/0011190;hep-th/0011190;54;25;79
hep-th/9501096;hep-th/9501096;68;9;77
hep-th/0006060;hep-th/0006060;38;19;57
hep-th/0103164;hep-th/0103164;25;18;43
math/9801104;math/9801104;16;1;17
hep-th/9301092;hep-th/9301092;6;0;6
hep-th/9508047;hep-th/9508047;24;10;34
hep-th/9906225;hep-th/9906225;40;8;48
q-alg/9510019;q-alg/9510019;12;10;22
hep-th/9404054;hep-th/9404054;11;3;14
hep-th/9302090;hep-th/9302090;25;1;26
hep-th/0103165;hep-th/0103165;10;24;34
hep-th/9808068;hep-th/9808068;7;8;15
hep-th/9802102;hep-th/9802102;17;13;30
hep-th/9302129;hep-th/9302129;17;1;18
hep-th/9607037;hep-th/9607037;18;0;18
hep-th/9808069;hep-th/9808069;59;26;85
hep-th/9302073;hep-th/9302073;16;1;17
hep-th/9512061;hep-th/9512061;18;14;32
hep-th/9212030;hep-th/9212030;58;1;59
hep-th/9803239;hep-th/9803239;39;19;58
hep-th/9807127;hep-th/9807127;104;31;135
hep-th/9803259;hep-th/9803259;55;39;94
hep-th/9607236;hep-th/9607236;22;19;41
hep-th/0103161;hep-th/0103161;6;12;18
hep-th/9711055;hep-th/9711055;57;28;85
hep-th/0010291;hep-th/0010291;1;3;4
hep-th/9906079;hep-th/9906079;9;11;20
hep-th/0007076;hep-th/0007076;14;15;29
hep-th/9912214;hep-th/9912214;11;13;24
hep-th/0511009;hep-th/0511009;1;31;32
hep-th/0505199;hep-th/0505199;9;32;41
hep-th/9701042;hep-th/9701042;85;0;85
hep-th/9909099;hep-th/9909099;83;12;95
hep-th/0403129;hep-th/0403129;8;70;78
hep-th/9812139;hep-th/9812139;34;24;58
hep-th/0103094;hep-th/0103094;85;6;91
hep-th/0107209;hep-th/0107209;36;9;45
hep-th/0405082;hep-th/0405082;31;29;60
hep-th/0404174;hep-th/0404174;12;27;39
hep-th/0205068;hep-th/0205068;56;5;61
hep-th/0412184;hep-th/0412184;23;30;53
hep-th/0212291;hep-th/0212291;57;18;75
hep-th/0402090;hep-th/0402090;23;32;55
hep-th/0510212;hep-th/0510212;6;0;6
hep-th/0504153;hep-th/0504153;33;32;65
hep-th/0311255;hep-th/0311255;54;22;76
hep-th/0301017;hep-th/0301017;56;13;69
hep-th/0012172;hep-th/0012172;84;6;90
hep-th/0206125;hep-th/0206125;40;8;48
hep-th/0312247;hep-th/0312247;32;17;49
hep-th/9811194;hep-th/9811194;59;18;77
hep-th/0309198;hep-th/0309198;62;29;91
hep-th/0110179;hep-th/0110179;1;6;7
hep-th/0105119;hep-th/0105119;1;5;6
hep-th/9412069;hep-th/9412069;5;5;10
hep-th/9210098;hep-th/9210098;20;0;20
hep-th/9401149;hep-th/9401149;21;1;22
physics/9712004;physics/9712004;6;8;14
gr-qc/0104063;gr-qc/0104063;3;6;9
gr-qc/9801067;gr-qc/9801067;3;4;7
gr-qc/0102037;gr-qc/0102037;9;2;11
gr-qc/0003027;gr-qc/0003027;3;1;4
gr-qc/9811019;gr-qc/9811019;5;5;10
gr-qc/9803058;gr-qc/9803058;4;2;6
gr-qc/9711008;gr-qc/9711008;5;0;5
math/0001106;math/0001106;21;29;50
hep-th/9412117;hep-th/9412117;30;15;45
alg-geom/9412017;alg-geom/9412017;27;4;31
hep-th/9201014;hep-th/9201014;27;0;27
hep-th/9512204;hep-th/9512204;19;12;31
hep-th/9205004;hep-th/9205004;55;1;56
hep-th/9204060;hep-th/9204060;52;1;53
hep-th/9211047;hep-th/9211047;21;7;28
alg-geom/9603007;alg-geom/9603007;18;8;26
hep-th/9304045;hep-th/9304045;28;3;31
alg-geom/9502005;alg-geom/9502005;16;1;17
hep-th/9706226;hep-th/9706226;20;20;40
hep-th/9202039;hep-th/9202039;15;0;15
hep-th/9505120;hep-th/9505120;4;10;14
hep-th/9412033;hep-th/9412033;7;13;20
alg-geom/9509009;alg-geom/9509009;15;4;19
hep-th/9409110;hep-th/9409110;31;10;41
hep-th/0702130;hep-th/0702130;5;12;17
hep-th/0110178;hep-th/0110178;12;35;47
hep-th/0006202;hep-th/0006202;38;23;61
hep-th/0005204;hep-th/0005204;138;22;160
hep-th/9711112;hep-th/9711112;42;18;60
hep-th/9802133;hep-th/9802133;16;33;49
hep-th/0009140;hep-th/0009140;39;21;60
hep-th/0003055;hep-th/0003055;141;15;156
hep-th/0012092;hep-th/0012092;18;25;43
hep-th/0107215;hep-th/0107215;11;26;37
hep-th/0104169;hep-th/0104169;23;54;77
hep-th/0103058;hep-th/0103058;13;23;36
hep-th/0007089;hep-th/0007089;72;22;94
0812.1919;0812.1919;0;13;13
hep-th/0010120;hep-th/0010120;7;0;7
hep-ph/0503081;hep-ph/0503081;11;11;22
hep-th/0604134;hep-th/0604134;11;8;19
hep-th/0308124;hep-th/0308124;4;0;4
hep-th/0610191;hep-th/0610191;13;6;19
hep-th/0311061;hep-th/0311061;12;1;13
hep-th/0609110;hep-th/0609110;5;8;13
hep-th/0007041;hep-th/0007041;3;18;21
hep-th/9804083;hep-th/9804083;150;22;172
hep-th/9711067;hep-th/9711067;70;24;94
hep-th/9912003;hep-th/9912003;8;3;11
hep-th/9904189;hep-th/9904189;5;3;8
hep-th/9902155;hep-th/9902155;78;16;94
hep-th/9403060;hep-th/9403060;161;8;169
hep-th/9911181;hep-th/9911181;41;19;60
gr-qc/9306005;gr-qc/9306005;54;9;63
hep-th/9912006;hep-th/9912006;8;2;10
hep-th/9512064;hep-th/9512064;6;1;7
hep-ph/9903450;hep-ph/9903450;8;5;13
hep-th/9611075;hep-th/9611075;53;9;62
hep-th/9905020;hep-th/9905020;62;27;89
hep-th/9902038;hep-th/9902038;29;19;48
hep-th/9901144;hep-th/9901144;29;36;65
hep-th/9810063;hep-th/9810063;10;21;31
hep-th/9912005;hep-th/9912005;5;1;6
hep-th/9711071;hep-th/9711071;3;0;3
0710.0818;0710.0818;0;13;13
hep-ph/0407101;hep-ph/0407101;30;42;72
hep-th/0703075;hep-th/0703075;31;30;61
hep-th/0307017;hep-th/0307017;60;5;65
gr-qc/9607079;gr-qc/9607079;8;2;10
gr-qc/9504048;gr-qc/9504048;4;0;4
hep-th/9602126;hep-th/9602126;34;10;44
hep-th/9912009;hep-th/9912009;9;11;20
hep-th/9807108;hep-th/9807108;23;3;26
hep-th/9709031;hep-th/9709031;2;7;9
hep-th/9607134;hep-th/9607134;12;0;12
hep-th/9811018;hep-th/9811018;4;1;5
hep-th/9804132;hep-th/9804132;67;9;76
hep-th/9403031;hep-th/9403031;16;1;17
hep-th/9602155;hep-th/9602155;49;0;49
hep-th/9705087;hep-th/9705087;46;19;65
hep-th/9510157;hep-th/9510157;58;10;68
hep-th/9812176;hep-th/9812176;2;2;4
hep-lat/9310005;hep-lat/9310005;18;0;18
q-alg/9604010;q-alg/9604010;11;5;16
q-alg/9503010;q-alg/9503010;2;0;2
q-alg/9506009;q-alg/9506009;10;0;10
hep-th/9503107;hep-th/9503107;3;8;11
q-alg/9503016;q-alg/9503016;8;7;15
hep-th/9401042;hep-th/9401042;10;1;11
hep-th/9307048;hep-th/9307048;26;0;26
hep-th/9306118;hep-th/9306118;6;0;6
hep-th/9403066;hep-th/9403066;22;7;29
hep-th/9408097;hep-th/9408097;18;5;23
gr-qc/0207047;gr-qc/0207047;7;45;52
hep-th/0010215;hep-th/0010215;55;39;94
hep-th/0107148;hep-th/0107148;14;12;26
gr-qc/0111013;gr-qc/0111013;29;5;34
hep-th/0009010;hep-th/0009010;61;22;83
hep-th/0110286;hep-th/0110286;16;79;95
hep-th/0105091;hep-th/0105091;40;36;76
gr-qc/0207046;gr-qc/0207046;2;8;10
hep-th/0103228;hep-th/0103228;3;5;8
gr-qc/0006095;gr-qc/0006095;8;0;8
gr-qc/0104077;gr-qc/0104077;3;1;4
cond-mat/0610481;cond-mat/0610481;4;3;7
cond-mat/0311122;cond-mat/0311122;15;3;18
cond-mat/0207177;cond-mat/0207177;17;0;17
cond-mat/0611316;cond-mat/0611316;3;17;20
gr-qc/0207041;gr-qc/0207041;14;14;28
gr-qc/0203018;gr-qc/0203018;11;1;12
gr-qc/0201077;gr-qc/0201077;7;10;17
gr-qc/0210051;gr-qc/0210051;8;0;8
hep-th/0008095;hep-th/0008095;16;7;23
hep-th/0108099;hep-th/0108099;10;12;22
gr-qc/0106091;gr-qc/0106091;41;57;98
gr-qc/9804071;gr-qc/9804071;40;3;43
gr-qc/0104043;gr-qc/0104043;9;12;21
hep-th/9907154;hep-th/9907154;50;22;72
gr-qc/0010031;gr-qc/0010031;11;23;34
hep-th/0004036;hep-th/0004036;40;8;48
hep-th/9807092;hep-th/9807092;47;13;60
hep-th/0107171;hep-th/0107171;2;1;3
hep-th/0107089;hep-th/0107089;7;28;35
cond-mat/9904215;cond-mat/9904215;6;2;8
hep-th/9809206;hep-th/9809206;4;4;8
hep-th/9809198;hep-th/9809198;4;0;4
hep-th/0007048;hep-th/0007048;20;46;66
hep-th/9811244;hep-th/9811244;33;16;49
hep-th/9502141;hep-th/9502141;62;0;62
hep-th/9910067;hep-th/9910067;12;32;44
hep-th/9906013;hep-th/9906013;26;28;54
hep-th/9809076;hep-th/9809076;13;26;39
hep-th/9307195;hep-th/9307195;10;7;17
hep-th/9809145;hep-th/9809145;58;16;74
hep-th/0001216;hep-th/0001216;33;31;64
hep-th/9203051;hep-th/9203051;55;0;55
hep-th/0001068;hep-th/0001068;28;25;53
hep-th/9304046;hep-th/9304046;28;5;33
hep-th/9204071;hep-th/9204071;35;2;37
hep-th/9809213;hep-th/9809213;29;0;29
hep-th/9912222;hep-th/9912222;15;16;31
hep-th/0002030;hep-th/0002030;3;34;37
hep-th/9303156;hep-th/9303156;24;8;32
hep-th/9403177;hep-th/9403177;9;6;15
hep-th/9810024;hep-th/9810024;13;0;13
hep-th/9912076;hep-th/9912076;14;21;35
0811.2667;0811.2667;0;19;19
hep-th/0407232;hep-th/0407232;73;129;202
hep-th/0603157;hep-th/0603157;113;46;159
hep-th/0609044;hep-th/0609044;183;50;233
hep-th/0603204;hep-th/0603204;112;47;159
hep-th/0603038;hep-th/0603038;173;0;173
hep-th/0612309;hep-th/0612309;68;23;91
hep-th/0610248;hep-th/0610248;162;90;252
hep-th/0611135;hep-th/0611135;83;0;83
hep-th/0703031;hep-th/0703031;46;62;108
hep-th/0312039;hep-th/0312039;4;26;30
hep-th/9909013;hep-th/9909013;25;18;43
hep-th/0103231;hep-th/0103231;24;22;46
hep-th/9911002;hep-th/9911002;78;18;96
hep-th/9807033;hep-th/9807033;131;41;172
hep-th/0207083;hep-th/0207083;6;28;34
hep-th/0208169;hep-th/0208169;12;19;31
astro-ph/0201164;astro-ph/0201164;86;24;110
hep-th/0111168;hep-th/0111168;47;11;58
hep-th/0205084;hep-th/0205084;54;56;110
hep-th/0203014;hep-th/0203014;61;12;73
astro-ph/0106274;astro-ph/0106274;25;12;37
astro-ph/0303526;astro-ph/0303526;12;7;19
hep-th/0110173;hep-th/0110173;30;56;86
hep-th/9811017;hep-th/9811017;44;15;59
hep-th/9807182;hep-th/9807182;11;7;18
hep-th/9710174;hep-th/9710174;48;19;67
hep-th/9903049;hep-th/9903049;23;23;46
hep-th/0003161;hep-th/0003161;9;21;30
hep-th/0003265;hep-th/0003265;14;20;34
hep-th/9601115;hep-th/9601115;80;4;84
hep-th/9711078;hep-th/9711078;126;41;167
hep-th/9705120;hep-th/9705120;58;32;90
hep-th/9804168;hep-th/9804168;45;19;64
hep-th/9706072;hep-th/9706072;140;17;157
hep-th/0003070;hep-th/0003070;21;12;33
hep-th/9909020;hep-th/9909020;17;18;35
hep-th/0003171;hep-th/0003171;6;15;21
hep-th/9702108;hep-th/9702108;48;24;72
hep-th/9911221;hep-th/9911221;57;25;82
hep-th/9905091;hep-th/9905091;3;15;18
hep-th/9810239;hep-th/9810239;49;20;69
hep-th/0009139;hep-th/0009139;75;74;149
hep-th/9705053;hep-th/9705053;46;26;72
quant-ph/0403111;quant-ph/0403111;0;5;5
quant-ph/0312203;quant-ph/0312203;3;3;6
quant-ph/9811037;quant-ph/9811037;8;2;10
quant-ph/0212064;quant-ph/0212064;4;3;7
hep-th/9801069;hep-th/9801069;19;5;24
hep-th/0110172;hep-th/0110172;21;41;62
hep-th/0004068;hep-th/0004068;19;36;55
hep-th/0107068;hep-th/0107068;9;19;28
hep-th/0007011;hep-th/0007011;45;26;71
hep-th/0103001;hep-th/0103001;6;26;32
hep-th/0007154;hep-th/0007154;29;17;46
hep-th/0007170;hep-th/0007170;146;265;411
hep-th/0007157;hep-th/0007157;25;25;50
hep-th/0111126;hep-th/0111126;14;16;30
hep-th/0107265;hep-th/0107265;11;23;34
hep-th/0104011;hep-th/0104011;4;25;29
hep-th/0103188;hep-th/0103188;21;51;72
hep-th/0008203;hep-th/0008203;45;26;71
hep-ph/0110381;hep-ph/0110381;10;20;30
hep-th/0108002;hep-th/0108002;15;26;41
hep-th/0110141;hep-th/0110141;10;16;26
hep-th/0003037;hep-th/0003037;167;28;195
hep-th/0003173;hep-th/0003173;19;16;35
hep-th/0010165;hep-th/0010165;18;23;41
hep-th/0003057;hep-th/0003057;59;21;80
hep-th/0011008;hep-th/0011008;12;20;32
hep-th/0006160;hep-th/0006160;35;37;72
hep-th/0007067;hep-th/0007067;32;44;76
hep-th/0010206;hep-th/0010206;75;14;89
hep-th/0101145;hep-th/0101145;32;31;63
hep-th/0403278;hep-th/0403278;6;14;20
hep-th/0303208;hep-th/0303208;42;57;99
hep-th/0401096;hep-th/0401096;8;15;23
hep-th/0201218;hep-th/0201218;15;35;50
hep-th/0012065;hep-th/0012065;20;25;45
hep-th/9909176;hep-th/9909176;81;31;112
hep-th/0106217;hep-th/0106217;17;30;47
hep-th/0003208;hep-th/0003208;75;0;75
hep-th/0011125;hep-th/0011125;104;0;104
hep-th/0011038;hep-th/0011038;10;23;33
hep-th/0106121;hep-th/0106121;26;20;46
hep-th/0101177;hep-th/0101177;15;31;46
hep-th/0107106;hep-th/0107106;27;34;61
hep-th/0003280;hep-th/0003280;45;43;88
hep-th/9706187;hep-th/9706187;10;16;26
hep-th/0012170;hep-th/0012170;20;23;43
hep-th/0005145;hep-th/0005145;35;60;95
hep-th/0103124;hep-th/0103124;32;71;103
hep-th/0011131;hep-th/0011131;55;55;110
hep-th/0004038;hep-th/0004038;41;43;84
hep-th/0012218;hep-th/0012218;46;43;89
0708.0307;0708.0307;0;19;19
hep-ph/0205348;hep-ph/0205348;6;21;27
hep-ph/0302142;hep-ph/0302142;21;0;21
hep-ph/0503162;hep-ph/0503162;7;11;18
nucl-th/0410091;nucl-th/0410091;21;24;45
hep-ph/9703201;hep-ph/9703201;25;5;30
hep-ph/0004165;hep-ph/0004165;5;10;15
hep-ph/0204120;hep-ph/0204120;11;4;15
hep-ph/0407049;hep-ph/0407049;15;10;25
gr-qc/0502004;gr-qc/0502004;1;1;2
gr-qc/0507079;gr-qc/0507079;1;5;6
gr-qc/9603012;gr-qc/9603012;22;4;26
gr-qc/9703001;gr-qc/9703001;12;7;19
gr-qc/9711030;gr-qc/9711030;10;10;20
gr-qc/0502099;gr-qc/0502099;37;26;63
gr-qc/9710068;gr-qc/9710068;37;3;40
hep-th/0202169;hep-th/0202169;2;1;3
hep-th/0006061;hep-th/0006061;6;0;6
0907.4630;0907.4630;0;16;16
hep-th/0411109;hep-th/0411109;16;18;34
hep-th/0404168;hep-th/0404168;29;17;46
hep-th/0611203;hep-th/0611203;36;17;53
hep-th/9902018;hep-th/9902018;65;53;118
hep-th/9506056;hep-th/9506056;2;4;6
gr-qc/0507077;gr-qc/0507077;4;26;30
hep-th/0403020;hep-th/0403020;17;23;40
hep-th/0507142;hep-th/0507142;3;24;27
hep-th/0507143;hep-th/0507143;7;7;14
hep-th/0205259;hep-th/0205259;27;62;89
hep-th/9302010;hep-th/9302010;7;0;7
hep-th/0408220;hep-th/0408220;10;6;16
hep-th/0504011;hep-th/0504011;5;11;16
gr-qc/0308030;gr-qc/0308030;2;5;7
gr-qc/9912006;gr-qc/9912006;2;3;5
gr-qc/0210023;gr-qc/0210023;5;0;5
astro-ph/0505277;astro-ph/0505277;1;18;19
gr-qc/0507076;gr-qc/0507076;0;13;13
hep-th/0507001;hep-th/0507001;3;20;23
hep-th/0208065;hep-th/0208065;25;26;51
hep-th/0203268;hep-th/0203268;30;51;81
hep-th/0205177;hep-th/0205177;36;47;83
hep-th/0102035;hep-th/0102035;54;35;89
hep-th/0407255;hep-th/0407255;23;78;101
hep-th/0112099;hep-th/0112099;8;27;35
0805.1187;0805.1187;0;3;3
cond-mat/9604040;cond-mat/9604040;4;1;5
cond-mat/9509144;cond-mat/9509144;18;2;20
0901.3638;0901.3638;0;9;9
astro-ph/0512481;astro-ph/0512481;11;10;21
astro-ph/0407505;astro-ph/0407505;20;9;29
gr-qc/0605108;gr-qc/0605108;13;22;35
astro-ph/0308088;astro-ph/0308088;28;13;41
gr-qc/0303090;gr-qc/0303090;18;7;25
gr-qc/0410024;gr-qc/0410024;8;13;21
gr-qc/0605107;gr-qc/0605107;10;13;23
hep-th/0106268;hep-th/0106268;2;17;19
hep-th/9810098;hep-th/9810098;27;13;40
hep-th/0008071;hep-th/0008071;33;14;47
hep-th/9612138;hep-th/9612138;19;30;49
hep-th/9712197;hep-th/9712197;61;10;71
hep-th/9903072;hep-th/9903072;5;13;18
hep-th/0102163;hep-th/0102163;3;15;18
hep-th/9508099;hep-th/9508099;17;7;24
hep-th/9404188;hep-th/9404188;28;13;41
hep-th/0106269;hep-th/0106269;8;38;46
hep-th/0012046;hep-th/0012046;18;5;23
hep-th/0101189;hep-th/0101189;25;6;31
hep-th/0009030;hep-th/0009030;73;37;110
hep-th/9912279;hep-th/9912279;114;17;131
math-ph/0103003;math-ph/0103003;3;6;9
hep-th/0007096;hep-th/0007096;44;0;44
hep-th/0105087;hep-th/0105087;13;36;49
hep-th/0008038;hep-th/0008038;38;22;60
math/0101038;math/0101038;21;2;23
hep-th/0005052;hep-th/0005052;37;48;85
hep-th/0007100;hep-th/0007100;22;26;48
math-ph/0105033;math-ph/0105033;14;7;21
hep-th/0006145;hep-th/0006145;44;11;55
hep-th/0106194;hep-th/0106194;57;20;77
hep-th/0008023;hep-th/0008023;23;39;62
hep-th/0105242;hep-th/0105242;47;33;80
hep-th/0101211;hep-th/0101211;25;69;94
hep-th/0106262;hep-th/0106262;11;25;36
hep-th/9712048;hep-th/9712048;18;11;29
hep-th/0007158;hep-th/0007158;14;70;84
hep-th/0006224;hep-th/0006224;71;21;92
hep-th/0103183;hep-th/0103183;37;23;60
hep-th/0102095;hep-th/0102095;13;23;36
hep-th/9712186;hep-th/9712186;213;40;253
hep-th/0002037;hep-th/0002037;109;21;130
math/0007090;math/0007090;14;0;14
hep-th/0106263;hep-th/0106263;21;25;46
hep-th/0008188;hep-th/0008188;106;29;135
hep-th/0004126;hep-th/0004126;93;34;127
gr-qc/0102064;gr-qc/0102064;17;15;32
hep-th/0103240;hep-th/0103240;23;0;23
hep-th/0106260;hep-th/0106260;4;53;57
hep-th/0101026;hep-th/0101026;23;48;71
hep-th/9203067;hep-th/9203067;9;1;10
hep-th/0007031;hep-th/0007031;3;19;22
hep-th/9304075;hep-th/9304075;3;3;6
hep-th/9903020;hep-th/9903020;18;7;25
hep-th/9801184;hep-th/9801184;16;0;16
hep-th/9702046;hep-th/9702046;11;17;28
hep-th/0101070;hep-th/0101070;7;19;26
hep-th/0011013;hep-th/0011013;9;23;32
hep-th/0103187;hep-th/0103187;15;36;51
hep-th/9902131;hep-th/9902131;84;50;134
hep-th/0105198;hep-th/0105198;30;14;44
hep-th/9412160;hep-th/9412160;13;10;23
hep-th/9812242;hep-th/9812242;4;3;7
hep-th/9202080;hep-th/9202080;4;0;4
hep-th/9905032;hep-th/9905032;19;32;51
hep-th/9908115;hep-th/9908115;9;22;31
hep-th/9901069;hep-th/9901069;46;11;57
hep-th/0105286;hep-th/0105286;26;30;56
hep-th/9805125;hep-th/9805125;35;5;40
hep-th/0106028;hep-th/0106028;8;28;36
hep-th/9112025;hep-th/9112025;4;0;4
hep-th/9803013;hep-th/9803013;29;8;37
hep-th/9207048;hep-th/9207048;6;4;10
hep-th/0011292;hep-th/0011292;1;31;32
hep-th/9806240;hep-th/9806240;53;0;53
hep-th/9704186;hep-th/9704186;46;17;63
hep-th/9807173;hep-th/9807173;34;64;98
hep-th/9811107;hep-th/9811107;8;38;46
hep-th/0105096;hep-th/0105096;14;36;50
hep-th/0106267;hep-th/0106267;13;30;43
math/9907007;math/9907007;22;7;29
hep-ph/0008206;hep-ph/0008206;23;38;61
hep-th/9901154;hep-th/9901154;23;2;25
hep-th/0103099;hep-th/0103099;28;29;57
hep-th/0007012;hep-th/0007012;16;28;44
hep-th/0007196;hep-th/0007196;7;29;36
hep-th/0105101;hep-th/0105101;8;35;43
hep-th/9806226;hep-th/9806226;21;13;34
hep-th/9909028;hep-th/9909028;17;14;31
hep-th/9805141;hep-th/9805141;30;45;75
hep-th/0002074;hep-th/0002074;3;13;16
hep-th/9909120;hep-th/9909120;27;5;32
hep-th/9909108;hep-th/9909108;29;25;54
hep-th/9902186;hep-th/9902186;21;0;21
hep-th/9902029;hep-th/9902029;23;4;27
hep-th/0004073;hep-th/0004073;13;17;30
hep-th/0106264;hep-th/0106264;2;9;11
hep-th/0005154;hep-th/0005154;9;6;15
hep-th/0104123;hep-th/0104123;8;9;17
hep-th/0105042;hep-th/0105042;10;8;18
hep-th/9807024;hep-th/9807024;36;0;36
hep-th/9912020;hep-th/9912020;9;4;13
hep-th/0010075;hep-th/0010075;5;7;12
hep-th/9904107;hep-th/9904107;16;3;19
hep-th/0106265;hep-th/0106265;8;12;20
hep-th/0105047;hep-th/0105047;33;11;44
hep-th/9911230;hep-th/9911230;67;17;84
hep-th/0003066;hep-th/0003066;7;8;15
gr-qc/9403017;gr-qc/9403017;11;0;11
hep-th/0103171;hep-th/0103171;101;42;143
hep-th/9701084;hep-th/9701084;3;6;9
hep-th/9605064;hep-th/9605064;2;9;11
hep-th/9509150;hep-th/9509150;4;0;4
hep-th/9409180;hep-th/9409180;16;0;16
hep-th/9603179;hep-th/9603179;7;4;11
hep-th/9701085;hep-th/9701085;31;11;42
hep-th/9501055;hep-th/9501055;19;8;27
hep-th/9410136;hep-th/9410136;60;9;69
hep-th/9502007;hep-th/9502007;26;17;43
hep-th/9503142;hep-th/9503142;12;12;24
hep-th/9608045;hep-th/9608045;28;8;36
hep-th/9701087;hep-th/9701087;19;4;23
hep-th/9607192;hep-th/9607192;10;1;11
cond-mat/9303037;cond-mat/9303037;16;0;16
hep-th/9408038;hep-th/9408038;21;1;22
hep-th/9504066;hep-th/9504066;32;3;35
hep-th/9511212;hep-th/9511212;19;7;26
hep-th/9310043;hep-th/9310043;30;0;30
hep-th/9408075;hep-th/9408075;13;1;14
hep-ph/9304310;hep-ph/9304310;12;1;13
hep-th/9310044;hep-th/9310044;35;0;35
hep-th/9701102;hep-th/9701102;10;11;21
hep-th/9506115;hep-th/9506115;25;4;29
funct-an/9606001;funct-an/9606001;5;0;5
hep-th/9604169;hep-th/9604169;10;6;16
hep-th/9607005;hep-th/9607005;7;8;15
hep-th/9603095;hep-th/9603095;17;16;33
hep-th/9701082;hep-th/9701082;78;29;107
gr-qc/9604002;gr-qc/9604002;9;7;16
hep-th/9610166;hep-th/9610166;42;25;67
gr-qc/9609063;gr-qc/9609063;13;21;34
hep-th/9506027;hep-th/9506027;107;13;120
hep-th/9501066;hep-th/9501066;98;13;111
hep-th/9507017;hep-th/9507017;72;0;72
hep-th/9610179;hep-th/9610179;22;13;35
hep-th/9608041;hep-th/9608041;19;17;36
hep-th/9308023;hep-th/9308023;31;2;33
hep-th/9509074;hep-th/9509074;91;11;102
hep-th/9204079;hep-th/9204079;6;0;6
hep-th/9309023;hep-th/9309023;145;9;154
hep-th/9701083;hep-th/9701083;8;2;10
0710.1260;0710.1260;0;3;3
hep-th/0211144;hep-th/0211144;34;18;52
hep-ph/0007219;hep-ph/0007219;22;18;40
hep-ph/9901319;hep-ph/9901319;35;39;74
hep-ph/9909482;hep-ph/9909482;23;12;35
hep-ph/0006354;hep-ph/0006354;15;36;51
hep-ph/0007351;hep-ph/0007351;14;23;37
hep-ph/0003068;hep-ph/0003068;12;15;27
hep-ph/9705357;hep-ph/9705357;31;10;41
astro-ph/0605384;astro-ph/0605384;31;7;38
gr-qc/0611127;gr-qc/0611127;39;20;59
astro-ph/0610532;astro-ph/0610532;48;17;65
hep-th/9205081;hep-th/9205081;78;0;78
hep-th/9609217;hep-th/9609217;72;24;96
hep-th/9604168;hep-th/9604168;69;34;103
hep-th/9603087;hep-th/9603087;208;0;208
hep-th/9402089;hep-th/9402089;14;8;22
hep-th/9605077;hep-th/9605077;44;23;67
hep-th/9601089;hep-th/9601089;6;16;22
hep-th/9512153;hep-th/9512153;39;13;52
hep-th/9604179;hep-th/9604179;181;18;199
hep-th/9211056;hep-th/9211056;78;4;82
hep-th/9508177;hep-th/9508177;96;9;105
hep-th/0703016;hep-th/0703016;0;14;14
hep-th/0409246;hep-th/0409246;5;19;24
hep-th/0105141;hep-th/0105141;21;7;28
hep-th/0702200;hep-th/0702200;1;16;17
quant-ph/9806067;quant-ph/9806067;0;3;3
gr-qc/9706069;gr-qc/9706069;35;2;37
hep-th/9602040;hep-th/9602040;3;1;4
hep-th/0103019;hep-th/0103019;13;10;23
hep-th/0304168;hep-th/0304168;7;24;31
gr-qc/9303001;gr-qc/9303001;51;0;51
gr-qc/9905031;gr-qc/9905031;38;3;41
gr-qc/9806111;gr-qc/9806111;31;24;55
hep-th/0210016;hep-th/0210016;13;21;34
hep-th/9305111;hep-th/9305111;24;1;25
hep-th/9905175;hep-th/9905175;37;27;64
gr-qc/9405004;gr-qc/9405004;11;8;19
hep-th/0411042;hep-th/0411042;0;13;13
hep-th/0404091;hep-th/0404091;4;14;18
hep-th/0110132;hep-th/0110132;35;50;85
hep-ph/0012378;hep-ph/0012378;78;46;124
hep-th/0310086;hep-th/0310086;19;11;30
hep-th/0310269;hep-th/0310269;10;13;23
hep-th/0302192;hep-th/0302192;22;44;66
hep-th/0306063;hep-th/0306063;28;13;41
0802.1792;0802.1792;0;16;16
hep-ph/9601332;hep-ph/9601332;26;26;52
hep-ph/0701010;hep-ph/0701010;14;11;25
hep-th/9910042;hep-th/9910042;12;67;79
hep-ph/0006331;hep-ph/0006331;39;18;57
hep-ph/9607446;hep-ph/9607446;31;18;49
hep-th/0610118;hep-th/0610118;16;38;54
hep-ph/0011006;hep-ph/0011006;11;20;31
hep-ph/9506388;hep-ph/9506388;19;5;24
hep-ph/9811427;hep-ph/9811427;80;20;100
hep-ph/9707311;hep-ph/9707311;27;60;87
hep-ph/0106060;hep-ph/0106060;33;19;52
hep-th/9208023;hep-th/9208023;66;0;66
hep-ph/0104091;hep-ph/0104091;46;19;65
0912.0535;0912.0535;0;7;7
gr-qc/0508121;gr-qc/0508121;18;8;26
gr-qc/0006105;gr-qc/0006105;20;6;26
astro-ph/0302372;astro-ph/0302372;16;0;16
gr-qc/9906003;gr-qc/9906003;24;4;28
0908.0738;0908.0738;0;10;10
hep-th/0409243;hep-th/0409243;15;4;19
hep-th/0412308;hep-th/0412308;143;21;164
hep-th/9906001;hep-th/9906001;2;4;6
hep-th/0404219;hep-th/0404219;5;2;7
hep-th/0501052;hep-th/0501052;164;6;170
hep-th/0509042;hep-th/0509042;18;44;62
0808.0691;0808.0691;0;46;46
hep-th/0506267;hep-th/0506267;21;3;24
astro-ph/0303591;astro-ph/0303591;148;5;153
hep-th/0606031;hep-th/0606031;13;56;69
astro-ph/0303614;astro-ph/0303614;111;10;121
hep-th/0610285;hep-th/0610285;79;32;111
astro-ph/0304558;astro-ph/0304558;34;3;37
hep-th/0411217;hep-th/0411217;33;57;90
astro-ph/0605367;astro-ph/0605367;49;75;124
hep-ph/9606387;hep-ph/9606387;78;0;78
hep-th/0501125;hep-th/0501125;33;57;90
hep-th/0612197;hep-th/0612197;51;36;87
hep-th/0402038;hep-th/0402038;30;0;30
0808.0696;0808.0696;0;11;11
hep-th/0405139;hep-th/0405139;12;15;27
math-ph/0305010;math-ph/0305010;28;5;33
hep-th/0510102;hep-th/0510102;9;5;14
hep-th/9409068;hep-th/9409068;20;4;24
hep-th/9802132;hep-th/9802132;27;5;32
0808.0694;0808.0694;0;22;22
hep-th/9207114;hep-th/9207114;24;0;24
hep-th/0411248;hep-th/0411248;7;23;30
hep-th/0503135;hep-th/0503135;2;7;9
hep-th/0505142;hep-th/0505142;1;4;5
quant-ph/0205143;quant-ph/0205143;2;9;11
hep-th/0008099;hep-th/0008099;4;7;11
quant-ph/0108055;quant-ph/0108055;8;5;13
hep-th/9407022;hep-th/9407022;16;6;22
hep-th/0407247;hep-th/0407247;2;11;13
hep-th/0007230;hep-th/0007230;8;5;13
0908.0737;0908.0737;0;1;1
hep-ph/0611228;hep-ph/0611228;19;6;25
gr-qc/0601140;gr-qc/0601140;2;4;6
quant-ph/0407051;quant-ph/0407051;5;0;5
hep-th/0308142;hep-th/0308142;3;0;3
gr-qc/0312048;gr-qc/0312048;3;2;5
quant-ph/9810033;quant-ph/9810033;6;8;14
physics/9801007;physics/9801007;32;6;38
hep-th/9404120;hep-th/9404120;39;2;41
solv-int/9810006;solv-int/9810006;24;3;27
quant-ph/9805085;quant-ph/9805085;44;5;49
hep-th/9303005;hep-th/9303005;93;1;94
gr-qc/9705030;gr-qc/9705030;3;8;11
hep-th/9611219;hep-th/9611219;3;17;20
hep-th/9405007;hep-th/9405007;15;11;26
hep-th/9903214;hep-th/9903214;162;38;200
hep-th/9907003;hep-th/9907003;32;11;43
hep-th/9904197;hep-th/9904197;83;30;113
hep-th/9908022;hep-th/9908022;76;32;108
0906.4778;0906.4778;0;8;8
hep-th/0304245;hep-th/0304245;41;27;68
hep-th/0509050;hep-th/0509050;23;3;26
hep-th/0403039;hep-th/0403039;10;0;10
0710.1192;0710.1192;0;5;5
hep-th/9807111;hep-th/9807111;44;0;44
hep-th/9909150;hep-th/9909150;20;28;48
hep-th/0612005;hep-th/0612005;65;10;75
hep-th/0310256;hep-th/0310256;5;17;22
hep-th/9412180;hep-th/9412180;8;6;14
hep-th/9211035;hep-th/9211035;34;0;34
hep-th/9403127;hep-th/9403127;3;1;4
hep-th/9310099;hep-th/9310099;4;0;4
hep-th/9406049;hep-th/9406049;9;1;10
hep-th/9204056;hep-th/9204056;15;0;15
hep-th/9412183;hep-th/9412183;0;1;1
hep-th/9305131;hep-th/9305131;25;1;26
hep-th/9201019;hep-th/9201019;19;0;19
hep-th/9112062;hep-th/9112062;23;0;23
hep-th/9407099;hep-th/9407099;24;42;66
hep-th/9305143;hep-th/9305143;46;1;47
hep-th/9406067;hep-th/9406067;52;32;84
hep-th/9407118;hep-th/9407118;69;7;76
hep-th/9402120;hep-th/9402120;32;24;56
hep-th/9410210;hep-th/9410210;6;6;12
hep-th/9408040;hep-th/9408040;35;17;52
hep-th/9205091;hep-th/9205091;9;0;9
hep-th/9205025;hep-th/9205025;3;0;3
hep-th/9305069;hep-th/9305069;33;2;35
hep-th/9301035;hep-th/9301035;10;8;18
hep-th/9409021;hep-th/9409021;140;31;171
hep-th/9408083;hep-th/9408083;94;29;123
hep-th/9311120;hep-th/9311120;60;9;69
hep-th/9211118;hep-th/9211118;11;1;12
hep-th/9306125;hep-th/9306125;4;4;8
hep-th/9212020;hep-th/9212020;15;3;18
hep-th/9212029;hep-th/9212029;18;1;19
hep-th/9205052;hep-th/9205052;12;0;12
hep-th/9212026;hep-th/9212026;5;2;7
hep-ph/9207202;hep-ph/9207202;3;0;3
hep-th/9303074;hep-th/9303074;9;0;9
hep-th/9409119;hep-th/9409119;21;11;32
hep-th/9112023;hep-th/9112023;36;0;36
hep-th/9112004;hep-th/9112004;71;0;71
hep-th/0111234;hep-th/0111234;10;0;10
hep-th/9401099;hep-th/9401099;25;1;26
hep-th/9412186;hep-th/9412186;0;1;1
hep-th/9412187;hep-th/9412187;4;17;21
hep-th/9204041;hep-th/9204041;17;0;17
hep-th/9307029;hep-th/9307029;1;1;2
hep-th/9406045;hep-th/9406045;3;5;8
hep-th/9307141;hep-th/9307141;1;0;1
hep-th/9204100;hep-th/9204100;5;0;5
hep-th/9304026;hep-th/9304026;76;3;79
hep-th/9403047;hep-th/9403047;6;9;15
hep-th/9401029;hep-th/9401029;12;2;14
hep-th/9407009;hep-th/9407009;2;5;7
hep-th/9409069;hep-th/9409069;6;17;23
hep-th/9403183;hep-th/9403183;9;12;21
hep-th/9306157;hep-th/9306157;8;1;9
hep-th/9403194;hep-th/9403194;4;1;5
hep-th/9408121;hep-th/9408121;4;5;9
hep-th/9404106;hep-th/9404106;14;1;15
hep-th/9412189;hep-th/9412189;0;21;21
hep-th/9304128;hep-th/9304128;35;5;40
hep-th/9206020;hep-th/9206020;51;1;52
hep-th/9407002;hep-th/9407002;4;6;10
hep-th/9302022;hep-th/9302022;37;3;40
hep-th/9410074;hep-th/9410074;12;5;17
0802.1799;0802.1799;0;44;44
hep-th/0608034;hep-th/0608034;7;29;36
hep-th/0603099;hep-th/0603099;22;40;62
hep-th/0306278;hep-th/0306278;18;21;39
hep-th/0604079;hep-th/0604079;12;23;35
hep-th/0504028;hep-th/0504028;11;36;47
hep-th/0405283;hep-th/0405283;12;74;86
hep-th/0612148;hep-th/0612148;5;29;34
hep-th/0405284;hep-th/0405284;8;17;25
hep-th/0306235;hep-th/0306235;88;0;88
hep-th/0610331;hep-th/0610331;26;21;47
hep-th/0610196;hep-th/0610196;16;55;71
hep-th/0506056;hep-th/0506056;14;35;49
hep-th/0412116;hep-th/0412116;12;8;20
hep-th/0507087;hep-th/0507087;29;20;49
hep-th/0411079;hep-th/0411079;16;34;50
hep-th/0510176;hep-th/0510176;28;41;69
hep-th/0410155;hep-th/0410155;57;34;91
hep-th/0501177;hep-th/0501177;42;27;69
hep-th/0209114;hep-th/0209114;260;37;297
hep-th/0408203;hep-th/0408203;21;32;53
hep-th/0505230;hep-th/0505230;12;38;50
hep-th/0501246;hep-th/0501246;19;10;29
hep-th/0612072;hep-th/0612072;14;26;40
hep-th/0505185;hep-th/0505185;29;0;29
hep-th/0606049;hep-th/0606049;32;16;48
hep-th/9306085;hep-th/9306085;19;2;21
hep-th/0407127;hep-th/0407127;19;28;47
hep-th/0503046;hep-th/0503046;22;20;42
hep-th/0409170;hep-th/0409170;24;34;58
hep-th/0703143;hep-th/0703143;22;35;57
hep-th/0402055;hep-th/0402055;29;18;47
hep-th/0606281;hep-th/0606281;17;17;34
hep-th/0505074;hep-th/0505074;25;20;45
hep-th/0211135;hep-th/0211135;14;42;56
hep-th/0307022;hep-th/0307022;50;20;70
hep-th/0512032;hep-th/0512032;20;40;60
gr-qc/9606034;gr-qc/9606034;26;16;42
hep-th/9508029;hep-th/9508029;7;8;15
hep-th/9511071;hep-th/9511071;45;17;62
hep-th/9605106;hep-th/9605106;26;4;30
hep-th/9503092;hep-th/9503092;11;7;18
hep-th/9212146;hep-th/9212146;28;2;30
hep-th/9301129;hep-th/9301129;14;3;17
hep-th/9303102;hep-th/9303102;9;0;9
hep-th/9605173;hep-th/9605173;66;18;84
math/0308042;math/0308042;6;1;7
0809.3543;0809.3543;0;8;8
hep-th/0205079;hep-th/0205079;53;30;83
hep-th/0610084;hep-th/0610084;3;33;36
hep-th/0101011;hep-th/0101011;137;30;167
math-ph/0406063;math-ph/0406063;9;3;12
hep-th/0506132;hep-th/0506132;6;1;7
hep-th/0503112;hep-th/0503112;29;46;75
cond-mat/0509741;cond-mat/0509741;4;5;9
cond-mat/0508546;cond-mat/0508546;9;1;10
cond-mat/0508545;cond-mat/0508545;11;0;11
hep-th/0302116;hep-th/0302116;5;12;17
cond-mat/0509266;cond-mat/0509266;3;3;6
cond-mat/0508710;cond-mat/0508710;8;1;9
0905.1445;0905.1445;0;13;13
hep-th/0406218;hep-th/0406218;8;26;34
hep-th/9703102;hep-th/9703102;69;15;84
hep-th/9711179;hep-th/9711179;44;36;80
hep-lat/9912038;hep-lat/9912038;3;10;13
hep-th/9209027;hep-th/9209027;12;0;12
hep-th/9312102;hep-th/9312102;22;0;22
hep-lat/9301014;hep-lat/9301014;11;0;11
hep-th/9204047;hep-th/9204047;5;0;5
hep-ph/9907340;hep-ph/9907340;1;2;3
hep-th/9901142;hep-th/9901142;11;13;24
hep-th/9809006;hep-th/9809006;6;6;12
hep-th/9902036;hep-th/9902036;1;16;17
hep-th/9204076;hep-th/9204076;1;0;1
hep-th/0302009;hep-th/0302009;4;6;10
hep-th/0211155;hep-th/0211155;4;0;4
hep-th/0105010;hep-th/0105010;9;10;19
hep-th/0109145;hep-th/0109145;8;1;9
hep-th/0207254;hep-th/0207254;5;7;12
hep-lat/9912035;hep-lat/9912035;4;9;13
hep-lat/9610008;hep-lat/9610008;3;5;8
hep-lat/9802033;hep-lat/9802033;41;12;53
hep-lat/9709154;hep-lat/9709154;13;4;17
hep-th/9803147;hep-th/9803147;9;0;9
hep-lat/9707007;hep-lat/9707007;6;4;10
math-ph/0607036;math-ph/0607036;1;2;3
math-ph/0505066;math-ph/0505066;3;5;8
hep-th/0311253;hep-th/0311253;9;16;25
0805.3428;0805.3428;0;20;20
astro-ph/0309273;astro-ph/0309273;34;28;62
gr-qc/0612002;gr-qc/0612002;17;16;33
gr-qc/0212032;gr-qc/0212032;17;15;32
astro-ph/0701479;astro-ph/0701479;23;56;79
astro-ph/0306047;astro-ph/0306047;33;12;45
hep-ph/0608078;hep-ph/0608078;28;37;65
hep-ph/0606204;hep-ph/0606204;23;8;31
hep-th/0611168;hep-th/0611168;0;8;8
hep-th/9907178;hep-th/9907178;113;48;161
hep-th/0302217;hep-th/0302217;17;13;30
hep-th/9904024;hep-th/9904024;33;9;42
math-ph/0203010;math-ph/0203010;5;19;24
math-ph/9807022;math-ph/9807022;9;7;16
math-ph/0008029;math-ph/0008029;16;8;24
gr-qc/0107075;gr-qc/0107075;8;16;24
math-ph/0002021;math-ph/0002021;13;5;18
math-ph/0106028;math-ph/0106028;4;3;7
math-ph/0105027;math-ph/0105027;9;0;9
hep-th/0107236;hep-th/0107236;5;9;14
gr-qc/0001009;gr-qc/0001009;8;10;18
math-ph/0111037;math-ph/0111037;2;1;3
hep-th/9807099;hep-th/9807099;26;0;26
0812.0668;0812.0668;0;12;12
hep-th/0605130;hep-th/0605130;3;6;9
hep-th/9807031;hep-th/9807031;32;6;38
hep-ph/9909500;hep-ph/9909500;17;10;27
hep-ph/9804375;hep-ph/9804375;23;5;28
hep-ph/0001288;hep-ph/0001288;15;24;39
hep-ph/0512356;hep-ph/0512356;15;22;37
0706.2444;0706.2444;0;35;35
hep-th/0211200;hep-th/0211200;22;13;35
hep-th/0501118;hep-th/0501118;7;16;23
hep-th/0411070;hep-th/0411070;10;9;19
astro-ph/0504586;astro-ph/0504586;55;0;55
hep-th/0304033;hep-th/0304033;9;37;46
hep-th/0207060;hep-th/0207060;48;30;78
gr-qc/0609076;gr-qc/0609076;18;35;53
hep-th/0511301;hep-th/0511301;28;62;90
hep-ph/0203061;hep-ph/0203061;9;28;37
hep-ph/9607383;hep-ph/9607383;68;5;73
hep-ph/9405357;hep-ph/9405357;12;11;23
hep-ph/9210256;hep-ph/9210256;47;0;47
hep-ph/9801409;hep-ph/9801409;12;15;27
hep-th/9812141;hep-th/9812141;26;37;63
hep-th/9709049;hep-th/9709049;56;24;80
hep-ph/9405223;hep-ph/9405223;20;16;36
hep-ph/9301261;hep-ph/9301261;24;0;24
hep-ph/9711339;hep-ph/9711339;33;13;46
hep-ph/9910553;hep-ph/9910553;6;10;16
hep-ph/9312214;hep-ph/9312214;6;7;13
hep-ph/0201129;hep-ph/0201129;5;30;35
hep-ph/9712516;hep-ph/9712516;21;31;52
hep-ph/0112260;hep-ph/0112260;16;10;26
hep-th/9803262;hep-th/9803262;28;23;51
hep-ph/9311312;hep-ph/9311312;81;5;86
hep-th/9607172;hep-th/9607172;72;3;75
0706.2443;0706.2443;0;12;12
astro-ph/0611352;astro-ph/0611352;10;5;15
astro-ph/0606703;astro-ph/0606703;11;17;28
astro-ph/0310382;astro-ph/0310382;41;33;74
astro-ph/0402609;astro-ph/0402609;18;8;26
astro-ph/0005265;astro-ph/0005265;111;4;115
astro-ph/0606474;astro-ph/0606474;4;33;37
hep-ph/0405249;hep-ph/0405249;21;0;21
astro-ph/0312174;astro-ph/0312174;22;16;38
astro-ph/0409684;astro-ph/0409684;3;12;15
hep-th/9601037;hep-th/9601037;39;28;67
hep-th/9510223;hep-th/9510223;42;16;58
hep-th/9505018;hep-th/9505018;76;7;83
math/0111216;math/0111216;23;7;30
math/0112201;math/0112201;29;0;29
hep-th/0211089;hep-th/0211089;75;21;96
hep-th/0306267;hep-th/0306267;13;25;38
hep-th/9907170;hep-th/9907170;20;18;38
hep-th/9803216;hep-th/9803216;62;26;88
hep-th/9809065;hep-th/9809065;56;21;77
hep-th/9904124;hep-th/9904124;59;9;68
gr-qc/9508048;gr-qc/9508048;16;3;19
hep-th/9803144;hep-th/9803144;29;6;35
hep-th/9408016;hep-th/9408016;39;1;40
hep-th/0311110;hep-th/0311110;12;14;26
hep-th/0206090;hep-th/0206090;46;0;46
hep-th/0001214;hep-th/0001214;11;14;25
hep-th/9705225;hep-th/9705225;29;25;54
hep-th/9705005;hep-th/9705005;17;4;21
hep-th/0302198;hep-th/0302198;11;22;33
hep-th/0007009;hep-th/0007009;9;25;34
hep-th/0208038;hep-th/0208038;53;12;65
hep-th/0302027;hep-th/0302027;4;57;61
hep-th/0311111;hep-th/0311111;67;35;102
gr-qc/0204040;gr-qc/0204040;41;8;49
astro-ph/0205279;astro-ph/0205279;2;6;8
hep-th/0312153;hep-th/0312153;56;0;56
astro-ph/0210476;astro-ph/0210476;28;5;33
hep-ph/0402126;hep-ph/0402126;51;130;181
hep-th/0301117;hep-th/0301117;74;29;103
hep-th/0208156;hep-th/0208156;35;26;61
astro-ph/0208528;astro-ph/0208528;15;6;21
hep-th/0312081;hep-th/0312081;39;58;97
hep-th/0311116;hep-th/0311116;4;8;12
hep-th/0303010;hep-th/0303010;23;12;35
hep-th/0210295;hep-th/0210295;33;10;43
astro-ph/0310532;astro-ph/0310532;11;21;32
hep-th/0212128;hep-th/0212128;23;15;38
hep-th/0207096;hep-th/0207096;56;17;73
hep-th/9502132;hep-th/9502132;37;0;37
hep-th/0212095;hep-th/0212095;37;46;83
hep-th/0305134;hep-th/0305134;8;26;34
hep-th/0311114;hep-th/0311114;0;5;5
hep-th/0306049;hep-th/0306049;7;4;11
hep-th/0202048;hep-th/0202048;19;31;50
hep-th/0204141;hep-th/0204141;9;8;17
hep-th/0302155;hep-th/0302155;5;15;20
hep-th/9508086;hep-th/9508086;21;1;22
hep-th/0302001;hep-th/0302001;8;7;15
hep-th/9901126;hep-th/9901126;32;20;52
hep-th/0112012;hep-th/0112012;10;22;32
hep-th/0209003;hep-th/0209003;21;30;51
hep-th/9608079;hep-th/9608079;87;7;94
hep-th/9706195;hep-th/9706195;64;9;73
hep-th/0111080;hep-th/0111080;7;8;15
hep-th/0311118;hep-th/0311118;2;1;3
hep-th/9603203;hep-th/9603203;28;1;29
hep-th/0206213;hep-th/0206213;33;0;33
hep-th/0203061;hep-th/0203061;58;16;74
hep-th/0212211;hep-th/0212211;13;37;50
hep-th/0201270;hep-th/0201270;26;30;56
hep-th/0212294;hep-th/0212294;92;42;134
hep-th/0302071;hep-th/0302071;16;0;16
math/0307360;math/0307360;2;6;8
hep-th/0105207;hep-th/0105207;19;31;50
math-ph/0502003;math-ph/0502003;2;11;13
hep-th/0310167;hep-th/0310167;30;13;43
hep-th/0309006;hep-th/0309006;17;28;45
hep-th/0406125;hep-th/0406125;37;14;51
hep-ph/9701413;hep-ph/9701413;1;0;1
hep-th/9910105;hep-th/9910105;16;37;53
hep-th/9806071;hep-th/9806071;5;27;32
hep-th/9803064;hep-th/9803064;12;30;42
hep-th/9804064;hep-th/9804064;5;12;17
gr-qc/9501014;gr-qc/9501014;210;0;210
hep-th/9803083;hep-th/9803083;5;14;19
gr-qc/9403027;gr-qc/9403027;8;6;14
gr-qc/9810033;gr-qc/9810033;5;5;10
gr-qc/9604055;gr-qc/9604055;32;6;38
hep-th/9804111;hep-th/9804111;55;48;103
hep-th/0302003;hep-th/0302003;14;21;35
hep-th/0301062;hep-th/0301062;40;30;70
hep-th/0201080;hep-th/0201080;28;14;42
quant-ph/0212026;quant-ph/0212026;8;11;19
quant-ph/0011089;quant-ph/0011089;16;10;26
0805.4482;0805.4482;0;9;9
hep-th/0601009;hep-th/0601009;4;25;29
math-ph/0604014;math-ph/0604014;12;26;38
solv-int/9608004;solv-int/9608004;15;1;16
hep-th/9411053;hep-th/9411053;28;16;44
hep-th/9209083;hep-th/9209083;22;0;22
math-ph/0610049;math-ph/0610049;5;10;15
hep-th/9209074;hep-th/9209074;18;0;18
hep-th/0502041;hep-th/0502041;9;14;23
hep-th/9910104;hep-th/9910104;4;14;18
hep-th/9809042;hep-th/9809042;1;10;11
hep-th/9705001;hep-th/9705001;3;12;15
hep-th/9809014;hep-th/9809014;4;3;7
hep-th/9511069;hep-th/9511069;5;3;8
hep-ph/9508322;hep-ph/9508322;3;3;6
hep-th/9603049;hep-th/9603049;13;8;21
hep-th/9604195;hep-th/9604195;15;8;23
gr-qc/9506054;gr-qc/9506054;22;8;30
hep-th/9310121;hep-th/9310121;7;4;11
hep-th/9310122;hep-th/9310122;35;6;41
hep-th/0302004;hep-th/0302004;6;2;8
hep-th/0201208;hep-th/0201208;5;1;6
hep-th/9910107;hep-th/9910107;5;5;10
hep-th/9704055;hep-th/9704055;34;19;53
cond-mat/9707301;cond-mat/9707301;89;15;104
hep-th/0212147;hep-th/0212147;9;20;29
hep-th/0206237;hep-th/0206237;29;30;59
hep-th/0211197;hep-th/0211197;19;25;44
hep-th/0207257;hep-th/0207257;10;66;76
hep-th/0205258;hep-th/0205258;35;31;66
hep-th/0209054;hep-th/0209054;11;35;46
hep-th/0209116;hep-th/0209116;70;45;115
hep-th/0210091;hep-th/0210091;16;21;37
hep-th/0202157;hep-th/0202157;117;21;138
hep-th/0002198;hep-th/0002198;17;25;42
hep-th/0007147;hep-th/0007147;43;43;86
hep-th/0210072;hep-th/0210072;7;39;46
hep-th/0205280;hep-th/0205280;38;18;56
hep-th/0007215;hep-th/0007215;35;36;71
hep-th/0207223;hep-th/0207223;20;18;38
hep-th/0209047;hep-th/0209047;86;34;120
hep-th/0209224;hep-th/0209224;37;23;60
hep-th/0205244;hep-th/0205244;72;28;100
hep-th/0209004;hep-th/0209004;27;30;57
hep-th/0210218;hep-th/0210218;37;50;87
hep-th/0207284;hep-th/0207284;81;17;98
hep-th/0210122;hep-th/0210122;37;28;65
hep-th/0301178;hep-th/0301178;23;37;60
0705.0889;0705.0889;0;41;41
astro-ph/0607458;astro-ph/0607458;27;29;56
hep-th/0612265;hep-th/0612265;4;8;12
0808.2691;0808.2691;0;21;21
hep-th/0209160;hep-th/0209160;25;64;89
hep-th/0208077;hep-th/0208077;17;11;28
hep-th/0611351;hep-th/0611351;30;24;54
hep-th/0606088;hep-th/0606088;44;26;70
hep-th/0607085;hep-th/0607085;13;43;56
hep-th/0501202;hep-th/0501202;13;0;13
hep-th/0702069;hep-th/0702069;16;17;33
hep-th/0502007;hep-th/0502007;10;29;39
hep-ph/9511426;hep-ph/9511426;18;20;38
hep-ph/9308365;hep-ph/9308365;39;2;41
hep-ph/9510246;hep-ph/9510246;10;1;11
hep-th/9508033;hep-th/9508033;31;6;37
hep-th/9510009;hep-th/9510009;43;30;73
hep-th/9203025;hep-th/9203025;88;3;91
hep-ph/9510216;hep-ph/9510216;6;4;10
hep-th/9409096;hep-th/9409096;17;1;18
hep-th/9505080;hep-th/9505080;25;0;25
hep-th/9506006;hep-th/9506006;25;2;27
hep-ph/9511266;hep-ph/9511266;17;23;40
hep-ph/9405374;hep-ph/9405374;15;4;19
hep-ph/9412332;hep-ph/9412332;11;11;22
hep-th/0302006;hep-th/0302006;5;53;58
hep-ph/9403312;hep-ph/9403312;45;3;48
hep-th/0211269;hep-th/0211269;62;30;92
hep-th/0209245;hep-th/0209245;8;12;20
hep-th/9805133;hep-th/9805133;37;27;64
hep-th/0009089;hep-th/0009089;26;33;59
hep-th/0301147;hep-th/0301147;10;37;47
hep-th/0011289;hep-th/0011289;31;17;48
hep-ph/0301037;hep-ph/0301037;19;23;42
hep-th/0206165;hep-th/0206165;23;0;23
hep-th/9708112;hep-th/9708112;44;47;91
hep-th/0008230;hep-th/0008230;25;47;72
0704.2835;0704.2835;0;16;16
hep-ph/0412145;hep-ph/0412145;27;2;29
hep-th/0701233;hep-th/0701233;19;54;73
hep-ph/0502177;hep-ph/0502177;10;0;10
hep-th/0405205;hep-th/0405205;34;20;54
hep-th/0411093;hep-th/0411093;39;37;76
hep-th/0611148;hep-th/0611148;35;0;35
hep-th/0612056;hep-th/0612056;22;11;33
hep-th/0602242;hep-th/0602242;20;33;53
hep-th/0505232;hep-th/0505232;55;25;80
hep-th/9910101;hep-th/9910101;16;3;19
hep-th/9803026;hep-th/9803026;19;15;34
hep-th/9805175;hep-th/9805175;23;12;35
0804.0412;0804.0412;0;6;6
hep-th/0611033;hep-th/0611033;39;20;59
hep-th/0302007;hep-th/0302007;31;8;39
astro-ph/0211544;astro-ph/0211544;21;0;21
hep-ph/9708329;hep-ph/9708329;35;11;46
hep-th/0611289;hep-th/0611289;10;45;55
hep-th/0610154;hep-th/0610154;11;30;41
hep-th/0610155;hep-th/0610155;14;44;58
hep-th/0601020;hep-th/0601020;6;39;45
hep-th/9311072;hep-th/9311072;8;4;12
hep-th/0604204;hep-th/0604204;10;41;51
hep-th/0511043;hep-th/0511043;19;56;75
hep-th/0512245;hep-th/0512245;23;41;64
hep-th/0405222;hep-th/0405222;15;24;39
hep-th/0410174;hep-th/0410174;22;17;39
hep-th/0609129;hep-th/0609129;11;61;72
hep-th/0307244;hep-th/0307244;15;17;32
hep-th/0605168;hep-th/0605168;1;21;22
hep-th/0608021;hep-th/0608021;29;25;54
hep-th/0012131;hep-th/0012131;25;40;65
hep-th/0608162;hep-th/0608162;5;44;49
hep-th/0509002;hep-th/0509002;21;33;54
hep-th/0605209;hep-th/0605209;5;13;18
hep-th/0509004;hep-th/0509004;19;18;37
hep-th/0509041;hep-th/0509041;22;67;89
hep-th/0509109;hep-th/0509109;23;12;35
hep-th/0007143;hep-th/0007143;17;9;26
hep-th/0512213;hep-th/0512213;9;49;58
hep-th/0611115;hep-th/0611115;2;25;27
hep-th/0402119;hep-th/0402119;3;14;17
hep-th/0606120;hep-th/0606120;17;55;72
hep-th/0308005;hep-th/0308005;14;11;25
hep-th/0512296;hep-th/0512296;40;35;75
hep-th/0307103;hep-th/0307103;8;12;20
0709.2140;0709.2140;0;33;33
hep-th/0608151;hep-th/0608151;50;15;65
hep-th/0011179;hep-th/0011179;43;15;58
hep-th/9908094;hep-th/9908094;18;39;57
hep-ph/0602229;hep-ph/0602229;119;25;144
cond-mat/0511014;cond-mat/0511014;18;16;34
hep-th/0607150;hep-th/0607150;8;45;53
hep-th/0108101;hep-th/0108101;93;41;134
hep-th/0608209;hep-th/0608209;15;42;57
quant-ph/0505193;quant-ph/0505193;20;5;25
hep-th/0510229;hep-th/0510229;4;23;27
hep-th/9906059;hep-th/9906059;1;6;7
hep-th/9905036;hep-th/9905036;21;18;39
hep-th/9905161;hep-th/9905161;13;21;34
hep-ph/0305256;hep-ph/0305256;27;22;49
hep-ph/0205168;hep-ph/0205168;14;22;36
hep-ph/0209337;hep-ph/0209337;31;29;60
hep-th/9910103;hep-th/9910103;2;6;8
hep-th/9908131;hep-th/9908131;2;6;8
hep-th/9905077;hep-th/9905077;4;7;11
hep-th/9812147;hep-th/9812147;6;1;7
hep-th/9901100;hep-th/9901100;5;3;8
0906.0489;0906.0489;0;6;6
hep-th/0703255;hep-th/0703255;6;18;24
hep-th/0604024;hep-th/0604024;18;12;30
hep-th/0612249;hep-th/0612249;4;16;20
hep-th/9912056;hep-th/9912056;8;4;12
hep-th/9504019;hep-th/9504019;92;12;104
cond-mat/0211027;cond-mat/0211027;5;3;8
hep-th/0109120;hep-th/0109120;7;0;7
hep-th/0104024;hep-th/0104024;17;9;26
cond-mat/0106525;cond-mat/0106525;6;7;13
hep-th/9906114;hep-th/9906114;10;9;19
hep-th/9902053;hep-th/9902053;16;5;21
hep-th/9909104;hep-th/9909104;6;19;25
hep-th/9902085;hep-th/9902085;6;2;8
hep-th/9703026;hep-th/9703026;6;12;18
0709.3968;0709.3968;0;45;45
astro-ph/0507067;astro-ph/0507067;91;0;91
hep-th/0508194;hep-th/0508194;70;43;113
hep-th/0610274;hep-th/0610274;55;21;76
hep-th/0406120;hep-th/0406120;19;86;105
math-ph/0306018;math-ph/0306018;38;3;41
hep-th/0409089;hep-th/0409089;8;1;9
hep-th/0504200;hep-th/0504200;35;43;78
hep-th/0311184;hep-th/0311184;13;11;24
hep-th/0701284;hep-th/0701284;15;19;34
hep-th/0612230;hep-th/0612230;38;0;38
hep-th/0612052;hep-th/0612052;13;33;46
hep-th/0403031;hep-th/0403031;22;47;69
hep-th/0512259;hep-th/0512259;33;49;82
hep-th/0703007;hep-th/0703007;18;0;18
hep-th/0207191;hep-th/0207191;7;8;15
math-ph/0611068;math-ph/0611068;16;4;20
astro-ph/0505605;astro-ph/0505605;27;56;83
hep-th/0612098;hep-th/0612098;31;46;77
hep-th/0605085;hep-th/0605085;44;40;84
hep-th/0701184;hep-th/0701184;37;77;114
hep-th/0409179;hep-th/0409179;18;17;35
hep-th/0701249;hep-th/0701249;50;30;80
hep-th/0701248;hep-th/0701248;46;39;85
hep-th/0701103;hep-th/0701103;23;61;84
astro-ph/0410443;astro-ph/0410443;51;33;84
hep-th/0505031;hep-th/0505031;26;64;90
0905.4000;0905.4000;0;12;12
hep-th/0602080;hep-th/0602080;1;11;12
quant-ph/0703044;quant-ph/0703044;16;0;16
hep-th/0512337;hep-th/0512337;5;29;34
math-ph/0601038;math-ph/0601038;5;4;9
hep-th/0404014;hep-th/0404014;11;16;27
hep-th/0504122;hep-th/0504122;5;21;26
hep-th/9805023;hep-th/9805023;37;8;45
hep-th/9601114;hep-th/9601114;6;5;11
hep-th/9212060;hep-th/9212060;45;0;45
hep-th/9209043;hep-th/9209043;20;0;20
hep-th/9411077;hep-th/9411077;44;2;46
hep-th/9503098;hep-th/9503098;6;2;8
hep-th/9801171;hep-th/9801171;35;2;37
hep-th/9510175;hep-th/9510175;33;7;40
hep-th/9805021;hep-th/9805021;1;1;2
hep-th/9805020;hep-th/9805020;7;8;15
hep-th/9601020;hep-th/9601020;12;9;21
hep-th/9412100;hep-th/9412100;2;0;2
hep-th/9605186;hep-th/9605186;1;5;6
hep-th/9609133;hep-th/9609133;6;6;12
hep-th/9603174;hep-th/9603174;16;4;20
hep-th/9805027;hep-th/9805027;1;23;24
hep-th/9709198;hep-th/9709198;7;18;25
gr-qc/9705065;gr-qc/9705065;25;17;42
hep-th/9610171;hep-th/9610171;21;21;42
hep-th/9606113;hep-th/9606113;28;22;50
hep-th/9705063;hep-th/9705063;4;25;29
hep-th/9510007;hep-th/9510007;26;16;42
gr-qc/9602011;gr-qc/9602011;14;19;33
hep-th/9805026;hep-th/9805026;9;9;18
hep-th/9509105;hep-th/9509105;41;6;47
q-alg/9605046;q-alg/9605046;14;3;17
hep-th/9411134;hep-th/9411134;14;2;16
hep-th/9503208;hep-th/9503208;26;10;36
hep-th/9111016;hep-th/9111016;34;0;34
hep-th/9406032;hep-th/9406032;23;9;32
hep-th/9503206;hep-th/9503206;2;6;8
hep-th/9411058;hep-th/9411058;5;2;7
hep-th/9307182;hep-th/9307182;8;2;10
hep-th/9112020;hep-th/9112020;25;0;25
hep-th/9307092;hep-th/9307092;10;4;14
hep-th/9411129;hep-th/9411129;7;3;10
hep-th/9409165;hep-th/9409165;14;0;14
hep-th/9503204;hep-th/9503204;13;6;19
hep-ph/9409402;hep-ph/9409402;19;0;19
hep-th/9502082;hep-th/9502082;3;3;6
hep-th/9502081;hep-th/9502081;5;4;9
hep-th/9509028;hep-th/9509028;20;2;22
hep-th/9302136;hep-th/9302136;34;0;34
hep-th/9301015;hep-th/9301015;59;12;71
hep-th/9310159;hep-th/9310159;35;25;60
hep-th/9502038;hep-th/9502038;62;32;94
hep-th/9405156;hep-th/9405156;12;5;17
hep-th/9206107;hep-th/9206107;29;7;36
hep-th/9301047;hep-th/9301047;58;12;70
hep-th/9411078;hep-th/9411078;8;13;21
hep-th/9207118;hep-th/9207118;9;7;16
hep-th/9503202;hep-th/9503202;10;6;16
hep-th/9408098;hep-th/9408098;34;9;43
gr-qc/9312002;gr-qc/9312002;49;1;50
hep-th/9201059;hep-th/9201059;73;0;73
hep-th/9503203;hep-th/9503203;4;6;10
hep-th/9501017;hep-th/9501017;19;1;20
hep-th/9503200;hep-th/9503200;2;7;9
hep-th/9301102;hep-th/9301102;34;0;34
hep-th/9407173;hep-th/9407173;12;0;12
gr-qc/9306023;gr-qc/9306023;51;31;82
hep-th/9409005;hep-th/9409005;1;2;3
hep-lat/0202023;hep-lat/0202023;3;9;12
hep-th/9911125;hep-th/9911125;16;21;37
hep-th/0112230;hep-th/0112230;12;20;32
hep-th/9610101;hep-th/9610101;40;5;45
hep-th/9907139;hep-th/9907139;49;19;68
hep-th/0007119;hep-th/0007119;12;0;12
0912.4206;0912.4206;0;6;6
hep-th/0409098;hep-th/0409098;75;104;179
0808.4152;0808.4152;0;31;31
gr-qc/9303007;gr-qc/9303007;35;1;36
gr-qc/0611107;gr-qc/0611107;27;26;53
astro-ph/0403072;astro-ph/0403072;20;34;54
gr-qc/0607124;gr-qc/0607124;19;28;47
0808.2977;0808.2977;0;22;22
hep-th/9705179;hep-th/9705179;10;5;15
hep-th/9802143;hep-th/9802143;4;11;15
hep-th/9909018;hep-th/9909018;3;12;15
gr-qc/9712049;gr-qc/9712049;6;6;12
hep-th/9810070;hep-th/9810070;112;81;193
gr-qc/9906091;gr-qc/9906091;26;6;32
gr-qc/0103069;gr-qc/0103069;11;13;24
hep-th/9504053;hep-th/9504053;14;6;20
hep-th/0612219;hep-th/0612219;2;43;45
hep-th/0601135;hep-th/0601135;7;25;32
hep-th/9409185;hep-th/9409185;22;3;25
hep-th/0002098;hep-th/0002098;33;20;53
hep-th/0606004;hep-th/0606004;9;0;9
hep-th/0407248;hep-th/0407248;8;27;35
0902.3170;0902.3170;0;1;1
hep-th/0411123;hep-th/0411123;24;44;68
hep-th/0409228;hep-th/0409228;27;30;57
hep-th/9806052;hep-th/9806052;9;17;26
hep-th/0408188;hep-th/0408188;21;4;25
hep-th/0410077;hep-th/0410077;61;14;75
hep-th/0410118;hep-th/0410118;17;0;17
hep-th/0410014;hep-th/0410014;12;15;27
hep-th/9902110;hep-th/9902110;31;15;46
hep-th/0408191;hep-th/0408191;23;31;54
hep-th/0406224;hep-th/0406224;28;34;62
hep-th/0403256;hep-th/0403256;16;65;81
hep-th/0404085;hep-th/0404085;50;13;63
hep-th/0405236;hep-th/0405236;25;11;36
hep-th/9909109;hep-th/9909109;12;17;29
hep-th/0403199;hep-th/0403199;40;9;49
hep-th/0410047;hep-th/0410047;16;4;20
hep-th/0410045;hep-th/0410045;22;20;42
hep-th/0403192;hep-th/0403192;59;13;72
0904.1777;0904.1777;0;23;23
hep-th/0311240;hep-th/0311240;50;17;67
hep-th/0606237;hep-th/0606237;16;38;54
hep-th/0608197;hep-th/0608197;6;26;32
gr-qc/9811012;gr-qc/9811012;9;0;9
hep-th/0410154;hep-th/0410154;20;0;20
hep-th/0411104;hep-th/0411104;8;20;28
hep-th/0411105;hep-th/0411105;9;10;19
hep-th/9805087;hep-th/9805087;55;15;70
gr-qc/9706044;gr-qc/9706044;8;1;9
gr-qc/9606020;gr-qc/9606020;9;5;14
0807.3548;0807.3548;0;25;25
astro-ph/0503230;astro-ph/0503230;49;54;103
astro-ph/0403687;astro-ph/0403687;124;15;139
astro-ph/0405446;astro-ph/0405446;35;13;48
astro-ph/0505004;astro-ph/0505004;6;39;45
astro-ph/0403664;astro-ph/0403664;36;3;39
astro-ph/0606689;astro-ph/0606689;16;34;50
astro-ph/0508542;astro-ph/0508542;29;52;81
astro-ph/0502032;astro-ph/0502032;32;68;100
astro-ph/0603109;astro-ph/0603109;34;14;48
gr-qc/0309109;gr-qc/0309109;27;5;32
astro-ph/0303009;astro-ph/0303009;54;12;66
hep-th/0510004;hep-th/0510004;13;43;56
hep-lat/0503039;hep-lat/0503039;49;27;76
hep-lat/0503036;hep-lat/0503036;44;28;72
hep-lat/0304006;hep-lat/0304006;41;0;41
hep-lat/0507029;hep-lat/0507029;45;37;82
hep-th/0005087;hep-th/0005087;83;45;128
hep-th/0504217;hep-th/0504217;19;29;48
hep-th/0407135;hep-th/0407135;24;19;43
hep-lat/0509136;hep-lat/0509136;14;37;51
hep-lat/0301025;hep-lat/0301025;28;38;66
hep-th/0409106;hep-th/0409106;11;48;59
hep-th/0205213;hep-th/0205213;64;44;108
hep-lat/0410035;hep-lat/0410035;46;31;77
hep-lat/0507019;hep-lat/0507019;29;38;67
hep-th/0310117;hep-th/0310117;34;63;97
hep-th/0506205;hep-th/0506205;17;77;94
hep-th/0311041;hep-th/0311041;15;42;57
hep-th/0506062;hep-th/0506062;15;86;101
hep-th/0110146;hep-th/0110146;71;32;103
hep-lat/0410052;hep-lat/0410052;53;22;75
hep-lat/0506014;hep-lat/0506014;23;29;52
hep-lat/0504016;hep-lat/0504016;24;22;46
hep-lat/0401017;hep-lat/0401017;57;24;81
hep-lat/0307012;hep-lat/0307012;60;13;73
hep-lat/0509032;hep-lat/0509032;19;32;51
hep-th/0404123;hep-th/0404123;9;22;31
hep-th/0111079;hep-th/0111079;14;50;64
hep-th/9809116;hep-th/9809116;0;3;3
hep-th/9504125;hep-th/9504125;6;0;6
hep-th/9409004;hep-th/9409004;6;3;9
hep-th/9608179;hep-th/9608179;7;2;9
quant-ph/0703214;quant-ph/0703214;2;5;7
quant-ph/0702061;quant-ph/0702061;3;25;28
quant-ph/0512134;quant-ph/0512134;16;7;23
quant-ph/0503134;quant-ph/0503134;15;3;18
quant-ph/0703139;quant-ph/0703139;3;5;8
quant-ph/0703174;quant-ph/0703174;7;15;22
0904.3064;0904.3064;0;27;27
hep-th/0701156;hep-th/0701156;31;23;54
hep-th/0211241;hep-th/0211241;69;0;69
hep-th/9310070;hep-th/9310070;36;1;37
hep-th/0506249;hep-th/0506249;44;6;50
solv-int/9701004;solv-int/9701004;1;0;1
hep-th/0311024;hep-th/0311024;4;30;34
math/0412089;math/0412089;7;16;23
hep-th/0310272;hep-th/0310272;51;74;125
math-ph/0702045;math-ph/0702045;50;47;97
0910.4332;0910.4332;0;21;21
hep-th/0306131;hep-th/0306131;45;19;64
hep-th/0304181;hep-th/0304181;48;15;63
hep-th/0208197;hep-th/0208197;40;21;61
hep-th/0511133;hep-th/0511133;23;18;41
hep-th/0205048;hep-th/0205048;136;49;185
hep-th/0211206;hep-th/0211206;16;28;44
hep-th/0311053;hep-th/0311053;10;24;34
hep-th/9712150;hep-th/9712150;25;0;25
hep-th/0310259;hep-th/0310259;44;30;74
hep-th/0409156;hep-th/0409156;36;14;50
hep-th/0210234;hep-th/0210234;30;20;50
hep-th/9612248;hep-th/9612248;24;33;57
hep-th/0406002;hep-th/0406002;41;24;65
0804.4414;0804.4414;0;9;9
hep-th/9705241;hep-th/9705241;76;14;90
hep-th/0612305;hep-th/0612305;0;8;8
hep-th/0510074;hep-th/0510074;11;18;29
0904.1776;0904.1776;0;41;41
hep-th/0605072;hep-th/0605072;11;10;21
hep-th/9603147;hep-th/9603147;70;25;95
hep-th/0605075;hep-th/0605075;27;21;48
hep-th/0604207;hep-th/0604207;28;22;50
gr-qc/9407021;gr-qc/9407021;50;19;69
hep-th/9412076;hep-th/9412076;22;8;30
hep-th/0611205;hep-th/0611205;15;26;41
hep-th/0412153;hep-th/0412153;30;18;48
hep-th/0702129;hep-th/0702129;18;72;90
hep-th/9203083;hep-th/9203083;75;3;78
hep-th/0208225;hep-th/0208225;29;21;50
hep-th/9209070;hep-th/9209070;44;3;47
hep-th/0605042;hep-th/0605042;10;20;30
gr-qc/0702086;gr-qc/0702086;14;27;41
hep-th/0703046;hep-th/0703046;15;56;71
hep-th/0610085;hep-th/0610085;13;30;43
hep-th/0606005;hep-th/0606005;14;27;41
hep-th/0511016;hep-th/0511016;17;25;42
gr-qc/0212057;gr-qc/0212057;15;5;20
hep-th/0612304;hep-th/0612304;7;9;16
hep-th/0509149;hep-th/0509149;8;7;15
hep-th/0507133;hep-th/0507133;15;10;25
hep-th/9608122;hep-th/9608122;7;5;12
hep-th/0208016;hep-th/0208016;9;15;24
hep-lat/0408044;hep-lat/0408044;4;23;27
hep-th/0312119;hep-th/0312119;12;20;32
hep-th/0112167;hep-th/0112167;19;14;33
hep-th/0309228;hep-th/0309228;14;8;22
0804.4418;0804.4418;0;18;18
hep-th/0412028;hep-th/0412028;13;13;26
hep-th/0702100;hep-th/0702100;4;20;24
hep-th/0412163;hep-th/0412163;33;0;33
hep-th/0610227;hep-th/0610227;7;20;27
hep-th/0011227;hep-th/0011227;6;22;28
hep-th/0608111;hep-th/0608111;19;16;35
hep-th/9710147;hep-th/9710147;61;8;69
hep-th/0604040;hep-th/0604040;40;19;59
hep-th/0508011;hep-th/0508011;11;12;23
hep-th/0511230;hep-th/0511230;8;9;17
hep-th/0703224;hep-th/0703224;4;17;21
hep-th/0511277;hep-th/0511277;13;17;30
hep-th/9809119;hep-th/9809119;15;7;22
hep-th/9803170;hep-th/9803170;34;14;48
hep-th/9606007;hep-th/9606007;15;0;15
hep-th/9801169;hep-th/9801169;6;14;20
gr-qc/9807087;gr-qc/9807087;6;9;15
0709.4595;0709.4595;0;13;13
hep-th/0702201;hep-th/0702201;9;7;16
0901.0424;0901.0424;0;3;3
hep-th/9912134;hep-th/9912134;5;3;8
hep-ph/0007166;hep-ph/0007166;17;8;25
hep-th/9301039;hep-th/9301039;3;1;4
hep-th/9301038;hep-th/9301038;68;4;72
hep-th/9203030;hep-th/9203030;54;0;54
hep-th/9211064;hep-th/9211064;8;0;8
hep-ph/0510142;hep-ph/0510142;3;29;32
cond-mat/9801167;cond-mat/9801167;20;4;24
cond-mat/0002402;cond-mat/0002402;13;7;20
hep-lat/0009029;hep-lat/0009029;6;2;8
hep-ph/0210439;hep-ph/0210439;2;0;2
cond-mat/9912116;cond-mat/9912116;3;0;3
cond-mat/9912115;cond-mat/9912115;22;14;36
hep-th/9503230;hep-th/9503230;56;0;56
cond-mat/9912132;cond-mat/9912132;2;0;2
hep-ph/9310338;hep-ph/9310338;28;1;29
cond-mat/9912071;cond-mat/9912071;9;6;15
cond-mat/9805081;cond-mat/9805081;6;2;8
hep-th/9803264;hep-th/9803264;35;0;35
hep-ph/0006066;hep-ph/0006066;3;2;5
quant-ph/9611050;quant-ph/9611050;11;1;12
hep-ph/9610344;hep-ph/9610344;2;4;6
hep-th/9812197;hep-th/9812197;19;5;24
hep-ph/0002051;hep-ph/0002051;6;5;11
hep-ph/9407352;hep-ph/9407352;1;0;1
hep-ph/0210239;hep-ph/0210239;2;3;5
hep-ph/9403262;hep-ph/9403262;5;0;5
math-ph/0103010;math-ph/0103010;2;0;2
hep-ph/9510437;hep-ph/9510437;7;2;9
hep-ph/9702407;hep-ph/9702407;3;5;8
hep-ph/0510033;hep-ph/0510033;2;2;4
hep-ph/0006074;hep-ph/0006074;3;4;7
cond-mat/9803240;cond-mat/9803240;68;12;80
cond-mat/0206509;cond-mat/0206509;1;0;1
hep-th/9301031;hep-th/9301031;2;2;4
hep-th/9208016;hep-th/9208016;3;0;3
hep-th/9211138;hep-th/9211138;12;3;15
0909.2924;0909.2924;0;22;22
hep-th/9812216;hep-th/9812216;21;17;38
hep-th/9901118;hep-th/9901118;19;21;40
hep-th/9902079;hep-th/9902079;18;27;45
hep-th/9611083;hep-th/9611083;17;8;25
hep-th/9811002;hep-th/9811002;28;16;44
hep-th/9909146;hep-th/9909146;5;37;42
hep-th/0002104;hep-th/0002104;9;42;51
hep-th/0003035;hep-th/0003035;11;12;23
hep-th/0002188;hep-th/0002188;6;24;30
hep-lat/0110193;hep-lat/0110193;0;7;7
hep-lat/9403013;hep-lat/9403013;18;0;18
hep-lat/0110150;hep-lat/0110150;2;5;7
hep-th/0011246;hep-th/0011246;9;3;12
hep-lat/9708023;hep-lat/9708023;30;1;31
cond-mat/9603139;cond-mat/9603139;7;0;7
hep-th/0109195;hep-th/0109195;6;19;25
hep-th/9910031;hep-th/9910031;7;18;25
hep-th/0105221;hep-th/0105221;12;25;37
hep-th/0012009;hep-th/0012009;43;36;79
hep-th/0011088;hep-th/0011088;63;42;105
hep-th/0005208;hep-th/0005208;155;32;187
hep-th/0612302;hep-th/0612302;2;22;24
hep-th/0402149;hep-th/0402149;126;42;168
hep-th/0408010;hep-th/0408010;88;13;101
hep-th/0611325;hep-th/0611325;4;44;48
hep-th/0608201;hep-th/0608201;10;28;38
hep-th/0408122;hep-th/0408122;114;27;141
hep-th/0505244;hep-th/0505244;35;14;49
hep-th/0512157;hep-th/0512157;17;27;44
0709.3941;0709.3941;0;2;2
math-ph/0610018;math-ph/0610018;2;5;7
hep-th/0206040;hep-th/0206040;4;1;5
0904.3557;0904.3557;0;43;43
gr-qc/9909079;gr-qc/9909079;92;8;100
hep-th/9405147;hep-th/9405147;33;0;33
hep-th/9905008;hep-th/9905008;9;7;16
hep-th/0412225;hep-th/0412225;11;10;21
hep-th/0407172;hep-th/0407172;27;14;41
hep-th/0102021;hep-th/0102021;61;25;86
hep-th/0102108;hep-th/0102108;33;27;60
hep-th/0510045;hep-th/0510045;5;17;22
hep-th/0409125;hep-th/0409125;16;11;27
hep-th/0603002;hep-th/0603002;9;31;40
hep-th/9605211;hep-th/9605211;74;14;88
hep-th/0110279;hep-th/0110279;65;29;94
hep-th/0310220;hep-th/0310220;13;17;30
hep-th/0601015;hep-th/0601015;11;24;35
hep-th/0401241;hep-th/0401241;17;15;32
hep-ph/0101087;hep-ph/0101087;64;6;70
hep-th/0101097;hep-th/0101097;43;12;55
hep-ph/0205211;hep-ph/0205211;84;18;102
hep-th/0403037;hep-th/0403037;5;10;15
hep-th/0512090;hep-th/0512090;7;16;23
hep-ph/0407034;hep-ph/0407034;31;8;39
hep-th/0010129;hep-th/0010129;29;9;38
hep-th/0604164;hep-th/0604164;18;40;58
hep-ph/0510391;hep-ph/0510391;8;14;22
hep-th/0611009;hep-th/0611009;10;20;30
hep-th/0505228;hep-th/0505228;8;12;20
hep-ph/0201164;hep-ph/0201164;24;9;33
hep-ph/0111016;hep-ph/0111016;40;12;52
hep-th/0612208;hep-th/0612208;3;13;16
hep-ph/9810553;hep-ph/9810553;59;6;65
astro-ph/0606306;astro-ph/0606306;5;18;23
astro-ph/9912046;astro-ph/9912046;59;6;65
hep-th/0605228;hep-th/0605228;6;37;43
astro-ph/0510208;astro-ph/0510208;22;7;29
hep-th/0603249;hep-th/0603249;61;43;104
astro-ph/9905040;astro-ph/9905040;59;5;64
0711.4996;0711.4996;0;39;39
astro-ph/0102349;astro-ph/0102349;5;1;6
hep-ph/0512190;hep-ph/0512190;8;0;8
hep-ph/0701197;hep-ph/0701197;12;26;38
hep-th/0702143;hep-th/0702143;4;25;29
astro-ph/0603148;astro-ph/0603148;1;2;3
hep-th/0104172;hep-th/0104172;16;4;20
hep-th/0308078;hep-th/0308078;26;22;48
hep-ph/0307375;hep-ph/0307375;8;9;17
astro-ph/0506389;astro-ph/0506389;2;0;2
hep-th/0011282;hep-th/0011282;24;55;79
gr-qc/9909001;gr-qc/9909001;51;42;93
hep-th/0102138;hep-th/0102138;55;25;80
hep-ph/0412001;hep-ph/0412001;3;5;8
astro-ph/0505063;astro-ph/0505063;4;0;4
hep-ph/0310103;hep-ph/0310103;4;3;7
hep-th/0110200;hep-th/0110200;40;69;109
hep-ph/0102264;hep-ph/0102264;26;7;33
hep-th/0111002;hep-th/0111002;22;33;55
hep-th/0107097;hep-th/0107097;11;11;22
hep-ph/9801306;hep-ph/9801306;26;0;26
hep-ph/9804228;hep-ph/9804228;4;6;10
hep-ph/0312248;hep-ph/0312248;10;27;37
hep-th/0611216;hep-th/0611216;5;10;15
hep-th/0611061;hep-th/0611061;6;13;19
hep-th/9910167;hep-th/9910167;17;1;18
hep-th/0010128;hep-th/0010128;21;11;32
hep-th/0005245;hep-th/0005245;85;8;93
hep-th/0405156;hep-th/0405156;7;9;16
hep-th/0509100;hep-th/0509100;8;12;20
hep-th/0509078;hep-th/0509078;3;3;6
hep-th/9804047;hep-th/9804047;8;6;14
hep-th/0111152;hep-th/0111152;16;6;22
hep-th/0611217;hep-th/0611217;9;20;29
hep-th/0610179;hep-th/0610179;14;31;45
hep-ph/0608274;hep-ph/0608274;21;37;58
hep-th/0604161;hep-th/0604161;114;63;177
hep-th/0007008;hep-th/0007008;15;8;23
hep-th/9305128;hep-th/9305128;31;6;37
hep-th/9309059;hep-th/9309059;15;0;15
hep-th/9603163;hep-th/9603163;9;2;11
hep-th/0003108;hep-th/0003108;8;7;15
hep-th/9410180;hep-th/9410180;13;1;14
hep-th/9809164;hep-th/9809164;58;19;77
hep-th/9403144;hep-th/9403144;49;4;53
hep-th/9909143;hep-th/9909143;14;11;25
hep-th/9809113;hep-th/9809113;18;8;26
hep-th/9811143;hep-th/9811143;8;11;19
hep-th/9812087;hep-th/9812087;24;23;47
hep-th/9903234;hep-th/9903234;7;24;31
hep-th/9904137;hep-th/9904137;50;29;79
hep-th/0611212;hep-th/0611212;1;39;40
hep-th/0209190;hep-th/0209190;16;43;59
hep-th/0109087;hep-th/0109087;9;9;18
hep-th/0602180;hep-th/0602180;2;0;2
hep-th/0107204;hep-th/0107204;24;27;51
hep-th/0404114;hep-th/0404114;9;24;33
hep-th/0009023;hep-th/0009023;22;16;38
hep-th/0011085;hep-th/0011085;11;12;23
hep-th/9912226;hep-th/9912226;30;8;38
hep-th/9701127;hep-th/9701127;43;32;75
hep-th/9908045;hep-th/9908045;10;10;20
hep-th/0409151;hep-th/0409151;10;38;48
hep-th/0110227;hep-th/0110227;9;15;24
hep-th/0202044;hep-th/0202044;23;39;62
hep-th/9502026;hep-th/9502026;3;3;6
hep-th/0611213;hep-th/0611213;5;22;27
hep-th/0608178;hep-th/0608178;30;72;102
hep-th/0404154;hep-th/0404154;10;34;44
hep-th/0603062;hep-th/0603062;19;43;62
hep-th/0608127;hep-th/0608127;7;19;26
hep-th/0508049;hep-th/0508049;59;21;80
hep-th/9601101;hep-th/9601101;2;3;5
hep-th/0611210;hep-th/0611210;2;1;3
math-ph/0609052;math-ph/0609052;1;0;1
hep-th/0611211;hep-th/0611211;6;21;27
hep-th/0603127;hep-th/0603127;12;7;19
hep-th/0606277;hep-th/0606277;13;6;19
hep-th/0601111;hep-th/0601111;21;49;70
hep-th/0606011;hep-th/0606011;9;7;16
hep-th/0601137;hep-th/0601137;11;5;16
hep-th/0102076;hep-th/0102076;156;86;242
hep-th/0611196;hep-th/0611196;5;17;22
hep-th/0606212;hep-th/0606212;24;22;46
hep-th/0509224;hep-th/0509224;17;8;25
hep-th/0610106;hep-th/0610106;7;20;27
hep-th/0007002;hep-th/0007002;7;21;28
hep-ph/9912552;hep-ph/9912552;116;36;152
hep-th/0006046;hep-th/0006046;69;15;84
hep-th/0007003;hep-th/0007003;0;2;2
gr-qc/9605052;gr-qc/9605052;3;3;6
hep-th/9811076;hep-th/9811076;5;4;9
hep-th/0003109;hep-th/0003109;34;20;54
hep-th/0002132;hep-th/0002132;35;33;68
hep-th/0006030;hep-th/0006030;42;41;83
hep-ph/0006278;hep-ph/0006278;8;16;24
hep-th/0003162;hep-th/0003162;14;18;32
hep-th/0003262;hep-th/0003262;15;25;40
hep-th/0006077;hep-th/0006077;7;11;18
hep-th/0001166;hep-th/0001166;12;21;33
hep-th/9912175;hep-th/9912175;8;36;44
hep-th/0006184;hep-th/0006184;4;9;13
hep-th/0004155;hep-th/0004155;18;30;48
hep-th/0004056;hep-th/0004056;75;46;121
hep-th/0005206;hep-th/0005206;9;23;32
hep-th/9703168;hep-th/9703168;5;7;12
hep-ph/0002009;hep-ph/0002009;31;26;57
hep-th/0003196;hep-th/0003196;1;9;10
hep-th/0007006;hep-th/0007006;0;5;5
hep-th/0006105;hep-th/0006105;1;5;6
hep-th/0009242;hep-th/0009242;41;68;109
hep-th/9712256;hep-th/9712256;135;5;140
hep-th/9712258;hep-th/9712258;73;1;74
hep-th/9812252;hep-th/9812252;15;14;29
hep-th/9511187;hep-th/9511187;21;15;36
cond-mat/9711109;cond-mat/9711109;9;0;9
hep-th/0006070;hep-th/0006070;21;18;39
hep-th/9504082;hep-th/9504082;38;5;43
hep-th/0005169;hep-th/0005169;3;41;44
hep-th/9607129;hep-th/9607129;31;12;43
hep-th/9909149;hep-th/9909149;23;11;34
cond-mat/9804133;cond-mat/9804133;19;7;26
hep-th/0005152;hep-th/0005152;28;28;56
hep-th/9906215;hep-th/9906215;92;10;102
hep-th/0007004;hep-th/0007004;5;1;6
hep-th/9609212;hep-th/9609212;82;25;107
hep-th/9703215;hep-th/9703215;11;16;27
hep-th/9703051;hep-th/9703051;78;11;89
hep-th/9702180;hep-th/9702180;91;17;108
hep-th/9504113;hep-th/9504113;33;16;49
hep-th/9703172;hep-th/9703172;14;16;30
hep-th/9609095;hep-th/9609095;31;15;46
hep-th/9701139;hep-th/9701139;89;18;107
hep-th/9412179;hep-th/9412179;19;2;21
hep-th/9204005;hep-th/9204005;40;0;40
hep-th/9608078;hep-th/9608078;29;20;49
hep-th/9608196;hep-th/9608196;17;14;31
hep-th/9504122;hep-th/9504122;7;3;10
hep-th/9504121;hep-th/9504121;8;6;14
hep-th/9203081;hep-th/9203081;34;0;34
hep-th/9210163;hep-th/9210163;16;0;16
hep-th/9612218;hep-th/9612218;22;14;36
hep-th/9508100;hep-th/9508100;2;8;10
hep-th/9208035;hep-th/9208035;42;1;43
hep-th/9404162;hep-th/9404162;92;11;103
hep-th/9409043;hep-th/9409043;17;0;17
hep-th/9611066;hep-th/9611066;3;10;13
hep-th/9308129;hep-th/9308129;49;3;52
hep-th/9601125;hep-th/9601125;6;0;6
hep-th/9411101;hep-th/9411101;16;2;18
hep-th/9205075;hep-th/9205075;28;0;28
hep-th/9609004;hep-th/9609004;7;25;32
hep-th/9412242;hep-th/9412242;5;15;20
hep-th/9704047;hep-th/9704047;2;9;11
hep-th/9701154;hep-th/9701154;27;36;63
hep-th/9611223;hep-th/9611223;13;14;27
hep-th/9608026;hep-th/9608026;17;10;27
hep-th/9506020;hep-th/9506020;5;4;9
hep-th/9704046;hep-th/9704046;1;5;6
hep-ph/9507397;hep-ph/9507397;18;1;19
hep-ph/9504337;hep-ph/9504337;22;0;22
hep-th/9603181;hep-th/9603181;17;5;22
hep-th/9704044;hep-th/9704044;73;27;100
hep-th/9612095;hep-th/9612095;59;33;92
hep-th/9701092;hep-th/9701092;15;29;44
hep-th/9611026;hep-th/9611026;19;34;53
hep-th/9701015;hep-th/9701015;40;24;64
hep-th/9611063;hep-th/9611063;71;26;97
hep-th/9503186;hep-th/9503186;34;6;40
hep-lat/9607050;hep-lat/9607050;2;2;4
hep-th/9407170;hep-th/9407170;5;1;6
hep-th/9507124;hep-th/9507124;3;0;3
hep-th/0008120;hep-th/0008120;11;9;20
hep-th/0003007;hep-th/0003007;57;44;101
hep-th/0003099;hep-th/0003099;23;10;33
hep-th/0004024;hep-th/0004024;22;8;30
hep-th/9704049;hep-th/9704049;4;11;15
hep-th/9605019;hep-th/9605019;7;3;10
hep-th/9404190;hep-th/9404190;7;1;8
hep-th/9401009;hep-th/9401009;24;0;24
hep-th/9607140;hep-th/9607140;6;4;10
hep-th/9308128;hep-th/9308128;15;0;15
hep-th/9410014;hep-th/9410014;6;6;12
hep-th/9609032;hep-th/9609032;6;8;14
hep-th/9609033;hep-th/9609033;5;6;11
hep-th/9410239;hep-th/9410239;1;2;3
hep-th/9704048;hep-th/9704048;0;1;1
hep-th/9512172;hep-th/9512172;3;0;3
0809.1832;0809.1832;0;30;30
hep-th/0608193;hep-th/0608193;20;88;108
hep-th/0404050;hep-th/0404050;37;65;102
gr-qc/0411086;gr-qc/0411086;11;16;27
hep-th/0307174;hep-th/0307174;18;14;32
hep-th/0001161;hep-th/0001161;19;11;30
hep-th/9905101;hep-th/9905101;0;4;4
hep-th/9406041;hep-th/9406041;6;0;6
0710.5857;0710.5857;0;7;7
hep-ph/0004145;hep-ph/0004145;7;2;9
hep-ph/0205349;hep-ph/0205349;15;1;16
hep-ph/0310278;hep-ph/0310278;4;5;9
hep-ph/0502169;hep-ph/0502169;21;20;41
gr-qc/0111041;gr-qc/0111041;4;1;5
hep-th/9312038;hep-th/9312038;6;0;6
hep-th/9905100;hep-th/9905100;20;28;48
hep-th/9809214;hep-th/9809214;6;7;13
hep-th/9710058;hep-th/9710058;21;1;22
hep-th/9905107;hep-th/9905107;0;5;5
hep-ph/9708423;hep-ph/9708423;4;3;7
hep-th/9608151;hep-th/9608151;8;0;8
hep-th/9412063;hep-th/9412063;11;2;13
hep-ph/9703357;hep-ph/9703357;8;3;11
0706.2493;0706.2493;0;28;28
hep-th/0602290;hep-th/0602290;13;4;17
hep-th/0701041;hep-th/0701041;15;37;52
hep-th/9601069;hep-th/9601069;33;3;36
hep-th/9212108;hep-th/9212108;22;0;22
hep-ph/9708426;hep-ph/9708426;19;7;26
hep-ph/9705376;hep-ph/9705376;1;3;4
hep-th/9705158;hep-th/9705158;5;3;8
hep-ph/9211211;hep-ph/9211211;38;0;38
hep-th/9411065;hep-th/9411065;8;1;9
hep-ph/9303276;hep-ph/9303276;13;0;13
hep-ph/0402067;hep-ph/0402067;2;2;4
hep-ph/0103185;hep-ph/0103185;28;4;32
0902.0697;0902.0697;0;5;5
gr-qc/0507029;gr-qc/0507029;20;26;46
astro-ph/0611685;astro-ph/0611685;16;20;36
hep-th/9905105;hep-th/9905105;11;8;19
hep-th/9811188;hep-th/9811188;15;3;18
hep-th/9409025;hep-th/9409025;26;2;28
astro-ph/9912377;astro-ph/9912377;1;7;8
gr-qc/9912035;gr-qc/9912035;3;0;3
gr-qc/9211021;gr-qc/9211021;50;4;54
gr-qc/9306015;gr-qc/9306015;20;2;22
astro-ph/0505615;astro-ph/0505615;4;17;21
0903.1015;0903.1015;0;11;11
hep-th/0612231;hep-th/0612231;19;35;54
hep-th/0103159;hep-th/0103159;31;35;66
hep-th/0611174;hep-th/0611174;21;104;125
hep-th/9904187;hep-th/9904187;21;15;36
hep-th/9901018;hep-th/9901018;30;48;78
hep-th/9409064;hep-th/9409064;35;14;49
hep-th/9903203;hep-th/9903203;94;20;114
hep-th/9803051;hep-th/9803051;101;34;135
hep-th/9803053;hep-th/9803053;89;8;97
astro-ph/0604496;astro-ph/0604496;3;1;4
hep-th/9911168;hep-th/9911168;12;1;13
0706.2494;0706.2494;0;53;53
hep-th/0005265;hep-th/0005265;21;14;35
hep-th/0506219;hep-th/0506219;5;34;39
hep-th/0308201;hep-th/0308201;14;21;35
hep-th/9711151;hep-th/9711151;28;0;28
hep-th/9801202;hep-th/9801202;26;11;37
hep-th/0406221;hep-th/0406221;2;7;9
hep-th/0505067;hep-th/0505067;13;45;58
hep-th/0412272;hep-th/0412272;19;62;81
hep-th/9609220;hep-th/9609220;8;4;12
hep-th/0607156;hep-th/0607156;10;23;33
hep-th/0307260;hep-th/0307260;16;54;70
hep-th/0108161;hep-th/0108161;24;49;73
hep-th/0407229;hep-th/0407229;11;67;78
hep-th/0509026;hep-th/0509026;6;25;31
hep-th/0403289;hep-th/0403289;13;26;39
hep-th/0701129;hep-th/0701129;1;46;47
hep-th/0503123;hep-th/0503123;12;43;55
hep-th/0112160;hep-th/0112160;73;24;97
hep-th/0504232;hep-th/0504232;56;52;108
hep-th/0205154;hep-th/0205154;31;19;50
hep-th/0607163;hep-th/0607163;12;82;94
hep-th/0409242;hep-th/0409242;18;18;36
hep-th/9804088;hep-th/9804088;2;2;4
hep-th/9502031;hep-th/9502031;44;13;57
hep-th/9804089;hep-th/9804089;15;10;25
hep-th/9204090;hep-th/9204090;48;0;48
hep-th/9802117;hep-th/9802117;6;9;15
hep-th/9302037;hep-th/9302037;23;5;28
hep-th/9506206;hep-th/9506206;28;38;66
hep-th/9501127;hep-th/9501127;67;18;85
hep-th/9804082;hep-th/9804082;0;15;15
gr-qc/9802052;gr-qc/9802052;15;0;15
gr-qc/9403031;gr-qc/9403031;133;10;143
hep-th/9802057;hep-th/9802057;26;29;55
hep-th/9703031;hep-th/9703031;96;29;125
hep-th/9803023;hep-th/9803023;81;32;113
hep-th/9803028;hep-th/9803028;54;37;91
hep-th/9802116;hep-th/9802116;85;3;88
hep-th/9803082;hep-th/9803082;22;32;54
gr-qc/9510037;gr-qc/9510037;14;1;15
cond-mat/9703220;cond-mat/9703220;4;0;4
hep-th/9402053;hep-th/9402053;11;2;13
cond-mat/9502082;cond-mat/9502082;2;0;2
cond-mat/9707131;cond-mat/9707131;2;0;2
cond-mat/9801158;cond-mat/9801158;2;0;2
hep-th/9303043;hep-th/9303043;21;0;21
hep-th/9804086;hep-th/9804086;4;55;59
hep-th/9710123;hep-th/9710123;36;14;50
hep-th/9711194;hep-th/9711194;19;23;42
hep-th/9803126;hep-th/9803126;27;28;55
hep-th/9803217;hep-th/9803217;16;25;41
hep-th/9802130;hep-th/9802130;10;0;10
hep-th/9701055;hep-th/9701055;40;36;76
hep-th/9801036;hep-th/9801036;13;35;48
hep-th/9712062;hep-th/9712062;28;21;49
hep-th/9708017;hep-th/9708017;19;29;48
hep-th/9610156;hep-th/9610156;66;42;108
hep-th/9708170;hep-th/9708170;38;29;67
solv-int/9606005;solv-int/9606005;7;21;28
hep-th/9712177;hep-th/9712177;20;34;54
alg-geom/9705010;alg-geom/9705010;36;34;70
hep-th/9712109;hep-th/9712109;22;23;45
hep-th/9604191;hep-th/9604191;5;4;9
hep-th/9711108;hep-th/9711108;70;38;108
hep-th/9712018;hep-th/9712018;14;42;56
hep-th/9712110;hep-th/9712110;13;92;105
hep-th/9705229;hep-th/9705229;16;0;16
hep-th/9804087;hep-th/9804087;13;25;38
hep-th/9705118;hep-th/9705118;10;20;30
hep-th/9706094;hep-th/9706094;14;14;28
hep-th/9708001;hep-th/9708001;13;13;26
hep-th/9712068;hep-th/9712068;19;14;33
hep-th/9711009;hep-th/9711009;23;6;29
hep-th/9111001;hep-th/9111001;24;0;24
hep-th/9802047;hep-th/9802047;74;31;105
hep-th/9605046;hep-th/9605046;55;54;109
hep-th/9504012;hep-th/9504012;12;6;18
0911.0358;0911.0358;0;7;7
hep-th/0301048;hep-th/0301048;30;18;48
hep-th/0104179;hep-th/0104179;43;9;52
hep-th/0702021;hep-th/0702021;35;21;56
hep-th/0703025;hep-th/0703025;16;44;60
hep-th/9905108;hep-th/9905108;7;9;16
hep-th/9801016;hep-th/9801016;2;7;9
hep-th/9710236;hep-th/9710236;33;8;41
gr-qc/0512158;gr-qc/0512158;14;17;31
astro-ph/0504365;astro-ph/0504365;11;19;30
astro-ph/0211626;astro-ph/0211626;34;9;43
gr-qc/9909078;gr-qc/9909078;18;1;19
astro-ph/0507116;astro-ph/0507116;6;26;32
gr-qc/0105002;gr-qc/0105002;27;5;32
gr-qc/0202094;gr-qc/0202094;14;10;24
gr-qc/0106044;gr-qc/0106044;23;6;29
astro-ph/9801212;astro-ph/9801212;47;3;50
gr-qc/0210016;gr-qc/0210016;18;9;27
astro-ph/0407239;astro-ph/0407239;41;7;48
gr-qc/0308063;gr-qc/0308063;17;12;29
astro-ph/0402324;astro-ph/0402324;19;17;36
astro-ph/0511007;astro-ph/0511007;12;9;21
gr-qc/9911049;gr-qc/9911049;19;10;29
gr-qc/0512154;gr-qc/0512154;0;10;10
hep-th/0312016;hep-th/0312016;6;8;14
hep-th/0409317;hep-th/0409317;3;8;11
hep-th/9501108;hep-th/9501108;4;2;6
hep-th/9406201;hep-th/9406201;8;7;15
gr-qc/0007032;gr-qc/0007032;9;0;9
hep-ph/0012270;hep-ph/0012270;1;7;8
hep-th/9410111;hep-th/9410111;0;1;1
hep-th/9310059;hep-th/9310059;1;0;1
hep-th/9410110;hep-th/9410110;3;2;5
hep-th/9410113;hep-th/9410113;4;3;7
hep-th/9302074;hep-th/9302074;26;1;27
hep-th/9311087;hep-th/9311087;19;2;21
hep-th/9211109;hep-th/9211109;29;3;32
hep-th/9203077;hep-th/9203077;13;0;13
hep-th/9410117;hep-th/9410117;20;6;26
hep-th/9206003;hep-th/9206003;26;1;27
hep-th/9310130;hep-th/9310130;26;0;26
hep-th/9410116;hep-th/9410116;1;5;6
hep-th/9306147;hep-th/9306147;30;8;38
hep-th/9410118;hep-th/9410118;6;1;7
hep-th/9401051;hep-th/9401051;13;0;13
hep-ph/0105059;hep-ph/0105059;4;13;17
hep-th/9611142;hep-th/9611142;56;3;59
hep-th/9804002;hep-th/9804002;6;3;9
hep-ph/0010260;hep-ph/0010260;18;14;32
hep-th/0010210;hep-th/0010210;4;2;6
hep-th/9802136;hep-th/9802136;13;9;22
hep-ph/0006238;hep-ph/0006238;33;11;44
hep-ph/0005241;hep-ph/0005241;17;10;27
astro-ph/0610326;astro-ph/0610326;4;8;12
astro-ph/0402177;astro-ph/0402177;29;3;32
astro-ph/0401094;astro-ph/0401094;31;2;33
astro-ph/0203149;astro-ph/0203149;15;0;15
astro-ph/0112323;astro-ph/0112323;16;2;18
hep-ph/0007211;hep-ph/0007211;11;3;14
0704.3473;0704.3473;0;14;14
hep-th/0703146;hep-th/0703146;15;13;28
gr-qc/0406104;gr-qc/0406104;6;9;15
hep-th/0612242;hep-th/0612242;23;2;25
hep-th/0306151;hep-th/0306151;14;22;36
gr-qc/0508093;gr-qc/0508093;17;12;29
hep-th/0011144;hep-th/0011144;4;20;24
gr-qc/9902081;gr-qc/9902081;18;9;27
hep-th/0105212;hep-th/0105212;48;13;61
hep-th/0107223;hep-th/0107223;14;11;25
gr-qc/0106092;gr-qc/0106092;15;19;34
hep-th/0106241;hep-th/0106241;60;48;108
hep-th/0106145;hep-th/0106145;21;16;37
hep-th/0103052;hep-th/0103052;15;13;28
0911.2556;0911.2556;0;18;18
hep-th/9902173;hep-th/9902173;108;11;119
hep-th/0509102;hep-th/0509102;7;11;18
hep-th/9811154;hep-th/9811154;12;0;12
hep-th/9206038;hep-th/9206038;13;1;14
hep-ph/9702342;hep-ph/9702342;15;10;25
hep-th/9808071;hep-th/9808071;13;5;18
hep-th/0309188;hep-th/0309188;9;17;26
hep-ph/9806451;hep-ph/9806451;18;18;36
hep-th/0203261;hep-th/0203261;11;15;26
hep-th/0509103;hep-th/0509103;1;1;2
hep-th/9712045;hep-th/9712045;3;2;5
hep-th/0310114;hep-th/0310114;8;14;22
hep-th/9601080;hep-th/9601080;13;5;18
hep-th/0008114;hep-th/0008114;25;3;28
hep-th/0508033;hep-th/0508033;6;6;12
hep-th/0202113;hep-th/0202113;9;6;15
hep-th/9703120;hep-th/9703120;2;3;5
hep-th/0110026;hep-th/0110026;52;60;112
hep-th/9502113;hep-th/9502113;32;8;40
hep-th/0012208;hep-th/0012208;10;3;13
hep-th/9610223;hep-th/9610223;37;9;46
hep-ph/9710359;hep-ph/9710359;1;1;2
hep-th/9308103;hep-th/9308103;5;0;5
hep-th/0509106;hep-th/0509106;1;19;20
hep-th/0410238;hep-th/0410238;4;17;21
hep-th/0206160;hep-th/0206160;7;9;16
hep-th/0001100;hep-th/0001100;5;3;8
hep-th/9707009;hep-th/9707009;41;29;70
hep-th/9609180;hep-th/9609180;18;6;24
gr-qc/9707045;gr-qc/9707045;33;14;47
hep-th/9709221;hep-th/9709221;16;2;18
hep-th/9508114;hep-th/9508114;11;1;12
hep-th/0310300;hep-th/0310300;6;10;16
hep-th/9612020;hep-th/9612020;2;1;3
hep-th/9804192;hep-th/9804192;27;2;29
hep-th/9612101;hep-th/9612101;32;5;37
hep-th/0408032;hep-th/0408032;17;0;17
hep-ph/0503268;hep-ph/0503268;94;25;119
astro-ph/0303245;astro-ph/0303245;24;12;36
astro-ph/0509177;astro-ph/0509177;6;39;45
hep-th/0505186;hep-th/0505186;65;30;95
astro-ph/0302597;astro-ph/0302597;22;8;30
hep-th/0411025;hep-th/0411025;64;0;64
hep-th/0505175;hep-th/0505175;18;55;73
astro-ph/0504518;astro-ph/0504518;54;69;123
hep-th/0509104;hep-th/0509104;0;22;22
hep-th/0306294;hep-th/0306294;18;9;27
hep-th/0508239;hep-th/0508239;7;27;34
hep-th/0506250;hep-th/0506250;5;26;31
hep-th/0501010;hep-th/0501010;22;34;56
hep-th/0411014;hep-th/0411014;28;24;52
hep-th/0304108;hep-th/0304108;32;30;62
hep-th/0504130;hep-th/0504130;6;21;27
hep-th/0401195;hep-th/0401195;11;15;26
hep-th/0304197;hep-th/0304197;42;30;72
hep-th/0404163;hep-th/0404163;11;43;54
hep-th/0308026;hep-th/0308026;22;13;35
hep-th/0509105;hep-th/0509105;0;4;4
hep-th/0610072;hep-th/0610072;14;5;19
hep-th/0505021;hep-th/0505021;3;15;18
hep-th/0508073;hep-th/0508073;1;24;25
hep-ph/0212107;hep-ph/0212107;5;11;16
hep-ph/9809346;hep-ph/9809346;17;15;32
hep-ph/9910344;hep-ph/9910344;7;1;8
hep-ph/0004269;hep-ph/0004269;17;6;23
hep-ph/9903291;hep-ph/9903291;13;16;29
hep-ph/0005223;hep-ph/0005223;7;17;24
hep-ph/0209048;hep-ph/0209048;7;10;17
hep-ph/0204334;hep-ph/0204334;6;5;11
hep-ph/0212106;hep-ph/0212106;0;4;4
hep-ph/9706246;hep-ph/9706246;5;7;12
hep-ph/9802283;hep-ph/9802283;2;5;7
hep-ph/0212105;hep-ph/0212105;12;7;19
hep-ph/9705242;hep-ph/9705242;85;1;86
hep-ph/9709296;hep-ph/9709296;2;2;4
hep-th/9408081;hep-th/9408081;31;0;31
hep-th/0409207;hep-th/0409207;64;29;93
hep-th/0203213;hep-th/0203213;17;15;32
hep-th/0505204;hep-th/0505204;12;16;28
math/0510486;math/0510486;1;3;4
alg-geom/9603014;alg-geom/9603014;5;7;12
math/0401226;math/0401226;1;11;12
math-ph/0105047;math-ph/0105047;3;0;3
hep-th/0007045;hep-th/0007045;4;2;6
hep-th/9304042;hep-th/9304042;15;0;15
hep-th/9407154;hep-th/9407154;20;1;21
math/0208159;math/0208159;2;0;2
hep-th/9912173;hep-th/9912173;3;11;14
math/0109082;math/0109082;3;4;7
math/0702539;math/0702539;3;0;3
hep-th/9806094;hep-th/9806094;38;27;65
hep-th/0510158;hep-th/0510158;10;10;20
0912.3160;0912.3160;0;5;5
physics/0311047;physics/0311047;1;18;19
hep-ph/0112209;hep-ph/0112209;6;13;19
astro-ph/0108002;astro-ph/0108002;17;9;26
hep-ph/9606223;hep-ph/9606223;21;2;23
0711.4423;0711.4423;0;23;23
hep-th/0503063;hep-th/0503063;13;5;18
astro-ph/9407016;astro-ph/9407016;49;3;52
0709.3947;0709.3947;0;8;8
hep-th/0203150;hep-th/0203150;8;2;10
hep-th/0403171;hep-th/0403171;18;8;26
gr-qc/0403099;gr-qc/0403099;8;7;15
gr-qc/0603114;gr-qc/0603114;4;10;14
gr-qc/0606122;gr-qc/0606122;8;14;22
hep-th/0211292;hep-th/0211292;54;27;81
hep-th/9905064;hep-th/9905064;66;33;99
hep-th/9603099;hep-th/9603099;15;28;43
hep-th/0103169;hep-th/0103169;45;29;74
hep-th/0007061;hep-th/0007061;21;40;61
hep-th/0206107;hep-th/0206107;33;30;63
gr-qc/0503017;gr-qc/0503017;7;6;13
gr-qc/9503050;gr-qc/9503050;58;2;60
gr-qc/9704049;gr-qc/9704049;54;4;58
0711.0955;0711.0955;0;10;10
hep-th/0609107;hep-th/0609107;14;50;64
hep-th/0603239;hep-th/0603239;7;38;45
hep-th/0504044;hep-th/0504044;21;26;47
hep-th/0004142;hep-th/0004142;41;16;57
hep-th/9207012;hep-th/9207012;1;1;2
hep-th/9206059;hep-th/9206059;2;0;2
0908.1684;0908.1684;0;7;7
hep-th/0412029;hep-th/0412029;29;60;89
hep-th/0509121;hep-th/0509121;18;42;60
hep-th/0409120;hep-th/0409120;39;31;70
hep-th/0403085;hep-th/0403085;46;25;71
0812.4624;0812.4624;0;15;15
hep-ph/0012142;hep-ph/0012142;108;14;122
hep-th/9803052;hep-th/9803052;15;13;28
hep-ph/9711360;hep-ph/9711360;37;12;49
astro-ph/0601617;astro-ph/0601617;12;20;32
hep-ph/9902420;hep-ph/9902420;19;9;28
hep-th/0106179;hep-th/0106179;71;20;91
hep-ph/0208228;hep-ph/0208228;18;27;45
0809.1302;0809.1302;0;2;2
hep-ph/0109228;hep-ph/0109228;2;8;10
hep-th/0508173;hep-th/0508173;4;28;32
hep-th/9707145;hep-th/9707145;6;3;9
hep-th/0207242;hep-th/0207242;4;12;16
hep-th/9505093;hep-th/9505093;22;24;46
hep-th/0007137;hep-th/0007137;14;14;28
hep-th/0512220;hep-th/0512220;7;0;7
hep-th/0008010;hep-th/0008010;24;6;30
hep-th/0007155;hep-th/0007155;2;18;20
hep-th/0208200;hep-th/0208200;7;17;24
hep-th/9912238;hep-th/9912238;33;0;33
hep-th/0103063;hep-th/0103063;10;13;23
hep-th/0008117;hep-th/0008117;2;5;7
hep-th/0303256;hep-th/0303256;30;162;192
hep-th/9406214;hep-th/9406214;25;0;25
hep-th/0104191;hep-th/0104191;5;10;15
hep-th/0008115;hep-th/0008115;3;4;7
hep-th/0103083;hep-th/0103083;6;10;16
hep-th/0006005;hep-th/0006005;27;7;34
hep-th/0007160;hep-th/0007160;17;25;42
hep-th/9111054;hep-th/9111054;8;0;8
0802.2290;0802.2290;0;24;24
astro-ph/0604488;astro-ph/0604488;34;51;85
hep-th/0312100;hep-th/0312100;129;12;141
astro-ph/0610600;astro-ph/0610600;36;10;46
hep-th/0612138;hep-th/0612138;27;0;27
hep-th/0608082;hep-th/0608082;32;38;70
hep-th/0110129;hep-th/0110129;39;14;53
gr-qc/0608019;gr-qc/0608019;9;16;25
hep-th/0202204;hep-th/0202204;13;9;22
gr-qc/0111029;gr-qc/0111029;14;4;18
hep-th/0205022;hep-th/0205022;14;8;22
0902.3531;0902.3531;0;3;3
hep-th/0011245;hep-th/0011245;18;45;63
hep-th/0112166;hep-th/0112166;55;16;71
hep-th/9207013;hep-th/9207013;1;1;2
hep-th/9206096;hep-th/9206096;27;2;29
0804.2118;0804.2118;0;10;10
hep-th/9807221;hep-th/9807221;6;5;11
hep-ph/0407161;hep-ph/0407161;4;6;10
0706.1522;0706.1522;0;4;4
hep-th/0702136;hep-th/0702136;29;12;41
hep-ph/0609056;hep-ph/0609056;2;6;8
solv-int/9905009;solv-int/9905009;8;3;11
hep-th/9807065;hep-th/9807065;26;14;40
hep-th/9307197;hep-th/9307197;10;3;13
0912.2635;0912.2635;0;6;6
quant-ph/0102102;quant-ph/0102102;3;9;12
hep-th/9801033;hep-th/9801033;29;8;37
hep-th/0005274;hep-th/0005274;13;22;35
hep-th/9809127;hep-th/9809127;45;26;71
hep-th/9711028;hep-th/9711028;35;12;47
hep-th/9809126;hep-th/9809126;28;5;33
quant-ph/9907092;quant-ph/9907092;15;8;23
hep-th/9809125;hep-th/9809125;26;5;31
quant-ph/0102101;quant-ph/0102101;0;5;5
hep-th/9809175;hep-th/9809175;8;1;9
hep-th/0009121;hep-th/0009121;7;4;11
hep-th/0509141;hep-th/0509141;0;12;12
hep-ph/0309298;hep-ph/0309298;2;10;12
hep-ph/0503146;hep-ph/0503146;12;25;37
hep-ph/0202031;hep-ph/0202031;21;16;37
hep-ph/0209358;hep-ph/0209358;13;3;16
hep-ph/0011134;hep-ph/0011134;12;6;18
hep-ph/0204270;hep-ph/0204270;17;3;20
0803.1850;0803.1850;0;74;74
hep-th/0702206;hep-th/0702206;13;14;27
hep-th/0502171;hep-th/0502171;31;4;35
hep-th/0402204;hep-th/0402204;24;24;48
hep-th/0104150;hep-th/0104150;31;38;69
hep-th/0501112;hep-th/0501112;27;83;110
hep-th/0503191;hep-th/0503191;58;17;75
hep-th/0202174;hep-th/0202174;80;36;116
hep-th/0606087;hep-th/0606087;45;64;109
hep-ph/9909496;hep-ph/9909496;35;20;55
hep-ph/0512182;hep-ph/0512182;8;61;69
hep-th/0311251;hep-th/0311251;15;26;41
hep-th/0403208;hep-th/0403208;22;50;72
hep-th/0109216;hep-th/0109216;9;36;45
hep-th/0401221;hep-th/0401221;31;59;90
hep-th/0208096;hep-th/0208096;24;19;43
hep-th/0408105;hep-th/0408105;11;51;62
hep-th/9908186;hep-th/9908186;74;31;105
hep-th/0209030;hep-th/0209030;40;36;76
hep-th/0502170;hep-th/0502170;31;42;73
hep-th/9207010;hep-th/9207010;8;2;10
hep-th/9202058;hep-th/9202058;11;0;11
hep-th/9201008;hep-th/9201008;8;0;8
0807.4338;0807.4338;0;37;37
hep-th/0212002;hep-th/0212002;50;31;81
hep-th/0102149;hep-th/0102149;43;9;52
hep-th/0401239;hep-th/0401239;20;40;60
hep-th/0403103;hep-th/0403103;34;17;51
hep-th/0301206;hep-th/0301206;50;37;87
gr-qc/9902061;gr-qc/9902061;53;2;55
hep-th/0603197;hep-th/0603197;16;10;26
hep-th/0607051;hep-th/0607051;12;12;24
hep-th/0511180;hep-th/0511180;13;20;33
hep-th/9810204;hep-th/9810204;127;11;138
hep-th/0309058;hep-th/0309058;30;29;59
hep-th/0605048;hep-th/0605048;27;15;42
hep-th/0606228;hep-th/0606228;16;0;16
hep-th/0510094;hep-th/0510094;48;15;63
hep-th/0307194;hep-th/0307194;20;17;37
hep-th/0701107;hep-th/0701107;12;34;46
hep-th/0507097;hep-th/0507097;13;16;29
hep-th/0411234;hep-th/0411234;7;17;24
hep-th/0501102;hep-th/0501102;22;17;39
hep-th/0212087;hep-th/0212087;58;26;84
hep-th/0505278;hep-th/0505278;35;20;55
hep-th/0504080;hep-th/0504080;43;41;84
hep-th/0504125;hep-th/0504125;74;0;74
hep-th/9309091;hep-th/9309091;1;1;2
astro-ph/0512197;astro-ph/0512197;25;19;44
hep-th/0305234;hep-th/0305234;28;23;51
astro-ph/0401547;astro-ph/0401547;28;54;82
hep-ph/9412244;hep-ph/9412244;12;4;16
hep-th/9401153;hep-th/9401153;118;4;122
hep-ph/9403231;hep-ph/9403231;10;0;10
hep-th/9302119;hep-th/9302119;26;0;26
hep-th/9302107;hep-th/9302107;4;0;4
hep-th/0211052;hep-th/0211052;48;16;64
hep-th/0211075;hep-th/0211075;57;24;81
hep-th/0211249;hep-th/0211249;42;0;42
hep-th/0211271;hep-th/0211271;54;55;109
hep-th/9302014;hep-th/9302014;120;6;126
math-ph/0206011;math-ph/0206011;3;2;5
hep-th/0211009;hep-th/0211009;59;45;104
hep-th/0211082;hep-th/0211082;55;19;74
hep-th/0211202;hep-th/0211202;42;33;75
hep-th/0211234;hep-th/0211234;41;36;77
hep-th/0211189;hep-th/0211189;39;22;61
hep-th/0112109;hep-th/0112109;3;36;39
hep-th/0210148;hep-th/0210148;57;24;81
hep-th/9606004;hep-th/9606004;69;9;78
hep-th/9904203;hep-th/9904203;19;3;22
hep-th/9509133;hep-th/9509133;37;9;46
hep-th/9402023;hep-th/9402023;25;0;25
hep-th/9606078;hep-th/9606078;14;0;14
hep-th/9904201;hep-th/9904201;6;8;14
hep-th/9810013;hep-th/9810013;21;4;25
hep-th/9810015;hep-th/9810015;10;4;14
hep-th/9904200;hep-th/9904200;3;7;10
hep-th/9312004;hep-th/9312004;29;0;29
hep-th/9608116;hep-th/9608116;79;10;89
hep-th/9803096;hep-th/9803096;15;0;15
hep-th/9612148;hep-th/9612148;57;0;57
hep-th/9812226;hep-th/9812226;32;42;74
hep-th/9706186;hep-th/9706186;28;19;47
hep-th/9805091;hep-th/9805091;26;25;51
hep-th/9811237;hep-th/9811237;165;73;238
hep-th/9708166;hep-th/9708166;30;18;48
hep-th/9403040;hep-th/9403040;105;1;106
hep-th/9804160;hep-th/9804160;65;34;99
hep-th/9801110;hep-th/9801110;22;28;50
hep-th/9812003;hep-th/9812003;3;21;24
hep-th/9604070;hep-th/9604070;50;18;68
hep-th/9904153;hep-th/9904153;13;36;49
hep-th/9708075;hep-th/9708075;26;12;38
hep-th/9805006;hep-th/9805006;31;25;56
hep-th/9807161;hep-th/9807161;25;8;33
hep-th/9808080;hep-th/9808080;53;20;73
hep-th/9904206;hep-th/9904206;5;6;11
hep-ph/9904304;hep-ph/9904304;11;7;18
hep-th/9903249;hep-th/9903249;27;13;40
hep-th/9811173;hep-th/9811173;5;16;21
hep-th/9801168;hep-th/9801168;8;0;8
hep-th/9808042;hep-th/9808042;85;3;88
hep-th/9904205;hep-th/9904205;1;4;5
hep-th/9611070;hep-th/9611070;4;4;8
hep-th/9505181;hep-th/9505181;3;1;4
hep-th/9407105;hep-th/9407105;16;1;17
hep-th/9904204;hep-th/9904204;10;3;13
hep-th/9502033;hep-th/9502033;8;8;16
hep-th/9804184;hep-th/9804184;48;31;79
hep-th/0006059;hep-th/0006059;19;13;32
hep-th/0006215;hep-th/0006215;17;43;60
hep-th/0008041;hep-th/0008041;15;45;60
hep-th/9806091;hep-th/9806091;29;38;67
hep-th/9708060;hep-th/9708060;28;5;33
hep-th/9904208;hep-th/9904208;7;8;15
hep-th/9711136;hep-th/9711136;5;7;12
hep-th/9511103;hep-th/9511103;14;4;18
hep-th/9610243;hep-th/9610243;17;13;30
hep-th/9607119;hep-th/9607119;7;2;9
hep-th/9307108;hep-th/9307108;66;1;67
hep-th/9812198;hep-th/9812198;2;7;9
hep-th/9707183;hep-th/9707183;6;8;14
hep-th/9507006;hep-th/9507006;16;2;18
hep-th/0206021;hep-th/0206021;0;3;3
hep-th/0106283;hep-th/0106283;5;2;7
hep-th/0110075;hep-th/0110075;3;1;4
hep-th/0003189;hep-th/0003189;5;3;8
hep-th/0206020;hep-th/0206020;30;37;67
hep-th/0005223;hep-th/0005223;35;0;35
hep-th/0110174;hep-th/0110174;11;45;56
hep-th/0103230;hep-th/0103230;59;38;97
hep-th/0010137;hep-th/0010137;49;45;94
hep-th/0005182;hep-th/0005182;76;39;115
hep-th/0106238;hep-th/0106238;32;28;60
hep-th/0109065;hep-th/0109065;21;36;57
hep-th/0105254;hep-th/0105254;33;63;96
hep-th/0104016;hep-th/0104016;57;50;107
hep-th/0112251;hep-th/0112251;46;32;78
hep-th/0009106;hep-th/0009106;44;51;95
hep-th/0106249;hep-th/0106249;29;31;60
hep-th/0107071;hep-th/0107071;20;28;48
hep-th/0010005;hep-th/0010005;14;0;14
hep-th/0205321;hep-th/0205321;56;91;147
hep-th/9809192;hep-th/9809192;54;6;60
hep-th/0206023;hep-th/0206023;1;14;15
quant-ph/9606031;quant-ph/9606031;5;0;5
hep-th/0008132;hep-th/0008132;60;26;86
hep-th/0110059;hep-th/0110059;13;15;28
hep-th/0202092;hep-th/0202092;3;15;18
hep-th/0206022;hep-th/0206022;4;13;17
hep-ph/9311278;hep-ph/9311278;49;2;51
hep-ph/0101049;hep-ph/0101049;19;19;38
hep-ph/0005224;hep-ph/0005224;17;20;37
hep-th/0102199;hep-th/0102199;11;41;52
hep-ph/0102152;hep-ph/0102152;13;3;16
hep-ph/0011227;hep-ph/0011227;8;12;20
hep-th/0001156;hep-th/0001156;4;10;14
cond-mat/0104463;cond-mat/0104463;2;5;7
physics/0001009;physics/0001009;9;0;9
hep-ph/0105045;hep-ph/0105045;2;20;22
hep-ph/9803394;hep-ph/9803394;35;5;40
hep-th/0206025;hep-th/0206025;4;16;20
hep-th/0105228;hep-th/0105228;18;33;51
hep-th/9909072;hep-th/9909072;54;25;79
hep-th/0112203;hep-th/0112203;9;18;27
hep-th/0105245;hep-th/0105245;19;34;53
hep-th/0107257;hep-th/0107257;17;15;32
hep-th/0105138;hep-th/0105138;4;22;26
hep-th/0009083;hep-th/0009083;62;11;73
hep-th/0106051;hep-th/0106051;49;18;67
hep-th/9408120;hep-th/9408120;17;0;17
cond-mat/9603173;cond-mat/9603173;18;2;20
hep-th/0008227;hep-th/0008227;65;31;96
hep-th/0002211;hep-th/0002211;184;29;213
hep-th/0011002;hep-th/0011002;21;31;52
hep-th/0010021;hep-th/0010021;34;20;54
hep-th/0010028;hep-th/0010028;33;27;60
hep-th/0001084;hep-th/0001084;108;8;116
hep-th/0010218;hep-th/0010218;57;17;74
hep-th/9503099;hep-th/9503099;131;3;134
hep-th/0206029;hep-th/0206029;8;89;97
hep-th/0204234;hep-th/0204234;32;72;104
hep-th/9908162;hep-th/9908162;17;32;49
hep-th/0203140;hep-th/0203140;99;49;148
hep-th/0205109;hep-th/0205109;15;56;71
hep-th/0205270;hep-th/0205270;26;17;43
hep-th/0205066;hep-th/0205066;132;37;169
hep-th/0205067;hep-th/0205067;27;81;108
hep-th/0205279;hep-th/0205279;57;55;112
hep-th/0204200;hep-th/0204200;20;20;40
hep-th/0205174;hep-th/0205174;46;20;66
hep-th/0204174;hep-th/0204174;37;42;79
hep-th/0203164;hep-th/0203164;79;31;110
hep-th/0202186;hep-th/0202186;102;26;128
hep-th/0205008;hep-th/0205008;18;49;67
hep-th/0205006;hep-th/0205006;34;32;66
hep-th/0205254;hep-th/0205254;24;43;67
hep-th/0205314;hep-th/0205314;37;22;59
hep-th/0205015;hep-th/0205015;24;34;58
hep-th/0205303;hep-th/0205303;19;62;81
hep-th/0205302;hep-th/0205302;11;32;43
hep-th/0205020;hep-th/0205020;31;27;58
hep-th/0203229;hep-th/0203229;108;32;140
hep-th/0203028;hep-th/0203028;96;27;123
hep-th/0204001;hep-th/0204001;30;34;64
hep-th/0202150;hep-th/0202150;79;20;99
hep-th/0202153;hep-th/0202153;104;21;125
hep-th/0203134;hep-th/0203134;53;40;93
hep-th/0203231;hep-th/0203231;110;29;139
hep-th/0205136;hep-th/0205136;21;8;29
hep-th/0205134;hep-th/0205134;51;59;110
hep-th/0204033;hep-th/0204033;73;0;73
hep-th/0205200;hep-th/0205200;37;94;131
hep-th/0203124;hep-th/0203124;79;97;176
hep-th/0205296;hep-th/0205296;19;23;42
hep-th/0205291;hep-th/0205291;22;32;54
hep-th/0204026;hep-th/0204026;58;27;85
hep-th/0204025;hep-th/0204025;76;21;97
hep-th/0205043;hep-th/0205043;14;12;26
hep-th/0203080;hep-th/0203080;69;15;84
hep-th/0203093;hep-th/0203093;64;26;90
hep-th/0203082;hep-th/0203082;94;31;125
hep-th/0205218;hep-th/0205218;25;35;60
hep-th/0108020;hep-th/0108020;30;22;52
hep-th/0203018;hep-th/0203018;72;26;98
hep-th/0203257;hep-th/0203257;75;34;109
hep-th/0203153;hep-th/0203153;16;13;29
hep-th/0205266;hep-th/0205266;16;61;77
hep-th/0203255;hep-th/0203255;75;26;101
hep-th/0206028;hep-th/0206028;3;2;5
hep-th/0104249;hep-th/0104249;5;3;8
hep-th/9704203;hep-th/9704203;7;0;7
0906.2460;0906.2460;0;14;14
astro-ph/0601014;astro-ph/0601014;41;37;78
0711.0371;0711.0371;0;8;8
hep-th/9701079;hep-th/9701079;2;4;6
hep-th/0703245;hep-th/0703245;9;21;30
0711.0376;0711.0376;0;16;16
hep-th/0404216;hep-th/0404216;18;8;26
hep-ph/0407081;hep-ph/0407081;19;15;34
astro-ph/0605465;astro-ph/0605465;10;10;20
astro-ph/0505207;astro-ph/0505207;28;15;43
hep-th/0608071;hep-th/0608071;19;13;32
hep-th/0702052;hep-th/0702052;8;38;46
hep-th/0502189;hep-th/0502189;29;15;44
astro-ph/0512066;astro-ph/0512066;25;11;36
gr-qc/0305050;gr-qc/0305050;13;16;29
hep-th/0305244;hep-th/0305244;22;32;54
astro-ph/0305193;astro-ph/0305193;17;18;35
hep-th/0309175;hep-th/0309175;5;9;14
astro-ph/0303636;astro-ph/0303636;62;12;74
hep-th/0307029;hep-th/0307029;20;16;36
hep-th/0211006;hep-th/0211006;42;0;42
hep-ph/0310244;hep-ph/0310244;14;10;24
hep-th/0310206;hep-th/0310206;18;33;51
hep-ph/9703209;hep-ph/9703209;78;4;82
astro-ph/0307282;astro-ph/0307282;72;6;78
hep-th/0308103;hep-th/0308103;2;13;15
astro-ph/0307011;astro-ph/0307011;22;8;30
cond-mat/9509026;cond-mat/9509026;3;1;4
hep-th/9302112;hep-th/9302112;16;1;17
hep-th/0008129;hep-th/0008129;21;15;36
hep-th/9509108;hep-th/9509108;50;27;77
gr-qc/9303003;gr-qc/9303003;10;0;10
hep-th/9910045;hep-th/9910045;5;20;25
hep-ph/9706302;hep-ph/9706302;12;3;15
hep-th/9503094;hep-th/9503094;8;5;13
math/9811098;math/9811098;14;7;21
hep-th/0108021;hep-th/0108021;5;9;14
hep-th/9506106;hep-th/9506106;69;32;101
hep-th/9705219;hep-th/9705219;31;13;44
hep-th/0005277;hep-th/0005277;24;26;50
hep-th/9812157;hep-th/9812157;10;5;15
solv-int/9707005;solv-int/9707005;11;5;16
hep-th/9809152;hep-th/9809152;8;6;14
0711.3599;0711.3599;0;39;39
hep-th/0612043;hep-th/0612043;6;15;21
hep-th/0210006;hep-th/0210006;9;12;21
hep-th/0607029;hep-th/0607029;8;35;43
hep-th/0611184;hep-th/0611184;23;33;56
gr-qc/0607048;gr-qc/0607048;18;46;64
hep-th/0511163;hep-th/0511163;35;0;35
hep-th/0510043;hep-th/0510043;13;33;46
hep-th/0502223;hep-th/0502223;36;42;78
hep-th/0511159;hep-th/0511159;9;26;35
hep-th/0502002;hep-th/0502002;29;35;64
hep-th/0504139;hep-th/0504139;22;17;39
hep-th/0512021;hep-th/0512021;19;28;47
hep-th/0607034;hep-th/0607034;11;55;66
hep-th/0601110;hep-th/0601110;44;49;93
hep-th/0506204;hep-th/0506204;31;24;55
hep-th/0701288;hep-th/0701288;15;85;100
hep-th/0701166;hep-th/0701166;9;55;64
hep-th/0701209;hep-th/0701209;12;65;77
hep-th/0503163;hep-th/0503163;21;17;38
hep-th/0512257;hep-th/0512257;24;42;66
gr-qc/0604033;gr-qc/0604033;13;21;34
hep-ph/0310162;hep-ph/0310162;7;17;24
astro-ph/0503473;astro-ph/0503473;37;85;122
hep-th/0108028;hep-th/0108028;1;9;10
hep-th/9606076;hep-th/9606076;2;4;6
hep-th/9607216;hep-th/9607216;4;11;15
hep-th/9812026;hep-th/9812026;5;10;15
hep-th/9512165;hep-th/9512165;8;8;16
hep-th/9706078;hep-th/9706078;45;0;45
hep-th/9908054;hep-th/9908054;20;14;34
hep-th/9803176;hep-th/9803176;30;13;43
hep-th/0108029;hep-th/0108029;6;3;9
hep-th/0105211;hep-th/0105211;6;9;15
hep-th/0004054;hep-th/0004054;1;7;8
hep-th/9605229;hep-th/9605229;58;18;76
hep-th/0603018;hep-th/0603018;5;9;14
hep-th/0504027;hep-th/0504027;16;13;29
gr-qc/0503026;gr-qc/0503026;6;16;22
hep-th/0509044;hep-th/0509044;7;12;19
hep-th/0205040;hep-th/0205040;25;0;25
gr-qc/0506064;gr-qc/0506064;4;0;4
hep-th/0512124;hep-th/0512124;14;41;55
hep-th/0506001;hep-th/0506001;12;10;22
hep-th/0606029;hep-th/0606029;0;10;10
hep-th/9810078;hep-th/9810078;18;8;26
hep-th/0404182;hep-th/0404182;9;1;10
hep-th/9806244;hep-th/9806244;19;0;19
hep-th/0408201;hep-th/0408201;1;9;10
hep-th/0303176;hep-th/0303176;1;8;9
hep-ph/0204350;hep-ph/0204350;8;24;32
hep-th/0106090;hep-th/0106090;5;0;5
hep-th/0212026;hep-th/0212026;5;10;15
hep-th/0204105;hep-th/0204105;5;8;13
hep-th/0606028;hep-th/0606028;7;6;13
quant-ph/0410172;quant-ph/0410172;13;4;17
quant-ph/0604007;quant-ph/0604007;6;0;6
hep-th/0604196;hep-th/0604196;5;4;9
0705.1048;0705.1048;0;30;30
hep-th/9606181;hep-th/9606181;43;13;56
hep-th/0509118;hep-th/0509118;23;13;36
hep-th/0304228;hep-th/0304228;22;0;22
hep-th/0212131;hep-th/0212131;17;18;35
hep-th/0508048;hep-th/0508048;33;27;60
hep-th/0407102;hep-th/0407102;28;30;58
hep-th/0403017;hep-th/0403017;10;0;10
hep-th/0106200;hep-th/0106200;82;30;112
hep-th/0011215;hep-th/0011215;25;8;33
hep-th/0004195;hep-th/0004195;44;22;66
hep-th/0112100;hep-th/0112100;38;18;56
hep-th/0606025;hep-th/0606025;20;41;61
astro-ph/0605450;astro-ph/0605450;27;4;31
hep-th/0506153;hep-th/0506153;5;3;8
hep-th/0401073;hep-th/0401073;64;63;127
hep-th/0604014;hep-th/0604014;67;90;157
astro-ph/0605488;astro-ph/0605488;25;57;82
hep-th/0602268;hep-th/0602268;26;17;43
astro-ph/0510006;astro-ph/0510006;7;31;38
astro-ph/0411630;astro-ph/0411630;35;62;97
hep-th/0605229;hep-th/0605229;16;36;52
astro-ph/0605701;astro-ph/0605701;21;59;80
astro-ph/0603052;astro-ph/0603052;39;64;103
hep-th/0604153;hep-th/0604153;23;28;51
hep-th/0510207;hep-th/0510207;29;66;95
astro-ph/0411524;astro-ph/0411524;30;25;55
gr-qc/0604057;gr-qc/0604057;25;50;75
hep-th/0112066;hep-th/0112066;94;31;125
hep-th/0606024;hep-th/0606024;5;30;35
hep-th/0304013;hep-th/0304013;12;15;27
hep-th/0110139;hep-th/0110139;8;4;12
hep-th/9610198;hep-th/9610198;9;6;15
math/0202209;math/0202209;1;4;5
hep-th/9604013;hep-th/9604013;15;26;41
hep-th/0410217;hep-th/0410217;6;25;31
hep-th/0505240;hep-th/0505240;1;13;14
hep-th/0205245;hep-th/0205245;13;31;44
math/0202210;math/0202210;12;5;17
hep-th/0408008;hep-th/0408008;9;30;39
hep-th/0507125;hep-th/0507125;15;67;82
hep-th/0108172;hep-th/0108172;114;173;287
hep-th/0210300;hep-th/0210300;17;17;34
hep-th/0212132;hep-th/0212132;27;15;42
gr-qc/0305004;gr-qc/0305004;42;41;83
hep-th/0603136;hep-th/0603136;24;17;41
gr-qc/9801096;gr-qc/9801096;60;2;62
hep-th/0101164;hep-th/0101164;22;23;45
hep-th/0304250;hep-th/0304250;63;50;113
hep-th/0404166;hep-th/0404166;13;30;43
hep-th/0105117;hep-th/0105117;41;45;86
hep-th/0407083;hep-th/0407083;6;31;37
quant-ph/0305015;quant-ph/0305015;0;1;1
hep-th/9210104;hep-th/9210104;4;0;4
hep-th/0003301;hep-th/0003301;21;3;24
hep-th/9807151;hep-th/9807151;4;0;4
gr-qc/9802015;gr-qc/9802015;4;8;12
gr-qc/9804051;gr-qc/9804051;29;6;35
hep-th/0606023;hep-th/0606023;0;16;16
hep-th/0602054;hep-th/0602054;37;59;96
hep-th/9901101;hep-th/9901101;88;24;112
hep-th/0601152;hep-th/0601152;11;73;84
hep-th/0602124;hep-th/0602124;24;38;62
hep-th/0606022;hep-th/0606022;4;49;53
hep-th/9806197;hep-th/9806197;24;27;51
hep-th/9806217;hep-th/9806217;54;24;78
hep-th/0103219;hep-th/0103219;14;41;55
hep-th/0309137;hep-th/0309137;5;13;18
hep-th/9807226;hep-th/9807226;81;0;81
hep-th/0103111;hep-th/0103111;25;39;64
hep-th/0601114;hep-th/0601114;7;22;29
hep-th/0007062;hep-th/0007062;29;22;51
hep-th/0207226;hep-th/0207226;5;14;19
hep-th/0209191;hep-th/0209191;13;37;50
hep-th/9804170;hep-th/9804170;150;19;169
hep-th/0503221;hep-th/0503221;0;4;4
hep-th/0304011;hep-th/0304011;13;23;36
dg-ga/9707024;dg-ga/9707024;17;0;17
hep-th/0306218;hep-th/0306218;15;12;27
hep-th/9810001;hep-th/9810001;14;2;16
hep-th/0503220;hep-th/0503220;11;15;26
hep-th/0210116;hep-th/0210116;11;14;25
hep-th/9505032;hep-th/9505032;27;4;31
hep-th/0106114;hep-th/0106114;25;25;50
hep-th/0212347;hep-th/0212347;31;19;50
hep-th/0306258;hep-th/0306258;28;14;42
hep-th/0403014;hep-th/0403014;22;41;63
hep-th/0503223;hep-th/0503223;7;22;29
hep-th/9906153;hep-th/9906153;28;28;56
hep-th/0003115;hep-th/0003115;50;24;74
hep-lat/9901004;hep-lat/9901004;53;0;53
cond-mat/0111590;cond-mat/0111590;1;10;11
hep-th/9503213;hep-th/9503213;8;15;23
hep-th/9907031;hep-th/9907031;2;9;11
hep-lat/9604013;hep-lat/9604013;11;4;15
hep-th/0005089;hep-th/0005089;10;12;22
hep-th/9209094;hep-th/9209094;16;0;16
hep-th/9706173;hep-th/9706173;8;6;14
hep-th/0503225;hep-th/0503225;4;3;7
hep-th/0205046;hep-th/0205046;12;3;15
hep-th/0210236;hep-th/0210236;9;5;14
hep-th/0206004;hep-th/0206004;8;6;14
hep-th/0503224;hep-th/0503224;17;46;63
hep-th/0401012;hep-th/0401012;33;26;59
hep-th/0410203;hep-th/0410203;21;41;62
hep-th/0408184;hep-th/0408184;25;0;25
hep-th/0405063;hep-th/0405063;19;53;72
hep-th/0311137;hep-th/0311137;29;25;54
hep-th/0407211;hep-th/0407211;13;28;41
hep-th/0404250;hep-th/0404250;27;29;56
hep-th/0311155;hep-th/0311155;34;29;63
hep-th/0503016;hep-th/0503016;28;41;69
hep-th/0502084;hep-th/0502084;27;39;66
hep-th/0402160;hep-th/0402160;56;33;89
hep-th/0502026;hep-th/0502026;21;35;56
hep-th/0408226;hep-th/0408226;7;61;68
hep-th/0404119;hep-th/0404119;19;23;42
hep-th/0311275;hep-th/0311275;40;43;83
hep-th/0502008;hep-th/0502008;18;30;48
hep-th/0403174;hep-th/0403174;14;33;47
hep-th/0412041;hep-th/0412041;32;29;61
hep-th/0402137;hep-th/0402137;21;21;42
hep-th/0405278;hep-th/0405278;21;20;41
hep-th/0408146;hep-th/0408146;23;24;47
hep-th/0109130;hep-th/0109130;12;33;45
hep-th/0503227;hep-th/0503227;1;4;5
gr-qc/0502119;gr-qc/0502119;3;34;37
hep-th/0003247;hep-th/0003247;4;5;9
math/0302286;math/0302286;4;6;10
hep-th/0102091;hep-th/0102091;10;12;22
hep-th/0107083;hep-th/0107083;4;22;26
hep-th/9809081;hep-th/9809081;13;7;20
hep-th/9710048;hep-th/9710048;31;7;38
math/0302289;math/0302289;2;0;2
hep-th/0503228;hep-th/0503228;0;1;1
hep-th/9812059;hep-th/9812059;36;10;46
math/0012196;math/0012196;13;43;56
hep-th/0007071;hep-th/0007071;14;24;38
hep-th/9910170;hep-th/9910170;66;33;99
math/9806111;math/9806111;25;4;29
hep-th/9903052;hep-th/9903052;27;15;42
hep-th/0001101;hep-th/0001101;4;21;25
hep-th/0005121;hep-th/0005121;8;0;8
hep-th/0006189;hep-th/0006189;23;40;63
hep-th/0007212;hep-th/0007212;1;22;23
math/0001044;math/0001044;7;2;9
hep-th/9910172;hep-th/9910172;68;26;94
hep-th/9705197;hep-th/9705197;7;13;20
hep-th/9912147;hep-th/9912147;54;18;72
hep-th/9912025;hep-th/9912025;9;18;27
quant-ph/0212061;quant-ph/0212061;1;6;7
hep-ph/9701405;hep-ph/9701405;12;3;15
quant-ph/0205011;quant-ph/0205011;2;0;2
quant-ph/0003091;quant-ph/0003091;8;0;8
hep-th/9701135;hep-th/9701135;2;1;3
hep-th/0106025;hep-th/0106025;3;11;14
hep-th/0210188;hep-th/0210188;2;5;7
math/0012194;math/0012194;1;4;5
q-alg/9601004;q-alg/9601004;3;0;3
hep-th/9206032;hep-th/9206032;19;0;19
hep-th/9306162;hep-th/9306162;27;11;38
hep-th/9301075;hep-th/9301075;11;1;12
cond-mat/0112253;cond-mat/0112253;7;1;8
quant-ph/0112090;quant-ph/0112090;9;0;9
physics/0512174;physics/0512174;0;1;1
physics/0406030;physics/0406030;4;1;5
hep-th/0303098;hep-th/0303098;1;7;8
hep-th/9811161;hep-th/9811161;1;7;8
hep-th/9705138;hep-th/9705138;53;10;63
hep-th/9707178;hep-th/9707178;2;3;5
hep-th/9604083;hep-th/9604083;1;3;4
hep-th/0004167;hep-th/0004167;4;12;16
hep-th/0003130;hep-th/0003130;31;6;37
0711.2644;0711.2644;0;18;18
hep-th/0306148;hep-th/0306148;26;11;37
hep-th/9309048;hep-th/9309048;4;4;8
hep-th/0702014;hep-th/0702014;14;21;35
hep-th/0607057;hep-th/0607057;22;11;33
hep-th/0309199;hep-th/0309199;14;42;56
hep-th/0107067;hep-th/0107067;41;41;82
0812.0801;0812.0801;0;27;27
hep-th/0604205;hep-th/0604205;22;37;59
hep-th/0602003;hep-th/0602003;23;19;42
hep-th/0606113;hep-th/0606113;18;38;56
hep-th/9410050;hep-th/9410050;40;2;42
hep-th/0701022;hep-th/0701022;68;202;270
hep-th/0610004;hep-th/0610004;16;34;50
hep-th/0209181;hep-th/0209181;20;21;41
hep-th/0507219;hep-th/0507219;49;69;118
hep-th/0503020;hep-th/0503020;50;48;98
hep-th/0602017;hep-th/0602017;23;21;44
0711.2646;0711.2646;0;10;10
hep-th/0303090;hep-th/0303090;12;10;22
hep-th/0109070;hep-th/0109070;34;53;87
hep-th/0203125;hep-th/0203125;24;18;42
hep-th/0010221;hep-th/0010221;38;49;87
hep-th/0207166;hep-th/0207166;10;17;27
hep-th/0211171;hep-th/0211171;14;30;44
hep-th/0007140;hep-th/0007140;40;42;82
math/0012228;math/0012228;14;2;16
hep-th/0303092;hep-th/0303092;6;8;14
hep-th/0302149;hep-th/0302149;3;3;6
hep-th/0207275;hep-th/0207275;4;6;10
gr-qc/0204065;gr-qc/0204065;127;2;129
astro-ph/0305007;astro-ph/0305007;35;4;39
hep-th/0306033;hep-th/0306033;25;29;54
astro-ph/0105318;astro-ph/0105318;19;5;24
hep-ph/0312113;hep-ph/0312113;14;38;52
astro-ph/0311247;astro-ph/0311247;10;24;34
hep-th/0304069;hep-th/0304069;34;12;46
astro-ph/0312484;astro-ph/0312484;40;43;83
hep-th/0303094;hep-th/0303094;0;18;18
hep-th/9204089;hep-th/9204089;42;0;42
hep-th/0105013;hep-th/0105013;7;16;23
hep-th/9412133;hep-th/9412133;33;0;33
cond-mat/0105012;cond-mat/0105012;1;1;2
math-ph/0110013;math-ph/0110013;4;8;12
hep-th/0112069;hep-th/0112069;4;10;14
hep-th/9605204;hep-th/9605204;6;2;8
hep-th/0202060;hep-th/0202060;53;32;85
hep-th/0212067;hep-th/0212067;7;28;35
hep-th/0110070;hep-th/0110070;39;16;55
hep-th/0301165;hep-th/0301165;25;37;62
hep-th/0202107;hep-th/0202107;111;0;111
hep-th/0301072;hep-th/0301072;6;43;49
gr-qc/0301035;gr-qc/0301035;11;43;54
hep-th/0011045;hep-th/0011045;40;0;40
hep-th/0209261;hep-th/0209261;133;110;243
hep-th/0109038;hep-th/0109038;12;53;65
hep-th/0106190;hep-th/0106190;15;34;49
hep-th/0209076;hep-th/0209076;78;25;103
hep-ph/0209036;hep-ph/0209036;14;72;86
gr-qc/0112027;gr-qc/0112027;38;39;77
hep-th/0203274;hep-th/0203274;21;16;37
hep-th/0209152;hep-th/0209152;4;21;25
hep-th/0206089;hep-th/0206089;49;0;49
hep-th/0202136;hep-th/0202136;6;23;29
hep-th/0010133;hep-th/0010133;27;28;55
hep-th/0109090;hep-th/0109090;20;0;20
hep-ph/0111351;hep-ph/0111351;18;22;40
hep-th/0205220;hep-th/0205220;24;47;71
hep-th/0106271;hep-th/0106271;16;10;26
astro-ph/0003278;astro-ph/0003278;139;14;153
hep-th/0203107;hep-th/0203107;8;51;59
hep-th/0012202;hep-th/0012202;10;26;36
astro-ph/0203272;astro-ph/0203272;42;0;42
hep-th/0008151;hep-th/0008151;87;103;190
astro-ph/0107245;astro-ph/0107245;64;41;105
astro-ph/0208015;astro-ph/0208015;24;41;65
hep-th/0201191;hep-th/0201191;19;28;47
hep-th/0012116;hep-th/0012116;23;19;42
hep-ph/0207145;hep-ph/0207145;22;0;22
hep-th/0106245;hep-th/0106245;44;24;68
hep-th/0203036;hep-th/0203036;15;14;29
hep-th/0207228;hep-th/0207228;91;61;152
gr-qc/0010035;gr-qc/0010035;68;41;109
hep-th/0105269;hep-th/0105269;11;21;32
hep-th/0104023;hep-th/0104023;32;30;62
hep-th/0210029;hep-th/0210029;35;55;90
hep-th/0108215;hep-th/0108215;34;49;83
astro-ph/0208411;astro-ph/0208411;11;13;24
gr-qc/0111033;gr-qc/0111033;25;23;48
astro-ph/0109045;astro-ph/0109045;73;17;90
hep-ph/0102174;hep-ph/0102174;17;18;35
hep-th/0008192;hep-th/0008192;63;40;103
hep-th/0111279;hep-th/0111279;15;0;15
hep-th/0007252;hep-th/0007252;13;12;25
hep-ph/0106153;hep-ph/0106153;108;7;115
hep-th/0210057;hep-th/0210057;1;4;5
hep-th/0002164;hep-th/0002164;109;7;116
hep-ph/0012223;hep-ph/0012223;23;15;38
hep-th/0109050;hep-th/0109050;133;8;141
hep-th/0101234;hep-th/0101234;58;21;79
hep-th/0303096;hep-th/0303096;6;15;21
hep-th/9510202;hep-th/9510202;38;14;52
hep-th/0104067;hep-th/0104067;21;17;38
hep-th/0207283;hep-th/0207283;14;87;101
hep-th/0206016;hep-th/0206016;32;36;68
hep-th/0101198;hep-th/0101198;34;24;58
cond-mat/9804198;cond-mat/9804198;5;13;18
hep-th/9612172;hep-th/9612172;11;9;20
cond-mat/9803169;cond-mat/9803169;4;0;4
hep-th/9605152;hep-th/9605152;18;14;32
cond-mat/9507016;cond-mat/9507016;3;1;4
hep-th/9602041;hep-th/9602041;3;5;8
cond-mat/9602113;cond-mat/9602113;29;0;29
hep-th/9608063;hep-th/9608063;18;9;27
gr-qc/0503116;gr-qc/0503116;6;3;9
gr-qc/0406054;gr-qc/0406054;2;5;7
hep-th/9909129;hep-th/9909129;10;48;58
gr-qc/0503117;gr-qc/0503117;25;16;41
hep-th/0410057;hep-th/0410057;32;38;70
hep-th/0302132;hep-th/0302132;53;32;85
gr-qc/0409005;gr-qc/0409005;27;0;27
hep-th/0311020;hep-th/0311020;50;25;75
0912.3274;0912.3274;0;1;1
hep-th/0412042;hep-th/0412042;6;7;13
0911.5212;0911.5212;0;12;12
hep-th/0510255;hep-th/0510255;15;29;44
hep-th/0409060;hep-th/0409060;26;83;109
hep-th/0005086;hep-th/0005086;10;12;22
hep-th/0503113;hep-th/0503113;21;43;64
0911.0864;0911.0864;0;1;1
hep-th/0507157;hep-th/0507157;8;7;15
0902.4440;0902.4440;0;17;17
hep-th/0701244;hep-th/0701244;6;28;34
hep-th/9502012;hep-th/9502012;29;15;44
hep-th/0104202;hep-th/0104202;121;26;147
hep-th/0611084;hep-th/0611084;16;27;43
hep-th/9110035;hep-th/9110035;14;0;14
hep-th/9508179;hep-th/9508179;2;3;5
hep-th/0506263;hep-th/0506263;16;26;42
physics/0003083;physics/0003083;13;8;21
hep-th/9908178;hep-th/9908178;5;9;14
0911.2125;0911.2125;0;12;12
hep-th/0304019;hep-th/0304019;8;27;35
hep-th/0512047;hep-th/0512047;6;31;37
hep-th/0207208;hep-th/0207208;6;58;64
hep-th/9612254;hep-th/9612254;16;1;17
math/0203133;math/0203133;7;10;17
hep-th/0201239;hep-th/0201239;17;7;24
hep-th/0111230;hep-th/0111230;20;13;33
hep-th/0006181;hep-th/0006181;23;16;39
math-ph/0111020;math-ph/0111020;10;9;19
hep-th/9607036;hep-th/9607036;16;11;27
0902.3835;0902.3835;0;40;40
hep-th/0403292;hep-th/0403292;5;45;50
hep-th/0702163;hep-th/0702163;5;35;40
hep-th/0308044;hep-th/0308044;9;18;27
hep-th/0612150;hep-th/0612150;2;43;45
hep-th/0606038;hep-th/0606038;14;48;62
hep-th/0703152;hep-th/0703152;6;43;49
hep-th/0201170;hep-th/0201170;55;0;55
hep-th/0504177;hep-th/0504177;12;16;28
hep-th/0608088;hep-th/0608088;12;28;40
hep-th/0310169;hep-th/0310169;7;13;20
quant-ph/0604118;quant-ph/0604118;4;11;15
hep-th/0111181;hep-th/0111181;44;33;77
math-ph/0412052;math-ph/0412052;9;16;25
math-ph/0312029;math-ph/0312029;8;17;25
hep-th/9510144;hep-th/9510144;29;8;37
hep-th/9311147;hep-th/9311147;72;0;72
math-ph/0306047;math-ph/0306047;9;13;22
0906.5188;0906.5188;0;5;5
hep-lat/9801021;hep-lat/9801021;126;6;132
hep-ph/0006059;hep-ph/0006059;9;12;21
hep-th/9811235;hep-th/9811235;45;0;45
0705.3003;0705.3003;0;1;1
gr-qc/0109061;gr-qc/0109061;14;10;24
0705.0881;0705.0881;0;9;9
hep-th/9309087;hep-th/9309087;4;1;5
hep-th/9110001;hep-th/9110001;19;0;19
astro-ph/0410110;astro-ph/0410110;20;43;63
hep-th/0110195;hep-th/0110195;49;15;64
hep-th/9803018;hep-th/9803018;26;13;39
gr-qc/9809062;gr-qc/9809062;47;7;54
0912.3006;0912.3006;0;25;25
hep-th/9806037;hep-th/9806037;27;15;42
hep-th/9709101;hep-th/9709101;25;6;31
hep-th/0210115;hep-th/0210115;88;12;100
0705.0882;0705.0882;0;6;6
hep-th/9310069;hep-th/9310069;4;1;5
0904.3932;0904.3932;0;5;5
hep-th/0610007;hep-th/0610007;62;47;109
0810.5643;0810.5643;0;50;50
quant-ph/0602151;quant-ph/0602151;7;0;7
quant-ph/9812039;quant-ph/9812039;19;6;25
quant-ph/0609032;quant-ph/0609032;13;9;22
quant-ph/9807003;quant-ph/9807003;3;3;6
hep-th/0612093;hep-th/0612093;8;0;8
quant-ph/0703254;quant-ph/0703254;8;6;14
math/0407018;math/0407018;6;5;11
hep-th/0703052;hep-th/0703052;6;17;23
gr-qc/9610012;gr-qc/9610012;11;3;14
quant-ph/0507015;quant-ph/0507015;17;18;35
quant-ph/0602207;quant-ph/0602207;7;17;24
quant-ph/0603091;quant-ph/0603091;5;12;17
quant-ph/0306200;quant-ph/0306200;3;6;9
quant-ph/0410012;quant-ph/0410012;16;18;34
hep-th/0610245;hep-th/0610245;9;5;14
hep-th/0411064;hep-th/0411064;31;8;39
hep-th/0208136;hep-th/0208136;4;8;12
quant-ph/0701006;quant-ph/0701006;2;10;12
quant-ph/0602161;quant-ph/0602161;4;7;11
hep-th/0607201;hep-th/0607201;5;30;35
hep-th/0604206;hep-th/0604206;23;25;48
hep-th/0504022;hep-th/0504022;20;30;50
hep-th/0009153;hep-th/0009153;72;12;84
hep-th/0605275;hep-th/0605275;30;11;41
hep-th/0005222;hep-th/0005222;57;0;57
hep-th/0406163;hep-th/0406163;29;33;62
hep-th/0306272;hep-th/0306272;15;10;25
hep-th/0603132;hep-th/0603132;22;10;32
hep-th/0607096;hep-th/0607096;7;24;31
hep-th/0511074;hep-th/0511074;7;22;29
hep-th/0605287;hep-th/0605287;26;16;42
hep-th/0106047;hep-th/0106047;27;22;49
hep-th/0007181;hep-th/0007181;56;16;72
hep-th/0510059;hep-th/0510059;113;45;158
hep-th/0606233;hep-th/0606233;64;117;181
hep-th/0404064;hep-th/0404064;39;60;99
hep-th/0607115;hep-th/0607115;29;45;74
hep-th/0107216;hep-th/0107216;17;12;29
0805.4363;0805.4363;0;10;10
hep-th/0303212;hep-th/0303212;19;23;42
hep-th/9506152;hep-th/9506152;17;8;25
hep-th/0502178;hep-th/0502178;4;21;25
hep-th/9904109;hep-th/9904109;90;23;113
hep-th/0406022;hep-th/0406022;1;21;22
hep-th/0304151;hep-th/0304151;10;13;23
hep-th/0112206;hep-th/0112206;14;24;38
hep-th/0103101;hep-th/0103101;13;31;44
hep-th/0312083;hep-th/0312083;10;17;27
hep-th/0206214;hep-th/0206214;23;0;23
hep-th/9811022;hep-th/9811022;82;19;101
hep-ph/0204228;hep-ph/0204228;13;35;48
hep-th/0502176;hep-th/0502176;3;26;29
hep-th/0401053;hep-th/0401053;42;100;142
hep-th/0304246;hep-th/0304246;9;12;21
hep-th/0002205;hep-th/0002205;16;34;50
hep-th/0405251;hep-th/0405251;4;49;53
hep-th/0212346;hep-th/0212346;19;13;32
hep-th/0304233;hep-th/0304233;26;14;40
hep-th/0502177;hep-th/0502177;0;1;1
hep-th/0408093;hep-th/0408093;1;3;4
hep-th/0502175;hep-th/0502175;0;1;1
hep-th/0403120;hep-th/0403120;137;34;171
hep-th/0409086;hep-th/0409086;38;46;84
hep-th/0411089;hep-th/0411089;102;85;187
hep-th/0306130;hep-th/0306130;151;14;165
hep-th/0306139;hep-th/0306139;184;52;236
hep-th/0310188;hep-th/0310188;87;38;125
hep-th/0311019;hep-th/0311019;49;20;69
hep-th/0402067;hep-th/0402067;35;0;35
hep-th/0406189;hep-th/0406189;77;47;124
hep-th/0405243;hep-th/0405243;44;43;87
hep-th/0405167;hep-th/0405167;32;44;76
hep-th/0502122;hep-th/0502122;18;48;66
hep-th/0404133;hep-th/0404133;73;45;118
hep-th/0410022;hep-th/0410022;34;51;85
hep-th/0405055;hep-th/0405055;34;38;72
hep-th/0409040;hep-th/0409040;28;24;52
hep-th/0412254;hep-th/0412254;64;41;105
hep-th/0403139;hep-th/0403139;78;36;114
hep-th/0208010;hep-th/0208010;61;25;86
hep-th/0410253;hep-th/0410253;83;77;160
hep-th/0311004;hep-th/0311004;166;31;197
hep-th/0402033;hep-th/0402033;45;44;89
hep-th/0406176;hep-th/0406176;29;45;74
hep-th/0404007;hep-th/0404007;93;0;93
hep-th/0409296;hep-th/0409296;98;76;174
hep-th/0402152;hep-th/0402152;21;26;47
hep-th/0401078;hep-th/0401078;8;21;29
hep-th/0312156;hep-th/0312156;16;0;16
hep-th/0312236;hep-th/0312236;18;47;65
hep-th/9212136;hep-th/9212136;21;17;38
hep-th/0104138;hep-th/0104138;23;25;48
hep-th/0312203;hep-th/0312203;13;23;36
hep-th/9206044;hep-th/9206044;84;0;84
hep-th/0412299;hep-th/0412299;20;57;77
gr-qc/0312114;gr-qc/0312114;0;7;7
astro-ph/9908115;astro-ph/9908115;55;8;63
quant-ph/0703196;quant-ph/0703196;1;7;8
quant-ph/0610148;quant-ph/0610148;7;5;12
q-alg/9503002;q-alg/9503002;19;0;19
quant-ph/0502015;quant-ph/0502015;8;1;9
quant-ph/0412095;quant-ph/0412095;8;0;8
math-ph/0610052;math-ph/0610052;3;2;5
cond-mat/0404617;cond-mat/0404617;19;0;19
quant-ph/0606005;quant-ph/0606005;8;3;11
gr-qc/0312110;gr-qc/0312110;37;27;64
hep-th/0301180;hep-th/0301180;56;40;96
hep-th/0306113;hep-th/0306113;35;24;59
hep-th/0212312;hep-th/0212312;22;22;44
hep-th/0309045;hep-th/0309045;8;14;22
gr-qc/0202077;gr-qc/0202077;77;18;95
hep-th/0302181;hep-th/0302181;20;50;70
gr-qc/0308014;gr-qc/0308014;14;19;33
gr-qc/0311004;gr-qc/0311004;33;18;51
gr-qc/0311003;gr-qc/0311003;26;11;37
hep-th/0303073;hep-th/0303073;27;74;101
gr-qc/0303073;gr-qc/0303073;42;13;55
gr-qc/0303072;gr-qc/0303072;37;15;52
hep-th/9909212;hep-th/9909212;8;69;77
hep-th/9910246;hep-th/9910246;5;33;38
hep-th/0003024;hep-th/0003024;55;25;80
hep-th/9907112;hep-th/9907112;20;36;56
hep-th/9509067;hep-th/9509067;14;0;14
hep-th/9806129;hep-th/9806129;17;28;45
hep-th/0501225;hep-th/0501225;7;10;17
hep-th/9705008;hep-th/9705008;14;6;20
hep-th/9706062;hep-th/9706062;13;12;25
hep-th/9612019;hep-th/9612019;32;17;49
hep-th/0701196;hep-th/0701196;0;11;11
hep-th/0512230;hep-th/0512230;10;71;81
gr-qc/0605148;gr-qc/0605148;4;7;11
hep-th/0310006;hep-th/0310006;18;19;37
hep-th/0601041;hep-th/0601041;1;48;49
hep-th/0306217;hep-th/0306217;19;31;50
0710.2652;0710.2652;0;24;24
math-ph/0606030;math-ph/0606030;21;16;37
hep-th/0607235;hep-th/0607235;14;15;29
math-ph/0606069;math-ph/0606069;26;20;46
hep-th/0512071;hep-th/0512071;15;6;21
hep-th/0308043;hep-th/0308043;45;63;108
hep-th/0603052;hep-th/0603052;21;11;32
0907.0144;0907.0144;0;4;4
hep-th/0606010;hep-th/0606010;2;17;19
hep-th/0303023;hep-th/0303023;25;49;74
hep-ph/0006283;hep-ph/0006283;19;36;55
hep-ph/0204155;hep-ph/0204155;22;25;47
hep-th/0011262;hep-th/0011262;42;16;58
hep-th/0205148;hep-th/0205148;12;25;37
gr-qc/9804018;gr-qc/9804018;15;3;18
gr-qc/9301024;gr-qc/9301024;7;0;7
hep-ph/0112090;hep-ph/0112090;10;18;28
hep-th/0102090;hep-th/0102090;1;15;16
hep-th/9509054;hep-th/9509054;4;2;6
hep-th/9707018;hep-th/9707018;95;22;117
hep-th/0007146;hep-th/0007146;192;20;212
astro-ph/0110472;astro-ph/0110472;21;3;24
hep-th/0110149;hep-th/0110149;45;13;58
gr-qc/9801013;gr-qc/9801013;16;2;18
hep-th/0201063;hep-th/0201063;25;24;49
hep-th/9803179;hep-th/9803179;13;3;16
hep-ph/9807482;hep-ph/9807482;24;30;54
hep-ph/0301237;hep-ph/0301237;22;22;44
hep-th/9911152;hep-th/9911152;22;18;40
hep-ph/0211284;hep-ph/0211284;25;26;51
hep-th/0105320;hep-th/0105320;49;82;131
hep-th/0107198;hep-th/0107198;30;21;51
hep-th/0006139;hep-th/0006139;101;21;122
hep-ph/0511216;hep-ph/0511216;14;63;77
hep-th/0403074;hep-th/0403074;35;25;60
hep-th/0511138;hep-th/0511138;18;57;75
hep-th/9504130;hep-th/9504130;49;1;50
hep-th/0203251;hep-th/0203251;14;18;32
hep-th/0212031;hep-th/0212031;16;12;28
gr-qc/9402020;gr-qc/9402020;21;1;22
hep-th/9206058;hep-th/9206058;4;1;5
gr-qc/0001010;gr-qc/0001010;16;12;28
hep-ph/9502256;hep-ph/9502256;3;0;3
hep-th/9811012;hep-th/9811012;9;2;11
gr-qc/9904067;gr-qc/9904067;10;0;10
astro-ph/9812088;astro-ph/9812088;55;2;57
hep-th/9911174;hep-th/9911174;40;21;61
hep-th/9810182;hep-th/9810182;7;1;8
gr-qc/9911096;gr-qc/9911096;5;1;6
gr-qc/9708051;gr-qc/9708051;10;0;10
gr-qc/9911046;gr-qc/9911046;46;6;52
hep-ph/9506283;hep-ph/9506283;30;17;47
gr-qc/0001012;gr-qc/0001012;1;1;2
gr-qc/9911045;gr-qc/9911045;7;0;7
hep-ph/9904201;hep-ph/9904201;8;40;48
hep-ph/9609462;hep-ph/9609462;17;11;28
hep-ph/9211266;hep-ph/9211266;38;3;41
hep-ph/9903371;hep-ph/9903371;5;49;54
hep-ph/9508290;hep-ph/9508290;11;4;15
hep-ph/9703320;hep-ph/9703320;16;13;29
hep-th/9801123;hep-th/9801123;16;29;45
hep-th/9811133;hep-th/9811133;21;26;47
0807.2164;0807.2164;0;5;5
cond-mat/0105435;cond-mat/0105435;2;2;4
hep-th/9310132;hep-th/9310132;8;0;8
hep-th/0610094;hep-th/0610094;1;26;27
hep-th/0309197;hep-th/0309197;2;5;7
cond-mat/0607594;cond-mat/0607594;1;1;2
quant-ph/0311057;quant-ph/0311057;2;6;8
quant-ph/0206114;quant-ph/0206114;1;5;6
quant-ph/0201003;quant-ph/0201003;7;5;12
quant-ph/0206149;quant-ph/0206149;7;5;12
quant-ph/0108022;quant-ph/0108022;13;8;21
quant-ph/0103071;quant-ph/0103071;16;7;23
gr-qc/9803009;gr-qc/9803009;1;1;2
hep-th/9612055;hep-th/9612055;1;0;1
hep-th/9202054;hep-th/9202054;29;0;29
gr-qc/9312029;gr-qc/9312029;4;1;5
gr-qc/9608032;gr-qc/9608032;27;35;62
hep-th/9202063;hep-th/9202063;17;0;17
hep-th/9306122;hep-th/9306122;89;7;96
hep-th/9304164;hep-th/9304164;29;3;32
gr-qc/9411007;gr-qc/9411007;58;3;61
hep-th/9310201;hep-th/9310201;55;2;57
gr-qc/9302011;gr-qc/9302011;20;3;23
gr-qc/0509016;gr-qc/0509016;0;12;12
gr-qc/9903011;gr-qc/9903011;10;4;14
hep-th/9204026;hep-th/9204026;25;1;26
0711.3360;0711.3360;0;11;11
hep-th/0304048;hep-th/0304048;20;7;27
hep-ph/0503044;hep-ph/0503044;12;378;390
hep-th/0306245;hep-th/0306245;21;10;31
gr-qc/9806073;gr-qc/9806073;0;10;10
astro-ph/9806015;astro-ph/9806015;26;10;36
hep-th/9705050;hep-th/9705050;41;39;80
hep-th/9604084;hep-th/9604084;37;15;52
hep-ph/9806327;hep-ph/9806327;18;11;29
0911.0865;0911.0865;0;17;17
math/0103214;math/0103214;10;22;32
hep-th/9609167;hep-th/9609167;29;32;61
hep-th/9707198;hep-th/9707198;12;28;40
math/0702890;math/0702890;1;0;1
hep-th/0702063;hep-th/0702063;12;10;22
math/0204356;math/0204356;21;24;45
hep-th/0403018;hep-th/0403018;13;29;42
hep-th/0002240;hep-th/0002240;34;16;50
hep-th/0612307;hep-th/0612307;9;30;39
hep-th/0702210;hep-th/0702210;18;24;42
hep-th/0103243;hep-th/0103243;4;0;4
gr-qc/9803006;gr-qc/9803006;11;3;14
hep-th/9504028;hep-th/9504028;11;0;11
hep-th/9510205;hep-th/9510205;7;2;9
hep-th/9908157;hep-th/9908157;12;5;17
hep-th/9903193;hep-th/9903193;9;2;11
hep-th/9902204;hep-th/9902204;7;8;15
hep-th/9204074;hep-th/9204074;12;0;12
hep-th/9908156;hep-th/9908156;4;15;19
hep-th/9811094;hep-th/9811094;5;8;13
hep-th/9509073;hep-th/9509073;12;3;15
hep-th/9812019;hep-th/9812019;39;8;47
hep-th/9810256;hep-th/9810256;6;14;20
hep-th/9610136;hep-th/9610136;5;3;8
hep-lat/9812003;hep-lat/9812003;46;10;56
hep-th/9703092;hep-th/9703092;35;5;40
hep-th/9908155;hep-th/9908155;2;30;32
hep-th/9907038;hep-th/9907038;23;33;56
hep-th/9906055;hep-th/9906055;81;34;115
hep-th/9902196;hep-th/9902196;31;0;31
hep-th/9904069;hep-th/9904069;47;13;60
hep-th/9906057;hep-th/9906057;24;29;53
hep-th/9908130;hep-th/9908130;86;45;131
hep-th/9906101;hep-th/9906101;26;45;71
hep-th/9906234;hep-th/9906234;32;38;70
hep-th/9810214;hep-th/9810214;58;23;81
hep-th/9908154;hep-th/9908154;6;13;19
hep-th/9903207;hep-th/9903207;11;67;78
hep-th/9810163;hep-th/9810163;17;4;21
hep-th/9903156;hep-th/9903156;30;18;48
hep-th/9905118;hep-th/9905118;18;34;52
hep-th/9711106;hep-th/9711106;67;11;78
hep-th/9908153;hep-th/9908153;8;24;32
hep-th/9903043;hep-th/9903043;12;17;29
hep-th/9902200;hep-th/9902200;12;53;65
hep-th/9808188;hep-th/9808188;35;0;35
hep-th/9908151;hep-th/9908151;16;8;24
hep-th/9612174;hep-th/9612174;22;0;22
math-ph/9811029;math-ph/9811029;6;2;8
hep-th/9610067;hep-th/9610067;11;5;16
astro-ph/9905393;astro-ph/9905393;1;1;2
0810.3101;0810.3101;0;11;11
hep-th/0209052;hep-th/0209052;27;10;37
hep-th/0605036;hep-th/0605036;13;18;31
hep-th/0405264;hep-th/0405264;12;15;27
hep-th/0611090;hep-th/0611090;10;15;25
hep-th/0303187;hep-th/0303187;26;19;45
cond-mat/0509675;cond-mat/0509675;12;0;12
0910.3426;0910.3426;0;10;10
hep-th/0601205;hep-th/0601205;14;34;48
hep-th/9908159;hep-th/9908159;0;3;3
hep-th/9710227;hep-th/9710227;9;6;15
hep-th/9906205;hep-th/9906205;7;5;12
hep-th/9908158;hep-th/9908158;7;8;15
hep-lat/9605035;hep-lat/9605035;6;2;8
hep-th/9712244;hep-th/9712244;20;1;21
hep-th/9712123;hep-th/9712123;7;3;10
hep-th/9312007;hep-th/9312007;11;0;11
hep-th/9906034;hep-th/9906034;8;15;23
hep-ph/9612459;hep-ph/9612459;25;0;25
0805.3472;0805.3472;0;31;31
hep-th/0601106;hep-th/0601106;9;8;17
hep-th/0010239;hep-th/0010239;38;8;46
hep-th/9410093;hep-th/9410093;35;5;40
hep-th/0207212;hep-th/0207212;24;46;70
hep-th/0411269;hep-th/0411269;10;65;75
hep-th/9812194;hep-th/9812194;37;0;37
hep-th/0401086;hep-th/0401086;23;19;42
hep-th/0007211;hep-th/0007211;27;47;74
hep-th/0106065;hep-th/0106065;12;15;27
hep-th/0512330;hep-th/0512330;8;30;38
hep-th/9602054;hep-th/9602054;9;6;15
hep-th/9906217;hep-th/9906217;42;44;86
hep-th/0612221;hep-th/0612221;0;11;11
hep-th/9809210;hep-th/9809210;8;16;24
hep-th/9604027;hep-th/9604027;21;27;48
hep-th/9905083;hep-th/9905083;10;15;25
hep-th/0603116;hep-th/0603116;4;0;4
hep-th/0301043;hep-th/0301043;3;0;3
hep-th/0301085;hep-th/0301085;1;7;8
hep-th/9806114;hep-th/9806114;8;1;9
hep-th/0112175;hep-th/0112175;6;7;13
hep-th/0309233;hep-th/0309233;1;1;2
hep-th/9609037;hep-th/9609037;15;14;29
hep-th/9805084;hep-th/9805084;15;8;23
0905.3044;0905.3044;0;39;39
hep-th/0701114;hep-th/0701114;7;42;49
hep-th/0210263;hep-th/0210263;38;39;77
hep-th/0404055;hep-th/0404055;75;72;147
hep-th/0606013;hep-th/0606013;36;43;79
hep-th/0402105;hep-th/0402105;15;62;77
hep-th/0610104;hep-th/0610104;18;17;35
hep-th/0610003;hep-th/0610003;95;31;126
hep-th/9709058;hep-th/9709058;53;66;119
hep-th/0605225;hep-th/0605225;38;60;98
hep-th/0703028;hep-th/0703028;55;35;90
hep-th/0306042;hep-th/0306042;21;44;65
hep-th/0204153;hep-th/0204153;51;23;74
hep-th/0502032;hep-th/0502032;27;24;51
hep-th/0702015;hep-th/0702015;58;100;158
hep-ph/0402047;hep-ph/0402047;22;7;29
hep-th/9710102;hep-th/9710102;34;39;73
hep-ph/0510332;hep-ph/0510332;29;45;74
hep-th/9506133;hep-th/9506133;9;25;34
hep-th/9501018;hep-th/9501018;9;16;25
hep-th/9307106;hep-th/9307106;9;6;15
hep-th/9408049;hep-th/9408049;11;6;17
hep-th/9305005;hep-th/9305005;29;0;29
hep-th/9503217;hep-th/9503217;8;0;8
hep-th/9407112;hep-th/9407112;10;14;24
hep-th/9303101;hep-th/9303101;13;6;19
hep-th/9312045;hep-th/9312045;12;10;22
hep-th/9207073;hep-th/9207073;11;3;14
hep-th/9502091;hep-th/9502091;56;24;80
hep-th/9407141;hep-th/9407141;14;17;31
hep-th/9504138;hep-th/9504138;23;11;34
hep-th/9210037;hep-th/9210037;19;3;22
0912.2352;0912.2352;0;21;21
hep-th/0701035;hep-th/0701035;80;40;120
gr-qc/0509107;gr-qc/0509107;41;3;44
hep-th/0608076;hep-th/0608076;26;25;51
hep-th/0701043;hep-th/0701043;54;20;74
hep-th/0509013;hep-th/0509013;27;3;30
hep-th/0702111;hep-th/0702111;26;17;43
astro-ph/9904108;astro-ph/9904108;17;17;34
0910.3680;0910.3680;0;5;5
hep-th/9602093;hep-th/9602093;12;2;14
hep-ph/0306259;hep-ph/0306259;49;19;68
hep-ph/0701044;hep-ph/0701044;9;8;17
cond-mat/0001350;cond-mat/0001350;14;5;19
cond-mat/0007389;cond-mat/0007389;16;2;18
cond-mat/0010360;cond-mat/0010360;18;9;27
hep-th/9711037;hep-th/9711037;71;0;71
hep-th/9708022;hep-th/9708022;14;26;40
hep-th/9710226;hep-th/9710226;47;0;47
hep-th/9705188;hep-th/9705188;23;51;74
hep-th/9710178;hep-th/9710178;64;22;86
hep-th/9709108;hep-th/9709108;73;0;73
hep-th/9711063;hep-th/9711063;20;4;24
hep-th/9710032;hep-th/9710032;16;13;29
hep-th/9702169;hep-th/9702169;11;1;12
hep-th/9704127;hep-th/9704127;40;41;81
hep-th/9704029;hep-th/9704029;79;19;98
gr-qc/0702121;gr-qc/0702121;2;14;16
gr-qc/0601006;gr-qc/0601006;7;18;25
gr-qc/0606086;gr-qc/0606086;4;19;23
hep-th/0507200;hep-th/0507200;14;9;23
gr-qc/0607026;gr-qc/0607026;4;26;30
gr-qc/0307078;gr-qc/0307078;19;8;27
gr-qc/0302097;gr-qc/0302097;29;9;38
hep-th/9711079;hep-th/9711079;0;3;3
hep-th/9703226;hep-th/9703226;35;1;36
hep-th/9710128;hep-th/9710128;20;5;25
0910.5604;0910.5604;0;16;16
hep-th/0206053;hep-th/0206053;22;16;38
hep-th/0609009;hep-th/0609009;25;25;50
hep-th/0312324;hep-th/0312324;60;21;81
hep-th/0412330;hep-th/0412330;42;16;58
hep-th/0408075;hep-th/0408075;1;15;16
hep-th/0406237;hep-th/0406237;3;12;15
hep-ph/9808216;hep-ph/9808216;6;14;20
hep-th/9802036;hep-th/9802036;6;2;8
hep-th/9405028;hep-th/9405028;30;1;31
hep-th/9907159;hep-th/9907159;5;8;13
hep-th/9505144;hep-th/9505144;13;13;26
hep-th/9805025;hep-th/9805025;2;10;12
hep-th/9612011;hep-th/9612011;16;0;16
hep-ph/9504352;hep-ph/9504352;44;1;45
hep-th/9612010;hep-th/9612010;11;14;25
hep-ph/9504431;hep-ph/9504431;36;3;39
q-alg/9607022;q-alg/9607022;27;5;32
hep-th/9503059;hep-th/9503059;25;0;25
0803.0749;0803.0749;0;19;19
hep-th/9404123;hep-th/9404123;5;1;6
gr-qc/0604072;gr-qc/0604072;5;9;14
hep-th/0702016;hep-th/0702016;4;26;30
hep-th/9304027;hep-th/9304027;23;14;37
hep-th/9412159;hep-th/9412159;13;28;41
quant-ph/0609163;quant-ph/0609163;13;44;57
hep-th/0501005;hep-th/0501005;2;12;14
astro-ph/0511396;astro-ph/0511396;4;9;13
hep-th/0211160;hep-th/0211160;55;23;78
hep-ph/0504135;hep-ph/0504135;15;0;15
astro-ph/0211276;astro-ph/0211276;34;33;67
astro-ph/0107555;astro-ph/0107555;36;22;58
astro-ph/0505198;astro-ph/0505198;9;12;21
nlin/0104062;nlin/0104062;5;4;9
hep-th/9601051;hep-th/9601051;12;0;12
hep-th/9808083;hep-th/9808083;4;6;10
hep-th/9206047;hep-th/9206047;50;1;51
hep-th/0402155;hep-th/0402155;15;32;47
hep-ph/0105216;hep-ph/0105216;22;12;34
hep-th/0203235;hep-th/0203235;13;41;54
hep-th/0205100;hep-th/0205100;74;0;74
hep-th/0303191;hep-th/0303191;52;147;199
hep-th/0303269;hep-th/0303269;97;36;133
hep-th/0303160;hep-th/0303160;50;63;113
hep-th/0307223;hep-th/0307223;5;25;30
hep-th/0312042;hep-th/0312042;12;19;31
hep-th/0312005;hep-th/0312005;75;13;88
hep-th/0402032;hep-th/0402032;52;23;75
hep-th/0312268;hep-th/0312268;26;31;57
hep-th/0109097;hep-th/0109097;22;21;43
hep-th/9803197;hep-th/9803197;11;33;44
hep-th/9801207;hep-th/9801207;20;71;91
hep-th/9608129;hep-th/9608129;38;11;49
hep-th/9708118;hep-th/9708118;86;50;136
hep-th/0501050;hep-th/0501050;4;4;8
hep-th/0101078;hep-th/0101078;53;0;53
0910.2881;0910.2881;0;5;5
hep-th/0601234;hep-th/0601234;33;0;33
hep-th/9708138;hep-th/9708138;12;5;17
gr-qc/0506034;gr-qc/0506034;3;4;7
hep-th/9804076;hep-th/9804076;25;13;38
0804.0522;0804.0522;0;12;12
hep-th/0611067;hep-th/0611067;8;13;21
hep-th/0604118;hep-th/0604118;3;24;27
hep-th/0509049;hep-th/0509049;14;21;35
hep-th/9512200;hep-th/9512200;8;4;12
hep-th/9401056;hep-th/9401056;17;1;18
hep-ph/9409413;hep-ph/9409413;19;0;19
hep-th/9505058;hep-th/9505058;22;2;24
hep-th/0501051;hep-th/0501051;1;1;2
hep-th/0310216;hep-th/0310216;4;4;8
0712.0350;0712.0350;0;11;11
hep-th/0209174;hep-th/0209174;22;19;41
hep-th/0703200;hep-th/0703200;16;12;28
hep-th/0312305;hep-th/0312305;11;60;71
hep-th/0603219;hep-th/0603219;30;18;48
hep-th/0606183;hep-th/0606183;15;15;30
hep-th/0606056;hep-th/0606056;10;21;31
0905.2468;0905.2468;0;2;2
0801.0268;0801.0268;0;47;47
hep-th/0206198;hep-th/0206198;7;17;24
gr-qc/0603013;gr-qc/0603013;6;23;29
astro-ph/0606003;astro-ph/0606003;12;0;12
hep-th/0011167;hep-th/0011167;23;25;48
hep-th/0010014;hep-th/0010014;31;39;70
hep-th/0004114;hep-th/0004114;46;41;87
hep-th/0607217;hep-th/0607217;15;105;120
hep-th/0110143;hep-th/0110143;44;0;44
hep-th/0110162;hep-th/0110162;22;26;48
hep-th/0601052;hep-th/0601052;4;33;37
hep-th/0403151;hep-th/0403151;14;23;37
hep-th/0209041;hep-th/0209041;52;24;76
gr-qc/0610107;gr-qc/0610107;7;31;38
hep-th/9811246;hep-th/9811246;9;12;21
hep-th/9707041;hep-th/9707041;56;9;65
hep-th/9904184;hep-th/9904184;9;10;19
hep-th/9611031;hep-th/9611031;1;3;4
hep-th/0011248;hep-th/0011248;6;19;25
hep-th/0006156;hep-th/0006156;24;16;40
gr-qc/9411017;gr-qc/9411017;27;0;27
gr-qc/0209002;gr-qc/0209002;5;4;9
hep-th/9910178;hep-th/9910178;8;11;19
gr-qc/0209007;gr-qc/0209007;1;5;6
gr-qc/0102067;gr-qc/0102067;8;8;16
hep-th/9405119;hep-th/9405119;29;6;35
hep-th/9710210;hep-th/9710210;21;13;34
gr-qc/9709043;gr-qc/9709043;24;27;51
hep-th/0111091;hep-th/0111091;8;41;49
hep-th/9807007;hep-th/9807007;18;15;33
hep-th/9707115;hep-th/9707115;28;30;58
hep-th/0011136;hep-th/0011136;7;16;23
hep-th/9807003;hep-th/9807003;4;7;11
gr-qc/0005098;gr-qc/0005098;13;18;31
solv-int/9902017;solv-int/9902017;3;6;9
gr-qc/9703035;gr-qc/9703035;10;9;19
hep-th/9601166;hep-th/9601166;7;13;20
hep-th/0012252;hep-th/0012252;4;16;20
hep-th/0108036;hep-th/0108036;6;26;32
gr-qc/9712091;gr-qc/9712091;3;15;18
gr-qc/9907036;gr-qc/9907036;10;0;10
hep-th/9710051;hep-th/9710051;8;22;30
hep-th/9802043;hep-th/9802043;11;14;25
hep-th/0012134;hep-th/0012134;39;9;48
hep-th/9806055;hep-th/9806055;19;26;45
hep-th/9802029;hep-th/9802029;31;8;39
hep-th/9412131;hep-th/9412131;20;38;58
hep-th/9801122;hep-th/9801122;18;9;27
hep-th/0012140;hep-th/0012140;5;10;15
hep-th/0006035;hep-th/0006035;19;28;47
gr-qc/0102006;gr-qc/0102006;5;6;11
hep-th/0112056;hep-th/0112056;7;36;43
hep-th/9906230;hep-th/9906230;18;19;37
gr-qc/9612033;gr-qc/9612033;12;30;42
gr-qc/0012026;gr-qc/0012026;5;19;24
hep-th/9301029;hep-th/9301029;10;0;10
hep-th/9904070;hep-th/9904070;22;27;49
hep-th/9607062;hep-th/9607062;40;10;50
hep-th/9807101;hep-th/9807101;10;20;30
hep-th/9211135;hep-th/9211135;17;9;26
gr-qc/9907013;gr-qc/9907013;4;7;11
hep-th/9804152;hep-th/9804152;17;10;27
hep-th/0102140;hep-th/0102140;15;49;64
hep-th/9912024;hep-th/9912024;7;15;22
hep-th/0108050;hep-th/0108050;8;33;41
hep-th/0004027;hep-th/0004027;14;13;27
hep-th/9812096;hep-th/9812096;7;0;7
gr-qc/0101033;gr-qc/0101033;11;12;23
hep-th/9206071;hep-th/9206071;20;1;21
hep-th/9505012;hep-th/9505012;41;9;50
gr-qc/9907106;gr-qc/9907106;4;18;22
hep-th/9201021;hep-th/9201021;75;0;75
hep-th/9802158;hep-th/9802158;18;14;32
hep-th/0202010;hep-th/0202010;3;18;21
gr-qc/9705013;gr-qc/9705013;12;8;20
gr-qc/9805082;gr-qc/9805082;2;13;15
hep-th/9504011;hep-th/9504011;6;5;11
hep-th/9302040;hep-th/9302040;11;2;13
gr-qc/9510012;gr-qc/9510012;13;12;25
hep-th/9807122;hep-th/9807122;15;20;35
hep-th/0012219;hep-th/0012219;21;39;60
hep-th/9704168;hep-th/9704168;15;16;31
hep-th/9703044;hep-th/9703044;6;13;19
gr-qc/9911118;gr-qc/9911118;2;6;8
hep-th/9805081;hep-th/9805081;21;14;35
hep-th/9811059;hep-th/9811059;14;21;35
hep-th/9404034;hep-th/9404034;5;6;11
hep-th/0107173;hep-th/0107173;21;21;42
gr-qc/9804083;gr-qc/9804083;19;15;34
hep-th/0202005;hep-th/0202005;3;28;31
hep-th/0102208;hep-th/0102208;38;9;47
hep-th/9812136;hep-th/9812136;29;5;34
hep-th/9503074;hep-th/9503074;9;1;10
gr-qc/9509051;gr-qc/9509051;22;6;28
quant-ph/0001026;quant-ph/0001026;8;0;8
hep-th/9707025;hep-th/9707025;26;8;34
hep-th/9810055;hep-th/9810055;8;29;37
hep-th/9602023;hep-th/9602023;3;4;7
gr-qc/9411036;gr-qc/9411036;18;1;19
gr-qc/9902084;gr-qc/9902084;4;8;12
hep-th/9905007;hep-th/9905007;15;21;36
gr-qc/9302006;gr-qc/9302006;13;2;15
hep-th/9706066;hep-th/9706066;30;16;46
hep-th/9310150;hep-th/9310150;13;10;23
hep-th/0010097;hep-th/0010097;7;5;12
hep-th/9404045;hep-th/9404045;5;6;11
hep-th/0202073;hep-th/0202073;8;24;32
hep-th/9706009;hep-th/9706009;49;4;53
hep-th/9702178;hep-th/9702178;25;0;25
hep-th/9410003;hep-th/9410003;6;5;11
hep-th/9510147;hep-th/9510147;7;3;10
hep-th/0111138;hep-th/0111138;9;0;9
gr-qc/9906105;gr-qc/9906105;21;0;21
hep-th/0008061;hep-th/0008061;9;27;36
hep-th/9505030;hep-th/9505030;13;10;23
hep-th/0009202;hep-th/0009202;46;174;220
hep-th/0009050;hep-th/0009050;21;39;60
hep-th/0112086;hep-th/0112086;2;17;19
0912.0854;0912.0854;0;10;10
hep-th/0209044;hep-th/0209044;17;9;26
hep-th/9903110;hep-th/9903110;12;71;83
hep-th/0606105;hep-th/0606105;18;37;55
hep-th/0512163;hep-th/0512163;25;22;47
0801.3080;0801.3080;0;33;33
hep-th/0412111;hep-th/0412111;7;18;25
hep-th/0403270;hep-th/0403270;14;0;14
hep-th/0503025;hep-th/0503025;10;10;20
hep-th/0703271;hep-th/0703271;7;28;35
hep-th/0505156;hep-th/0505156;7;15;22
hep-th/0701195;hep-th/0701195;1;6;7
hep-th/9303068;hep-th/9303068;6;0;6
gr-qc/0503060;gr-qc/0503060;1;12;13
hep-th/0610317;hep-th/0610317;5;18;23
hep-th/9503056;hep-th/9503056;3;0;3
hep-th/0501054;hep-th/0501054;7;16;23
hep-th/0406173;hep-th/0406173;50;44;94
hep-th/0312168;hep-th/0312168;36;21;57
hep-th/0405058;hep-th/0405058;75;44;119
hep-th/0405274;hep-th/0405274;23;21;44
hep-th/0105314;hep-th/0105314;7;0;7
hep-th/0202043;hep-th/0202043;43;15;58
hep-th/0311141;hep-th/0311141;56;72;128
hep-th/0311169;hep-th/0311169;35;19;54
0705.3847;0705.3847;0;40;40
hep-th/9811048;hep-th/9811048;57;13;70
hep-th/0504136;hep-th/0504136;10;0;10
hep-th/0505259;hep-th/0505259;19;33;52
0709.3609;0709.3609;0;9;9
hep-th/0506093;hep-th/0506093;13;18;31
hep-th/0411247;hep-th/0411247;19;11;30
hep-th/9512201;hep-th/9512201;3;10;13
hep-th/9211080;hep-th/9211080;10;0;10
hep-th/9206014;hep-th/9206014;6;0;6
hep-th/9407052;hep-th/9407052;8;1;9
hep-th/9307176;hep-th/9307176;9;6;15
hep-th/9411150;hep-th/9411150;5;3;8
hep-th/9504160;hep-th/9504160;3;17;20
hep-th/9311139;hep-th/9311139;27;3;30
hep-th/9310170;hep-th/9310170;101;11;112
hep-th/9511061;hep-th/9511061;14;13;27
hep-lat/9811015;hep-lat/9811015;4;10;14
hep-th/9710235;hep-th/9710235;9;2;11
hep-lat/9804022;hep-lat/9804022;17;6;23
hep-th/9805137;hep-th/9805137;9;5;14
hep-th/9806150;hep-th/9806150;3;19;22
hep-th/9505003;hep-th/9505003;8;3;11
hep-th/9711189;hep-th/9711189;6;3;9
hep-th/9705136;hep-th/9705136;14;3;17
hep-th/9503016;hep-th/9503016;71;20;91
gr-qc/0303023;gr-qc/0303023;14;6;20
0804.4100;0804.4100;0;20;20
hep-ph/0703243;hep-ph/0703243;15;5;20
hep-th/9907012;hep-th/9907012;38;32;70
hep-th/0312014;hep-th/0312014;11;16;27
hep-th/0402162;hep-th/0402162;17;22;39
gr-qc/9904061;gr-qc/9904061;47;24;71
hep-th/0312139;hep-th/0312139;18;21;39
hep-th/0501089;hep-th/0501089;1;2;3
hep-th/9904120;hep-th/9904120;96;21;117
hep-th/9910185;hep-th/9910185;14;20;34
hep-th/0101220;hep-th/0101220;13;27;40
hep-th/9912055;hep-th/9912055;59;19;78
astro-ph/0307459;astro-ph/0307459;27;27;54
hep-th/0103108;hep-th/0103108;45;21;66
hep-th/0106086;hep-th/0106086;46;35;81
hep-th/9908093;hep-th/9908093;23;14;37
hep-th/0308145;hep-th/0308145;18;41;59
hep-th/9911157;hep-th/9911157;11;17;28
hep-th/9902126;hep-th/9902126;84;28;112
0711.2792;0711.2792;0;17;17
hep-th/0603215;hep-th/0603215;24;28;52
hep-th/0602107;hep-th/0602107;38;39;77
hep-th/0610053;hep-th/0610053;22;110;132
hep-th/0601062;hep-th/0601062;36;48;84
hep-th/0612031;hep-th/0612031;22;22;44
hep-th/0612121;hep-th/0612121;15;0;15
hep-th/9503148;hep-th/9503148;1;5;6
0803.1293;0803.1293;0;14;14
hep-th/0007208;hep-th/0007208;20;18;38
hep-th/9810176;hep-th/9810176;17;6;23
hep-th/0607033;hep-th/0607033;24;41;65
hep-th/0202077;hep-th/0202077;10;38;48
hep-th/0406015;hep-th/0406015;36;33;69
hep-th/9704182;hep-th/9704182;3;7;10
hep-th/0212204;hep-th/0212204;19;15;34
hep-th/0002036;hep-th/0002036;40;9;49
hep-th/0508223;hep-th/0508223;9;23;32
hep-th/0607215;hep-th/0607215;18;12;30
hep-th/0210196;hep-th/0210196;18;15;33
gr-qc/0608102;gr-qc/0608102;1;2;3
gr-qc/9603051;gr-qc/9603051;15;1;16
gr-qc/0511064;gr-qc/0511064;2;5;7
gr-qc/0608100;gr-qc/0608100;19;14;33
math-ph/0511043;math-ph/0511043;24;5;29
gr-qc/0408094;gr-qc/0408094;19;30;49
hep-th/0606232;hep-th/0606232;17;21;38
astro-ph/0210149;astro-ph/0210149;5;2;7
astro-ph/0206262;astro-ph/0206262;6;6;12
astro-ph/0109404;astro-ph/0109404;7;4;11
cond-mat/0512058;cond-mat/0512058;1;8;9
cond-mat/0401026;cond-mat/0401026;4;3;7
cond-mat/0502052;cond-mat/0502052;6;16;22
cond-mat/0501197;cond-mat/0501197;17;19;36
cond-mat/0205033;cond-mat/0205033;7;0;7
hep-th/9211048;hep-th/9211048;3;0;3
math/0004039;math/0004039;2;8;10
hep-th/9601163;hep-th/9601163;14;9;23
math/9909039;math/9909039;1;5;6
hep-th/9701043;hep-th/9701043;20;0;20
hep-th/9805179;hep-th/9805179;19;13;32
math/9910007;math/9910007;1;0;1
gr-qc/0608109;gr-qc/0608109;2;36;38
gr-qc/0204047;gr-qc/0204047;25;36;61
hep-th/0506152;hep-th/0506152;7;37;44
hep-th/0406091;hep-th/0406091;19;37;56
hep-th/0212331;hep-th/0212331;9;44;53
hep-th/0509182;hep-th/0509182;29;28;57
astro-ph/0208133;astro-ph/0208133;13;3;16
hep-th/0506167;hep-th/0506167;12;57;69
hep-th/0511170;hep-th/0511170;4;27;31
hep-th/0410042;hep-th/0410042;11;23;34
hep-th/0309001;hep-th/0309001;27;40;67
astro-ph/0607371;astro-ph/0607371;7;80;87
hep-ph/0404141;hep-ph/0404141;5;5;10
gr-qc/0310103;gr-qc/0310103;5;25;30
hep-th/0504128;hep-th/0504128;8;52;60
hep-th/0504087;hep-th/0504087;7;33;40
astro-ph/0504418;astro-ph/0504418;6;3;9
hep-th/0509194;hep-th/0509194;4;27;31
hep-th/0310009;hep-th/0310009;8;7;15
hep-th/0202137;hep-th/0202137;41;0;41
hep-th/0109181;hep-th/0109181;5;0;5
hep-th/9209044;hep-th/9209044;88;0;88
math-ph/9905001;math-ph/9905001;9;5;14
hep-th/0301112;hep-th/0301112;13;12;25
hep-th/0305247;hep-th/0305247;67;15;82
hep-th/0206175;hep-th/0206175;31;66;97
hep-th/0105062;hep-th/0105062;53;31;84
hep-th/0101118;hep-th/0101118;13;34;47
hep-th/0106171;hep-th/0106171;23;42;65
hep-th/0107113;hep-th/0107113;22;24;46
hep-th/9512178;hep-th/9512178;45;7;52
hep-th/9705054;hep-th/9705054;28;19;47
hep-th/0310007;hep-th/0310007;18;14;32
hep-ph/9912266;hep-ph/9912266;101;33;134
hep-th/0011225;hep-th/0011225;54;19;73
hep-ph/0004086;hep-ph/0004086;31;11;42
astro-ph/0303158;astro-ph/0303158;2;4;6
hep-th/0310005;hep-th/0310005;0;13;13
hep-th/0309096;hep-th/0309096;18;27;45
hep-th/0201040;hep-th/0201040;14;28;42
hep-th/0206063;hep-th/0206063;149;147;296
hep-th/9903001;hep-th/9903001;4;10;14
hep-th/0310004;hep-th/0310004;0;2;2
hep-th/9706124;hep-th/9706124;28;13;41
hep-th/0310003;hep-th/0310003;1;2;3
hep-th/0108210;hep-th/0108210;3;2;5
hep-th/0112077;hep-th/0112077;13;7;20
hep-th/0207168;hep-th/0207168;52;21;73
hep-th/0011126;hep-th/0011126;6;1;7
hep-th/0404151;hep-th/0404151;33;41;74
hep-th/0309095;hep-th/0309095;38;20;58
hep-th/0404011;hep-th/0404011;118;218;336
hep-th/0008052;hep-th/0008052;49;13;62
hep-th/0309167;hep-th/0309167;41;83;124
hep-th/0205108;hep-th/0205108;19;20;39
hep-th/0111025;hep-th/0111025;93;37;130
gr-qc/0209006;gr-qc/0209006;16;11;27
hep-th/0101228;hep-th/0101228;13;32;45
hep-th/0401004;hep-th/0401004;25;39;64
gr-qc/0007070;gr-qc/0007070;41;21;62
hep-th/0304262;hep-th/0304262;10;30;40
hep-th/0312020;hep-th/0312020;100;0;100
gr-qc/0309080;gr-qc/0309080;36;9;45
hep-th/9905037;hep-th/9905037;12;40;52
hep-th/0309083;hep-th/0309083;27;0;27
hep-th/0311070;hep-th/0311070;18;26;44
hep-th/0404142;hep-th/0404142;11;31;42
gr-qc/9910063;gr-qc/9910063;21;0;21
gr-qc/0103070;gr-qc/0103070;33;15;48
hep-th/0307043;hep-th/0307043;48;42;90
hep-ph/0104195;hep-ph/0104195;5;32;37
hep-th/0310277;hep-th/0310277;8;26;34
hep-th/9606087;hep-th/9606087;38;21;59
hep-th/0307255;hep-th/0307255;40;45;85
hep-ph/0312157;hep-ph/0312157;30;58;88
hep-ph/9908305;hep-ph/9908305;43;38;81
hep-th/0311154;hep-th/0311154;39;14;53
hep-th/0205209;hep-th/0205209;54;41;95
hep-th/0402046;hep-th/0402046;110;28;138
hep-th/0310139;hep-th/0310139;42;45;87
hep-th/0109024;hep-th/0109024;13;27;40
hep-th/0307138;hep-th/0307138;61;55;116
hep-th/0103045;hep-th/0103045;3;17;20
hep-th/0001126;hep-th/0001126;34;28;62
hep-th/0111127;hep-th/0111127;16;31;47
hep-th/0309032;hep-th/0309032;9;1;10
hep-ph/0211409;hep-ph/0211409;15;20;35
gr-qc/0303039;gr-qc/0303039;71;36;107
hep-th/0105017;hep-th/0105017;13;23;36
hep-th/0206042;hep-th/0206042;52;36;88
hep-th/0404161;hep-th/0404161;34;55;89
astro-ph/9811073;astro-ph/9811073;27;6;33
hep-th/0203190;hep-th/0203190;36;36;72
hep-th/0011290;hep-th/0011290;22;26;48
hep-th/0301116;hep-th/0301116;11;24;35
hep-th/0202024;hep-th/0202024;24;0;24
hep-th/0009175;hep-th/0009175;17;33;50
hep-th/0311077;hep-th/0311077;104;21;125
hep-th/0111209;hep-th/0111209;25;64;89
hep-th/0309057;hep-th/0309057;7;40;47
hep-th/9912037;hep-th/9912037;37;11;48
hep-th/0404105;hep-th/0404105;21;0;21
gr-qc/0306032;gr-qc/0306032;28;23;51
hep-ph/9910235;hep-ph/9910235;55;8;63
hep-th/0005013;hep-th/0005013;11;25;36
hep-th/9708062;hep-th/9708062;75;49;124
hep-th/0207023;hep-th/0207023;3;13;16
hep-th/0206146;hep-th/0206146;69;13;82
hep-th/0206147;hep-th/0206147;15;34;49
hep-th/0403223;hep-th/0403223;23;0;23
hep-th/0309131;hep-th/0309131;23;18;41
hep-th/0201121;hep-th/0201121;16;30;46
hep-th/0204120;hep-th/0204120;13;0;13
hep-th/0001083;hep-th/0001083;30;67;97
hep-ph/0109207;hep-ph/0109207;12;9;21
hep-th/0304057;hep-th/0304057;14;19;33
hep-th/0301101;hep-th/0301101;28;35;63
hep-th/0306281;hep-th/0306281;33;15;48
gr-qc/0105118;gr-qc/0105118;20;31;51
gr-qc/0103101;gr-qc/0103101;6;29;35
hep-th/0203084;hep-th/0203084;9;29;38
hep-th/0306106;hep-th/0306106;24;7;31
hep-th/0102194;hep-th/0102194;12;0;12
hep-th/0403203;hep-th/0403203;74;0;74
hep-th/0210033;hep-th/0210033;11;18;29
hep-th/0405038;hep-th/0405038;8;23;31
hep-th/9906048;hep-th/9906048;20;22;42
hep-th/0311182;hep-th/0311182;14;60;74
hep-th/0403163;hep-th/0403163;18;64;82
hep-th/9902202;hep-th/9902202;12;11;23
hep-th/9910143;hep-th/9910143;29;30;59
hep-th/9910144;hep-th/9910144;10;26;36
hep-th/0403123;hep-th/0403123;77;41;118
hep-ph/0103214;hep-ph/0103214;85;43;128
hep-th/0405108;hep-th/0405108;2;15;17
quant-ph/0106037;quant-ph/0106037;47;17;64
hep-th/9905149;hep-th/9905149;29;6;35
hep-th/0401054;hep-th/0401054;5;0;5
solv-int/9605007;solv-int/9605007;13;2;15
hep-th/9612100;hep-th/9612100;6;0;6
hep-th/0109008;hep-th/0109008;25;0;25
0706.2203;0706.2203;0;2;2
hep-th/0307063;hep-th/0307063;22;22;44
hep-th/0305263;hep-th/0305263;19;56;75
hep-th/0211287;hep-th/0211287;44;40;84
hep-th/0308037;hep-th/0308037;9;9;18
hep-th/0307285;hep-th/0307285;12;9;21
hep-th/0310111;hep-th/0310111;13;20;33
hep-th/0005076;hep-th/0005076;46;35;81
hep-th/0312054;hep-th/0312054;2;42;44
hep-th/0309156;hep-th/0309156;5;27;32
hep-th/9603051;hep-th/9603051;34;23;57
hep-th/0405100;hep-th/0405100;10;41;51
hep-th/0408138;hep-th/0408138;35;60;95
hep-th/0202144;hep-th/0202144;41;3;44
hep-th/0203039;hep-th/0203039;65;27;92
hep-th/0312078;hep-th/0312078;3;32;35
hep-th/0410281;hep-th/0410281;15;23;38
hep-th/0103135;hep-th/0103135;61;2;63
hep-th/0210025;hep-th/0210025;9;25;34
hep-th/0110073;hep-th/0110073;59;11;70
hep-th/0211126;hep-th/0211126;9;18;27
hep-th/0408224;hep-th/0408224;32;31;63
hep-th/0311233;hep-th/0311233;8;57;65
hep-th/0108184;hep-th/0108184;49;10;59
hep-th/0305024;hep-th/0305024;25;33;58
hep-th/0305139;hep-th/0305139;14;0;14
hep-th/0203276;hep-th/0203276;41;24;65
hep-ph/9607261;hep-ph/9607261;5;3;8
hep-th/0204132;hep-th/0204132;23;17;40
hep-th/0405103;hep-th/0405103;0;12;12
hep-th/0209043;hep-th/0209043;17;29;46
hep-th/0209179;hep-th/0209179;4;24;28
hep-th/0303102;hep-th/0303102;13;16;29
hep-th/0404197;hep-th/0404197;11;16;27
hep-th/0402037;hep-th/0402037;6;18;24
hep-th/9912284;hep-th/9912284;19;15;34
hep-th/0405102;hep-th/0405102;31;74;105
hep-th/0311073;hep-th/0311073;29;0;29
hep-th/0403121;hep-th/0403121;34;20;54
hep-th/0310182;hep-th/0310182;130;24;154
hep-th/0308182;hep-th/0308182;34;42;76
hep-th/0312218;hep-th/0312218;44;27;71
hep-th/0404215;hep-th/0404215;32;33;65
hep-th/0402007;hep-th/0402007;23;67;90
hep-th/0312091;hep-th/0312091;33;65;98
hep-th/0401016;hep-th/0401016;37;49;86
hep-th/0404012;hep-th/0404012;25;0;25
hep-th/0307018;hep-th/0307018;72;10;82
hep-th/9804065;hep-th/9804065;25;19;44
hep-th/9807196;hep-th/9807196;27;15;42
hep-th/0402092;hep-th/0402092;43;48;91
hep-th/0310019;hep-th/0310019;25;27;52
hep-th/0311104;hep-th/0311104;35;44;79
hep-th/0403077;hep-th/0403077;67;41;108
hep-th/0404187;hep-th/0404187;36;27;63
hep-th/0403261;hep-th/0403261;30;48;78
hep-th/0310146;hep-th/0310146;58;24;82
hep-th/9304037;hep-th/9304037;20;0;20
hep-th/0401219;hep-th/0401219;4;6;10
hep-th/9805057;hep-th/9805057;10;0;10
hep-th/0301100;hep-th/0301100;34;7;41
hep-th/9403027;hep-th/9403027;12;0;12
hep-th/0303062;hep-th/0303062;12;5;17
math-ph/0109002;math-ph/0109002;5;2;7
hep-th/0208195;hep-th/0208195;11;8;19
math-ph/0402072;math-ph/0402072;13;14;27
hep-th/0403055;hep-th/0403055;6;5;11
gr-qc/0405057;gr-qc/0405057;7;22;29
nucl-th/0201013;nucl-th/0201013;6;0;6
hep-th/0405104;hep-th/0405104;6;38;44
hep-th/0009110;hep-th/0009110;47;14;61
hep-ph/0102005;hep-ph/0102005;12;28;40
hep-th/0211246;hep-th/0211246;10;0;10
hep-th/9907092;hep-th/9907092;14;3;17
hep-th/0006036;hep-th/0006036;17;7;24
math-ph/0103006;math-ph/0103006;22;9;31
hep-th/9604025;hep-th/9604025;29;15;44
hep-ph/0011067;hep-ph/0011067;9;12;21
hep-th/0104255;hep-th/0104255;6;7;13
hep-th/0201122;hep-th/0201122;11;6;17
hep-th/0401152;hep-th/0401152;23;31;54
hep-ph/0204128;hep-ph/0204128;6;13;19
hep-th/9510003;hep-th/9510003;14;10;24
hep-th/0403135;hep-th/0403135;15;22;37
hep-th/0012090;hep-th/0012090;12;8;20
hep-th/0309133;hep-th/0309133;5;19;24
hep-th/0208216;hep-th/0208216;28;27;55
hep-th/9807088;hep-th/9807088;7;5;12
hep-th/9411227;hep-th/9411227;7;4;11
hep-th/9908188;hep-th/9908188;16;22;38
hep-th/0101108;hep-th/0101108;8;8;16
hep-th/0405107;hep-th/0405107;14;47;61
hep-th/0211201;hep-th/0211201;26;23;49
hep-th/9605140;hep-th/9605140;14;38;52
hep-th/0208066;hep-th/0208066;33;22;55
hep-th/0201181;hep-th/0201181;1;14;15
hep-th/0401014;hep-th/0401014;11;0;11
hep-th/0306270;hep-th/0306270;20;50;70
hep-th/0301186;hep-th/0301186;23;50;73
hep-th/0001076;hep-th/0001076;2;15;17
hep-th/0110243;hep-th/0110243;8;7;15
hep-th/9504105;hep-th/9504105;20;0;20
hep-th/9901053;hep-th/9901053;6;17;23
hep-th/0207034;hep-th/0207034;58;13;71
hep-th/0301120;hep-th/0301120;15;0;15
hep-th/9810170;hep-th/9810170;22;0;22
hep-th/9911004;hep-th/9911004;16;20;36
hep-th/9903246;hep-th/9903246;26;35;61
hep-th/9512048;hep-th/9512048;16;15;31
hep-th/0208163;hep-th/0208163;31;70;101
hep-th/0310286;hep-th/0310286;22;30;52
hep-th/9606117;hep-th/9606117;13;20;33
hep-th/9605172;hep-th/9605172;18;8;26
hep-th/0004194;hep-th/0004194;20;12;32
hep-th/0401197;hep-th/0401197;9;31;40
hep-th/9511110;hep-th/9511110;18;3;21
hep-th/0306102;hep-th/0306102;26;22;48
hep-th/0103242;hep-th/0103242;6;21;27
hep-th/0007051;hep-th/0007051;31;7;38
hep-th/0209145;hep-th/0209145;36;76;112
hep-th/0207061;hep-th/0207061;50;17;67
hep-th/0112043;hep-th/0112043;6;44;50
hep-th/9911249;hep-th/9911249;8;20;28
hep-th/0304239;hep-th/0304239;16;19;35
0812.1621;0812.1621;0;10;10
hep-ph/0308038;hep-ph/0308038;63;31;94
hep-th/0512182;hep-th/0512182;3;16;19
hep-th/0602143;hep-th/0602143;10;12;22
hep-th/0403098;hep-th/0403098;13;18;31
0710.4726;0710.4726;0;3;3
hep-th/0602116;hep-th/0602116;38;15;53
hep-th/9811037;hep-th/9811037;19;10;29
gr-qc/0301016;gr-qc/0301016;74;45;119
hep-th/0506233;hep-th/0506233;16;0;16
hep-th/0605271;hep-th/0605271;13;52;65
hep-ph/0605085;hep-ph/0605085;14;80;94
hep-th/0507034;hep-th/0507034;10;14;24
gr-qc/0505003;gr-qc/0505003;17;17;34
astro-ph/0208048;astro-ph/0208048;10;12;22
hep-th/0401095;hep-th/0401095;23;18;41
gr-qc/0609065;gr-qc/0609065;19;54;73
hep-th/0003148;hep-th/0003148;22;21;43
hep-th/0508159;hep-th/0508159;4;5;9
gr-qc/0506057;gr-qc/0506057;21;12;33
hep-th/0211023;hep-th/0211023;16;33;49
hep-th/0603244;hep-th/0603244;17;25;42
hep-th/9801072;hep-th/9801072;11;16;27
hep-th/0607162;hep-th/0607162;11;26;37
gr-qc/0410048;gr-qc/0410048;19;0;19
hep-th/0604140;hep-th/0604140;27;10;37
gr-qc/0609049;gr-qc/0609049;3;26;29
hep-th/0505133;hep-th/0505133;7;35;42
hep-ph/0609055;hep-ph/0609055;15;45;60
hep-th/0607101;hep-th/0607101;9;63;72
hep-th/0603254;hep-th/0603254;14;39;53
hep-th/0008211;hep-th/0008211;23;40;63
hep-th/0702123;hep-th/0702123;1;6;7
hep-lat/0501027;hep-lat/0501027;16;10;26
hep-lat/0607015;hep-lat/0607015;5;13;18
hep-th/9304031;hep-th/9304031;11;0;11
hep-th/0406205;hep-th/0406205;45;6;51
hep-th/0702122;hep-th/0702122;2;10;12
hep-th/0508168;hep-th/0508168;1;8;9
cond-mat/0105621;cond-mat/0105621;8;5;13
hep-th/0610269;hep-th/0610269;10;37;47
hep-th/0107168;hep-th/0107168;24;10;34
hep-th/0206014;hep-th/0206014;27;10;37
hep-th/0310088;hep-th/0310088;3;34;37
hep-th/0702121;hep-th/0702121;4;33;37
hep-th/0701199;hep-th/0701199;14;37;51
astro-ph/0305113;astro-ph/0305113;21;0;21
astro-ph/0701405;astro-ph/0701405;49;0;49
astro-ph/0406099;astro-ph/0406099;16;19;35
hep-th/0510109;hep-th/0510109;31;30;61
hep-th/0701242;hep-th/0701242;30;0;30
astro-ph/0611623;astro-ph/0611623;21;20;41
hep-th/0607147;hep-th/0607147;18;49;67
hep-th/0603108;hep-th/0603108;18;49;67
hep-th/0611229;hep-th/0611229;37;52;89
hep-th/0609163;hep-th/0609163;13;22;35
hep-th/0511063;hep-th/0511063;62;51;113
hep-th/0607080;hep-th/0607080;21;29;50
hep-th/0512082;hep-th/0512082;3;6;9
hep-th/9903181;hep-th/9903181;7;18;25
hep-th/0608093;hep-th/0608093;25;27;52
hep-th/0701236;hep-th/0701236;32;39;71
hep-th/0511287;hep-th/0511287;68;32;100
hep-th/0611346;hep-th/0611346;23;16;39
hep-th/0601223;hep-th/0601223;13;40;53
hep-th/0702049;hep-th/0702049;13;30;43
hep-th/9810244;hep-th/9810244;30;0;30
hep-th/0603021;hep-th/0603021;54;39;93
hep-th/0602041;hep-th/0602041;30;51;81
hep-th/9904198;hep-th/9904198;19;25;44
hep-th/0701063;hep-th/0701063;47;39;86
hep-th/0605166;hep-th/0605166;21;57;78
hep-th/0403038;hep-th/0403038;87;11;98
hep-th/0608060;hep-th/0608060;35;0;35
hep-th/0701189;hep-th/0701189;9;49;58
hep-th/0503183;hep-th/0503183;73;20;93
hep-th/0603253;hep-th/0603253;19;44;63
hep-th/0505207;hep-th/0505207;28;28;56
hep-ph/0401232;hep-ph/0401232;4;6;10
math/0311241;math/0311241;1;3;4
math/0005122;math/0005122;5;5;10
math/9909067;math/9909067;6;5;11
math/0104105;math/0104105;4;5;9
hep-ph/0307115;hep-ph/0307115;0;2;2
hep-ph/0303198;hep-ph/0303198;4;0;4
hep-th/9307086;hep-th/9307086;4;1;5
0710.0404;0710.0404;0;11;11
math-ph/0308034;math-ph/0308034;10;12;22
astro-ph/0612487;astro-ph/0612487;19;63;82
0802.4386;0802.4386;0;7;7
hep-th/9910160;hep-th/9910160;25;31;56
hep-th/9812034;hep-th/9812034;134;19;153
hep-th/0304087;hep-th/0304087;15;12;27
hep-th/9902142;hep-th/9902142;17;3;20
hep-th/0411232;hep-th/0411232;11;22;33
hep-th/9901166;hep-th/9901166;4;0;4
0708.2738;0708.2738;0;8;8
hep-th/0310120;hep-th/0310120;5;7;12
gr-qc/9908031;gr-qc/9908031;30;23;53
gr-qc/0701150;gr-qc/0701150;9;7;16
hep-th/0312115;hep-th/0312115;1;6;7
0709.2708;0709.2708;0;13;13
astro-ph/0610064;astro-ph/0610064;23;11;34
hep-th/0611258;hep-th/0611258;13;4;17
hep-th/0605244;hep-th/0605244;45;10;55
astro-ph/0306122;astro-ph/0306122;47;0;47
0908.4089;0908.4089;0;10;10
hep-th/0303252;hep-th/0303252;38;13;51
hep-ph/0409138;hep-ph/0409138;23;12;35
hep-ph/9809409;hep-ph/9809409;15;7;22
astro-ph/0606534;astro-ph/0606534;8;16;24
0910.0620;0910.0620;0;8;8
hep-th/0503075;hep-th/0503075;27;16;43
hep-th/0404183;hep-th/0404183;12;4;16
hep-th/0601010;hep-th/0601010;3;8;11
hep-th/0503165;hep-th/0503165;5;2;7
0910.0623;0910.0623;0;7;7
hep-th/0609150;hep-th/0609150;16;12;28
hep-th/0111159;hep-th/0111159;27;29;56
hep-th/0701194;hep-th/0701194;0;3;3
hep-th/9212003;hep-th/9212003;19;0;19
hep-th/9810125;hep-th/9810125;6;8;14
hep-th/9501004;hep-th/9501004;24;6;30
hep-th/0511126;hep-th/0511126;18;24;42
hep-th/0506092;hep-th/0506092;14;70;84
hep-th/0308133;hep-th/0308133;20;23;43
hep-th/0310245;hep-th/0310245;15;42;57
hep-th/9602032;hep-th/9602032;31;12;43
hep-th/0208174;hep-th/0208174;70;0;70
hep-th/0402134;hep-th/0402134;13;20;33
0903.1645;0903.1645;0;31;31
hep-th/0412130;hep-th/0412130;47;33;80
hep-th/9807171;hep-th/9807171;43;172;215
hep-th/0107228;hep-th/0107228;58;9;67
hep-th/0601079;hep-th/0601079;32;44;76
hep-th/9909102;hep-th/9909102;34;29;63
hep-th/9210119;hep-th/9210119;71;13;84
0903.1646;0903.1646;0;38;38
hep-th/0612229;hep-th/0612229;84;47;131
hep-th/0604124;hep-th/0604124;18;71;89
hep-th/9110050;hep-th/9110050;40;0;40
hep-th/0403004;hep-th/0403004;30;34;64
hep-th/9409130;hep-th/9409130;12;0;12
hep-th/9504085;hep-th/9504085;13;6;19
hep-th/0504209;hep-th/0504209;11;62;73
hep-th/0504203;hep-th/0504203;21;64;85
hep-th/9405023;hep-th/9405023;13;3;16
hep-th/0006081;hep-th/0006081;5;9;14
hep-th/0401041;hep-th/0401041;39;61;100
hep-th/0508064;hep-th/0508064;18;47;65
hep-th/0703086;hep-th/0703086;31;46;77
hep-th/0511139;hep-th/0511139;15;86;101
hep-th/9503040;hep-th/9503040;7;2;9
hep-th/9411015;hep-th/9411015;13;2;15
hep-th/9503041;hep-th/9503041;12;6;18
hep-th/9308119;hep-th/9308119;4;4;8
hep-th/9503042;hep-th/9503042;10;18;28
hep-th/9405057;hep-th/9405057;19;9;28
hep-th/9211088;hep-th/9211088;10;3;13
hep-th/9403012;hep-th/9403012;9;7;16
hep-th/9111032;hep-th/9111032;3;0;3
hep-th/9403025;hep-th/9403025;5;5;10
hep-th/9110024;hep-th/9110024;25;0;25
hep-th/9404037;hep-th/9404037;8;8;16
hep-th/9410005;hep-th/9410005;11;17;28
hep-th/9303133;hep-th/9303133;15;1;16
hep-th/9209075;hep-th/9209075;7;6;13
hep-th/9503043;hep-th/9503043;27;9;36
hep-th/9202065;hep-th/9202065;14;2;16
hep-th/9408158;hep-th/9408158;47;12;59
hep-th/9404192;hep-th/9404192;43;8;51
hep-th/9307045;hep-th/9307045;58;1;59
hep-th/9503044;hep-th/9503044;2;6;8
hep-th/9503010;hep-th/9503010;3;0;3
hep-th/9401040;hep-th/9401040;3;0;3
hep-th/9402075;hep-th/9402075;11;1;12
hep-th/9407102;hep-th/9407102;3;1;4
hep-th/9407044;hep-th/9407044;10;4;14
0705.4007;0705.4007;0;27;27
hep-th/0506071;hep-th/0506071;10;16;26
hep-th/0703038;hep-th/0703038;9;25;34
hep-th/0607087;hep-th/0607087;5;16;21
hep-th/0010135;hep-th/0010135;37;9;46
hep-th/0604087;hep-th/0604087;14;36;50
hep-th/0401174;hep-th/0401174;13;22;35
hep-th/0506043;hep-th/0506043;22;15;37
hep-th/0604197;hep-th/0604197;5;23;28
hep-th/9904134;hep-th/9904134;9;5;14
0705.4006;0705.4006;0;7;7
solv-int/9704001;solv-int/9704001;11;0;11
hep-th/0703147;hep-th/0703147;26;19;45
hep-th/9610039;hep-th/9610039;11;10;21
hep-th/9604080;hep-th/9604080;48;11;59
math/0605625;math/0605625;7;1;8
0808.2508;0808.2508;0;1;1
hep-th/0404059;hep-th/0404059;6;1;7
0705.4002;0705.4002;0;81;81
hep-th/0701016;hep-th/0701016;37;35;72
astro-ph/0509895;astro-ph/0509895;24;36;60
astro-ph/0511625;astro-ph/0511625;33;27;60
astro-ph/0612746;astro-ph/0612746;19;55;74
astro-ph/0611834;astro-ph/0611834;31;59;90
gr-qc/0507038;gr-qc/0507038;4;22;26
astro-ph/0310342;astro-ph/0310342;60;55;115
gr-qc/0605143;gr-qc/0605143;28;26;54
astro-ph/0603824;astro-ph/0603824;27;38;65
astro-ph/0605366;astro-ph/0605366;19;40;59
gr-qc/0403106;gr-qc/0403106;30;19;49
astro-ph/0703245;astro-ph/0703245;8;43;51
gr-qc/0605113;gr-qc/0605113;21;45;66
gr-qc/0605011;gr-qc/0605011;10;23;33
gr-qc/0502086;gr-qc/0502086;32;40;72
gr-qc/0603043;gr-qc/0603043;22;49;71
astro-ph/0609597;astro-ph/0609597;26;39;65
astro-ph/0512018;astro-ph/0512018;37;49;86
astro-ph/0607064;astro-ph/0607064;17;93;110
astro-ph/0701353;astro-ph/0701353;19;21;40
astro-ph/0609463;astro-ph/0609463;7;23;30
astro-ph/0507482;astro-ph/0507482;55;61;116
hep-th/0501160;hep-th/0501160;88;20;108
gr-qc/0409061;gr-qc/0409061;33;0;33
gr-qc/0407074;gr-qc/0407074;35;19;54
gr-qc/0608016;gr-qc/0608016;21;27;48
gr-qc/0510022;gr-qc/0510022;11;52;63
0808.2507;0808.2507;0;11;11
hep-th/9306045;hep-th/9306045;4;1;5
hep-th/9212115;hep-th/9212115;24;0;24
hep-th/0609042;hep-th/0609042;14;41;55
math/0511232;math/0511232;4;0;4
hep-th/0206139;hep-th/0206139;12;8;20
hep-th/9612216;hep-th/9612216;28;7;35
hep-th/0505235;hep-th/0505235;8;10;18
hep-th/0604121;hep-th/0604121;1;27;28
hep-ph/0305237;hep-ph/0305237;82;35;117
hep-th/0502022;hep-th/0502022;6;22;28
hep-th/0310189;hep-th/0310189;37;46;83
hep-ph/0412113;hep-ph/0412113;5;19;24
hep-th/0402146;hep-th/0402146;5;12;17
hep-ph/0410061;hep-ph/0410061;24;26;50
hep-ph/0406024;hep-ph/0406024;12;32;44
hep-th/0310130;hep-th/0310130;27;27;54
hep-ph/0502209;hep-ph/0502209;6;20;26
hep-th/0302115;hep-th/0302115;15;17;32
hep-ph/0402118;hep-ph/0402118;9;36;45
hep-ph/0412089;hep-ph/0412089;62;18;80
hep-ph/0312263;hep-ph/0312263;6;25;31
hep-ph/0302263;hep-ph/0302263;28;11;39
0704.2162;0704.2162;0;2;2
hep-th/0605020;hep-th/0605020;6;10;16
hep-th/0603070;hep-th/0603070;6;8;14
gr-qc/0601038;gr-qc/0601038;2;14;16
math-ph/0412028;math-ph/0412028;3;0;3
gr-qc/9608005;gr-qc/9608005;23;2;25
hep-th/0601011;hep-th/0601011;2;2;4
gr-qc/0312071;gr-qc/0312071;4;14;18
gr-qc/0307098;gr-qc/0307098;5;11;16
math-ph/0412064;math-ph/0412064;3;0;3
0804.0789;0804.0789;0;7;7
hep-th/9409047;hep-th/9409047;6;2;8
hep-th/9801025;hep-th/9801025;2;5;7
0912.3238;0912.3238;0;3;3
hep-th/0602281;hep-th/0602281;3;8;11
hep-th/0411017;hep-th/0411017;26;2;28
hep-th/9705065;hep-th/9705065;9;15;24
hep-th/0307269;hep-th/0307269;5;14;19
hep-th/9608082;hep-th/9608082;37;4;41
hep-th/0004098;hep-th/0004098;24;25;49
hep-th/9906187;hep-th/9906187;15;17;32
gr-qc/0602025;gr-qc/0602025;1;16;17
gr-qc/0404039;gr-qc/0404039;23;25;48
gr-qc/0409056;gr-qc/0409056;1;2;3
gr-qc/0405126;gr-qc/0405126;11;12;23
gr-qc/0501016;gr-qc/0501016;10;14;24
gr-qc/0506024;gr-qc/0506024;2;18;20
hep-th/0511243;hep-th/0511243;7;23;30
hep-th/0106252;hep-th/0106252;6;13;19
physics/0010042;physics/0010042;42;15;57
hep-th/0109223;hep-th/0109223;9;9;18
math-ph/0407061;math-ph/0407061;1;4;5
hep-th/0004083;hep-th/0004083;20;7;27
hep-th/0007199;hep-th/0007199;26;4;30
hep-th/0307284;hep-th/0307284;3;9;12
physics/0103092;physics/0103092;9;7;16
hep-th/0505086;hep-th/0505086;12;4;16
hep-th/0301190;hep-th/0301190;22;28;50
gr-qc/0508021;gr-qc/0508021;3;11;14
hep-th/0403228;hep-th/0403228;8;6;14
math-ph/9904022;math-ph/9904022;31;6;37
hep-th/0101044;hep-th/0101044;4;12;16
hep-th/0009092;hep-th/0009092;15;8;23
hep-th/0104104;hep-th/0104104;8;9;17
gr-qc/9511047;gr-qc/9511047;4;12;16
hep-th/9801148;hep-th/9801148;2;11;13
hep-th/9406089;hep-th/9406089;28;1;29
hep-th/9607114;hep-th/9607114;11;9;20
hep-th/9301037;hep-th/9301037;44;0;44
hep-th/9409169;hep-th/9409169;18;4;22
hep-th/9411116;hep-th/9411116;7;4;11
hep-th/9412022;hep-th/9412022;5;2;7
hep-th/9403109;hep-th/9403109;9;2;11
hep-th/9702017;hep-th/9702017;5;0;5
hep-th/9801149;hep-th/9801149;6;29;35
hep-th/9603028;hep-th/9603028;28;12;40
hep-th/9612238;hep-th/9612238;21;26;47
hep-th/9309033;hep-th/9309033;20;4;24
hep-th/9511070;hep-th/9511070;8;5;13
hep-th/9603069;hep-th/9603069;21;25;46
hep-th/9511052;hep-th/9511052;34;14;48
hep-th/9308060;hep-th/9308060;29;4;33
hep-th/9606144;hep-th/9606144;7;6;13
hep-th/9706050;hep-th/9706050;34;68;102
0706.3155;0706.3155;0;4;4
0812.1731;0812.1731;0;16;16
hep-th/0307292;hep-th/0307292;33;22;55
hep-ph/0202121;hep-ph/0202121;42;28;70
hep-ph/0607188;hep-ph/0607188;11;25;36
hep-th/0205214;hep-th/0205214;67;33;100
hep-th/0211164;hep-th/0211164;21;42;63
hep-th/0609073;hep-th/0609073;15;18;33
hep-ph/0611299;hep-ph/0611299;9;25;34
hep-th/0703018;hep-th/0703018;9;44;53
0706.3151;0706.3151;0;41;41
hep-th/0608036;hep-th/0608036;26;23;49
hep-th/0701121;hep-th/0701121;25;23;48
hep-ph/0611312;hep-ph/0611312;53;15;68
hep-th/0610334;hep-th/0610334;41;0;41
hep-th/0703112;hep-th/0703112;13;22;35
hep-ph/0701069;hep-ph/0701069;17;19;36
hep-th/0611303;hep-th/0611303;32;52;84
hep-th/0702168;hep-th/0702168;14;36;50
hep-ph/9309299;hep-ph/9309299;91;0;91
hep-ph/0612308;hep-ph/0612308;39;16;55
hep-ph/0612241;hep-ph/0612241;52;14;66
hep-th/0703196;hep-th/0703196;58;15;73
hep-ph/0701231;hep-ph/0701231;28;20;48
hep-th/0608063;hep-th/0608063;51;18;69
hep-ph/0612186;hep-ph/0612186;54;8;62
hep-th/0703047;hep-th/0703047;28;53;81
hep-ph/9705307;hep-ph/9705307;54;13;67
hep-th/0611130;hep-th/0611130;23;20;43
hep-th/9704067;hep-th/9704067;21;37;58
hep-ph/0612139;hep-ph/0612139;77;31;108
hep-th/9801140;hep-th/9801140;4;8;12
hep-th/9801141;hep-th/9801141;14;17;31
hep-th/9712050;hep-th/9712050;43;13;56
hep-th/9711202;hep-th/9711202;59;12;71
hep-th/9712070;hep-th/9712070;36;14;50
hep-th/9801048;hep-th/9801048;16;24;40
hep-th/9711094;hep-th/9711094;101;13;114
hep-th/9801142;hep-th/9801142;26;11;37
hep-ph/9606281;hep-ph/9606281;24;2;26
hep-th/9710105;hep-th/9710105;32;37;69
hep-th/9711032;hep-th/9711032;22;0;22
hep-th/9801078;hep-th/9801078;4;17;21
hep-th/9801143;hep-th/9801143;3;4;7
hep-th/9604115;hep-th/9604115;14;6;20
hep-th/9801144;hep-th/9801144;9;87;96
hep-th/9512089;hep-th/9512089;56;22;78
hep-th/9609073;hep-th/9609073;14;5;19
hep-th/9505073;hep-th/9505073;122;34;156
hep-th/9601077;hep-th/9601077;50;12;62
hep-th/9507160;hep-th/9507160;73;28;101
hep-th/9512041;hep-th/9512041;15;0;15
hep-th/9612142;hep-th/9612142;21;0;21
hep-th/9605134;hep-th/9605134;4;5;9
hep-th/9605143;hep-th/9605143;2;4;6
hep-th/9702167;hep-th/9702167;6;46;52
hep-th/9608086;hep-th/9608086;35;10;45
hep-th/9510097;hep-th/9510097;104;34;138
hep-th/9801145;hep-th/9801145;8;21;29
gr-qc/9703040;gr-qc/9703040;53;3;56
hep-th/9801076;hep-th/9801076;36;18;54
gr-qc/9704072;gr-qc/9704072;49;58;107
hep-th/9801146;hep-th/9801146;19;22;41
hep-th/9703197;hep-th/9703197;36;10;46
hep-th/9512024;hep-th/9512024;7;8;15
hep-th/9508002;hep-th/9508002;42;0;42
hep-th/9703072;hep-th/9703072;48;46;94
hep-ph/9705417;hep-ph/9705417;36;3;39
hep-th/9507013;hep-th/9507013;58;0;58
hep-th/9707017;hep-th/9707017;33;19;52
hep-th/9603206;hep-th/9603206;28;15;43
hep-th/9706074;hep-th/9706074;8;7;15
hep-th/9712049;hep-th/9712049;19;40;59
hep-th/9201005;hep-th/9201005;29;1;30
hep-th/9202037;hep-th/9202037;22;0;22
hep-th/9208078;hep-th/9208078;42;0;42
hep-th/9205029;hep-th/9205029;3;2;5
quant-ph/9912056;quant-ph/9912056;9;1;10
cond-mat/0312006;cond-mat/0312006;9;12;21
cond-mat/0209594;cond-mat/0209594;31;23;54
cond-mat/0111333;cond-mat/0111333;12;6;18
cond-mat/0207745;cond-mat/0207745;25;4;29
cond-mat/0210331;cond-mat/0210331;12;17;29
cond-mat/0207301;cond-mat/0207301;4;0;4
cond-mat/0102405;cond-mat/0102405;4;0;4
cond-mat/9908130;cond-mat/9908130;9;0;9
hep-th/0005229;hep-th/0005229;20;11;31
hep-th/0310271;hep-th/0310271;36;56;92
gr-qc/0004031;gr-qc/0004031;0;1;1
hep-th/9401160;hep-th/9401160;4;1;5
gr-qc/0004030;gr-qc/0004030;14;20;34
hep-ph/9910499;hep-ph/9910499;19;42;61
hep-ph/9903239;hep-ph/9903239;16;32;48
0810.4369;0810.4369;0;9;9
hep-th/0512039;hep-th/0512039;39;35;74
0907.4986;0907.4986;0;22;22
hep-th/0501031;hep-th/0501031;33;0;33
hep-th/0611243;hep-th/0611243;30;29;59
hep-th/0609214;hep-th/0609214;39;24;63
hep-th/0610221;hep-th/0610221;89;87;176
hep-th/0601153;hep-th/0601153;40;14;54
hep-th/0506022;hep-th/0506022;48;32;80
astro-ph/0701427;astro-ph/0701427;16;30;46
hep-th/0605084;hep-th/0605084;13;19;32
hep-th/0610130;hep-th/0610130;16;36;52
hep-th/0603161;hep-th/0603161;31;40;71
hep-th/0702193;hep-th/0702193;15;65;80
0707.2480;0707.2480;0;21;21
hep-th/0605205;hep-th/0605205;1;9;10
hep-th/9601092;hep-th/9601092;45;2;47
hep-th/9910025;hep-th/9910025;38;2;40
hep-th/0611131;hep-th/0611131;1;0;1
hep-th/9702146;hep-th/9702146;1;0;1
cond-mat/0410357;cond-mat/0410357;9;9;18
cond-mat/0412405;cond-mat/0412405;4;17;21
hep-th/0111123;hep-th/0111123;44;15;59
hep-th/0409307;hep-th/0409307;10;15;25
gr-qc/9503062;gr-qc/9503062;45;3;48
gr-qc/9504028;gr-qc/9504028;37;3;40
hep-th/0401209;hep-th/0401209;7;9;16
hep-th/0406108;hep-th/0406108;11;14;25
hep-th/0405076;hep-th/0405076;34;31;65
hep-th/0409305;hep-th/0409305;8;5;13
hep-th/0409311;hep-th/0409311;11;23;34
hep-th/0406259;hep-th/0406259;14;30;44
hep-th/0407239;hep-th/0407239;33;36;69
hep-th/0009156;hep-th/0009156;40;56;96
hep-th/0103112;hep-th/0103112;17;66;83
hep-th/0004102;hep-th/0004102;40;22;62
hep-th/0107028;hep-th/0107028;13;14;27
hep-th/0212332;hep-th/0212332;17;52;69
hep-th/9608125;hep-th/9608125;59;0;59
hep-th/0201019;hep-th/0201019;53;14;67
hep-ph/0004008;hep-ph/0004008;51;10;61
hep-th/9503228;hep-th/9503228;18;4;22
hep-th/0208012;hep-th/0208012;18;23;41
hep-th/0202003;hep-th/0202003;38;36;74
hep-th/0310193;hep-th/0310193;13;60;73
hep-th/0206068;hep-th/0206068;42;17;59
hep-th/0208178;hep-th/0208178;146;0;146
hep-th/9303173;hep-th/9303173;1;1;2
hep-th/0205194;hep-th/0205194;15;11;26
hep-th/0409303;hep-th/0409303;9;26;35
hep-th/9702115;hep-th/9702115;26;9;35
hep-th/0104124;hep-th/0104124;28;16;44
hep-th/0409302;hep-th/0409302;12;41;53
astro-ph/0407263;astro-ph/0407263;21;52;73
astro-ph/0303108;astro-ph/0303108;32;0;32
gr-qc/0107085;gr-qc/0107085;7;18;25
gr-qc/0004021;gr-qc/0004021;91;15;106
hep-th/0307100;hep-th/0307100;11;56;67
hep-th/9210085;hep-th/9210085;9;2;11
hep-th/0408057;hep-th/0408057;7;66;73
hep-th/9509132;hep-th/9509132;84;51;135
hep-th/0307233;hep-th/0307233;43;19;62
hep-th/0409300;hep-th/0409300;2;22;24
hep-th/0211055;hep-th/0211055;20;32;52
cond-mat/0304614;cond-mat/0304614;2;1;3
hep-th/9701028;hep-th/9701028;37;8;45
cond-mat/0008332;cond-mat/0008332;4;0;4
hep-th/0106230;hep-th/0106230;20;17;37
hep-th/0203006;hep-th/0203006;41;32;73
hep-th/0007093;hep-th/0007093;17;1;18
hep-th/9411122;hep-th/9411122;81;4;85
cond-mat/0309504;cond-mat/0309504;8;4;12
hep-ph/9308260;hep-ph/9308260;41;0;41
hep-th/0302227;hep-th/0302227;19;16;35
cond-mat/0203588;cond-mat/0203588;14;5;19
hep-th/9906166;hep-th/9906166;25;25;50
hep-th/9803056;hep-th/9803056;35;13;48
cond-mat/0309101;cond-mat/0309101;16;42;58
hep-th/0409309;hep-th/0409309;4;2;6
hep-th/0409308;hep-th/0409308;0;14;14
hep-th/0211265;hep-th/0211265;1;4;5
hep-ph/9702360;hep-ph/9702360;59;4;63
hep-th/9307027;hep-th/9307027;16;1;17
hep-th/9909015;hep-th/9909015;68;30;98
hep-th/0010051;hep-th/0010051;17;9;26
hep-ph/9609257;hep-ph/9609257;35;1;36
hep-th/9409006;hep-th/9409006;15;0;15
hep-th/0006028;hep-th/0006028;38;45;83
hep-th/0310198;hep-th/0310198;10;7;17
hep-th/0305144;hep-th/0305144;14;10;24
hep-th/0309256;hep-th/0309256;6;12;18
hep-th/0012250;hep-th/0012250;40;20;60
hep-th/0109119;hep-th/0109119;15;10;25
hep-th/0109110;hep-th/0109110;18;7;25
hep-ph/0007284;hep-ph/0007284;2;3;5
hep-th/9907089;hep-th/9907089;10;7;17
hep-th/0401150;hep-th/0401150;2;12;14
hep-th/0304253;hep-th/0304253;13;22;35
hep-th/0305250;hep-th/0305250;11;30;41
hep-th/0308104;hep-th/0308104;13;19;32
hep-th/0307001;hep-th/0307001;21;43;64
hep-th/9910252;hep-th/9910252;31;13;44
hep-th/0011016;hep-th/0011016;38;36;74
hep-th/0110238;hep-th/0110238;8;32;40
hep-th/0301024;hep-th/0301024;11;8;19
hep-th/0110089;hep-th/0110089;48;18;66
hep-th/0303266;hep-th/0303266;12;60;72
hep-th/0401156;hep-th/0401156;102;99;201
hep-th/0207259;hep-th/0207259;39;16;55
hep-th/0309158;hep-th/0309158;9;22;31
hep-th/0207117;hep-th/0207117;26;0;26
hep-th/0210083;hep-th/0210083;58;82;140
hep-th/0401148;hep-th/0401148;41;50;91
hep-th/0310244;hep-th/0310244;34;67;101
hep-th/0303204;hep-th/0303204;42;51;93
hep-th/9908129;hep-th/9908129;6;33;39
hep-th/0309107;hep-th/0309107;19;0;19
hep-th/0010279;hep-th/0010279;75;44;119
hep-th/0309043;hep-th/0309043;28;45;73
hep-th/0105079;hep-th/0105079;27;35;62
hep-th/0401137;hep-th/0401137;72;73;145
hep-th/0111179;hep-th/0111179;45;62;107
hep-th/0401157;hep-th/0401157;4;6;10
hep-th/9904014;hep-th/9904014;13;6;19
hep-th/0307112;hep-th/0307112;3;7;10
hep-th/9912170;hep-th/9912170;9;5;14
hep-th/0303220;hep-th/0303220;21;33;54
hep-th/9908148;hep-th/9908148;17;35;52
hep-th/0306234;hep-th/0306234;16;0;16
hep-th/0302064;hep-th/0302064;17;35;52
hep-th/0305016;hep-th/0305016;21;0;21
hep-th/0211217;hep-th/0211217;16;41;57
hep-th/0208148;hep-th/0208148;51;34;85
hep-th/0309246;hep-th/0309246;55;85;140
hep-th/0209251;hep-th/0209251;36;27;63
hep-th/0206079;hep-th/0206079;127;11;138
hep-th/0210102;hep-th/0210102;54;28;82
hep-th/0304025;hep-th/0304025;39;47;86
hep-th/0303107;hep-th/0303107;16;26;42
hep-th/0203248;hep-th/0203248;55;13;68
hep-th/0211220;hep-th/0211220;32;23;55
hep-th/0210153;hep-th/0210153;55;31;86
hep-th/0211188;hep-th/0211188;30;20;50
hep-th/0304183;hep-th/0304183;19;29;48
hep-th/0301250;hep-th/0301250;33;0;33
hep-th/0206248;hep-th/0206248;24;0;24
hep-th/0206005;hep-th/0206005;58;28;86
hep-th/0308062;hep-th/0308062;14;0;14
hep-th/0209002;hep-th/0209002;102;22;124
hep-th/0209263;hep-th/0209263;27;23;50
hep-th/0208231;hep-th/0208231;69;18;87
hep-th/0304232;hep-th/0304232;18;54;72
hep-th/0401158;hep-th/0401158;7;30;37
hep-th/0311206;hep-th/0311206;20;42;62
nlin/0104071;nlin/0104071;13;10;23
hep-th/0401142;hep-th/0401142;16;20;36
hep-th/0306254;hep-th/0306254;12;47;59
hep-th/0401147;hep-th/0401147;27;39;66
hep-th/0007015;hep-th/0007015;29;24;53
hep-th/0212335;hep-th/0212335;14;12;26
hep-th/0309265;hep-th/0309265;13;39;52
hep-th/0010090;hep-th/0010090;130;21;151
hep-th/0211041;hep-th/0211041;35;44;79
hep-th/0305195;hep-th/0305195;14;26;40
hep-th/0209186;hep-th/0209186;16;20;36
hep-th/0306263;hep-th/0306263;20;27;47
hep-th/0310202;hep-th/0310202;14;28;42
hep-th/0310267;hep-th/0310267;22;54;76
hep-th/0211193;hep-th/0211193;25;14;39
hep-th/0204155;hep-th/0204155;25;32;57
hep-th/0312314;hep-th/0312314;11;48;59
hep-th/0304263;hep-th/0304263;18;52;70
hep-th/0401159;hep-th/0401159;15;22;37
hep-th/0303225;hep-th/0303225;2;20;22
hep-th/9606013;hep-th/9606013;17;0;17
hep-th/0304198;hep-th/0304198;42;25;67
hep-th/9207005;hep-th/9207005;37;0;37
hep-th/9410143;hep-th/9410143;18;4;22
solv-int/9606004;solv-int/9606004;5;1;6
hep-th/9505133;hep-th/9505133;1;0;1
hep-th/9112074;hep-th/9112074;9;0;9
hep-th/9606063;hep-th/9606063;35;0;35
hep-th/9411056;hep-th/9411056;1;7;8
hep-th/9606068;hep-th/9606068;21;2;23
hep-th/9505122;hep-th/9505122;15;19;34
hep-th/9506007;hep-th/9506007;24;7;31
solv-int/9511009;solv-int/9511009;5;18;23
hep-ph/0406200;hep-ph/0406200;18;9;27
hep-ph/9806409;hep-ph/9806409;28;7;35
hep-th/0309252;hep-th/0309252;24;22;46
hep-ph/0203079;hep-ph/0203079;48;37;85
hep-th/0307097;hep-th/0307097;60;10;70
hep-ph/0405209;hep-ph/0405209;33;14;47
hep-ph/0001303;hep-ph/0001303;11;16;27
hep-th/0403071;hep-th/0403071;56;72;128
hep-ph/0406207;hep-ph/0406207;13;12;25
hep-ph/0106033;hep-ph/0106033;14;9;23
hep-th/9908171;hep-th/9908171;19;100;119
hep-ph/0010141;hep-ph/0010141;15;10;25
hep-ph/0111125;hep-ph/0111125;17;15;32
hep-th/0304037;hep-th/0304037;24;14;38
hep-ph/0512357;hep-ph/0512357;3;5;8
hep-ph/0010019;hep-ph/0010019;7;8;15
hep-ph/0312390;hep-ph/0312390;4;11;15
hep-ph/9807559;hep-ph/9807559;9;5;14
hep-ph/0103325;hep-ph/0103325;6;12;18
nucl-th/9906034;nucl-th/9906034;8;6;14
cond-mat/0104250;cond-mat/0104250;5;7;12
cond-mat/9809384;cond-mat/9809384;43;2;45
cond-mat/9906453;cond-mat/9906453;33;7;40
cond-mat/0004084;cond-mat/0004084;6;25;31
hep-th/0507245;hep-th/0507245;9;26;35
hep-th/0209212;hep-th/0209212;9;37;46
hep-ph/9911294;hep-ph/9911294;111;13;124
hep-ph/0107307;hep-ph/0107307;16;54;70
hep-ph/0302001;hep-ph/0302001;17;26;43
hep-th/9212083;hep-th/9212083;44;0;44
hep-ph/9504307;hep-ph/9504307;50;3;53
hep-th/9211044;hep-th/9211044;31;0;31
hep-ph/9405389;hep-ph/9405389;59;3;62
hep-ph/9510201;hep-ph/9510201;6;2;8
hep-th/9208047;hep-th/9208047;52;0;52
math/0006114;math/0006114;6;23;29
hep-th/9812110;hep-th/9812110;36;11;47
hep-th/9705018;hep-th/9705018;6;2;8
hep-th/9407079;hep-th/9407079;11;0;11
hep-th/9903262;hep-th/9903262;14;7;21
hep-th/9410010;hep-th/9410010;26;7;33
hep-th/9306145;hep-th/9306145;52;0;52
math/9906167;math/9906167;9;8;17
math/9911239;math/9911239;4;15;19
hep-th/9511040;hep-th/9511040;5;4;9
hep-th/9701103;hep-th/9701103;12;4;16
math/9911149;math/9911149;10;9;19
math/9907149;math/9907149;31;11;42
hep-ph/9907274;hep-ph/9907274;7;1;8
hep-th/9809112;hep-th/9809112;6;0;6
0710.5366;0710.5366;0;19;19
astro-ph/0404494;astro-ph/0404494;3;16;19
astro-ph/0602117;astro-ph/0602117;12;105;117
astro-ph/0408154;astro-ph/0408154;5;8;13
astro-ph/0511562;astro-ph/0511562;14;0;14
astro-ph/0407288;astro-ph/0407288;3;16;19
hep-th/0412045;hep-th/0412045;25;33;58
astro-ph/0402316;astro-ph/0402316;50;10;60
0708.0802;0708.0802;0;13;13
hep-th/0604097;hep-th/0604097;29;39;68
hep-th/0409105;hep-th/0409105;21;8;29
hep-th/0701117;hep-th/0701117;20;31;51
hep-th/0607232;hep-th/0607232;37;39;76
hep-th/9307183;hep-th/9307183;21;0;21
hep-th/9111026;hep-th/9111026;47;0;47
cond-mat/9808063;cond-mat/9808063;19;3;22
hep-th/9402039;hep-th/9402039;38;0;38
hep-th/0109138;hep-th/0109138;4;1;5
0708.0803;0708.0803;0;15;15
hep-th/0406269;hep-th/0406269;8;14;22
hep-ph/9905323;hep-ph/9905323;43;0;43
hep-th/0012189;hep-th/0012189;22;30;52
hep-th/0005287;hep-th/0005287;14;12;26
hep-th/0004010;hep-th/0004010;17;23;40
hep-th/0612240;hep-th/0612240;9;0;9
hep-ph/0402131;hep-ph/0402131;13;10;23
hep-th/0303162;hep-th/0303162;12;25;37
hep-th/0602028;hep-th/0602028;9;23;32
hep-ph/9910224;hep-ph/9910224;26;7;33
hep-th/9606018;hep-th/9606018;31;1;32
hep-ph/9910223;hep-ph/9910223;19;21;40
hep-th/0205071;hep-th/0205071;4;4;8
q-alg/9711022;q-alg/9711022;8;7;15
0809.0639;0809.0639;0;2;2
hep-th/0701188;hep-th/0701188;9;2;11
hep-ph/0508278;hep-ph/0508278;11;0;11
0804.2926;0804.2926;0;12;12
hep-th/0701007;hep-th/0701007;23;4;27
0804.2923;0804.2923;0;28;28
hep-th/0610037;hep-th/0610037;23;44;67
hep-th/0609026;hep-th/0609026;43;34;77
hep-th/0510136;hep-th/0510136;6;52;58
hep-th/0703244;hep-th/0703244;15;45;60
hep-th/0503192;hep-th/0503192;91;99;190
hep-th/0607018;hep-th/0607018;39;47;86
hep-th/0612079;hep-th/0612079;61;37;98
hep-th/0505130;hep-th/0505130;15;41;56
hep-th/0607044;hep-th/0607044;57;36;93
hep-th/0607161;hep-th/0607161;14;52;66
hep-th/0512117;hep-th/0512117;14;69;83
hep-th/0507021;hep-th/0507021;48;66;114
hep-th/0504100;hep-th/0504100;1;20;21
hep-th/9212110;hep-th/9212110;23;1;24
hep-th/9804122;hep-th/9804122;8;0;8
hep-th/9412084;hep-th/9412084;10;4;14
math/0003073;math/0003073;6;10;16
hep-th/9305032;hep-th/9305032;13;0;13
hep-th/9901061;hep-th/9901061;4;5;9
hep-th/9907119;hep-th/9907119;4;21;25
hep-th/9909135;hep-th/9909135;10;5;15
hep-th/9401095;hep-th/9401095;3;3;6
gr-qc/0104010;gr-qc/0104010;48;16;64
hep-th/0005096;hep-th/0005096;2;12;14
hep-th/9212129;hep-th/9212129;3;1;4
0706.1708;0706.1708;0;17;17
hep-th/0108041;hep-th/0108041;42;16;58
hep-th/9908038;hep-th/9908038;86;59;145
hep-th/0111102;hep-th/0111102;72;24;96
hep-th/0211272;hep-th/0211272;45;29;74
hep-th/0207115;hep-th/0207115;42;30;72
hep-th/0610038;hep-th/0610038;28;30;58
hep-th/0204240;hep-th/0204240;61;18;79
hep-th/0506033;hep-th/0506033;15;18;33
hep-th/9802085;hep-th/9802085;122;23;145
hep-th/0003223;hep-th/0003223;50;9;59
hep-th/0508211;hep-th/0508211;29;10;39
hep-th/0510263;hep-th/0510263;11;15;26
hep-ph/9912212;hep-ph/9912212;10;10;20
hep-ph/0001182;hep-ph/0001182;5;0;5
gr-qc/0301083;gr-qc/0301083;2;4;6
gr-qc/0205072;gr-qc/0205072;3;14;17
gr-qc/0102112;gr-qc/0102112;2;0;2
hep-th/9912274;hep-th/9912274;27;22;49
hep-th/9912254;hep-th/9912254;22;21;43
hep-th/9909139;hep-th/9909139;66;1;67
hep-th/9905043;hep-th/9905043;12;4;16
hep-th/9910138;hep-th/9910138;43;22;65
hep-th/9909081;hep-th/9909081;73;2;75
hep-th/9711100;hep-th/9711100;16;6;22
hep-th/9912121;hep-th/9912121;46;12;58
hep-th/9912120;hep-th/9912120;27;5;32
hep-th/9807066;hep-th/9807066;11;6;17
0909.4413;0909.4413;0;2;2
hep-th/0609051;hep-th/0609051;7;4;11
gr-qc/9612060;gr-qc/9612060;5;1;6
hep-th/0610055;hep-th/0610055;2;13;15
hep-th/0412220;hep-th/0412220;14;21;35
hep-th/0405213;hep-th/0405213;29;31;60
hep-th/9205037;hep-th/9205037;48;3;51
hep-th/9603182;hep-th/9603182;2;8;10
hep-th/0512251;hep-th/0512251;5;23;28
0708.0682;0708.0682;0;12;12
hep-th/0504074;hep-th/0504074;24;1;25
hep-th/9202021;hep-th/9202021;33;1;34
hep-th/0410183;hep-th/0410183;32;11;43
hep-th/0504078;hep-th/0504078;55;12;67
hep-th/0511008;hep-th/0511008;38;23;61
hep-th/0702044;hep-th/0702044;7;34;41
hep-th/0505131;hep-th/0505131;19;11;30
astro-ph/0111124;astro-ph/0111124;0;3;3
cond-mat/0103447;cond-mat/0103447;2;2;4
hep-th/9704022;hep-th/9704022;9;4;13
hep-th/0501191;hep-th/0501191;27;16;43
hep-th/0306135;hep-th/0306135;7;18;25
gr-qc/0212001;gr-qc/0212001;25;11;36
hep-th/9911228;hep-th/9911228;6;21;27
hep-th/0311163;hep-th/0311163;14;5;19
q-alg/9507006;q-alg/9507006;14;9;23
hep-th/0501190;hep-th/0501190;5;15;20
hep-th/0210269;hep-th/0210269;30;30;60
hep-th/0312094;hep-th/0312094;6;16;22
hep-th/0212009;hep-th/0212009;6;28;34
hep-th/0211042;hep-th/0211042;20;56;76
hep-th/0005078;hep-th/0005078;31;9;40
hep-lat/0408036;hep-lat/0408036;4;16;20
hep-lat/0408004;hep-lat/0408004;14;22;36
hep-th/0404210;hep-th/0404210;23;19;42
hep-th/0305063;hep-th/0305063;17;23;40
hep-th/0209010;hep-th/0209010;26;18;44
hep-lat/9403026;hep-lat/9403026;13;1;14
hep-th/0404042;hep-th/0404042;40;0;40
hep-lat/9309009;hep-lat/9309009;34;0;34
hep-th/0501192;hep-th/0501192;15;26;41
hep-th/0411099;hep-th/0411099;22;36;58
hep-th/0412022;hep-th/0412022;29;34;63
hep-th/0002157;hep-th/0002157;19;14;33
hep-th/0407079;hep-th/0407079;36;50;86
hep-th/0408015;hep-th/0408015;49;90;139
hep-th/0407134;hep-th/0407134;47;37;84
hep-th/0501176;hep-th/0501176;17;24;41
hep-th/0411130;hep-th/0411130;27;25;52
hep-th/0408073;hep-th/0408073;48;25;73
hep-th/0408070;hep-th/0408070;41;36;77
hep-th/0412038;hep-th/0412038;34;50;84
hep-th/0409298;hep-th/0409298;25;35;60
hep-th/0501195;hep-th/0501195;1;22;23
hep-th/0012041;hep-th/0012041;153;18;171
hep-th/0005247;hep-th/0005247;208;44;252
hep-th/0112138;hep-th/0112138;42;10;52
hep-th/0203052;hep-th/0203052;9;57;66
hep-th/0203256;hep-th/0203256;34;6;40
quant-ph/0406029;quant-ph/0406029;1;4;5
quant-ph/0406028;quant-ph/0406028;9;10;19
quant-ph/0208046;quant-ph/0208046;11;5;16
hep-lat/0407024;hep-lat/0407024;3;5;8
hep-lat/9410001;hep-lat/9410001;10;3;13
hep-ph/9210206;hep-ph/9210206;8;0;8
hep-lat/9805005;hep-lat/9805005;8;0;8
hep-lat/9902020;hep-lat/9902020;9;3;12
hep-th/0501196;hep-th/0501196;23;16;39
hep-th/9211025;hep-th/9211025;15;1;16
hep-th/0212191;hep-th/0212191;23;14;37
hep-th/0212219;hep-th/0212219;27;16;43
hep-th/0406055;hep-th/0406055;88;45;133
hep-th/0212198;hep-th/0212198;20;16;36
hep-th/0412198;hep-th/0412198;40;17;57
hep-th/0110283;hep-th/0110283;48;11;59
hep-th/0112157;hep-th/0112157;28;9;37
hep-th/0111040;hep-th/0111040;50;4;54
hep-th/0410079;hep-th/0410079;14;27;41
hep-th/0111016;hep-th/0111016;44;2;46
hep-th/0303152;hep-th/0303152;15;16;31
hep-th/0301018;hep-th/0301018;8;16;24
hep-th/9905050;hep-th/9905050;33;2;35
hep-th/0501199;hep-th/0501199;8;32;40
hep-th/0412190;hep-th/0412190;15;15;30
hep-th/9908028;hep-th/9908028;23;14;37
hep-th/9812153;hep-th/9812153;8;5;13
hep-th/0501113;hep-th/0501113;40;61;101
hep-th/9709148;hep-th/9709148;7;4;11
hep-th/0206209;hep-th/0206209;13;16;29
hep-th/0201096;hep-th/0201096;17;0;17
hep-th/0306288;hep-th/0306288;7;13;20
hep-th/0207243;hep-th/0207243;15;22;37
hep-th/0403267;hep-th/0403267;12;5;17
hep-th/0403224;hep-th/0403224;15;20;35
hep-th/0501198;hep-th/0501198;7;64;71
hep-th/0401033;hep-th/0401033;19;29;48
hep-th/0407238;hep-th/0407238;6;26;32
hep-th/0302108;hep-th/0302108;6;28;34
hep-th/0407175;hep-th/0407175;5;102;107
hep-th/0405202;hep-th/0405202;5;22;27
hep-th/0105125;hep-th/0105125;14;20;34
hep-th/0403160;hep-th/0403160;8;43;51
hep-th/9606173;hep-th/9606173;17;11;28
hep-th/0305039;hep-th/0305039;65;37;102
hep-th/0409100;hep-th/0409100;14;40;54
hep-th/0101113;hep-th/0101113;57;22;79
hep-th/0303140;hep-th/0303140;59;23;82
hep-th/0312069;hep-th/0312069;41;23;64
hep-th/0001024;hep-th/0001024;39;21;60
hep-th/0010049;hep-th/0010049;22;12;34
hep-th/0208110;hep-th/0208110;25;64;89
hep-th/0406020;hep-th/0406020;14;39;53
hep-th/0312266;hep-th/0312266;40;48;88
hep-th/9607067;hep-th/9607067;20;10;30
hep-th/0306269;hep-th/0306269;22;31;53
hep-th/0312033;hep-th/0312033;26;39;65
hep-th/9309143;hep-th/9309143;31;2;33
hep-th/9707184;hep-th/9707184;41;3;44
gr-qc/0603045;gr-qc/0603045;1;29;30
hep-th/0504003;hep-th/0504003;3;5;8
gr-qc/0204022;gr-qc/0204022;18;12;30
hep-th/0501076;hep-th/0501076;7;37;44
hep-ph/0008126;hep-ph/0008126;37;9;46
gr-qc/0302116;gr-qc/0302116;10;14;24
hep-ph/0506056;hep-ph/0506056;4;0;4
hep-th/9206094;hep-th/9206094;8;0;8
gr-qc/0210048;gr-qc/0210048;4;13;17
hep-th/0302052;hep-th/0302052;31;30;61
hep-th/0411203;hep-th/0411203;30;15;45
hep-ph/0401033;hep-ph/0401033;10;0;10
quant-ph/0308101;quant-ph/0308101;3;8;11
hep-th/9903136;hep-th/9903136;12;0;12
quant-ph/0306029;quant-ph/0306029;4;4;8
hep-th/9907065;hep-th/9907065;16;1;17
quant-ph/0208047;quant-ph/0208047;6;7;13
hep-th/0402021;hep-th/0402021;12;18;30
gr-qc/0411124;gr-qc/0411124;11;52;63
astro-ph/0012313;astro-ph/0012313;24;30;54
gr-qc/0501102;gr-qc/0501102;15;13;28
hep-ph/0108012;hep-ph/0108012;23;33;56
gr-qc/0506129;gr-qc/0506129;11;11;22
astro-ph/0405490;astro-ph/0405490;16;48;64
cond-mat/0312247;cond-mat/0312247;0;5;5
cond-mat/0012133;cond-mat/0012133;2;0;2
cond-mat/9908373;cond-mat/9908373;9;0;9
cond-mat/0102347;cond-mat/0102347;4;0;4
cond-mat/0309163;cond-mat/0309163;1;9;10
cond-mat/0202405;cond-mat/0202405;7;0;7
0906.5354;0906.5354;0;22;22
hep-th/0612220;hep-th/0612220;36;35;71
hep-th/0407110;hep-th/0407110;38;57;95
gr-qc/0309064;gr-qc/0309064;5;9;14
hep-th/0512105;hep-th/0512105;17;20;37
gr-qc/9905032;gr-qc/9905032;5;2;7
gr-qc/9803048;gr-qc/9803048;12;11;23
hep-th/0412096;hep-th/0412096;2;44;46
gr-qc/9809043;gr-qc/9809043;4;0;4
gr-qc/0309030;gr-qc/0309030;9;26;35
0906.5359;0906.5359;0;37;37
hep-th/0701034;hep-th/0701034;38;48;86
hep-th/0404257;hep-th/0404257;153;66;219
hep-th/0310159;hep-th/0310159;72;74;146
hep-th/0502060;hep-th/0502060;50;58;108
hep-th/0606262;hep-th/0606262;33;30;63
hep-ph/9803301;hep-ph/9803301;19;4;23
hep-th/9802095;hep-th/9802095;11;18;29
hep-ph/9711398;hep-ph/9711398;21;13;34
hep-ph/9707286;hep-ph/9707286;9;12;21
0806.3796;0806.3796;0;12;12
hep-th/0105132;hep-th/0105132;131;16;147
hep-th/0507263;hep-th/0507263;9;26;35
hep-th/0611099;hep-th/0611099;105;55;160
hep-ph/0510141;hep-ph/0510141;5;59;64
hep-th/0501182;hep-th/0501182;29;46;75
hep-th/9610106;hep-th/9610106;17;27;44
hep-ph/9711476;hep-ph/9711476;16;27;43
hep-th/0509157;hep-th/0509157;7;45;52
hep-ph/0205224;hep-ph/0205224;8;18;26
hep-ph/0506183;hep-ph/0506183;3;39;42
hep-th/9604183;hep-th/9604183;13;15;28
hep-th/9612066;hep-th/9612066;49;18;67
hep-ph/0310155;hep-ph/0310155;6;47;53
hep-th/9901098;hep-th/9901098;40;17;57
hep-ph/0209050;hep-ph/0209050;9;31;40
hep-ph/0210093;hep-ph/0210093;5;0;5
hep-ph/9901203;hep-ph/9901203;6;18;24
hep-ph/0009338;hep-ph/0009338;12;0;12
hep-th/9511093;hep-th/9511093;18;8;26
hep-th/0507232;hep-th/0507232;20;44;64
hep-th/9607138;hep-th/9607138;21;7;28
hep-ph/9408333;hep-ph/9408333;53;9;62
hep-th/9510241;hep-th/9510241;84;25;109
hep-ph/0403144;hep-ph/0403144;13;6;19
hep-ph/9603272;hep-ph/9603272;24;10;34
hep-ph/0001219;hep-ph/0001219;16;4;20
hep-th/9607137;hep-th/9607137;12;0;12
hep-ph/0211128;hep-ph/0211128;8;13;21
hep-ph/9605359;hep-ph/9605359;7;11;18
hep-ph/0002060;hep-ph/0002060;38;11;49
hep-ph/9808321;hep-ph/9808321;10;16;26
hep-ph/0002292;hep-ph/0002292;19;21;40
hep-th/9609027;hep-th/9609027;19;15;34
nlin/0508005;nlin/0508005;1;2;3
cond-mat/9811330;cond-mat/9811330;3;0;3
hep-th/9810220;hep-th/9810220;10;5;15
0711.1967;0711.1967;0;18;18
astro-ph/0603539;astro-ph/0603539;22;27;49
gr-qc/9901003;gr-qc/9901003;13;6;19
gr-qc/0606098;gr-qc/0606098;4;48;52
gr-qc/9710005;gr-qc/9710005;15;2;17
hep-th/0006158;hep-th/0006158;26;12;38
gr-qc/9901004;gr-qc/9901004;9;2;11
hep-th/9808037;hep-th/9808037;45;46;91
hep-th/9901012;hep-th/9901012;55;19;74
hep-th/9906224;hep-th/9906224;27;29;56
hep-th/9901004;hep-th/9901004;18;35;53
hep-th/9907204;hep-th/9907204;26;15;41
gr-qc/9802068;gr-qc/9802068;6;8;14
gr-qc/9602019;gr-qc/9602019;12;7;19
hep-th/9902101;hep-th/9902101;24;34;58
0806.3857;0806.3857;0;42;42
astro-ph/0509576;astro-ph/0509576;17;18;35
hep-th/0601217;hep-th/0601217;9;17;26
gr-qc/0703034;gr-qc/0703034;1;0;1
hep-th/0109086;hep-th/0109086;36;9;45
hep-th/0412083;hep-th/0412083;12;45;57
hep-th/0608195;hep-th/0608195;5;42;47
hep-th/0412281;hep-th/0412281;8;31;39
hep-th/0702048;hep-th/0702048;4;31;35
gr-qc/0606085;gr-qc/0606085;15;28;43
gr-qc/0408084;gr-qc/0408084;21;19;40
hep-th/0101019;hep-th/0101019;32;12;44
hep-th/0603223;hep-th/0603223;3;14;17
gr-qc/0703095;gr-qc/0703095;4;44;48
gr-qc/0111065;gr-qc/0111065;18;13;31
gr-qc/0404104;gr-qc/0404104;30;45;75
gr-qc/0308072;gr-qc/0308072;36;21;57
hep-th/0407191;hep-th/0407191;20;35;55
hep-th/0411021;hep-th/0411021;12;48;60
hep-th/0107011;hep-th/0107011;86;0;86
hep-th/0701241;hep-th/0701241;8;23;31
astro-ph/0602427;astro-ph/0602427;3;6;9
hep-ph/0008132;hep-ph/0008132;36;25;61
hep-th/0509231;hep-th/0509231;21;45;66
hep-th/0512119;hep-th/0512119;6;12;18
math/0501540;math/0501540;9;3;12
hep-ph/0407152;hep-ph/0407152;0;10;10
hep-th/9212059;hep-th/9212059;3;0;3
hep-ph/0111193;hep-ph/0111193;20;3;23
hep-th/0009241;hep-th/0009241;5;6;11
hep-ph/0201308;hep-ph/0201308;32;0;32
hep-ph/0107129;hep-ph/0107129;34;11;45
hep-th/0108163;hep-th/0108163;4;4;8
hep-ph/0105311;hep-ph/0105311;45;17;62
hep-th/0009123;hep-th/0009123;9;2;11
hep-ph/9305262;hep-ph/9305262;33;2;35
0707.0298;0707.0298;0;104;104
hep-th/9906031;hep-th/9906031;16;40;56
hep-th/9910155;hep-th/9910155;11;37;48
hep-th/9903242;hep-th/9903242;17;46;63
hep-th/9805191;hep-th/9805191;16;35;51
hep-th/9807082;hep-th/9807082;41;16;57
hep-th/9804078;hep-th/9804078;5;6;11
hep-th/0506232;hep-th/0506232;41;33;74
hep-th/0103177;hep-th/0103177;6;39;45
math-ph/0311005;math-ph/0311005;27;1;28
hep-th/0612132;hep-th/0612132;61;39;100
hep-th/9808161;hep-th/9808161;29;32;61
hep-th/9803054;hep-th/9803054;35;38;73
hep-th/9807214;hep-th/9807214;31;7;38
hep-th/0505046;hep-th/0505046;41;101;142
hep-th/0605097;hep-th/0605097;11;0;11
hep-th/9705199;hep-th/9705199;91;43;134
hep-th/9909125;hep-th/9909125;15;24;39
hep-th/0411194;hep-th/0411194;30;96;126
hep-th/9612077;hep-th/9612077;76;8;84
hep-th/9902118;hep-th/9902118;20;37;57
hep-th/9806001;hep-th/9806001;5;27;32
hep-th/0512347;hep-th/0512347;40;12;52
hep-th/0702094;hep-th/0702094;52;194;246
hep-th/0502113;hep-th/0502113;33;45;78
hep-th/0612087;hep-th/0612087;9;51;60
hep-th/0604107;hep-th/0604107;14;45;59
hep-th/0407178;hep-th/0407178;53;51;104
hep-th/0601064;hep-th/0601064;22;51;73
hep-th/0403061;hep-th/0403061;70;52;122
hep-th/0602286;hep-th/0602286;38;0;38
hep-th/0304258;hep-th/0304258;16;54;70
hep-th/0205031;hep-th/0205031;7;20;27
hep-th/0511135;hep-th/0511135;23;64;87
hep-th/0608227;hep-th/0608227;17;82;99
hep-th/0606109;hep-th/0606109;48;48;96
hep-th/0406258;hep-th/0406258;26;73;99
hep-th/0412035;hep-th/0412035;15;84;99
hep-th/0603019;hep-th/0603019;19;15;34
hep-th/0701192;hep-th/0701192;4;13;17
hep-lat/0210001;hep-lat/0210001;20;15;35
hep-th/0504024;hep-th/0504024;4;0;4
hep-th/0507101;hep-th/0507101;3;18;21
hep-ph/0610409;hep-ph/0610409;2;14;16
hep-th/0612084;hep-th/0612084;2;5;7
hep-th/0211046;hep-th/0211046;4;1;5
hep-th/0606003;hep-th/0606003;3;4;7
hep-ph/0605173;hep-ph/0605173;43;42;85
hep-th/0208230;hep-th/0208230;8;1;9
hep-th/9212095;hep-th/9212095;1;7;8
hep-th/9203039;hep-th/9203039;33;1;34
hep-th/9111044;hep-th/9111044;3;0;3
hep-th/9212097;hep-th/9212097;4;2;6
hep-th/9201054;hep-th/9201054;26;0;26
hep-th/9109007;hep-th/9109007;45;0;45
hep-th/9212091;hep-th/9212091;7;1;8
hep-th/9210158;hep-th/9210158;13;0;13
hep-th/9212093;hep-th/9212093;3;1;4
hep-th/0703020;hep-th/0703020;3;29;32
hep-th/0205090;hep-th/0205090;42;0;42
hep-th/0001055;hep-th/0001055;63;32;95
hep-th/0612160;hep-th/0612160;7;85;92
hep-th/0609149;hep-th/0609149;15;33;48
hep-th/0512122;hep-th/0512122;19;42;61
hep-th/0212111;hep-th/0212111;39;43;82
hep-th/0605145;hep-th/0605145;19;62;81
hep-th/9903031;hep-th/9903031;106;13;119
hep-th/0210239;hep-th/0210239;71;24;95
hep-th/0512194;hep-th/0512194;28;67;95
hep-th/0301150;hep-th/0301150;17;42;59
hep-th/9807235;hep-th/9807235;105;25;130
hep-th/0507282;hep-th/0507282;43;26;69
0803.2946;0803.2946;0;25;25
gr-qc/0005016;gr-qc/0005016;4;15;19
hep-th/0202066;hep-th/0202066;9;18;27
hep-th/0611087;hep-th/0611087;6;48;54
hep-th/0610239;hep-th/0610239;7;23;30
gr-qc/0506091;gr-qc/0506091;5;6;11
gr-qc/0408078;gr-qc/0408078;16;12;28
hep-th/0701058;hep-th/0701058;6;6;12
hep-th/0702008;hep-th/0702008;4;0;4
hep-th/0008138;hep-th/0008138;4;11;15
gr-qc/0004071;gr-qc/0004071;23;19;42
hep-th/0105165;hep-th/0105165;8;8;16
gr-qc/0101083;gr-qc/0101083;14;29;43
hep-th/0004130;hep-th/0004130;15;18;33
hep-th/0504152;hep-th/0504152;8;16;24
hep-th/0004177;hep-th/0004177;7;7;14
hep-th/0502217;hep-th/0502217;5;5;10
hep-th/9509033;hep-th/9509033;8;4;12
hep-th/0512207;hep-th/0512207;6;1;7
astro-ph/0206287;astro-ph/0206287;5;10;15
astro-ph/0211066;astro-ph/0211066;4;3;7
hep-ph/0507272;hep-ph/0507272;10;0;10
hep-th/0501244;hep-th/0501244;13;3;16
hep-th/0512331;hep-th/0512331;10;22;32
hep-ph/0410326;hep-ph/0410326;14;4;18
hep-ph/0410356;hep-ph/0410356;11;2;13
astro-ph/0205520;astro-ph/0205520;18;4;22
hep-th/0503226;hep-th/0503226;11;7;18
hep-ph/0307349;hep-ph/0307349;8;8;16
gr-qc/9707015;gr-qc/9707015;24;7;31
0906.1255;0906.1255;0;24;24
hep-th/0005197;hep-th/0005197;5;15;20
hep-th/0009015;hep-th/0009015;15;40;55
hep-th/9912191;hep-th/9912191;11;19;30
hep-th/9604001;hep-th/9604001;2;3;5
hep-th/0611141;hep-th/0611141;32;10;42
hep-th/0212314;hep-th/0212314;19;105;124
hep-th/0112154;hep-th/0112154;22;39;61
hep-th/0112150;hep-th/0112150;13;33;46
hep-th/0009159;hep-th/0009159;10;14;24
hep-th/9903026;hep-th/9903026;87;25;112
hep-th/0004148;hep-th/0004148;38;43;81
hep-th/0004063;hep-th/0004063;101;25;126
hep-th/0001193;hep-th/0001193;17;21;38
hep-th/0010271;hep-th/0010271;13;30;43
hep-th/0002172;hep-th/0002172;22;42;64
hep-th/0008076;hep-th/0008076;89;21;110
hep-th/9807225;hep-th/9807225;29;16;45
hep-th/9911040;hep-th/9911040;32;18;50
hep-th/9905081;hep-th/9905081;59;58;117
hep-th/9810254;hep-th/9810254;29;23;52
hep-th/9910058;hep-th/9910058;60;27;87
hep-th/0002244;hep-th/0002244;14;40;54
hep-th/0002126;hep-th/0002126;11;26;37
hep-th/0006048;hep-th/0006048;22;37;59
hep-th/0002099;hep-th/0002099;12;17;29
hep-th/0006064;hep-th/0006064;43;39;82
hep-th/0004125;hep-th/0004125;34;45;79
hep-th/0009184;hep-th/0009184;12;0;12
hep-th/0001002;hep-th/0001002;43;43;86
hep-th/0002054;hep-th/0002054;28;21;49
hep-th/0011164;hep-th/0011164;3;10;13
hep-th/0009051;hep-th/0009051;12;18;30
hep-th/0011165;hep-th/0011165;2;9;11
hep-th/9905219;hep-th/9905219;22;17;39
hep-th/0011162;hep-th/0011162;1;7;8
hep-th/0011052;hep-th/0011052;4;1;5
hep-th/9406161;hep-th/9406161;10;0;10
hep-th/9705078;hep-th/9705078;40;0;40
hep-th/9910091;hep-th/9910091;59;16;75
hep-th/9810179;hep-th/9810179;57;18;75
0906.1258;0906.1258;0;9;9
hep-th/9806056;hep-th/9806056;61;20;81
hep-th/0510234;hep-th/0510234;6;9;15
hep-th/0304125;hep-th/0304125;15;21;36
hep-th/0205137;hep-th/0205137;13;11;24
hep-th/0504143;hep-th/0504143;7;15;22
hep-th/0406129;hep-th/0406129;8;10;18
0905.4463;0905.4463;0;27;27
hep-th/0610255;hep-th/0610255;31;90;121
hep-th/0612129;hep-th/0612129;88;0;88
hep-th/0208123;hep-th/0208123;153;35;188
hep-th/0507158;hep-th/0507158;84;86;170
hep-th/0703088;hep-th/0703088;22;46;68
0709.0611;0709.0611;0;16;16
gr-qc/0602037;gr-qc/0602037;26;35;61
hep-th/0504056;hep-th/0504056;12;30;42
0911.2509;0911.2509;0;7;7
math/0511185;math/0511185;5;8;13
quant-ph/0608122;quant-ph/0608122;21;3;24
quant-ph/0509071;quant-ph/0509071;33;7;40
quant-ph/0310184;quant-ph/0310184;41;5;46
cond-mat/9911183;cond-mat/9911183;1;0;1
math-ph/0403050;math-ph/0403050;21;5;26
hep-th/0206098;hep-th/0206098;20;27;47
hep-th/0201224;hep-th/0201224;23;28;51
hep-th/0203203;hep-th/0203203;24;46;70
0809.1277;0809.1277;0;23;23
hep-th/0501039;hep-th/0501039;11;0;11
hep-th/0603176;hep-th/0603176;16;26;42
hep-th/0603115;hep-th/0603115;65;40;105
hep-th/0409099;hep-th/0409099;18;26;44
hep-th/0702037;hep-th/0702037;2;16;18
0902.3486;0902.3486;0;7;7
hep-th/0301132;hep-th/0301132;28;14;42
hep-th/0701047;hep-th/0701047;23;13;36
0704.3186;0704.3186;0;19;19
hep-th/0212182;hep-th/0212182;45;5;50
hep-th/0302128;hep-th/0302128;22;17;39
hep-th/0205057;hep-th/0205057;18;24;42
hep-lat/0008012;hep-lat/0008012;15;5;20
hep-lat/0508004;hep-lat/0508004;14;22;36
0807.4940;0807.4940;0;8;8
hep-th/0002027;hep-th/0002027;44;9;53
hep-th/0404013;hep-th/0404013;23;30;53
hep-th/0410293;hep-th/0410293;15;31;46
hep-th/0501060;hep-th/0501060;13;39;52
hep-ph/0109051;hep-ph/0109051;2;7;9
hep-th/9812030;hep-th/9812030;9;7;16
hep-th/9807157;hep-th/9807157;7;7;14
hep-ph/9405246;hep-ph/9405246;4;0;4
hep-ph/0004040;hep-ph/0004040;1;0;1
0905.3470;0905.3470;0;21;21
astro-ph/0610514;astro-ph/0610514;10;27;37
astro-ph/0401313;astro-ph/0401313;5;3;8
astro-ph/0504045;astro-ph/0504045;92;18;110
gr-qc/0412126;gr-qc/0412126;26;9;35
astro-ph/0405397;astro-ph/0405397;9;3;12
0801.4536;0801.4536;0;17;17
hep-th/0303013;hep-th/0303013;13;21;34
hep-th/0603104;hep-th/0603104;26;61;87
hep-th/0110170;hep-th/0110170;54;25;79
hep-ph/9805469;hep-ph/9805469;0;6;6
hep-th/9706145;hep-th/9706145;45;16;61
hep-th/9208001;hep-th/9208001;31;7;38
hep-th/9411153;hep-th/9411153;5;20;25
hep-th/9312171;hep-th/9312171;16;13;29
hep-th/9203050;hep-th/9203050;13;0;13
hep-th/9403113;hep-th/9403113;4;0;4
hep-th/9302144;hep-th/9302144;6;9;15
hep-th/9410068;hep-th/9410068;13;7;20
hep-th/9410041;hep-th/9410041;42;13;55
hep-th/9403045;hep-th/9403045;31;6;37
hep-th/9405144;hep-th/9405144;16;13;29
hep-th/9411151;hep-th/9411151;2;3;5
hep-th/9311179;hep-th/9311179;2;2;4
hep-th/9404075;hep-th/9404075;4;2;6
hep-th/9411156;hep-th/9411156;9;14;23
hep-th/9312013;hep-th/9312013;15;8;23
hep-th/9310200;hep-th/9310200;29;1;30
hep-th/9402042;hep-th/9402042;23;2;25
hep-th/9312187;hep-th/9312187;32;6;38
hep-th/9307043;hep-th/9307043;6;2;8
hep-th/9311157;hep-th/9311157;11;4;15
hep-th/9403086;hep-th/9403086;7;7;14
hep-th/9403150;hep-th/9403150;16;0;16
hep-th/9409186;hep-th/9409186;4;11;15
hep-th/9411154;hep-th/9411154;6;3;9
hep-th/9203078;hep-th/9203078;34;0;34
hep-ph/0601051;hep-ph/0601051;3;2;5
hep-ph/9610549;hep-ph/9610549;8;1;9
hep-th/0407052;hep-th/0407052;20;15;35
hep-th/9411158;hep-th/9411158;0;1;1
hep-th/9404138;hep-th/9404138;14;2;16
hep-th/9411159;hep-th/9411159;0;2;2
hep-th/9411067;hep-th/9411067;1;1;2
hep-th/9308153;hep-th/9308153;67;0;67
0911.5354;0911.5354;0;28;28
hep-th/0607220;hep-th/0607220;3;22;25
hep-th/0210245;hep-th/0210245;20;3;23
hep-ph/0606205;hep-ph/0606205;22;6;28
gr-qc/0004075;gr-qc/0004075;34;1;35
hep-th/0310283;hep-th/0310283;23;8;31
hep-th/0602125;hep-th/0602125;3;7;10
hep-th/0406271;hep-th/0406271;10;11;21
astro-ph/0610920;astro-ph/0610920;22;13;35
hep-th/0602276;hep-th/0602276;16;44;60
hep-th/0301109;hep-th/0301109;22;6;28
hep-ph/0601057;hep-ph/0601057;8;40;48
hep-th/9909078;hep-th/9909078;8;2;10
hep-ph/0103099;hep-ph/0103099;11;5;16
hep-lat/0203027;hep-lat/0203027;18;9;27
hep-lat/9605019;hep-lat/9605019;23;3;26
hep-th/0101056;hep-th/0101056;5;14;19
hep-ph/0508004;hep-ph/0508004;4;11;15
hep-th/9710205;hep-th/9710205;90;12;102
hep-ph/0510162;hep-ph/0510162;2;0;2
hep-th/9803140;hep-th/9803140;22;32;54
hep-th/9506026;hep-th/9506026;26;1;27
hep-lat/0102003;hep-lat/0102003;16;6;22
hep-lat/9806011;hep-lat/9806011;6;4;10
hep-ph/0503256;hep-ph/0503256;10;16;26
hep-lat/0302009;hep-lat/0302009;21;14;35
hep-th/9911112;hep-th/9911112;4;31;35
hep-th/0502132;hep-th/0502132;15;18;33
hep-th/9812204;hep-th/9812204;10;0;10
hep-lat/0201008;hep-lat/0201008;19;7;26
gr-qc/9905052;gr-qc/9905052;5;4;9
gr-qc/9507059;gr-qc/9507059;4;1;5
astro-ph/9904116;astro-ph/9904116;23;4;27
0707.2150;0707.2150;0;15;15
hep-th/0407006;hep-th/0407006;13;9;22
hep-th/0507007;hep-th/0507007;8;10;18
hep-th/0507011;hep-th/0507011;5;14;19
hep-th/0301236;hep-th/0301236;13;10;23
hep-th/9810183;hep-th/9810183;7;2;9
hep-th/0507008;hep-th/0507008;6;16;22
hep-th/9802138;hep-th/9802138;25;2;27
hep-th/0212024;hep-th/0212024;39;16;55
hep-th/0210178;hep-th/0210178;46;0;46
hep-th/0407004;hep-th/0407004;8;8;16
gr-qc/0604095;gr-qc/0604095;4;23;27
gr-qc/9704082;gr-qc/9704082;29;0;29
gr-qc/0508115;gr-qc/0508115;19;28;47
gr-qc/0409018;gr-qc/0409018;12;32;44
gr-qc/0511003;gr-qc/0511003;13;33;46
astro-ph/0503427;astro-ph/0503427;17;25;42
gr-qc/0402099;gr-qc/0402099;13;6;19
gr-qc/0302049;gr-qc/0302049;30;12;42
gr-qc/0109035;gr-qc/0109035;35;1;36
gr-qc/9908029;gr-qc/9908029;19;1;20
astro-ph/0312093;astro-ph/0312093;20;17;37
gr-qc/0505137;gr-qc/0505137;16;4;20
gr-qc/0506001;gr-qc/0506001;22;14;36
gr-qc/0310107;gr-qc/0310107;23;5;28
gr-qc/0507063;gr-qc/0507063;11;6;17
hep-th/0102187;hep-th/0102187;11;2;13
gr-qc/0604097;gr-qc/0604097;1;29;30
gr-qc/0508057;gr-qc/0508057;5;2;7
hep-th/9511189;hep-th/9511189;2;6;8
hep-th/0306194;hep-th/0306194;16;43;59
gr-qc/9910092;gr-qc/9910092;2;5;7
gr-qc/0404090;gr-qc/0404090;1;16;17
gr-qc/0102025;gr-qc/0102025;6;0;6
gr-qc/9712007;gr-qc/9712007;12;6;18
hep-th/0008136;hep-th/0008136;15;6;21
gr-qc/0407075;gr-qc/0407075;21;4;25
gr-qc/0510095;gr-qc/0510095;6;12;18
gr-qc/0409060;gr-qc/0409060;2;0;2
hep-th/9303059;hep-th/9303059;4;11;15
gr-qc/9905053;gr-qc/9905053;5;8;13
hep-th/9611091;hep-th/9611091;1;8;9
gr-qc/9806080;gr-qc/9806080;9;3;12
gr-qc/9604015;gr-qc/9604015;10;1;11
gr-qc/9604013;gr-qc/9604013;32;0;32
hep-th/9810229;hep-th/9810229;8;10;18
hep-th/0506210;hep-th/0506210;3;24;27
hep-th/0310231;hep-th/0310231;5;1;6
hep-th/0407159;hep-th/0407159;13;21;34
hep-th/0409229;hep-th/0409229;6;34;40
hep-ph/0205344;hep-ph/0205344;23;38;61
hep-th/0312267;hep-th/0312267;32;31;63
hep-th/0104253;hep-th/0104253;2;12;14
hep-th/0103004;hep-th/0103004;7;26;33
hep-th/9912088;hep-th/9912088;10;0;10
hep-th/0011093;hep-th/0011093;3;52;55
math/9802054;math/9802054;19;7;26
hep-th/0701191;hep-th/0701191;3;58;61
hep-th/0208181;hep-th/0208181;2;6;8
hep-th/0104221;hep-th/0104221;44;9;53
hep-th/0701172;hep-th/0701172;7;33;40
hep-th/0002254;hep-th/0002254;5;8;13
hep-th/9511090;hep-th/9511090;19;5;24
hep-th/0405025;hep-th/0405025;6;0;6
hep-th/0401144;hep-th/0401144;1;15;16
hep-lat/9904002;hep-lat/9904002;5;0;5
hep-th/9307128;hep-th/9307128;1;1;2
hep-th/9702149;hep-th/9702149;13;7;20
hep-th/0506038;hep-th/0506038;4;8;12
cond-mat/0105380;cond-mat/0105380;3;6;9
hep-th/0203088;hep-th/0203088;24;3;27
quant-ph/0202047;quant-ph/0202047;4;0;4
hep-th/0507196;hep-th/0507196;2;9;11
hep-lat/9507016;hep-lat/9507016;12;0;12
hep-th/0112209;hep-th/0112209;6;10;16
hep-th/0503096;hep-th/0503096;16;0;16
hep-th/0202199;hep-th/0202199;4;20;24
hep-lat/9709097;hep-lat/9709097;12;3;15
cond-mat/0008087;cond-mat/0008087;3;5;8
hep-lat/9810034;hep-lat/9810034;9;4;13
hep-th/0602140;hep-th/0602140;11;21;32
nucl-th/0303038;nucl-th/0303038;20;2;22
hep-th/9704094;hep-th/9704094;21;12;33
hep-lat/9710016;hep-lat/9710016;2;3;5
hep-th/0503161;hep-th/0503161;9;18;27
hep-th/9609139;hep-th/9609139;13;7;20
hep-th/9901063;hep-th/9901063;60;20;80
hep-lat/9802001;hep-lat/9802001;9;3;12
hep-th/0410271;hep-th/0410271;8;7;15
hep-th/9612117;hep-th/9612117;33;12;45
quant-ph/9506003;quant-ph/9506003;7;0;7
hep-th/0309022;hep-th/0309022;10;8;18
cond-mat/9909418;cond-mat/9909418;4;4;8
cond-mat/9804264;cond-mat/9804264;7;0;7
hep-th/0511194;hep-th/0511194;2;13;15
hep-th/0508127;hep-th/0508127;1;2;3
hep-th/0508126;hep-th/0508126;9;46;55
hep-th/0409315;hep-th/0409315;13;48;61
hep-th/0503077;hep-th/0503077;10;59;69
hep-th/0407098;hep-th/0407098;11;65;76
hep-th/0406225;hep-th/0406225;24;45;69
hep-th/0506200;hep-th/0506200;7;66;73
hep-th/0409058;hep-th/0409058;13;28;41
hep-th/0508125;hep-th/0508125;17;27;44
hep-th/0508098;hep-th/0508098;20;33;53
hep-th/0505243;hep-th/0505243;26;33;59
hep-th/0110099;hep-th/0110099;42;34;76
hep-th/9508068;hep-th/9508068;91;25;116
hep-th/0505187;hep-th/0505187;56;39;95
hep-th/0012072;hep-th/0012072;111;21;132
hep-th/0506063;hep-th/0506063;23;66;89
hep-th/0104238;hep-th/0104238;51;0;51
hep-th/0110107;hep-th/0110107;39;40;79
hep-th/0503201;hep-th/0503201;95;81;176
hep-th/0504187;hep-th/0504187;2;11;13
hep-th/0505227;hep-th/0505227;29;33;62
hep-th/0104252;hep-th/0104252;1;3;4
hep-th/9801188;hep-th/9801188;3;0;3
hep-th/9811019;hep-th/9811019;10;102;112
hep-th/0508123;hep-th/0508123;6;13;19
hep-th/0406024;hep-th/0406024;90;98;188
quant-ph/0212125;quant-ph/0212125;25;3;28
quant-ph/0607081;quant-ph/0607081;9;0;9
hep-th/0111001;hep-th/0111001;78;25;103
hep-th/0510248;hep-th/0510248;5;17;22
hep-th/0508122;hep-th/0508122;10;3;13
hep-th/0508051;hep-th/0508051;14;0;14
hep-th/0508121;hep-th/0508121;10;23;33
hep-th/0001017;hep-th/0001017;12;11;23
hep-th/9806084;hep-th/9806084;12;7;19
hep-th/0210154;hep-th/0210154;22;7;29
hep-th/0211277;hep-th/0211277;4;20;24
hep-th/0405155;hep-th/0405155;8;20;28
hep-th/9905079;hep-th/9905079;44;7;51
hep-th/0410148;hep-th/0410148;7;31;38
math-ph/0312031;math-ph/0312031;13;0;13
hep-th/0208215;hep-th/0208215;9;18;27
hep-th/0302189;hep-th/0302189;8;3;11
hep-th/9902141;hep-th/9902141;39;8;47
hep-th/0508120;hep-th/0508120;1;3;4
0802.3249;0802.3249;0;1;1
hep-th/0604200;hep-th/0604200;4;12;16
hep-th/9807121;hep-th/9807121;14;2;16
hep-th/0301238;hep-th/0301238;4;4;8
hep-th/0312169;hep-th/0312169;5;5;10
hep-th/0306011;hep-th/0306011;9;6;15
hep-th/9312069;hep-th/9312069;5;0;5
hep-th/9401123;hep-th/9401123;6;0;6
hep-th/0101131;hep-th/0101131;10;2;12
hep-th/0108240;hep-th/0108240;6;14;20
hep-th/9505154;hep-th/9505154;6;1;7
hep-th/9404087;hep-th/9404087;4;0;4
hep-th/9801129;hep-th/9801129;22;4;26
hep-th/0104254;hep-th/0104254;23;32;55
hep-th/0009072;hep-th/0009072;9;34;43
hep-th/0103114;hep-th/0103114;12;23;35
math/0103231;math/0103231;16;13;29
hep-th/9903053;hep-th/9903053;58;25;83
hep-th/0102198;hep-th/0102198;16;31;47
hep-th/0102146;hep-th/0102146;9;37;46
hep-th/9408133;hep-th/9408133;19;4;23
hep-th/0001025;hep-th/0001025;28;45;73
hep-th/0009042;hep-th/0009042;21;28;49
0711.0062;0711.0062;0;12;12
gr-qc/0511097;gr-qc/0511097;6;6;12
hep-th/0703168;hep-th/0703168;1;5;6
gr-qc/0511123;gr-qc/0511123;4;4;8
gr-qc/0610088;gr-qc/0610088;5;1;6
hep-th/0701255;hep-th/0701255;3;9;12
gr-qc/0603036;gr-qc/0603036;4;0;4
hep-th/0104257;hep-th/0104257;3;17;20
hep-th/9602089;hep-th/9602089;70;11;81
math-ph/0007015;math-ph/0007015;7;7;14
hep-th/9910154;hep-th/9910154;9;14;23
hep-th/0004020;hep-th/0004020;9;4;13
hep-th/9711168;hep-th/9711168;45;6;51
hep-th/9612116;hep-th/9612116;10;8;18
hep-th/9809199;hep-th/9809199;39;5;44
hep-th/0004051;hep-th/0004051;13;9;22
hep-th/0506217;hep-th/0506217;4;7;11
hep-th/0402071;hep-th/0402071;4;25;29
hep-th/9803049;hep-th/9803049;26;5;31
hep-th/0410249;hep-th/0410249;14;5;19
hep-th/0504210;hep-th/0504210;5;6;11
gr-qc/9907027;gr-qc/9907027;20;0;20
hep-th/0310067;hep-th/0310067;12;9;21
hep-th/0609049;hep-th/0609049;9;13;22
hep-lat/0602004;hep-lat/0602004;24;50;74
hep-lat/0601024;hep-lat/0601024;31;38;69
hep-lat/0311021;hep-lat/0311021;62;25;87
hep-th/0609046;hep-th/0609046;2;8;10
hep-ph/9405324;hep-ph/9405324;11;0;11
hep-th/9608103;hep-th/9608103;7;0;7
hep-th/0608038;hep-th/0608038;40;38;78
hep-th/0508232;hep-th/0508232;56;78;134
hep-th/0606214;hep-th/0606214;22;39;61
hep-th/0502226;hep-th/0502226;128;60;188
hep-th/0602189;hep-th/0602189;25;35;60
hep-th/0604069;hep-th/0604069;56;43;99
hep-th/0603043;hep-th/0603043;37;58;95
hep-th/0608029;hep-th/0608029;39;36;75
hep-th/0601074;hep-th/0601074;17;39;56
hep-th/0607236;hep-th/0607236;12;54;66
hep-th/0604043;hep-th/0604043;80;35;115
hep-th/0605026;hep-th/0605026;24;34;58
hep-th/0603008;hep-th/0603008;57;66;123
hep-th/0512079;hep-th/0512079;19;42;61
hep-th/9705038;hep-th/9705038;76;9;85
hep-th/0605255;hep-th/0605255;1;4;5
hep-th/0606179;hep-th/0606179;12;41;53
hep-th/0012007;hep-th/0012007;34;22;56
hep-th/9201003;hep-th/9201003;45;0;45
q-alg/9505026;q-alg/9505026;4;1;5
math/0202164;math/0202164;13;7;20
hep-th/0009045;hep-th/0009045;16;4;20
math-ph/0206031;math-ph/0206031;13;22;35
hep-th/0101199;hep-th/0101199;40;55;95
hep-th/0102197;hep-th/0102197;5;5;10
hep-th/0103008;hep-th/0103008;3;7;10
hep-th/9707051;hep-th/9707051;18;5;23
hep-th/0011257;hep-th/0011257;9;20;29
hep-th/0405232;hep-th/0405232;18;28;46
hep-th/0010269;hep-th/0010269;56;27;83
hep-th/0208141;hep-th/0208141;21;51;72
hep-th/0102183;hep-th/0102183;34;25;59
hep-th/0609043;hep-th/0609043;6;4;10
hep-th/0602102;hep-th/0602102;5;9;14
hep-th/0608068;hep-th/0608068;7;11;18
hep-th/0609040;hep-th/0609040;4;67;71
hep-th/0506090;hep-th/0506090;60;57;117
hep-th/0501139;hep-th/0501139;60;48;108
hep-th/0501081;hep-th/0501081;25;23;48
hep-th/9506091;hep-th/9506091;35;41;76
hep-th/0410074;hep-th/0410074;64;63;127
hep-th/0404254;hep-th/0404254;22;60;82
hep-th/0503072;hep-th/0503072;38;31;69
hep-th/0507153;hep-th/0507153;22;187;209
hep-th/0503138;hep-th/0503138;42;0;42
hep-th/0410206;hep-th/0410206;15;33;48
hep-th/9110060;hep-th/9110060;39;0;39
hep-th/0507091;hep-th/0507091;15;28;43
hep-th/0503124;hep-th/0503124;100;98;198
hep-ph/0212048;hep-ph/0212048;35;40;75
hep-th/0507069;hep-th/0507069;44;50;94
hep-th/0507173;hep-th/0507173;39;39;78
hep-th/0411066;hep-th/0411066;110;39;149
hep-th/0609013;hep-th/0609013;39;61;100
hep-th/0503125;hep-th/0503125;33;17;50
hep-th/0411061;hep-th/0411061;57;107;164
hep-th/0504041;hep-th/0504041;39;27;66
hep-th/9805189;hep-th/9805189;34;27;61
hep-th/0609041;hep-th/0609041;0;11;11
hep-th/0304219;hep-th/0304219;18;19;37
hep-th/0602222;hep-th/0602222;5;21;26
hep-th/0309236;hep-th/0309236;12;20;32
hep-th/0101203;hep-th/0101203;14;9;23
hep-th/0109221;hep-th/0109221;13;1;14
hep-th/0501185;hep-th/0501185;37;175;212
gr-qc/9504015;gr-qc/9504015;55;0;55
hep-th/0407202;hep-th/0407202;22;51;73
hep-th/0403027;hep-th/0403027;86;79;165
hep-ph/9206229;hep-ph/9206229;33;1;34
hep-th/0405246;hep-th/0405246;3;23;26
hep-th/9309075;hep-th/9309075;126;8;134
hep-th/9910179;hep-th/9910179;63;25;88
hep-th/0405011;hep-th/0405011;32;26;58
hep-th/0412077;hep-th/0412077;24;57;81
hep-th/0406039;hep-th/0406039;16;22;38
gr-qc/9608008;gr-qc/9608008;2;2;4
hep-th/9404076;hep-th/9404076;1;9;10
hep-ph/0106282;hep-ph/0106282;11;3;14
hep-ph/9512439;hep-ph/9512439;51;6;57
hep-th/0402047;hep-th/0402047;65;12;77
hep-th/0502003;hep-th/0502003;22;14;36
hep-ph/9206216;hep-ph/9206216;32;0;32
astro-ph/9605094;astro-ph/9605094;54;15;69
hep-th/0411033;hep-th/0411033;13;19;32
hep-th/0212255;hep-th/0212255;16;0;16
hep-th/0409282;hep-th/0409282;26;58;84
hep-ph/9209210;hep-ph/9209210;37;0;37
hep-th/0408192;hep-th/0408192;30;88;118
hep-th/0404075;hep-th/0404075;36;167;203
hep-th/0412337;hep-th/0412337;13;24;37
hep-th/0412129;hep-th/0412129;38;25;63
hep-th/0003081;hep-th/0003081;18;16;34
hep-th/0111051;hep-th/0111051;83;25;108
hep-th/0410030;hep-th/0410030;13;7;20
hep-th/0306058;hep-th/0306058;34;19;53
hep-th/0307179;hep-th/0307179;28;16;44
hep-th/0310174;hep-th/0310174;33;48;81
hep-th/0310112;hep-th/0310112;63;52;115
hep-ph/9601296;hep-ph/9601296;7;2;9
hep-th/9610252;hep-th/9610252;47;16;63
hep-th/0410273;hep-th/0410273;18;22;40
hep-th/9209088;hep-th/9209088;7;0;7
hep-ph/0209244;hep-ph/0209244;63;120;183
0908.4196;0908.4196;0;21;21
hep-th/0510188;hep-th/0510188;8;10;18
hep-th/0509207;hep-th/0509207;15;16;31
hep-th/0311134;hep-th/0311134;12;20;32
gr-qc/0207124;gr-qc/0207124;23;9;32
hep-th/0611257;hep-th/0611257;9;22;31
0901.4962;0901.4962;0;42;42
hep-th/0611246;hep-th/0611246;24;55;79
hep-th/0702107;hep-th/0702107;66;0;66
hep-th/0603085;hep-th/0603085;11;19;30
math/0306332;math/0306332;12;43;55
hep-th/0511049;hep-th/0511049;1;8;9
hep-th/0107162;hep-th/0107162;37;28;65
hep-th/0602018;hep-th/0602018;5;27;32
hep-th/0510118;hep-th/0510118;10;34;44
hep-th/0408243;hep-th/0408243;30;21;51
0807.3356;0807.3356;0;19;19
math/0103090;math/0103090;1;3;4
hep-th/0204148;hep-th/0204148;67;55;122
math/0612255;math/0612255;5;21;26
math/0309465;math/0309465;18;13;31
math/0106050;math/0106050;26;32;58
math/0510664;math/0510664;9;4;13
hep-th/9401119;hep-th/9401119;10;0;10
math/0511328;math/0511328;12;0;12
math/0609570;math/0609570;5;0;5
math/0502533;math/0502533;9;9;18
hep-th/0612306;hep-th/0612306;14;22;36
math/0308248;math/0308248;9;9;18
math/0603065;math/0603065;4;15;19
0712.1232;0712.1232;0;11;11
astro-ph/0405620;astro-ph/0405620;4;11;15
astro-ph/0612653;astro-ph/0612653;23;41;64
hep-th/9903160;hep-th/9903160;42;20;62
hep-th/0208146;hep-th/0208146;26;22;48
hep-th/0501070;hep-th/0501070;68;27;95
hep-th/0512149;hep-th/0512149;74;15;89
hep-th/0410160;hep-th/0410160;12;12;24
hep-th/0301232;hep-th/0301232;14;0;14
hep-th/0507041;hep-th/0507041;30;43;73
0910.3772;0910.3772;0;1;1
hep-ph/0307089;hep-ph/0307089;5;8;13
hep-th/0310255;hep-th/0310255;11;54;65
hep-th/0307257;hep-th/0307257;14;24;38
hep-th/0310186;hep-th/0310186;8;23;31
hep-th/0310044;hep-th/0310044;1;23;24
hep-th/0306190;hep-th/0306190;23;38;61
hep-th/0310158;hep-th/0310158;30;0;30
hep-th/0502021;hep-th/0502021;50;52;102
hep-th/0504034;hep-th/0504034;27;0;27
hep-th/0307265;hep-th/0307265;22;32;54
hep-th/0404239;hep-th/0404239;15;64;79
hep-th/0405019;hep-th/0405019;22;41;63
hep-th/0308098;hep-th/0308098;10;14;24
hep-th/9906098;hep-th/9906098;59;10;69
0801.1811;0801.1811;0;9;9
hep-th/9304148;hep-th/9304148;23;15;38
hep-th/9209008;hep-th/9209008;38;3;41
hep-th/9807078;hep-th/9807078;36;5;41
hep-th/0609120;hep-th/0609120;1;16;17
hep-th/0302224;hep-th/0302224;6;26;32
hep-th/0112181;hep-th/0112181;9;5;14
quant-ph/0302001;quant-ph/0302001;13;3;16
hep-th/0511294;hep-th/0511294;1;9;10
math/9903151;math/9903151;4;2;6
0908.0471;0908.0471;0;37;37
hep-ph/0109082;hep-ph/0109082;26;24;50
hep-th/9911021;hep-th/9911021;25;30;55
hep-th/9806143;hep-th/9806143;45;29;74
hep-th/0406036;hep-th/0406036;3;25;28
0907.3020;0907.3020;0;32;32
hep-th/9605003;hep-th/9605003;66;7;73
hep-th/0007030;hep-th/0007030;37;12;49
hep-th/0603193;hep-th/0603193;3;15;18
hep-th/0109102;hep-th/0109102;10;42;52
hep-th/9912050;hep-th/9912050;65;12;77
hep-th/0211258;hep-th/0211258;9;47;56
hep-th/0103206;hep-th/0103206;4;16;20
hep-th/0006216;hep-th/0006216;62;17;79
hep-th/0609016;hep-th/0609016;1;16;17
0911.4323;0911.4323;0;6;6
hep-th/0611072;hep-th/0611072;13;5;18
hep-th/0110102;hep-th/0110102;27;1;28
hep-th/0101178;hep-th/0101178;33;1;34
hep-th/0606169;hep-th/0606169;6;4;10
hep-th/0205178;hep-th/0205178;29;4;33
hep-th/0506215;hep-th/0506215;23;43;66
hep-th/0408186;hep-th/0408186;74;46;120
hep-th/0504142;hep-th/0504142;77;23;100
hep-th/0506015;hep-th/0506015;15;23;38
hep-th/0505188;hep-th/0505188;24;22;46
hep-th/0411187;hep-th/0411187;40;11;51
0706.2945;0706.2945;0;16;16
hep-th/0207040;hep-th/0207040;30;14;44
hep-th/0208132;hep-th/0208132;28;17;45
math-ph/0404034;math-ph/0404034;11;16;27
hep-th/0308192;hep-th/0308192;8;30;38
math-ph/0112019;math-ph/0112019;12;3;15
hep-th/0112041;hep-th/0112041;48;14;62
math-ph/0412095;math-ph/0412095;11;4;15
hep-th/0106144;hep-th/0106144;24;3;27
hep-th/0703121;hep-th/0703121;14;12;26
math-ph/0303030;math-ph/0303030;8;14;22
hep-th/0109022;hep-th/0109022;22;10;32
hep-th/0609111;hep-th/0609111;15;43;58
hep-th/0506156;hep-th/0506156;5;1;6
hep-ph/0405296;hep-ph/0405296;12;1;13
hep-th/0612020;hep-th/0612020;1;8;9
hep-th/0301237;hep-th/0301237;20;0;20
hep-th/0504150;hep-th/0504150;5;25;30
hep-th/0602261;hep-th/0602261;3;22;25
hep-th/0609126;hep-th/0609126;7;26;33
gr-qc/0602108;gr-qc/0602108;4;3;7
hep-th/0111225;hep-th/0111225;2;31;33
astro-ph/0410613;astro-ph/0410613;1;13;14
hep-th/0202119;hep-th/0202119;12;0;12
astro-ph/0311093;astro-ph/0311093;2;5;7
gr-qc/0401003;gr-qc/0401003;6;11;17
hep-ph/0306191;hep-ph/0306191;17;44;61
hep-th/0405099;hep-th/0405099;31;19;50
math-ph/0309061;math-ph/0309061;1;3;4
hep-th/9806057;hep-th/9806057;5;19;24
hep-th/9508011;hep-th/9508011;8;3;11
hep-th/0611215;hep-th/0611215;10;3;13
hep-th/0608109;hep-th/0608109;15;2;17
hep-th/0606265;hep-th/0606265;20;5;25
0802.0410;0802.0410;0;52;52
math/0205012;math/0205012;23;8;31
hep-th/0611106;hep-th/0611106;27;20;47
hep-th/0409008;hep-th/0409008;25;0;25
hep-th/0612039;hep-th/0612039;29;46;75
hep-ph/9707434;hep-ph/9707434;28;22;50
math/0404554;math/0404554;4;2;6
hep-th/0408121;hep-th/0408121;66;74;140
hep-th/0512177;hep-th/0512177;66;32;98
hep-th/0502059;hep-th/0502059;55;0;55
0905.2700;0905.2700;0;9;9
hep-th/0601108;hep-th/0601108;51;62;113
hep-th/0702187;hep-th/0702187;27;53;80
0905.2705;0905.2705;0;38;38
hep-th/9312183;hep-th/9312183;3;0;3
hep-th/0610311;hep-th/0610311;4;28;32
hep-th/0612263;hep-th/0612263;2;9;11
hep-th/9903130;hep-th/9903130;70;35;105
hep-th/0306210;hep-th/0306210;14;24;38
hep-th/0609022;hep-th/0609022;20;0;20
hep-th/0212276;hep-th/0212276;16;26;42
hep-th/9112076;hep-th/9112076;7;0;7
hep-th/0509020;hep-th/0509020;1;17;18
hep-th/0304257;hep-th/0304257;18;41;59
hep-th/0506214;hep-th/0506214;3;7;10
gr-qc/0401052;gr-qc/0401052;33;18;51
hep-th/0612168;hep-th/0612168;24;35;59
hep-th/0605151;hep-th/0605151;27;25;52
hep-th/0604209;hep-th/0604209;30;34;64
hep-th/0606178;hep-th/0606178;15;18;33
hep-th/0608077;hep-th/0608077;24;36;60
hep-th/0604058;hep-th/0604058;27;27;54
hep-th/0609007;hep-th/0609007;8;21;29
hep-th/0106015;hep-th/0106015;32;30;62
hep-th/0612073;hep-th/0612073;65;30;95
hep-th/0605027;hep-th/0605027;33;0;33
hep-th/0609158;hep-th/0609158;15;33;48
hep-th/0603190;hep-th/0603190;43;34;77
hep-th/0211222;hep-th/0211222;51;46;97
hep-lat/9910041;hep-lat/9910041;6;2;8
0812.1266;0812.1266;0;3;3
hep-th/0612161;hep-th/0612161;5;18;23
hep-th/9403008;hep-th/9403008;20;6;26
hep-th/0206118;hep-th/0206118;13;42;55
hep-th/0302035;hep-th/0302035;13;8;21
hep-th/9412144;hep-th/9412144;37;12;49
hep-th/9907116;hep-th/9907116;12;38;50
hep-th/0006020;hep-th/0006020;6;0;6
hep-th/9907113;hep-th/9907113;30;30;60
hep-th/0106149;hep-th/0106149;82;48;130
hep-th/0103208;hep-th/0103208;23;19;42
hep-th/0612100;hep-th/0612100;14;32;46
hep-th/0406104;hep-th/0406104;22;50;72
hep-th/0607135;hep-th/0607135;20;52;72
hep-th/0608215;hep-th/0608215;4;14;18
hep-th/0605018;hep-th/0605018;11;72;83
hep-th/0002192;hep-th/0002192;54;7;61
hep-th/0606111;hep-th/0606111;7;27;34
hep-th/0512302;hep-th/0512302;4;13;17
hep-th/0511164;hep-th/0511164;17;0;17
hep-th/0509058;hep-th/0509058;19;52;71
hep-th/0106159;hep-th/0106159;14;16;30
hep-th/0011283;hep-th/0011283;13;83;96
hep-th/0204045;hep-th/0204045;19;15;34
hep-th/0103024;hep-th/0103024;19;13;32
hep-th/0610310;hep-th/0610310;5;81;86
hep-th/0312043;hep-th/0312043;4;34;38
hep-th/0602141;hep-th/0602141;13;42;55
hep-th/0506206;hep-th/0506206;14;25;39
hep-th/0512253;hep-th/0512253;32;84;116
hep-th/0410122;hep-th/0410122;25;67;92
hep-th/0512093;hep-th/0512093;15;29;44
hep-th/0405215;hep-th/0405215;62;49;111
hep-th/0606284;hep-th/0606284;13;26;39
hep-th/0606125;hep-th/0606125;16;18;34
hep-th/0303173;hep-th/0303173;31;45;76
hep-th/0204043;hep-th/0204043;11;22;33
hep-th/0512290;hep-th/0512290;10;38;48
hep-th/0612163;hep-th/0612163;1;6;7
hep-th/0209028;hep-th/0209028;9;10;19
hep-ph/0406325;hep-ph/0406325;4;6;10
hep-ph/9801433;hep-ph/9801433;9;0;9
hep-th/0612162;hep-th/0612162;0;3;3
hep-th/0110055;hep-th/0110055;31;319;350
hep-th/0612123;hep-th/0612123;3;0;3
hep-th/0612122;hep-th/0612122;3;0;3
hep-lat/9403027;hep-lat/9403027;1;6;7
hep-th/9110002;hep-th/9110002;4;0;4
hep-lat/9207035;hep-lat/9207035;4;0;4
hep-th/9212074;hep-th/9212074;11;1;12
hep-th/9206015;hep-th/9206015;55;0;55
hep-th/9208012;hep-th/9208012;16;0;16
hep-th/9212011;hep-th/9212011;5;0;5
hep-th/0612167;hep-th/0612167;17;12;29
hep-th/0605172;hep-th/0605172;5;0;5
astro-ph/0601095;astro-ph/0601095;21;13;34
hep-th/9912169;hep-th/9912169;36;4;40
gr-qc/0308071;gr-qc/0308071;53;2;55
hep-th/0208229;hep-th/0208229;1;16;17
hep-th/0108119;hep-th/0108119;43;27;70
hep-th/0204030;hep-th/0204030;28;17;45
hep-th/0106247;hep-th/0106247;116;27;143
hep-th/0006144;hep-th/0006144;41;7;48
hep-th/9606142;hep-th/9606142;10;26;36
hep-th/9610021;hep-th/9610021;18;2;20
hep-th/9702145;hep-th/9702145;13;2;15
hep-th/9503019;hep-th/9503019;9;9;18
hep-th/9406118;hep-th/9406118;14;2;16
hep-th/9702140;hep-th/9702140;0;2;2
hep-th/9603084;hep-th/9603084;5;0;5
hep-th/9702141;hep-th/9702141;3;2;5
hep-th/9304131;hep-th/9304131;21;0;21
hep-th/9412132;hep-th/9412132;12;3;15
hep-th/9702142;hep-th/9702142;5;15;20
hep-th/9605016;hep-th/9605016;83;24;107
hep-th/9702143;hep-th/9702143;14;7;21
hep-th/9610013;hep-th/9610013;9;0;9
q-alg/9612033;q-alg/9612033;9;6;15
hep-th/9310102;hep-th/9310102;7;0;7
hep-th/0210264;hep-th/0210264;23;15;38
hep-th/9212147;hep-th/9212147;13;1;14
math-ph/0310038;math-ph/0310038;3;0;3
hep-th/9202013;hep-th/9202013;19;0;19
quant-ph/0303120;quant-ph/0303120;2;3;5
hep-th/9112075;hep-th/9112075;29;1;30
hep-th/9405067;hep-th/9405067;23;6;29
0811.0566;0811.0566;0;8;8
gr-qc/0701029;gr-qc/0701029;18;21;39
astro-ph/0405267;astro-ph/0405267;41;18;59
hep-ph/9612458;hep-ph/9612458;40;5;45
hep-th/0506259;hep-th/0506259;2;13;15
hep-th/9512223;hep-th/9512223;25;8;33
hep-lat/0012007;hep-lat/0012007;6;14;20
quant-ph/0007055;quant-ph/0007055;6;0;6
hep-th/0306006;hep-th/0306006;3;7;10
hep-th/0107258;hep-th/0107258;6;0;6
hep-lat/0112017;hep-lat/0112017;8;11;19
hep-th/0205053;hep-th/0205053;4;9;13
hep-th/0007113;hep-th/0007113;4;14;18
hep-th/9909187;hep-th/9909187;22;12;34
hep-th/0506258;hep-th/0506258;0;6;6
gr-qc/9909033;gr-qc/9909033;12;4;16
hep-th/0309078;hep-th/0309078;1;2;3
hep-th/0003283;hep-th/0003283;10;3;13
hep-th/0309007;hep-th/0309007;2;6;8
hep-th/9911219;hep-th/9911219;13;0;13
hep-th/9911254;hep-th/9911254;9;3;12
math/0402366;math/0402366;1;2;3
math/0302358;math/0302358;1;12;13
hep-th/0610275;hep-th/0610275;7;30;37
hep-th/0604155;hep-th/0604155;30;27;57
hep-ph/0210329;hep-ph/0210329;8;5;13
0910.5145;0910.5145;0;4;4
hep-th/0212118;hep-th/0212118;18;21;39
hep-th/0208041;hep-th/0208041;46;21;67
hep-th/0211032;hep-th/0211032;72;41;113
0806.2477;0806.2477;0;22;22
hep-th/9606015;hep-th/9606015;14;0;14
hep-th/0211235;hep-th/0211235;7;9;16
hep-th/0212077;hep-th/0212077;8;13;21
cond-mat/9509054;cond-mat/9509054;32;3;35
hep-th/0410127;hep-th/0410127;5;16;21
hep-th/0510032;hep-th/0510032;33;33;66
hep-th/9509137;hep-th/9509137;45;3;48
hep-th/9108002;hep-th/9108002;3;0;3
hep-th/0212117;hep-th/0212117;5;27;32
hep-th/0209057;hep-th/0209057;21;31;52
hep-th/0206075;hep-th/0206075;22;24;46
hep-th/0103192;hep-th/0103192;26;34;60
hep-th/9603139;hep-th/9603139;8;2;10
hep-th/0212110;hep-th/0212110;0;5;5
gr-qc/9807057;gr-qc/9807057;2;0;2
hep-th/9807083;hep-th/9807083;8;3;11
hep-th/0106257;hep-th/0106257;1;4;5
hep-th/0004019;hep-th/0004019;16;16;32
hep-th/0208078;hep-th/0208078;4;12;16
hep-th/9901041;hep-th/9901041;46;15;61
hep-th/0206045;hep-th/0206045;44;59;103
hep-th/0204056;hep-th/0204056;8;5;13
hep-th/0012121;hep-th/0012121;3;23;26
hep-th/0112174;hep-th/0112174;13;31;44
hep-th/0112247;hep-th/0112247;12;5;17
hep-ph/0205250;hep-ph/0205250;18;51;69
hep-ph/9806472;hep-ph/9806472;23;8;31
hep-ph/9402320;hep-ph/9402320;24;0;24
hep-th/9712167;hep-th/9712167;7;20;27
hep-ph/9612267;hep-ph/9612267;13;4;17
hep-ph/9308341;hep-ph/9308341;3;0;3
hep-th/0612023;hep-th/0612023;0;14;14
hep-th/0005120;hep-th/0005120;15;23;38
hep-th/9810210;hep-th/9810210;77;44;121
gr-qc/9405031;gr-qc/9405031;10;3;13
gr-qc/9303019;gr-qc/9303019;13;4;17
gr-qc/9303028;gr-qc/9303028;3;1;4
gr-qc/0605058;gr-qc/0605058;34;7;41
hep-th/0305153;hep-th/0305153;23;15;38
gr-qc/0510064;gr-qc/0510064;10;54;64
gr-qc/0605054;gr-qc/0605054;1;1;2
astro-ph/0010475;astro-ph/0010475;7;0;7
quant-ph/0604186;quant-ph/0604186;0;10;10
quant-ph/0410227;quant-ph/0410227;7;2;9
hep-th/9710241;hep-th/9710241;12;7;19
hep-th/9808085;hep-th/9808085;56;6;62
cond-mat/0106049;cond-mat/0106049;4;7;11
hep-th/9711049;hep-th/9711049;11;16;27
hep-th/0405007;hep-th/0405007;11;25;36
gr-qc/0412060;gr-qc/0412060;3;1;4
hep-th/0502209;hep-th/0502209;64;74;138
astro-ph/0205217;astro-ph/0205217;1;10;11
gr-qc/9707051;gr-qc/9707051;3;2;5
hep-th/9907198;hep-th/9907198;14;3;17
hep-th/0502203;hep-th/0502203;25;8;33
astro-ph/0006300;astro-ph/0006300;8;4;12
astro-ph/0505188;astro-ph/0505188;6;7;13
hep-th/0401082;hep-th/0401082;29;21;50
gr-qc/9810054;gr-qc/9810054;4;6;10
astro-ph/9601034;astro-ph/9601034;25;2;27
astro-ph/0406043;astro-ph/0406043;50;10;60
gr-qc/9706065;gr-qc/9706065;20;2;22
astro-ph/9510010;astro-ph/9510010;13;1;14
physics/0605096;physics/0605096;0;5;5
hep-lat/9412104;hep-lat/9412104;16;1;17
0705.3131;0705.3131;0;58;58
hep-th/9804175;hep-th/9804175;20;17;37
hep-th/0308074;hep-th/0308074;60;10;70
hep-th/0503239;hep-th/0503239;21;89;110
hep-th/0502063;hep-th/0502063;7;49;56
hep-th/0607116;hep-th/0607116;14;32;46
hep-th/0505028;hep-th/0505028;19;89;108
hep-th/0312184;hep-th/0312184;18;35;53
hep-th/9808126;hep-th/9808126;46;8;54
hep-ph/0606256;hep-ph/0606256;12;16;28
hep-ph/0208070;hep-ph/0208070;38;7;45
hep-ph/0011159;hep-ph/0011159;28;6;34
hep-ph/0403234;hep-ph/0403234;17;7;24
hep-ph/0403101;hep-ph/0403101;28;29;57
hep-ph/0302210;hep-ph/0302210;15;18;33
hep-ph/0011160;hep-ph/0011160;35;7;42
hep-ph/0410330;hep-ph/0410330;13;14;27
hep-th/0501080;hep-th/0501080;9;8;17
hep-th/9310007;hep-th/9310007;3;1;4
hep-th/9208036;hep-th/9208036;33;1;34
hep-th/9308032;hep-th/9308032;1;0;1
hep-th/0612024;hep-th/0612024;3;15;18
hep-th/0206111;hep-th/0206111;14;10;24
hep-th/0112014;hep-th/0112014;10;6;16
hep-th/0409254;hep-th/0409254;6;19;25
hep-th/0611231;hep-th/0611231;3;15;18
hep-ph/9606216;hep-ph/9606216;21;2;23
hep-th/0611114;hep-th/0611114;4;17;21
math/0106238;math/0106238;1;7;8
dg-ga/9712005;dg-ga/9712005;9;10;19
dg-ga/9710032;dg-ga/9710032;10;12;22
dg-ga/9709022;dg-ga/9709022;8;10;18
alg-geom/9603003;alg-geom/9603003;7;1;8
alg-geom/9611021;alg-geom/9611021;7;0;7
gr-qc/0411109;gr-qc/0411109;7;8;15
gr-qc/0112074;gr-qc/0112074;6;14;20
gr-qc/9710006;gr-qc/9710006;24;1;25
gr-qc/0409031;gr-qc/0409031;7;21;28
gr-qc/0404083;gr-qc/0404083;8;0;8
gr-qc/9310003;gr-qc/9310003;14;1;15
0903.4631;0903.4631;0;16;16
hep-th/0503102;hep-th/0503102;35;48;83
hep-th/0501137;hep-th/0501137;56;61;117
hep-th/9811140;hep-th/9811140;63;37;100
hep-th/0410179;hep-th/0410179;62;10;72
hep-th/9512084;hep-th/9512084;29;8;37
hep-ph/9409265;hep-ph/9409265;174;8;182
hep-th/0610043;hep-th/0610043;47;62;109
hep-th/0505249;hep-th/0505249;18;45;63
hep-th/0507170;hep-th/0507170;12;0;12
hep-th/0604074;hep-th/0604074;47;24;71
hep-th/0611204;hep-th/0611204;56;29;85
hep-th/0602228;hep-th/0602228;39;0;39
hep-ph/0505038;hep-ph/0505038;5;2;7
hep-th/0601031;hep-th/0601031;10;17;27
hep-th/0506126;hep-th/0506126;34;46;80
hep-ph/9702424;hep-ph/9702424;69;20;89
hep-ph/0511200;hep-ph/0511200;25;4;29
hep-th/0607160;hep-th/0607160;70;25;95
math/0503029;math/0503029;6;3;9
math/0410268;math/0410268;10;2;12
math/0312190;math/0312190;8;3;11
math/0410267;math/0410267;7;7;14
gr-qc/0009007;gr-qc/0009007;2;3;5
hep-th/9207056;hep-th/9207056;4;0;4
hep-th/9406188;hep-th/9406188;8;0;8
gr-qc/9504042;gr-qc/9504042;9;3;12
math/0506211;math/0506211;0;1;1
funct-an/9606005;funct-an/9606005;2;0;2
gr-qc/0009003;gr-qc/0009003;2;2;4
gr-qc/9809001;gr-qc/9809001;4;6;10
hep-th/9406059;hep-th/9406059;54;15;69
hep-th/0105237;hep-th/0105237;6;49;55
hep-th/0109151;hep-th/0109151;1;33;34
hep-th/9607043;hep-th/9607043;24;20;44
hep-th/9507164;hep-th/9507164;29;14;43
hep-th/9407155;hep-th/9407155;55;8;63
hep-th/9507005;hep-th/9507005;20;32;52
hep-th/9410217;hep-th/9410217;30;5;35
0707.4454;0707.4454;0;34;34
hep-th/0101071;hep-th/0101071;32;17;49
hep-th/0603146;hep-th/0603146;12;19;31
hep-th/0508077;hep-th/0508077;32;25;57
hep-th/0503032;hep-th/0503032;6;21;27
hep-th/9810224;hep-th/9810224;41;17;58
hep-th/0005147;hep-th/0005147;62;39;101
hep-th/0003121;hep-th/0003121;18;18;36
hep-th/9809061;hep-th/9809061;40;33;73
hep-th/9909049;hep-th/9909049;15;42;57
hep-th/0406210;hep-th/0406210;67;52;119
hep-lat/0012001;hep-lat/0012001;34;12;46
hep-th/0105171;hep-th/0105171;34;0;34
hep-th/9811220;hep-th/9811220;74;6;80
hep-th/0104260;hep-th/0104260;36;25;61
0707.3484;0707.3484;0;13;13
hep-th/0212216;hep-th/0212216;22;8;30
hep-th/0205119;hep-th/0205119;47;17;64
hep-th/0006068;hep-th/0006068;40;21;61
hep-th/9906247;hep-th/9906247;6;13;19
0911.2588;0911.2588;0;2;2
hep-th/0401127;hep-th/0401127;2;11;13
0903.4040;0903.4040;0;64;64
hep-th/9803099;hep-th/9803099;15;2;17
hep-ph/0405159;hep-ph/0405159;16;7;23
hep-ph/0107030;hep-ph/0107030;9;9;18
hep-ph/0202023;hep-ph/0202023;9;20;29
hep-th/9908085;hep-th/9908085;20;33;53
hep-th/9705189;hep-th/9705189;46;11;57
hep-th/0611006;hep-th/0611006;37;25;62
hep-th/0406012;hep-th/0406012;10;28;38
hep-th/0607172;hep-th/0607172;35;8;43
hep-ph/9709364;hep-ph/9709364;28;5;33
hep-ph/0612100;hep-ph/0612100;18;7;25
hep-ph/0205071;hep-ph/0205071;4;31;35
hep-ph/9912387;hep-ph/9912387;9;42;51
hep-th/0512232;hep-th/0512232;17;48;65
hep-ph/9709397;hep-ph/9709397;28;2;30
hep-th/0111231;hep-th/0111231;35;24;59
hep-ph/0509229;hep-ph/0509229;13;23;36
hep-th/0606095;hep-th/0606095;16;32;48
hep-th/9808178;hep-th/9808178;13;24;37
hep-th/0105137;hep-th/0105137;39;39;78
hep-th/0611018;hep-th/0611018;37;15;52
hep-ph/9803290;hep-ph/9803290;46;10;56
hep-ph/0005265;hep-ph/0005265;6;14;20
hep-th/0003228;hep-th/0003228;8;3;11
hep-th/9909021;hep-th/9909021;16;11;27
hep-th/0003229;hep-th/0003229;8;3;11
0710.1568;0710.1568;0;57;57
hep-th/0508140;hep-th/0508140;40;36;76
hep-th/9605141;hep-th/9605141;12;2;14
hep-th/0611169;hep-th/0611169;49;52;101
hep-th/0610250;hep-th/0610250;38;0;38
hep-th/0703266;hep-th/0703266;28;43;71
hep-th/0510171;hep-th/0510171;93;49;142
hep-th/0702028;hep-th/0702028;58;28;86
hep-th/0701281;hep-th/0701281;19;58;77
hep-th/0510208;hep-th/0510208;45;47;92
hep-th/0702151;hep-th/0702151;33;53;86
hep-th/0703104;hep-th/0703104;61;27;88
hep-th/0701240;hep-th/0701240;16;34;50
hep-th/0602214;hep-th/0602214;37;30;67
hep-th/0609157;hep-th/0609157;67;32;99
hep-th/0702214;hep-th/0702214;20;20;40
hep-th/9910253;hep-th/9910253;15;6;21
astro-ph/0205152;astro-ph/0205152;17;11;28
hep-ph/9904409;hep-ph/9904409;26;10;36
hep-ph/0112261;hep-ph/0112261;35;7;42
astro-ph/9501024;astro-ph/9501024;28;0;28
hep-ph/9904410;hep-ph/9904410;14;12;26
hep-ph/9811295;hep-ph/9811295;9;10;19
hep-th/9601134;hep-th/9601134;37;1;38
hep-ph/9809583;hep-ph/9809583;28;0;28
hep-th/0410078;hep-th/0410078;25;17;42
hep-th/0310104;hep-th/0310104;47;41;88
gr-qc/0309076;gr-qc/0309076;11;26;37
gr-qc/0404015;gr-qc/0404015;12;26;38
hep-th/0309230;hep-th/0309230;45;24;69
hep-th/0204047;hep-th/0204047;59;35;94
hep-th/0310096;hep-th/0310096;40;25;65
hep-th/0003222;hep-th/0003222;1;7;8
hep-th/0002167;hep-th/0002167;14;7;21
hep-th/9903260;hep-th/9903260;7;14;21
hep-th/9805200;hep-th/9805200;16;10;26
hep-th/9909166;hep-th/9909166;2;5;7
hep-th/9808055;hep-th/9808055;8;7;15
hep-th/9711073;hep-th/9711073;37;0;37
hep-th/9909194;hep-th/9909194;6;20;26
hep-th/9610014;hep-th/9610014;4;2;6
hep-th/9905034;hep-th/9905034;7;36;43
hep-th/0001170;hep-th/0001170;9;31;40
hep-th/0003226;hep-th/0003226;8;26;34
hep-th/9512145;hep-th/9512145;46;17;63
hep-th/9911007;hep-th/9911007;12;23;35
hep-th/9903012;hep-th/9903012;5;7;12
hep-th/9906160;hep-th/9906160;31;0;31
hep-th/9906109;hep-th/9906109;19;37;56
hep-th/9905153;hep-th/9905153;13;12;25
hep-th/0003227;hep-th/0003227;33;21;54
hep-th/0009178;hep-th/0009178;16;9;25
hep-th/0101091;hep-th/0101091;37;19;56
hep-th/0104174;hep-th/0104174;5;0;5
hep-th/0111057;hep-th/0111057;61;38;99
hep-th/0205299;hep-th/0205299;29;64;93
gr-qc/9512047;gr-qc/9512047;24;10;34
hep-th/0202198;hep-th/0202198;58;54;112
hep-th/0208204;hep-th/0208204;16;20;36
hep-th/0006091;hep-th/0006091;70;0;70
hep-th/0107037;hep-th/0107037;65;18;83
hep-th/9704014;hep-th/9704014;11;13;24
hep-th/0208203;hep-th/0208203;3;36;39
hep-th/9909095;hep-th/9909095;18;31;49
hep-th/0108072;hep-th/0108072;6;9;15
hep-th/0104045;hep-th/0104045;57;24;81
hep-th/9909214;hep-th/9909214;46;20;66
hep-th/9909132;hep-th/9909132;21;5;26
hep-th/0010275;hep-th/0010275;33;26;59
hep-th/0006071;hep-th/0006071;117;20;137
hep-th/0006018;hep-th/0006018;26;15;41
hep-th/0002194;hep-th/0002194;12;25;37
hep-th/9912293;hep-th/9912293;30;6;36
hep-th/0107087;hep-th/0107087;6;34;40
hep-th/0008205;hep-th/0008205;69;51;120
hep-th/0104139;hep-th/0104139;48;38;86
hep-th/0009101;hep-th/0009101;41;28;69
hep-th/0104036;hep-th/0104036;72;32;104
hep-th/0108104;hep-th/0108104;5;16;21
hep-th/0010204;hep-th/0010204;51;41;92
hep-th/0207211;hep-th/0207211;5;12;17
hep-th/0107172;hep-th/0107172;10;59;69
hep-th/9909027;hep-th/9909027;13;26;39
hep-th/0011233;hep-th/0011233;12;40;52
hep-th/0106024;hep-th/0106024;26;32;58
hep-th/0208202;hep-th/0208202;8;46;54
hep-th/0208111;hep-th/0208111;7;11;18
hep-th/0207176;hep-th/0207176;8;16;24
cond-mat/9805241;cond-mat/9805241;12;0;12
hep-th/9902094;hep-th/9902094;6;10;16
hep-th/0205238;hep-th/0205238;5;18;23
hep-th/9510047;hep-th/9510047;13;10;23
hep-th/9506215;hep-th/9506215;6;12;18
hep-th/9707074;hep-th/9707074;23;7;30
hep-th/0107118;hep-th/0107118;22;9;31
hep-th/0203073;hep-th/0203073;5;26;31
hep-th/9505102;hep-th/9505102;12;7;19
hep-th/0105177;hep-th/0105177;31;26;57
hep-th/9505022;hep-th/9505022;9;15;24
hep-th/9211134;hep-th/9211134;8;2;10
hep-th/0104002;hep-th/0104002;12;18;30
hep-th/0111053;hep-th/0111053;2;5;7
hep-th/0208201;hep-th/0208201;18;14;32
hep-th/0208072;hep-th/0208072;9;8;17
hep-th/0101090;hep-th/0101090;3;17;20
hep-th/9912179;hep-th/9912179;12;8;20
hep-th/9709071;hep-th/9709071;4;38;42
hep-th/0101022;hep-th/0101022;3;0;3
hep-th/0110183;hep-th/0110183;12;0;12
hep-th/9811229;hep-th/9811229;5;13;18
hep-th/0112262;hep-th/0112262;3;6;9
gr-qc/0412108;gr-qc/0412108;9;9;18
gr-qc/0006006;gr-qc/0006006;34;6;40
hep-th/0406041;hep-th/0406041;17;22;39
gr-qc/0410146;gr-qc/0410146;11;8;19
gr-qc/0407042;gr-qc/0407042;50;34;84
0804.4501;0804.4501;0;22;22
hep-ph/0511143;hep-ph/0511143;8;11;19
hep-th/0507267;hep-th/0507267;14;41;55
hep-th/0703229;hep-th/0703229;9;34;43
hep-th/0609203;hep-th/0609203;12;12;24
hep-th/0412203;hep-th/0412203;42;13;55
hep-th/9512080;hep-th/9512080;32;7;39
hep-th/0411177;hep-th/0411177;28;9;37
hep-th/0204125;hep-th/0204125;21;10;31
hep-th/0702045;hep-th/0702045;6;38;44
hep-th/0603041;hep-th/0603041;8;16;24
hep-th/0605147;hep-th/0605147;10;10;20
hep-lat/0612012;hep-lat/0612012;13;10;23
hep-lat/0405025;hep-lat/0405025;24;15;39
hep-th/0608180;hep-th/0608180;33;28;61
hep-th/0309013;hep-th/0309013;35;6;41
hep-th/0701136;hep-th/0701136;4;17;21
hep-th/0702167;hep-th/0702167;9;9;18
hep-th/9508131;hep-th/9508131;51;1;52
hep-th/0107163;hep-th/0107163;19;48;67
hep-th/0206065;hep-th/0206065;40;23;63
hep-th/0208092;hep-th/0208092;32;15;47
hep-ph/9711442;hep-ph/9711442;4;2;6
hep-ph/9711277;hep-ph/9711277;7;3;10
hep-ph/9704342;hep-ph/9704342;7;0;7
0905.4214;0905.4214;0;10;10
hep-ph/9802376;hep-ph/9802376;37;7;44
hep-ph/0604204;hep-ph/0604204;40;19;59
hep-th/0104007;hep-th/0104007;17;0;17
hep-th/0207179;hep-th/0207179;18;1;19
0910.3542;0910.3542;0;24;24
hep-th/9812037;hep-th/9812037;16;34;50
hep-th/0607178;hep-th/0607178;23;38;61
hep-th/9902022;hep-th/9902022;26;25;51
0803.4192;0803.4192;0;18;18
hep-th/0702155;hep-th/0702155;51;60;111
hep-th/0703024;hep-th/0703024;15;23;38
hep-th/0612289;hep-th/0612289;18;20;38
cond-mat/0502071;cond-mat/0502071;4;12;16
hep-th/9803047;hep-th/9803047;1;9;10
hep-th/9511201;hep-th/9511201;11;14;25
hep-th/9609228;hep-th/9609228;10;13;23
cond-mat/0104035;cond-mat/0104035;16;3;19
cond-mat/0311466;cond-mat/0311466;31;12;43
hep-th/9306006;hep-th/9306006;17;6;23
0912.0084;0912.0084;0;6;6
hep-th/0410190;hep-th/0410190;12;8;20
hep-ph/0008028;hep-ph/0008028;15;9;24
hep-th/0609118;hep-th/0609118;6;16;22
hep-th/0607066;hep-th/0607066;12;13;25
hep-th/0502087;hep-th/0502087;10;13;23
hep-th/9801009;hep-th/9801009;13;11;24
hep-th/0606148;hep-th/0606148;21;24;45
hep-th/0402132;hep-th/0402132;35;39;74
hep-th/9909229;hep-th/9909229;29;27;56
gr-qc/0411106;gr-qc/0411106;8;23;31
hep-th/0307215;hep-th/0307215;17;8;25
hep-th/0004108;hep-th/0004108;10;5;15
hep-th/9904065;hep-th/9904065;17;5;22
hep-th/0008034;hep-th/0008034;8;10;18
hep-th/0306160;hep-th/0306160;8;8;16
hep-th/0307110;hep-th/0307110;17;8;25
hep-th/0108129;hep-th/0108129;27;20;47
gr-qc/0407035;gr-qc/0407035;3;6;9
hep-th/0411084;hep-th/0411084;3;18;21
hep-th/0006148;hep-th/0006148;21;0;21
hep-th/0009195;hep-th/0009195;19;12;31
hep-th/9503087;hep-th/9503087;6;2;8
hep-th/9807169;hep-th/9807169;16;6;22
hep-th/9504074;hep-th/9504074;4;9;13
q-alg/9507027;q-alg/9507027;0;5;5
hep-th/9403110;hep-th/9403110;4;0;4
hep-th/9412060;hep-th/9412060;1;5;6
hep-th/9306016;hep-th/9306016;9;0;9
hep-th/9305071;hep-th/9305071;4;0;4
hep-th/9303142;hep-th/9303142;3;0;3
0807.1390;0807.1390;0;10;10
hep-lat/0209088;hep-lat/0209088;13;15;28
hep-lat/0609050;hep-lat/0609050;17;19;36
hep-th/0503106;hep-th/0503106;8;2;10
hep-lat/0610076;hep-lat/0610076;11;13;24
hep-lat/9710039;hep-lat/9710039;43;2;45
hep-lat/0302023;hep-lat/0302023;20;8;28
hep-lat/0307030;hep-lat/0307030;4;10;14
q-alg/9507029;q-alg/9507029;11;2;13
hep-th/9306036;hep-th/9306036;4;0;4
hep-th/9407135;hep-th/9407135;6;0;6
0802.4298;0802.4298;0;10;10
hep-th/0201156;hep-th/0201156;14;13;27
hep-th/0108063;hep-th/0108063;11;16;27
hep-th/0703010;hep-th/0703010;4;5;9
hep-th/0211185;hep-th/0211185;8;12;20
0807.1392;0807.1392;0;10;10
hep-th/0509083;hep-th/0509083;37;33;70
hep-ph/0701201;hep-ph/0701201;16;74;90
hep-th/0507026;hep-th/0507026;51;0;51
hep-th/9902089;hep-th/9902089;1;25;26
hep-th/9306077;hep-th/9306077;35;0;35
hep-th/9611170;hep-th/9611170;5;17;22
hep-th/9711019;hep-th/9711019;3;22;25
hep-th/0012228;hep-th/0012228;44;0;44
hep-th/9711170;hep-th/9711170;7;6;13
hep-th/9408029;hep-th/9408029;9;17;26
hep-th/9312145;hep-th/9312145;6;0;6
hep-th/9410054;hep-th/9410054;42;8;50
hep-th/9206095;hep-th/9206095;11;0;11
hep-th/9306043;hep-th/9306043;11;8;19
hep-th/9208045;hep-th/9208045;12;0;12
hep-th/9208002;hep-th/9208002;33;0;33
hep-th/9811200;hep-th/9811200;1;18;19
hep-th/9701148;hep-th/9701148;6;12;18
hep-th/9309107;hep-th/9309107;22;10;32
hep-th/9306037;hep-th/9306037;8;10;18
hep-th/9501037;hep-th/9501037;6;20;26
hep-th/9811008;hep-th/9811008;23;21;44
hep-th/9811243;hep-th/9811243;6;8;14
hep-th/9811051;hep-th/9811051;15;20;35
hep-th/9812043;hep-th/9812043;18;8;26
hep-th/9902087;hep-th/9902087;12;24;36
hep-th/9811170;hep-th/9811170;6;31;37
hep-th/9607052;hep-th/9607052;30;4;34
hep-th/9205043;hep-th/9205043;28;1;29
hep-th/9803120;hep-th/9803120;14;28;42
hep-th/9805126;hep-th/9805126;15;31;46
hep-th/9712202;hep-th/9712202;20;38;58
hep-th/9809130;hep-th/9809130;33;24;57
hep-th/9810069;hep-th/9810069;17;16;33
hep-th/9803058;hep-th/9803058;9;34;43
hep-th/9902086;hep-th/9902086;3;21;24
hep-th/9803111;hep-th/9803111;38;34;72
hep-th/9808153;hep-th/9808153;14;4;18
hep-th/9902083;hep-th/9902083;7;5;12
hep-th/9703165;hep-th/9703165;20;1;21
hep-th/9606055;hep-th/9606055;12;0;12
hep-th/9704078;hep-th/9704078;2;0;2
hep-th/9803155;hep-th/9803155;9;9;18
hep-th/9809177;hep-th/9809177;10;3;13
hep-th/9709093;hep-th/9709093;10;6;16
hep-th/9109045;hep-th/9109045;34;0;34
hep-th/9703076;hep-th/9703076;25;21;46
hep-ph/9812486;hep-ph/9812486;13;25;38
hep-ph/9901443;hep-ph/9901443;12;37;49
hep-ph/9707287;hep-ph/9707287;5;8;13
hep-th/9806131;hep-th/9806131;49;26;75
hep-th/9803143;hep-th/9803143;3;19;22
hep-th/9808087;hep-th/9808087;8;26;34
hep-lat/0509006;hep-lat/0509006;0;6;6
hep-lat/0406008;hep-lat/0406008;20;8;28
hep-lat/0309003;hep-lat/0309003;5;3;8
hep-th/0112201;hep-th/0112201;0;8;8
hep-th/9502047;hep-th/9502047;9;3;12
hep-th/0004143;hep-th/0004143;13;14;27
hep-th/9808174;hep-th/9808174;4;1;5
hep-th/9408067;hep-th/9408067;9;0;9
0805.1013;0805.1013;0;40;40
hep-th/0001037;hep-th/0001037;37;22;59
hep-th/0604189;hep-th/0604189;12;24;36
hep-th/9205041;hep-th/9205041;59;2;61
hep-th/9111025;hep-th/9111025;16;0;16
hep-th/9912151;hep-th/9912151;120;25;145
hep-th/9511152;hep-th/9511152;5;14;19
hep-th/0412274;hep-th/0412274;36;40;76
hep-th/0605162;hep-th/0605162;29;33;62
hep-th/9912188;hep-th/9912188;52;27;79
hep-th/0303135;hep-th/0303135;72;69;141
hep-th/9311143;hep-th/9311143;8;0;8
hep-th/0404167;hep-th/0404167;37;30;67
math/0610901;math/0610901;11;0;11
hep-th/0504104;hep-th/0504104;10;53;63
hep-th/0412009;hep-th/0412009;33;11;44
hep-th/0408214;hep-th/0408214;14;22;36
hep-th/0503116;hep-th/0503116;15;25;40
hep-th/0410056;hep-th/0410056;8;33;41
hep-th/0404251;hep-th/0404251;10;25;35
hep-th/0410099;hep-th/0410099;10;17;27
hep-th/0502196;hep-th/0502196;4;38;42
hep-th/9910056;hep-th/9910056;30;13;43
hep-th/9910055;hep-th/9910055;52;18;70
hep-th/9302003;hep-th/9302003;21;0;21
hep-th/9912074;hep-th/9912074;13;3;16
hep-th/9810129;hep-th/9810129;33;8;41
hep-th/0110246;hep-th/0110246;0;18;18
hep-th/9205086;hep-th/9205086;22;1;23
math/9905164;math/9905164;9;7;16
hep-th/9212157;hep-th/9212157;19;1;20
hep-th/0109163;hep-th/0109163;6;18;24
math-ph/9912024;math-ph/9912024;9;19;28
q-alg/9609030;q-alg/9609030;8;9;17
hep-th/0012224;hep-th/0012224;2;8;10
hep-th/0007073;hep-th/0007073;7;27;34
hep-th/9210075;hep-th/9210075;9;1;10
hep-th/0110245;hep-th/0110245;0;13;13
hep-th/9910171;hep-th/9910171;27;5;32
hep-th/0006242;hep-th/0006242;9;19;28
hep-th/0110053;hep-th/0110053;3;4;7
gr-qc/9708069;gr-qc/9708069;0;3;3
hep-th/9605206;hep-th/9605206;10;1;11
hep-th/9604038;hep-th/9604038;3;0;3
hep-th/9707008;hep-th/9707008;10;5;15
hep-th/9401041;hep-th/9401041;13;8;21
hep-th/9703189;hep-th/9703189;30;13;43
hep-th/9611011;hep-th/9611011;18;11;29
hep-th/0109172;hep-th/0109172;13;1;14
hep-th/9901102;hep-th/9901102;19;12;31
hep-th/0110241;hep-th/0110241;11;19;30
hep-th/0108034;hep-th/0108034;20;12;32
hep-th/9809020;hep-th/9809020;10;4;14
hep-th/0107196;hep-th/0107196;9;24;33
hep-th/0107093;hep-th/0107093;6;17;23
hep-lat/9312087;hep-lat/9312087;7;0;7
hep-ph/9710326;hep-ph/9710326;16;17;33
hep-th/9906061;hep-th/9906061;14;16;30
hep-th/0110240;hep-th/0110240;5;26;31
hep-th/0008225;hep-th/0008225;16;12;28
hep-th/9402081;hep-th/9402081;14;7;21
hep-th/9511112;hep-th/9511112;16;3;19
hep-th/0103246;hep-th/0103246;8;29;37
hep-th/9708036;hep-th/9708036;34;17;51
hep-th/0003272;hep-th/0003272;30;22;52
hep-th/9906193;hep-th/9906193;24;39;63
hep-th/0512159;hep-th/0512159;1;24;25
hep-th/0208042;hep-th/0208042;35;40;75
hep-th/0308174;hep-th/0308174;12;24;36
hep-th/0210230;hep-th/0210230;21;37;58
hep-th/0312224;hep-th/0312224;8;39;47
hep-th/0512158;hep-th/0512158;4;16;20
hep-th/0208158;hep-th/0208158;14;18;32
hep-th/9805151;hep-th/9805151;76;1;77
0804.0913;0804.0913;0;5;5
hep-th/0110249;hep-th/0110249;3;14;17
hep-th/9304033;hep-th/9304033;5;2;7
hep-th/9307087;hep-th/9307087;19;4;23
hep-th/0110248;hep-th/0110248;3;13;16
hep-th/0008161;hep-th/0008161;3;0;3
hep-th/0107051;hep-th/0107051;6;35;41
hep-th/9710033;hep-th/9710033;41;11;52
hep-th/0012070;hep-th/0012070;10;5;15
hep-th/9904085;hep-th/9904085;16;9;25
hep-th/9906093;hep-th/9906093;10;2;12
hep-th/0612308;hep-th/0612308;13;16;29
hep-th/0609055;hep-th/0609055;35;154;189
hep-th/0312055;hep-th/0312055;75;27;102
hep-th/0406238;hep-th/0406238;29;30;59
hep-th/0501207;hep-th/0501207;45;51;96
hep-th/0410126;hep-th/0410126;47;20;67
hep-th/0412081;hep-th/0412081;18;39;57
quant-ph/0605081;quant-ph/0605081;2;4;6
hep-th/0505087;hep-th/0505087;9;0;9
quant-ph/9909093;quant-ph/9909093;2;0;2
quant-ph/0411006;quant-ph/0411006;9;0;9
hep-th/0501166;hep-th/0501166;7;1;8
0909.5430;0909.5430;0;41;41
hep-ph/9912498;hep-ph/9912498;70;26;96
hep-th/0309122;hep-th/0309122;13;26;39
hep-ph/0502222;hep-ph/0502222;8;15;23
hep-ph/0203034;hep-ph/0203034;28;22;50
hep-th/0508134;hep-th/0508134;12;14;26
hep-th/0312148;hep-th/0312148;27;24;51
hep-th/0205077;hep-th/0205077;19;32;51
hep-ph/0205329;hep-ph/0205329;11;15;26
hep-th/0309103;hep-th/0309103;13;30;43
0909.0407;0909.0407;0;23;23
hep-th/0612066;hep-th/0612066;10;8;18
hep-th/0608156;hep-th/0608156;4;10;14
hep-th/0611242;hep-th/0611242;13;40;53
hep-th/0402219;hep-th/0402219;25;42;67
hep-th/0408178;hep-th/0408178;25;37;62
hep-th/0504222;hep-th/0504222;8;31;39
hep-th/0605163;hep-th/0605163;20;29;49
hep-th/0612099;hep-th/0612099;8;40;48
hep-th/0610119;hep-th/0610119;19;48;67
cond-mat/0410599;cond-mat/0410599;1;1;2
cond-mat/0209292;cond-mat/0209292;1;0;1
astro-ph/9905327;astro-ph/9905327;23;9;32
hep-th/9710188;hep-th/9710188;41;33;74
hep-th/9709022;hep-th/9709022;23;30;53
0902.0767;0902.0767;0;30;30
hep-th/0506157;hep-th/0506157;57;12;69
hep-th/0203038;hep-th/0203038;36;20;56
hep-th/0607179;hep-th/0607179;20;16;36
0707.1160;0707.1160;0;1;1
0901.1128;0901.1128;0;7;7
astro-ph/0301022;astro-ph/0301022;13;16;29
hep-th/0207140;hep-th/0207140;4;60;64
hep-th/0408222;hep-th/0408222;33;39;72
hep-th/0501117;hep-th/0501117;24;14;38
astro-ph/0503467;astro-ph/0503467;3;25;28
hep-ph/0310304;hep-ph/0310304;21;23;44
gr-qc/0009017;gr-qc/0009017;20;43;63
hep-th/0310200;hep-th/0310200;9;11;20
gr-qc/0403090;gr-qc/0403090;23;57;80
0911.4144;0911.4144;0;26;26
hep-th/0412017;hep-th/0412017;8;10;18
hep-th/0502195;hep-th/0502195;11;45;56
hep-th/9510026;hep-th/9510026;15;3;18
0901.1121;0901.1121;0;28;28
hep-th/0509150;hep-th/0509150;11;31;42
gr-qc/0608118;gr-qc/0608118;12;5;17
gr-qc/0611049;gr-qc/0611049;5;11;16
hep-th/0601055;hep-th/0601055;11;33;44
hep-th/0703004;hep-th/0703004;6;22;28
hep-th/0505047;hep-th/0505047;7;7;14
gr-qc/9907058;gr-qc/9907058;17;0;17
hep-th/0408120;hep-th/0408120;116;57;173
gr-qc/9911095;gr-qc/9911095;59;4;63
0707.0361;0707.0361;0;11;11
astro-ph/0504046;astro-ph/0504046;42;8;50
astro-ph/0511736;astro-ph/0511736;33;27;60
hep-th/0511112;hep-th/0511112;19;32;51
hep-th/0412288;hep-th/0412288;22;62;84
hep-th/0504106;hep-th/0504106;3;83;86
hep-th/0510219;hep-th/0510219;10;29;39
hep-th/0509035;hep-th/0509035;13;84;97
astro-ph/0503458;astro-ph/0503458;22;45;67
hep-th/0511273;hep-th/0511273;6;38;44
hep-th/0505104;hep-th/0505104;39;13;52
gr-qc/9812027;gr-qc/9812027;21;8;29
0805.1792;0805.1792;0;52;52
hep-ph/0105125;hep-ph/0105125;8;21;29
hep-th/0412246;hep-th/0412246;33;26;59
hep-th/0609100;hep-th/0609100;24;17;41
hep-th/0505042;hep-th/0505042;15;15;30
hep-th/0406183;hep-th/0406183;15;27;42
gr-qc/0608026;gr-qc/0608026;3;77;80
hep-th/0407095;hep-th/0407095;32;23;55
hep-ph/0007269;hep-ph/0007269;37;21;58
astro-ph/0605205;astro-ph/0605205;6;22;28
hep-ph/0008087;hep-ph/0008087;38;29;67
gr-qc/0401049;gr-qc/0401049;23;40;63
hep-th/0201066;hep-th/0201066;11;43;54
hep-th/0406235;hep-th/0406235;13;49;62
astro-ph/0308183;astro-ph/0308183;4;14;18
gr-qc/0505034;gr-qc/0505034;18;49;67
gr-qc/0401069;gr-qc/0401069;15;36;51
gr-qc/0212114;gr-qc/0212114;15;27;42
hep-ph/0507103;hep-ph/0507103;7;9;16
0909.4522;0909.4522;0;5;5
hep-ph/9701397;hep-ph/9701397;6;1;7
hep-ph/0205102;hep-ph/0205102;9;3;12
hep-ph/0311100;hep-ph/0311100;4;2;6
0909.4523;0909.4523;0;3;3
hep-th/9412087;hep-th/9412087;5;4;9
physics/9803046;physics/9803046;9;12;21
hep-th/9502162;hep-th/9502162;14;0;14
hep-th/9612186;hep-th/9612186;6;6;12
hep-th/9605067;hep-th/9605067;20;10;30
hep-th/9802192;hep-th/9802192;3;8;11
hep-th/9711064;hep-th/9711064;5;4;9
hep-ph/0605153;hep-ph/0605153;3;2;5
hep-ph/0211107;hep-ph/0211107;5;12;17
hep-ph/0412245;hep-ph/0412245;3;0;3
hep-lat/9801029;hep-lat/9801029;4;6;10
hep-lat/9709113;hep-lat/9709113;8;6;14
hep-lat/9709115;hep-lat/9709115;6;6;12
hep-lat/9803025;hep-lat/9803025;11;2;13
0906.4751;0906.4751;0;10;10
hep-th/0207074;hep-th/0207074;33;20;53
hep-th/0310254;hep-th/0310254;15;23;38
hep-th/0501015;hep-th/0501015;43;19;62
hep-th/0206054;hep-th/0206054;36;7;43
hep-th/0510060;hep-th/0510060;33;22;55
0908.2169;0908.2169;0;59;59
hep-th/0508035;hep-th/0508035;1;28;29
hep-th/0508037;hep-th/0508037;4;28;32
hep-th/0009018;hep-th/0009018;21;23;44
hep-th/0203043;hep-th/0203043;14;28;42
hep-th/0201059;hep-th/0201059;9;45;54
hep-th/0501056;hep-th/0501056;4;31;35
hep-th/0206186;hep-th/0206186;12;26;38
hep-th/0606164;hep-th/0606164;4;26;30
hep-th/0302037;hep-th/0302037;7;24;31
hep-th/0209042;hep-th/0209042;12;27;39
hep-th/0407243;hep-th/0407243;6;32;38
hep-th/0012003;hep-th/0012003;14;4;18
0903.4638;0903.4638;0;24;24
hep-th/0511046;hep-th/0511046;2;15;17
hep-ph/0108026;hep-ph/0108026;14;1;15
hep-th/0505022;hep-th/0505022;10;38;48
hep-th/0507251;hep-th/0507251;21;0;21
hep-th/0505075;hep-th/0505075;17;13;30
hep-th/0010020;hep-th/0010020;3;16;19
hep-th/9509019;hep-th/9509019;14;13;27
hep-th/9304016;hep-th/9304016;9;0;9
hep-th/9604141;hep-th/9604141;10;4;14
gr-qc/9412019;gr-qc/9412019;41;22;63
hep-th/9704010;hep-th/9704010;7;7;14
hep-th/9110042;hep-th/9110042;9;0;9
hep-ph/0610094;hep-ph/0610094;0;2;2
gr-qc/9709080;gr-qc/9709080;1;4;5
hep-th/0009038;hep-th/0009038;44;62;106
hep-th/0007226;hep-th/0007226;67;19;86
hep-th/0009090;hep-th/0009090;13;23;36
math-ph/0104016;math-ph/0104016;7;6;13
hep-th/9911030;hep-th/9911030;28;2;30
math-ph/9907019;math-ph/9907019;15;0;15
hep-th/9307124;hep-th/9307124;5;2;7
hep-th/9307129;hep-th/9307129;4;2;6
hep-th/9407122;hep-th/9407122;6;6;12
hep-ph/9608228;hep-ph/9608228;0;4;4
hep-ph/9506265;hep-ph/9506265;4;4;8
hep-ph/9509281;hep-ph/9509281;3;3;6
hep-th/0010022;hep-th/0010022;8;19;27
hep-th/9812149;hep-th/9812149;27;8;35
hep-th/9808074;hep-th/9808074;35;0;35
hep-th/9906165;hep-th/9906165;6;8;14
0904.3744;0904.3744;0;35;35
hep-th/0402167;hep-th/0402167;14;31;45
hep-th/0004112;hep-th/0004112;28;11;39
hep-th/0204012;hep-th/0204012;42;46;88
hep-th/0502151;hep-th/0502151;23;37;60
hep-th/0306048;hep-th/0306048;11;6;17
hep-th/0204242;hep-th/0204242;27;14;41
hep-th/0210176;hep-th/0210176;6;0;6
hep-th/0010023;hep-th/0010023;20;33;53
hep-th/0008173;hep-th/0008173;33;35;68
hep-th/0008170;hep-th/0008170;15;12;27
hep-th/9905212;hep-th/9905212;24;16;40
hep-th/9811183;hep-th/9811183;57;20;77
hep-th/0002227;hep-th/0002227;7;1;8
hep-th/9903056;hep-th/9903056;15;35;50
hep-th/9811258;hep-th/9811258;25;15;40
hep-th/9909107;hep-th/9909107;14;22;36
hep-th/0002103;hep-th/0002103;27;29;56
hep-th/0001200;hep-th/0001200;35;40;75
hep-th/0006168;hep-th/0006168;27;15;42
hep-th/0009209;hep-th/0009209;22;16;38
0901.4519;0901.4519;0;18;18
hep-th/0103086;hep-th/0103086;17;44;61
hep-th/0703285;hep-th/0703285;15;0;15
hep-th/0412173;hep-th/0412173;36;14;50
hep-th/0111068;hep-th/0111068;28;9;37
hep-th/0010076;hep-th/0010076;55;7;62
hep-th/0307006;hep-th/0307006;30;27;57
hep-th/0506237;hep-th/0506237;22;15;37
hep-th/0011239;hep-th/0011239;27;16;43
0808.1114;0808.1114;0;55;55
hep-th/0612169;hep-th/0612169;71;51;122
hep-th/0602059;hep-th/0602059;26;13;39
hep-th/0605175;hep-th/0605175;35;25;60
hep-th/0611021;hep-th/0611021;47;20;67
hep-th/0605088;hep-th/0605088;61;27;88
hep-th/0408095;hep-th/0408095;80;20;100
hep-ph/0301183;hep-ph/0301183;13;8;21
hep-th/0605046;hep-th/0605046;102;29;131
hep-th/0605241;hep-th/0605241;15;64;79
hep-th/0207249;hep-th/0207249;4;71;75
hep-th/0406274;hep-th/0406274;52;150;202
hep-th/0108152;hep-th/0108152;38;45;83
hep-th/0408040;hep-th/0408040;55;23;78
hep-th/0701132;hep-th/0701132;93;94;187
hep-th/0602010;hep-th/0602010;59;39;98
hep-th/0610184;hep-th/0610184;38;55;93
hep-th/0306040;hep-th/0306040;4;22;26
hep-th/0210105;hep-th/0210105;56;39;95
hep-th/9705011;hep-th/9705011;97;63;160
hep-th/9812159;hep-th/9812159;28;22;50
hep-th/0207129;hep-th/0207129;9;13;22
hep-th/9708055;hep-th/9708055;25;38;63
hep-th/9803103;hep-th/9803103;53;23;76
hep-th/9906203;hep-th/9906203;13;16;29
hep-th/0210157;hep-th/0210157;38;316;354
hep-th/9903038;hep-th/9903038;27;23;50
hep-th/9903213;hep-th/9903213;33;45;78
hep-th/0305069;hep-th/0305069;32;76;108
hep-th/9805121;hep-th/9805121;23;33;56
hep-th/9902208;hep-th/9902208;44;26;70
hep-th/9905094;hep-th/9905094;33;44;77
hep-th/9710155;hep-th/9710155;19;17;36
hep-th/0112015;hep-th/0112015;28;23;51
gr-qc/0012054;gr-qc/0012054;6;0;6
hep-th/9411233;hep-th/9411233;2;0;2
hep-th/0005172;hep-th/0005172;20;14;34
hep-th/9909203;hep-th/9909203;31;12;43
hep-th/9906168;hep-th/9906168;33;8;41
hep-th/0306044;hep-th/0306044;11;11;22
hep-th/0104206;hep-th/0104206;25;29;54
hep-th/0008106;hep-th/0008106;20;19;39
hep-th/0210303;hep-th/0210303;20;7;27
hep-th/0307188;hep-th/0307188;8;14;22
hep-th/0212122;hep-th/0212122;13;10;23
hep-th/0210288;hep-th/0210288;12;11;23
hep-th/0112070;hep-th/0112070;3;0;3
hep-th/0008168;hep-th/0008168;5;8;13
hep-th/0203199;hep-th/0203199;28;14;42
hep-th/0306046;hep-th/0306046;16;15;31
hep-th/0211029;hep-th/0211029;25;0;25
hep-th/9809045;hep-th/9809045;40;21;61
hep-th/0212184;hep-th/0212184;44;21;65
hep-th/0303193;hep-th/0303193;7;57;64
hep-th/0211011;hep-th/0211011;56;34;90
hep-th/9808052;hep-th/9808052;54;13;67
hep-th/0306047;hep-th/0306047;3;6;9
hep-th/0303105;hep-th/0303105;8;12;20
0810.0525;0810.0525;0;10;10
hep-th/0309190;hep-th/0309190;45;33;78
hep-th/9412020;hep-th/9412020;56;14;70
hep-th/0309116;hep-th/0309116;53;21;74
gr-qc/0509102;gr-qc/0509102;6;21;27
gr-qc/0412139;gr-qc/0412139;17;40;57
hep-th/0604015;hep-th/0604015;12;18;30
0803.1501;0803.1501;0;6;6
hep-th/0109045;hep-th/0109045;8;17;25
0810.0527;0810.0527;0;46;46
hep-th/0205230;hep-th/0205230;45;57;102
hep-th/0403045;hep-th/0403045;53;33;86
hep-th/0606201;hep-th/0606201;11;16;27
hep-th/0509120;hep-th/0509120;52;39;91
hep-th/9607070;hep-th/9607070;60;8;68
hep-th/0506054;hep-th/0506054;3;31;34
hep-th/0409052;hep-th/0409052;21;16;37
hep-th/0505277;hep-th/0505277;16;31;47
hep-th/0105230;hep-th/0105230;42;20;62
hep-th/0408171;hep-th/0408171;42;35;77
hep-th/0503197;hep-th/0503197;32;15;47
hep-th/0507076;hep-th/0507076;12;14;26
hep-th/0204121;hep-th/0204121;36;8;44
hep-th/0412271;hep-th/0412271;3;17;20
hep-th/9201004;hep-th/9201004;52;0;52
hep-th/0310118;hep-th/0310118;15;25;40
hep-th/0004171;hep-th/0004171;71;2;73
hep-th/0104247;hep-th/0104247;62;9;71
hep-th/9604123;hep-th/9604123;54;16;70
hep-th/0206104;hep-th/0206104;58;45;103
hep-th/0502208;hep-th/0502208;34;48;82
0804.2423;0804.2423;0;34;34
hep-th/0311175;hep-th/0311175;168;19;187
hep-th/0701142;hep-th/0701142;23;35;58
hep-ph/0611393;hep-ph/0611393;9;25;34
hep-th/0506055;hep-th/0506055;3;19;22
hep-th/0406207;hep-th/0406207;70;33;103
hep-th/0604017;hep-th/0604017;67;16;83
hep-th/0403247;hep-th/0403247;10;45;55
hep-th/0305049;hep-th/0305049;92;27;119
0704.0527;0704.0527;0;5;5
hep-th/0103026;hep-th/0103026;42;10;52
hep-th/0008110;hep-th/0008110;9;3;12
hep-th/9806079;hep-th/9806079;1;15;16
hep-th/9803087;hep-th/9803087;13;17;30
hep-th/9712116;hep-th/9712116;11;13;24
hep-th/9610139;hep-th/9610139;35;28;63
hep-th/9607200;hep-th/9607200;30;14;44
hep-th/9710001;hep-th/9710001;22;14;36
hep-th/9612207;hep-th/9612207;62;42;104
hep-th/9712010;hep-th/9712010;18;8;26
hep-th/9801173;hep-th/9801173;10;51;61
math/0609833;math/0609833;5;15;20
math/0311235;math/0311235;21;6;27
cond-mat/0111327;cond-mat/0111327;14;83;97
hep-th/0504093;hep-th/0504093;36;16;52
hep-th/0306274;hep-th/0306274;33;17;50
math-ph/0508015;math-ph/0508015;25;13;38
math/0512621;math/0512621;26;14;40
gr-qc/0411100;gr-qc/0411100;1;7;8
gr-qc/0312080;gr-qc/0312080;3;5;8
gr-qc/0204008;gr-qc/0204008;10;6;16
hep-th/9910140;hep-th/9910140;1;2;3
hep-th/9309051;hep-th/9309051;6;0;6
hep-th/9501040;hep-th/9501040;8;0;8
gr-qc/0701130;gr-qc/0701130;2;4;6
hep-th/9804158;hep-th/9804158;5;0;5
gr-qc/0606067;gr-qc/0606067;9;3;12
hep-th/9509104;hep-th/9509104;10;12;22
hep-th/9801201;hep-th/9801201;11;2;13
hep-th/9412086;hep-th/9412086;2;7;9
hep-th/9903051;hep-th/9903051;33;27;60
hep-th/9211119;hep-th/9211119;30;3;33
hep-th/9905098;hep-th/9905098;35;25;60
0709.1202;0709.1202;0;13;13
hep-ph/0107201;hep-ph/0107201;37;12;49
hep-th/0303247;hep-th/0303247;18;18;36
hep-ph/0210133;hep-ph/0210133;59;31;90
hep-ph/0605292;hep-ph/0605292;9;28;37
hep-ph/0102307;hep-ph/0102307;65;15;80
hep-ph/0304220;hep-ph/0304220;53;25;78
hep-th/0108005;hep-th/0108005;66;17;83
hep-th/9907144;hep-th/9907144;38;26;64
hep-th/9906052;hep-th/9906052;10;15;25
hep-th/9601058;hep-th/9601058;11;5;16
hep-th/9609017;hep-th/9609017;140;49;189
hep-th/9712061;hep-th/9712061;30;12;42
hep-th/9907047;hep-th/9907047;21;19;40
hep-th/9904133;hep-th/9904133;29;42;71
hep-th/9902189;hep-th/9902189;4;5;9
hep-th/9905097;hep-th/9905097;3;32;35
hep-th/9804172;hep-th/9804172;20;15;35
hep-th/0610156;hep-th/0610156;1;20;21
hep-th/9712105;hep-th/9712105;75;16;91
hep-th/0509023;hep-th/0509023;5;12;17
hep-th/0305074;hep-th/0305074;22;114;136
hep-th/9711081;hep-th/9711081;48;24;72
hep-th/0306250;hep-th/0306250;24;16;40
hep-th/0610157;hep-th/0610157;2;32;34
cond-mat/0306045;cond-mat/0306045;41;5;46
hep-th/0306277;hep-th/0306277;21;14;35
hep-th/0505095;hep-th/0505095;18;20;38
cond-mat/0306351;cond-mat/0306351;19;7;26
hep-th/0605290;hep-th/0605290;4;9;13
cond-mat/0112432;cond-mat/0112432;34;4;38
hep-th/0307281;hep-th/0307281;27;21;48
quant-ph/0204119;quant-ph/0204119;6;0;6
hep-th/0605008;hep-th/0605008;11;60;71
hep-th/0408194;hep-th/0408194;20;25;45
hep-th/0605006;hep-th/0605006;6;45;51
hep-th/0605007;hep-th/0605007;6;55;61
hep-th/0508062;hep-th/0508062;6;19;25
hep-th/0403111;hep-th/0403111;23;22;45
hep-th/0604001;hep-th/0604001;5;13;18
hep-th/0606161;hep-th/0606161;12;103;115
hep-th/0210059;hep-th/0210059;6;14;20
hep-th/0411065;hep-th/0411065;13;15;28
hep-th/0309212;hep-th/0309212;21;22;43
hep-th/0605289;hep-th/0605289;5;30;35
hep-th/0406243;hep-th/0406243;14;23;37
hep-th/0510173;hep-th/0510173;14;32;46
hep-th/0302191;hep-th/0302191;56;93;149
hep-th/0408090;hep-th/0408090;20;26;46
hep-th/0509168;hep-th/0509168;14;20;34
hep-th/0603162;hep-th/0603162;3;17;20
hep-th/0403057;hep-th/0403057;19;32;51
hep-th/9601162;hep-th/9601162;27;0;27
hep-th/0106061;hep-th/0106061;26;56;82
hep-th/0404125;hep-th/0404125;16;48;64
hep-th/9910142;hep-th/9910142;0;13;13
hep-th/9903069;hep-th/9903069;1;42;43
hep-th/9210022;hep-th/9210022;6;0;6
hep-th/9805033;hep-th/9805033;2;3;5
hep-th/9805013;hep-th/9805013;16;8;24
hep-th/9803208;hep-th/9803208;5;8;13
hep-th/0610152;hep-th/0610152;0;9;9
hep-ph/0608007;hep-ph/0608007;6;0;6
hep-th/0606251;hep-th/0606251;8;21;29
hep-ph/0510113;hep-ph/0510113;20;12;32
hep-th/0410143;hep-th/0410143;10;16;26
gr-qc/0204029;gr-qc/0204029;10;11;21
gr-qc/9503003;gr-qc/9503003;70;24;94
hep-th/0201017;hep-th/0201017;31;44;75
hep-th/0405106;hep-th/0405106;42;0;42
hep-ph/0504030;hep-ph/0504030;2;19;21
hep-ph/0301021;hep-ph/0301021;74;13;87
hep-th/0503137;hep-th/0503137;12;26;38
hep-th/0105005;hep-th/0105005;19;36;55
hep-ph/0208220;hep-ph/0208220;96;21;117
hep-th/0412054;hep-th/0412054;15;14;29
hep-th/0412335;hep-th/0412335;12;35;47
hep-th/0012197;hep-th/0012197;6;2;8
hep-th/0501234;hep-th/0501234;15;37;52
hep-th/0011001;hep-th/0011001;16;16;32
hep-th/0511254;hep-th/0511254;53;0;53
hep-th/0508139;hep-th/0508139;58;152;210
hep-th/9910145;hep-th/9910145;7;17;24
hep-th/9904104;hep-th/9904104;19;15;34
hep-th/9203058;hep-th/9203058;2;0;2
hep-th/9808061;hep-th/9808061;104;19;123
hep-ph/0104227;hep-ph/0104227;15;0;15
gr-qc/9911055;gr-qc/9911055;33;28;61
gr-qc/9906029;gr-qc/9906029;38;15;53
gr-qc/9903074;gr-qc/9903074;14;2;16
hep-ph/0106309;hep-ph/0106309;19;7;26
gr-qc/0204021;gr-qc/0204021;6;12;18
hep-th/0105052;hep-th/0105052;34;24;58
hep-th/0203244;hep-th/0203244;1;13;14
hep-th/0103078;hep-th/0103078;47;34;81
hep-th/0201268;hep-th/0201268;17;30;47
hep-th/0002050;hep-th/0002050;52;8;60
gr-qc/9607063;gr-qc/9607063;7;10;17
gr-qc/9702043;gr-qc/9702043;9;4;13
gr-qc/9710020;gr-qc/9710020;4;4;8
hep-th/0106082;hep-th/0106082;28;36;64
gr-qc/9702041;gr-qc/9702041;6;3;9
hep-th/9912267;hep-th/9912267;30;7;37
hep-th/9801128;hep-th/9801128;18;11;29
hep-th/9903113;hep-th/9903113;36;46;82
hep-th/9907133;hep-th/9907133;10;53;63
hep-th/9901020;hep-th/9901020;29;35;64
hep-th/9601048;hep-th/9601048;7;3;10
hep-th/9607193;hep-th/9607193;8;16;24
hep-th/9811228;hep-th/9811228;23;41;64
hep-th/9407137;hep-th/9407137;12;1;13
hep-ph/9405412;hep-ph/9405412;2;0;2
hep-th/9407136;hep-th/9407136;1;15;16
hep-th/9306104;hep-th/9306104;3;0;3
gr-qc/9305020;gr-qc/9305020;20;5;25
hep-th/9304004;hep-th/9304004;2;2;4
hep-th/9309067;hep-th/9309067;8;14;22
hep-th/9212127;hep-th/9212127;12;1;13
hep-th/9407133;hep-th/9407133;0;2;2
hep-th/9407132;hep-th/9407132;1;3;4
hep-th/9305146;hep-th/9305146;11;3;14
hep-th/9209009;hep-th/9209009;11;0;11
hep-th/9301087;hep-th/9301087;6;0;6
hep-th/9407131;hep-th/9407131;6;3;9
hep-th/9311062;hep-th/9311062;18;16;34
hep-th/9307163;hep-th/9307163;5;6;11
hep-th/9210094;hep-th/9210094;2;1;3
hep-th/9407130;hep-th/9407130;11;3;14
hep-th/9401036;hep-th/9401036;11;2;13
hep-th/9304022;hep-th/9304022;2;0;2
hep-ph/0502211;hep-ph/0502211;12;13;25
hep-th/9907032;hep-th/9907032;25;29;54
gr-qc/9811088;gr-qc/9811088;3;6;9
hep-th/9809161;hep-th/9809161;10;21;31
gr-qc/9907063;gr-qc/9907063;7;0;7
gr-qc/9909008;gr-qc/9909008;1;2;3
hep-th/9907115;hep-th/9907115;5;21;26
hep-th/9308126;hep-th/9308126;11;1;12
hep-th/9407138;hep-th/9407138;0;1;1
hep-th/9312196;hep-th/9312196;1;0;1
hep-th/0510175;hep-th/0510175;21;32;53
hep-th/0506057;hep-th/0506057;20;52;72
hep-th/0509220;hep-th/0509220;10;58;68
hep-th/0509089;hep-th/0509089;6;6;12
hep-th/0505248;hep-th/0505248;21;12;33
hep-th/0509193;hep-th/0509193;9;31;40
hep-th/0510174;hep-th/0510174;9;19;28
hep-th/0510104;hep-th/0510104;9;41;50
hep-th/0503073;hep-th/0503073;7;19;26
hep-th/0506076;hep-th/0506076;35;24;59
hep-th/0308030;hep-th/0308030;7;15;22
hep-th/0303087;hep-th/0303087;32;55;87
hep-th/0510087;hep-th/0510087;14;26;40
hep-th/0510076;hep-th/0510076;17;62;79
hep-th/0510177;hep-th/0510177;2;10;12
hep-ph/0206021;hep-ph/0206021;49;4;53
hep-th/0303267;hep-th/0303267;3;11;14
hep-th/0007221;hep-th/0007221;13;14;27
hep-th/0411157;hep-th/0411157;14;7;21
hep-th/0210076;hep-th/0210076;9;12;21
hep-th/0505071;hep-th/0505071;28;34;62
hep-th/0502240;hep-th/0502240;76;61;137
hep-th/0504186;hep-th/0504186;2;15;17
hep-th/0302093;hep-th/0302093;9;13;22
hep-th/0503143;hep-th/0503143;26;60;86
hep-th/0309009;hep-th/0309009;12;14;26
hep-th/0405153;hep-th/0405153;66;27;93
hep-th/0510170;hep-th/0510170;64;57;121
hep-th/0409218;hep-th/0409218;30;31;61
hep-th/0409215;hep-th/0409215;57;46;103
hep-th/0506252;hep-th/0506252;32;91;123
hep-th/0506179;hep-th/0506179;47;45;92
hep-th/0407252;hep-th/0407252;16;13;29
hep-th/0411173;hep-th/0411173;71;97;168
hep-th/0510049;hep-th/0510049;21;35;56
hep-th/0412185;hep-th/0412185;21;83;104
hep-th/0501214;hep-th/0501214;32;33;65
hep-th/0510142;hep-th/0510142;14;34;48
hep-th/0407043;hep-th/0407043;59;18;77
hep-th/0404243;hep-th/0404243;83;69;152
hep-th/0507090;hep-th/0507090;15;43;58
hep-th/0501041;hep-th/0501041;42;76;118
hep-ph/0411125;hep-ph/0411125;20;66;86
hep-th/0501082;hep-th/0501082;76;48;124
quant-ph/0507252;quant-ph/0507252;0;8;8
hep-lat/0501023;hep-lat/0501023;11;6;17
hep-lat/0411020;hep-lat/0411020;3;4;7
hep-th/0009041;hep-th/0009041;7;12;19
hep-th/0510172;hep-th/0510172;0;2;2
hep-th/0509189;hep-th/0509189;2;3;5
0903.3769;0903.3769;0;30;30
hep-th/0702160;hep-th/0702160;3;16;19
hep-th/0303066;hep-th/0303066;26;9;35
hep-th/9707158;hep-th/9707158;62;39;101
hep-th/0304115;hep-th/0304115;41;20;61
hep-th/9703062;hep-th/9703062;29;16;45
hep-th/0510178;hep-th/0510178;0;5;5
hep-th/9410029;hep-th/9410029;17;0;17
hep-th/9403088;hep-th/9403088;9;1;10
hep-th/0502190;hep-th/0502190;1;9;10
hep-th/9709076;hep-th/9709076;3;10;13
0912.2321;0912.2321;0;15;15
hep-th/0609132;hep-th/0609132;8;31;39
hep-ph/0511323;hep-ph/0511323;7;15;22
hep-th/0306296;hep-th/0306296;3;15;18
hep-ph/0607243;hep-ph/0607243;6;29;35
hep-th/0308162;hep-th/0308162;3;13;16
hep-th/9708011;hep-th/9708011;20;19;39
hep-th/9702204;hep-th/9702204;22;2;24
hep-th/0310055;hep-th/0310055;10;0;10
hep-th/0101031;hep-th/0101031;5;26;31
hep-th/9910261;hep-th/9910261;5;11;16
hep-th/0212193;hep-th/0212193;35;45;80
hep-ph/0607026;hep-ph/0607026;26;13;39
hep-th/0603170;hep-th/0603170;35;7;42
hep-ph/0606049;hep-ph/0606049;25;0;25
hep-th/0612157;hep-th/0612157;31;43;74
hep-th/0606266;hep-th/0606266;15;20;35
hep-ph/0612168;hep-ph/0612168;63;81;144
hep-ph/0608279;hep-ph/0608279;3;24;27
hep-th/9308090;hep-th/9308090;29;1;30
hep-ph/9910478;hep-ph/9910478;5;3;8
hep-th/0302024;hep-th/0302024;3;22;25
hep-th/0703227;hep-th/0703227;10;125;135
hep-th/9606052;hep-th/9606052;14;10;24
hep-th/9606135;hep-th/9606135;20;11;31
hep-th/0108244;hep-th/0108244;29;44;73
hep-th/9806157;hep-th/9806157;22;23;45
0806.2463;0806.2463;0;31;31
hep-th/0402001;hep-th/0402001;8;24;32
hep-th/0407010;hep-th/0407010;9;20;29
hep-th/0508002;hep-th/0508002;69;7;76
hep-th/0402191;hep-th/0402191;13;15;28
quant-ph/0306168;quant-ph/0306168;7;5;12
hep-th/9610073;hep-th/9610073;8;1;9
quant-ph/0306162;quant-ph/0306162;0;4;4
quant-ph/0205046;quant-ph/0205046;1;7;8
quant-ph/0101073;quant-ph/0101073;5;2;7
hep-th/0006039;hep-th/0006039;4;7;11
astro-ph/0412652;astro-ph/0412652;14;3;17
astro-ph/0204521;astro-ph/0204521;32;2;34
0912.2744;0912.2744;0;5;5
cond-mat/0306735;cond-mat/0306735;1;0;1
cond-mat/0509786;cond-mat/0509786;17;2;19
hep-th/0703219;hep-th/0703219;3;6;9
cond-mat/0601225;cond-mat/0601225;7;2;9
cond-mat/0102488;cond-mat/0102488;8;0;8
0806.2462;0806.2462;0;10;10
hep-th/9210145;hep-th/9210145;11;0;11
hep-th/9110021;hep-th/9110021;37;0;37
hep-th/9705032;hep-th/9705032;11;0;11
hep-th/9307059;hep-th/9307059;23;3;26
hep-th/9607047;hep-th/9607047;18;0;18
math-ph/0409002;math-ph/0409002;3;3;6
cond-mat/0201074;cond-mat/0201074;3;5;8
math-ph/0312019;math-ph/0312019;2;7;9
hep-th/0001202;hep-th/0001202;17;13;30
hep-th/9810087;hep-th/9810087;28;0;28
hep-th/9605107;hep-th/9605107;13;3;16
hep-th/9912290;hep-th/9912290;5;14;19
hep-th/9611150;hep-th/9611150;12;4;16
hep-th/9901099;hep-th/9901099;43;14;57
q-alg/9707029;q-alg/9707029;100;13;113
hep-th/9810022;hep-th/9810022;39;0;39
hep-th/9912093;hep-th/9912093;24;11;35
hep-th/9909126;hep-th/9909126;21;5;26
hep-th/9707040;hep-th/9707040;10;1;11
hep-th/0001032;hep-th/0001032;57;7;64
hep-th/9908166;hep-th/9908166;2;19;21
hep-th/9711131;hep-th/9711131;20;12;32
hep-th/9707012;hep-th/9707012;18;16;34
hep-th/9707019;hep-th/9707019;13;49;62
hep-th/9909154;hep-th/9909154;31;10;41
hep-th/9904139;hep-th/9904139;5;6;11
hep-th/9210149;hep-th/9210149;8;0;8
hep-th/9810106;hep-th/9810106;5;3;8
hep-lat/9701016;hep-lat/9701016;11;9;20
hep-th/9904138;hep-th/9904138;5;4;9
hep-th/9904147;hep-th/9904147;13;16;29
hep-th/9903042;hep-th/9903042;43;17;60
hep-th/9911123;hep-th/9911123;35;0;35
hep-th/9603093;hep-th/9603093;5;2;7
hep-th/0001205;hep-th/0001205;26;21;47
hep-th/9805144;hep-th/9805144;4;7;11
hep-th/9903155;hep-th/9903155;2;9;11
hep-th/9803108;hep-th/9803108;17;54;71
hep-th/9911246;hep-th/9911246;7;44;51
hep-th/9812128;hep-th/9812128;4;7;11
hep-th/9604103;hep-th/9604103;49;31;80
hep-th/9904135;hep-th/9904135;6;25;31
hep-th/9812218;hep-th/9812218;12;38;50
hep-th/9901115;hep-th/9901115;7;0;7
hep-th/9610077;hep-th/9610077;15;30;45
hep-th/9805140;hep-th/9805140;58;22;80
hep-th/9711068;hep-th/9711068;7;10;17
hep-th/9805064;hep-th/9805064;12;17;29
hep-th/9804095;hep-th/9804095;31;36;67
hep-th/9901002;hep-th/9901002;10;27;37
hep-th/9705192;hep-th/9705192;62;34;96
hep-th/9806132;hep-th/9806132;11;36;47
hep-th/9810025;hep-th/9810025;45;9;54
hep-th/9804028;hep-th/9804028;49;20;69
hep-th/9810145;hep-th/9810145;5;16;21
hep-th/9810081;hep-th/9810081;9;0;9
hep-th/9212037;hep-th/9212037;8;1;9
hep-th/9206026;hep-th/9206026;64;0;64
hep-th/9703104;hep-th/9703104;9;7;16
hep-th/9904136;hep-th/9904136;9;4;13
hep-th/9710225;hep-th/9710225;14;3;17
hep-th/9903266;hep-th/9903266;7;2;9
gr-qc/9701048;gr-qc/9701048;15;0;15
hep-th/9812025;hep-th/9812025;22;26;48
hep-th/9901091;hep-th/9901091;30;21;51
hep-th/9811116;hep-th/9811116;4;23;27
hep-th/9808035;hep-th/9808035;23;57;80
hep-th/9804188;hep-th/9804188;23;0;23
hep-th/9707002;hep-th/9707002;11;20;31
gr-qc/9807070;gr-qc/9807070;5;11;16
hep-th/9803041;hep-th/9803041;18;27;45
hep-th/9701144;hep-th/9701144;22;16;38
hep-th/9610041;hep-th/9610041;37;30;67
hep-th/0312254;hep-th/0312254;6;7;13
hep-th/0410170;hep-th/0410170;22;36;58
hep-th/0212218;hep-th/0212218;18;17;35
hep-th/9607121;hep-th/9607121;24;34;58
hep-th/9911156;hep-th/9911156;20;35;55
hep-th/0510050;hep-th/0510050;20;26;46
hep-th/0510033;hep-th/0510033;22;27;49
hep-th/0502155;hep-th/0502155;45;31;76
astro-ph/0212145;astro-ph/0212145;0;2;2
cond-mat/9908352;cond-mat/9908352;10;9;19
hep-ph/9208215;hep-ph/9208215;9;0;9
cond-mat/0308037;cond-mat/0308037;6;10;16
cond-mat/0107183;cond-mat/0107183;7;8;15
hep-ph/9901391;hep-ph/9901391;2;2;4
hep-th/0107221;hep-th/0107221;25;9;34
hep-th/9705129;hep-th/9705129;41;8;49
hep-th/9808145;hep-th/9808145;5;7;12
hep-th/0208117;hep-th/0208117;9;24;33
cond-mat/9711078;cond-mat/9711078;32;9;41
hep-ph/9402221;hep-ph/9402221;37;1;38
hep-lat/0110154;hep-lat/0110154;3;8;11
hep-lat/0009037;hep-lat/0009037;3;7;10
hep-th/9812004;hep-th/9812004;8;4;12
hep-lat/9210008;hep-lat/9210008;4;0;4
hep-th/0311224;hep-th/0311224;30;13;43
hep-th/0311225;hep-th/0311225;23;5;28
hep-th/0305183;hep-th/0305183;41;97;138
hep-th/0311226;hep-th/0311226;2;11;13
hep-ph/0211353;hep-ph/0211353;15;15;30
hep-ph/0106063;hep-ph/0106063;3;21;24
hep-th/0311227;hep-th/0311227;11;5;16
math-ph/0204051;math-ph/0204051;18;6;24
hep-th/0212051;hep-th/0212051;21;41;62
hep-th/0209244;hep-th/0209244;23;18;41
hep-th/0311115;hep-th/0311115;16;50;66
hep-th/0205294;hep-th/0205294;8;31;39
hep-th/0107046;hep-th/0107046;40;18;58
hep-th/0304261;hep-th/0304261;15;27;42
hep-th/0106010;hep-th/0106010;94;80;174
hep-th/0205275;hep-th/0205275;31;20;51
hep-th/0310264;hep-th/0310264;16;34;50
hep-th/0202133;hep-th/0202133;48;16;64
hep-th/0301079;hep-th/0301079;17;12;29
hep-th/0202139;hep-th/0202139;34;22;56
hep-th/0207266;hep-th/0207266;18;12;30
hep-th/0302151;hep-th/0302151;13;41;54
hep-th/0302182;hep-th/0302182;19;30;49
hep-th/0304005;hep-th/0304005;18;27;45
hep-th/0203089;hep-th/0203089;20;14;34
hep-th/0211131;hep-th/0211131;19;36;55
hep-th/0105156;hep-th/0105156;24;19;43
hep-th/0202045;hep-th/0202045;30;30;60
hep-th/0208063;hep-th/0208063;16;19;35
hep-th/0105112;hep-th/0105112;18;12;30
hep-th/0304135;hep-th/0304135;31;25;56
hep-th/0301081;hep-th/0301081;21;14;35
hep-th/0310176;hep-th/0310176;9;29;38
gr-qc/0301078;gr-qc/0301078;61;21;82
hep-th/0306004;hep-th/0306004;29;28;57
hep-th/0212308;hep-th/0212308;39;33;72
hep-th/0311222;hep-th/0311222;15;17;32
hep-th/0302175;hep-th/0302175;16;34;50
hep-th/0012175;hep-th/0012175;63;0;63
hep-th/0006219;hep-th/0006219;70;37;107
hep-ph/9803234;hep-ph/9803234;10;0;10
hep-th/9901155;hep-th/9901155;3;15;18
hep-th/9705102;hep-th/9705102;15;20;35
hep-th/0110157;hep-th/0110157;6;13;19
hep-th/9802066;hep-th/9802066;13;7;20
hep-th/9610144;hep-th/9610144;10;20;30
hep-ph/0308135;hep-ph/0308135;15;4;19
hep-ph/0403175;hep-ph/0403175;5;13;18
hep-ph/0301229;hep-ph/0301229;8;5;13
hep-th/0108166;hep-th/0108166;5;20;25
hep-ph/0306069;hep-ph/0306069;7;5;12
hep-th/9503109;hep-th/9503109;7;13;20
hep-th/9611105;hep-th/9611105;7;13;20
hep-lat/0306032;hep-lat/0306032;4;0;4
hep-th/9310195;hep-th/9310195;8;0;8
hep-th/0002106;hep-th/0002106;38;8;46
hep-th/9508015;hep-th/9508015;5;4;9
hep-th/0307186;hep-th/0307186;2;0;2
hep-th/0311228;hep-th/0311228;0;10;10
hep-th/9301017;hep-th/9301017;18;3;21
nlin/0304047;nlin/0304047;2;0;2
nlin/0207041;nlin/0207041;3;0;3
physics/0303085;physics/0303085;1;0;1
nlin/0307043;nlin/0307043;1;0;1
solv-int/9910001;solv-int/9910001;8;10;18
hep-th/9704126;hep-th/9704126;5;15;20
hep-th/0311229;hep-th/0311229;6;5;11
hep-ph/0311190;hep-ph/0311190;10;19;29
0812.0807;0812.0807;0;26;26
astro-ph/0411394;astro-ph/0411394;44;22;66
astro-ph/0610296;astro-ph/0610296;38;18;56
astro-ph/0611750;astro-ph/0611750;29;76;105
astro-ph/0611645;astro-ph/0611645;42;18;60
astro-ph/0601481;astro-ph/0601481;34;54;88
gr-qc/0409090;gr-qc/0409090;7;31;38
astro-ph/0206488;astro-ph/0206488;2;3;5
math-ph/9904036;math-ph/9904036;3;3;6
gr-qc/0208045;gr-qc/0208045;3;9;12
quant-ph/0204126;quant-ph/0204126;4;3;7
gr-qc/0009076;gr-qc/0009076;5;12;17
quant-ph/0003129;quant-ph/0003129;7;2;9
gr-qc/0205134;gr-qc/0205134;16;6;22
0712.0747;0712.0747;0;29;29
hep-th/0311058;hep-th/0311058;15;7;22
hep-th/9608034;hep-th/9608034;67;49;116
hep-th/9605011;hep-th/9605011;27;48;75
hep-th/0611251;hep-th/0611251;11;27;38
hep-th/9901123;hep-th/9901123;20;25;45
hep-th/0606144;hep-th/0606144;23;15;38
hep-th/0403058;hep-th/0403058;28;29;57
hep-th/0603035;hep-th/0603035;6;0;6
0805.4660;0805.4660;0;4;4
hep-th/0210001;hep-th/0210001;18;4;22
0712.0743;0712.0743;0;30;30
gr-qc/9401013;gr-qc/9401013;13;2;15
0908.3041;0908.3041;0;6;6
hep-th/0602269;hep-th/0602269;6;19;25
gr-qc/0609022;gr-qc/0609022;4;1;5
gr-qc/9209014;gr-qc/9209014;64;0;64
0705.3608;0705.3608;0;29;29
hep-th/0212288;hep-th/0212288;24;6;30
hep-th/0202141;hep-th/0202141;20;4;24
hep-th/0603071;hep-th/0603071;6;1;7
hep-th/0103038;hep-th/0103038;27;8;35
hep-th/0011264;hep-th/0011264;21;19;40
gr-qc/0508033;gr-qc/0508033;16;40;56
gr-qc/0610087;gr-qc/0610087;11;21;32
hep-th/0409006;hep-th/0409006;7;12;19
hep-th/0508028;hep-th/0508028;8;24;32
hep-th/0611270;hep-th/0611270;3;13;16
gr-qc/0508027;gr-qc/0508027;8;6;14
gr-qc/0601098;gr-qc/0601098;6;15;21
hep-th/0405255;hep-th/0405255;6;7;13
hep-th/0502131;hep-th/0502131;8;19;27
0806.4434;0806.4434;0;2;2
hep-th/9609138;hep-th/9609138;13;6;19
0911.0341;0911.0341;0;4;4
hep-th/9601013;hep-th/9601013;5;41;46
0705.0550;0705.0550;0;50;50
hep-th/0405068;hep-th/0405068;59;81;140
hep-th/0405041;hep-th/0405041;20;13;33
hep-th/0609147;hep-th/0609147;2;44;46
hep-th/0611317;hep-th/0611317;33;44;77
hep-th/0411271;hep-th/0411271;48;66;114
hep-th/0205316;hep-th/0205316;93;23;116
hep-th/0408164;hep-th/0408164;46;18;64
hep-th/0612051;hep-th/0612051;25;24;49
hep-th/0302034;hep-th/0302034;43;0;43
hep-th/9508107;hep-th/9508107;38;14;52
hep-th/0106209;hep-th/0106209;88;28;116
hep-th/0204223;hep-th/0204223;39;23;62
gr-qc/0310002;gr-qc/0310002;7;8;15
0812.0235;0812.0235;0;9;9
0705.0408;0705.0408;0;9;9
hep-th/9610131;hep-th/9610131;42;5;47
hep-th/9402016;hep-th/9402016;61;0;61
hep-th/9204024;hep-th/9204024;13;1;14
hep-th/9610130;hep-th/9610130;0;2;2
hep-th/9510179;hep-th/9510179;7;3;10
hep-th/9512035;hep-th/9512035;1;5;6
hep-th/9610133;hep-th/9610133;0;4;4
hep-th/9610017;hep-th/9610017;7;2;9
hep-th/9606132;hep-th/9606132;3;11;14
hep-th/9601006;hep-th/9601006;5;0;5
hep-lat/9407002;hep-lat/9407002;17;2;19
hep-th/9304088;hep-th/9304088;10;1;11
hep-lat/9212013;hep-lat/9212013;7;0;7
hep-th/9610135;hep-th/9610135;1;1;2
hep-th/9203057;hep-th/9203057;23;1;24
hep-th/9610134;hep-th/9610134;36;11;47
hep-th/9609218;hep-th/9609218;15;0;15
hep-th/9603031;hep-th/9603031;45;0;45
hep-th/9610137;hep-th/9610137;1;6;7
hep-th/9201013;hep-th/9201013;84;0;84
hep-th/9109046;hep-th/9109046;20;0;20
hep-th/9411068;hep-th/9411068;17;3;20
hep-th/9711036;hep-th/9711036;12;0;12
hep-th/9706073;hep-th/9706073;10;27;37
hep-th/9610138;hep-th/9610138;20;36;56
hep-th/9609181;hep-th/9609181;44;25;69
hep-th/9607107;hep-th/9607107;30;30;60
hep-th/9606136;hep-th/9606136;35;29;64
hep-th/9610112;hep-th/9610112;4;12;16
hep-th/9901040;hep-th/9901040;3;3;6
hep-th/9602025;hep-th/9602025;11;0;11
gr-qc/9406016;gr-qc/9406016;9;4;13
hep-th/9607039;hep-th/9607039;7;0;7
hep-th/9901046;hep-th/9901046;6;14;20
hep-th/9811252;hep-th/9811252;11;7;18
hep-th/9807023;hep-th/9807023;7;11;18
hep-th/9510201;hep-th/9510201;30;9;39
physics/9711010;physics/9711010;11;9;20
hep-th/9309011;hep-th/9309011;29;0;29
hep-th/9708077;hep-th/9708077;9;10;19
hep-th/9403180;hep-th/9403180;18;2;20
hep-th/9408053;hep-th/9408053;20;3;23
hep-th/9511066;hep-th/9511066;10;18;28
hep-th/9901047;hep-th/9901047;4;1;5
hep-th/9409088;hep-th/9409088;25;2;27
hep-th/9801165;hep-th/9801165;40;16;56
hep-th/9710189;hep-th/9710189;3;9;12
hep-th/9801038;hep-th/9801038;11;0;11
hep-th/9710214;hep-th/9710214;12;4;16
hep-th/9707130;hep-th/9707130;27;7;34
hep-th/9604134;hep-th/9604134;33;21;54
hep-th/9810041;hep-th/9810041;14;7;21
hep-th/9705193;hep-th/9705193;36;28;64
hep-th/0304194;hep-th/0304194;11;12;23
hep-th/0205036;hep-th/0205036;10;9;19
hep-th/9508176;hep-th/9508176;10;6;16
hep-th/0203081;hep-th/0203081;17;19;36
hep-th/0302090;hep-th/0302090;9;0;9
hep-th/0304195;hep-th/0304195;1;30;31
hep-th/0107004;hep-th/0107004;54;14;68
hep-th/0302196;hep-th/0302196;4;22;26
hep-th/0209232;hep-th/0209232;11;48;59
hep-th/0209206;hep-th/0209206;12;37;49
hep-th/0207159;hep-th/0207159;9;19;28
hep-th/0304196;hep-th/0304196;2;19;21
hep-th/0304072;hep-th/0304072;9;57;66
hep-th/0105036;hep-th/0105036;22;12;34
hep-th/0210252;hep-th/0210252;27;37;64
hep-th/0105249;hep-th/0105249;25;29;54
gr-qc/0011029;gr-qc/0011029;17;13;30
hep-th/0210187;hep-th/0210187;23;43;66
hep-th/0303239;hep-th/0303239;28;56;84
hep-th/0304190;hep-th/0304190;10;5;15
hep-th/9309017;hep-th/9309017;13;0;13
hep-th/9904082;hep-th/9904082;5;15;20
hep-th/0304191;hep-th/0304191;5;23;28
hep-th/9312107;hep-th/9312107;15;2;17
hep-th/9311129;hep-th/9311129;10;2;12
hep-th/9402136;hep-th/9402136;28;2;30
hep-th/0303044;hep-th/0303044;8;16;24
hep-th/9510200;hep-th/9510200;89;12;101
hep-th/0105076;hep-th/0105076;26;20;46
hep-th/0301179;hep-th/0301179;25;23;48
hep-th/0304193;hep-th/0304193;2;5;7
hep-ph/0510065;hep-ph/0510065;7;7;14
hep-th/9209023;hep-th/9209023;70;5;75
hep-th/0210309;hep-th/0210309;27;26;53
hep-th/0210308;hep-th/0210308;24;46;70
hep-th/0206033;hep-th/0206033;46;26;72
hep-th/9505052;hep-th/9505052;66;91;157
hep-th/9411099;hep-th/9411099;86;24;110
hep-th/0212135;hep-th/0212135;44;49;93
hep-th/9503222;hep-th/9503222;28;13;41
hep-th/0211289;hep-th/0211289;74;43;117
hep-th/0207221;hep-th/0207221;6;21;27
hep-th/0304199;hep-th/0304199;13;7;20
astro-ph/0307346;astro-ph/0307346;7;6;13
astro-ph/0210209;astro-ph/0210209;11;2;13
astro-ph/0107378;astro-ph/0107378;22;6;28
0905.4213;0905.4213;0;1;1
hep-ph/9709383;hep-ph/9709383;4;10;14
hep-ph/9609529;hep-ph/9609529;27;22;49
hep-ph/9705271;hep-ph/9705271;28;13;41
hep-th/9708081;hep-th/9708081;20;7;27
0801.1312;0801.1312;0;15;15
hep-th/0612258;hep-th/0612258;3;25;28
q-alg/9502007;q-alg/9502007;22;0;22
hep-th/9406168;hep-th/9406168;3;0;3
hep-th/9511107;hep-th/9511107;1;1;2
cond-mat/9406041;cond-mat/9406041;8;0;8
hep-th/9412113;hep-th/9412113;34;5;39
hep-th/9504150;hep-th/9504150;67;19;86
hep-lat/9505009;hep-lat/9505009;5;6;11
hep-ph/9509322;hep-ph/9509322;27;10;37
hep-th/9511102;hep-th/9511102;2;2;4
hep-th/9511100;hep-th/9511100;11;4;15
hep-th/9407078;hep-th/9407078;48;3;51
hep-th/9401105;hep-th/9401105;55;3;58
hep-th/9511101;hep-th/9511101;18;6;24
hep-th/9310031;hep-th/9310031;28;0;28
hep-th/9505084;hep-th/9505084;37;3;40
hep-th/9506188;hep-th/9506188;6;2;8
hep-th/9507156;hep-th/9507156;10;1;11
hep-th/9407027;hep-th/9407027;33;1;34
hep-th/9507155;hep-th/9507155;20;3;23
hep-ph/0612242;hep-ph/0612242;8;17;25
hep-ph/0506256;hep-ph/0506256;7;5;12
hep-ph/0602177;hep-ph/0602177;15;15;30
hep-ph/0311349;hep-ph/0311349;18;18;36
hep-ph/0206020;hep-ph/0206020;42;8;50
0801.0839;0801.0839;0;54;54
hep-th/9611094;hep-th/9611094;41;12;53
hep-th/0107152;hep-th/0107152;18;71;89
hep-th/9610155;hep-th/9610155;70;0;70
hep-th/0010222;hep-th/0010222;45;35;80
hep-th/0304094;hep-th/0304094;88;17;105
0712.3506;0712.3506;0;16;16
hep-th/0511264;hep-th/0511264;42;7;49
hep-th/0602043;hep-th/0602043;8;15;23
hep-th/0501121;hep-th/0501121;36;25;61
hep-th/0411092;hep-th/0411092;57;27;84
hep-th/0504159;hep-th/0504159;48;45;93
hep-th/0702035;hep-th/0702035;32;16;48
hep-th/0605121;hep-th/0605121;32;52;84
hep-ph/0412167;hep-ph/0412167;42;37;79
hep-ph/0703021;hep-ph/0703021;10;0;10
hep-th/0507161;hep-th/0507161;23;46;69
astro-ph/0506217;astro-ph/0506217;0;4;4
astro-ph/0409596;astro-ph/0409596;32;33;65
astro-ph/0302357;astro-ph/0302357;4;6;10
hep-ph/0112212;hep-ph/0112212;14;2;16
astro-ph/9811316;astro-ph/9811316;6;0;6
math/0007038;math/0007038;0;3;3
math/9908151;math/9908151;7;0;7
0911.0967;0911.0967;0;39;39
hep-th/0511109;hep-th/0511109;23;0;23
hep-th/0505123;hep-th/0505123;36;10;46
hep-th/0508023;hep-th/0508023;76;66;142
hep-th/0612014;hep-th/0612014;11;41;52
hep-th/0403110;hep-th/0403110;177;38;215
hep-th/0511013;hep-th/0511013;15;31;46
hep-th/0109127;hep-th/0109127;69;49;118
0812.3464;0812.3464;0;17;17
hep-th/0407244;hep-th/0407244;15;36;51
hep-th/0011173;hep-th/0011173;17;13;30
hep-th/9902211;hep-th/9902211;13;13;26
hep-th/0302205;hep-th/0302205;27;23;50
hep-th/0601177;hep-th/0601177;21;32;53
math/0603048;math/0603048;15;16;31
hep-th/0701214;hep-th/0701214;32;34;66
0904.1349;0904.1349;0;22;22
gr-qc/0610080;gr-qc/0610080;9;43;52
hep-th/0501193;hep-th/0501193;2;6;8
hep-th/0305035;hep-th/0305035;9;34;43
hep-th/0302197;hep-th/0302197;8;24;32
0902.2489;0902.2489;0;56;56
hep-th/9510130;hep-th/9510130;4;7;11
hep-th/0612101;hep-th/0612101;4;17;21
hep-th/9307066;hep-th/9307066;16;0;16
hep-th/0612201;hep-th/0612201;5;43;48
hep-th/0411170;hep-th/0411170;79;18;97
hep-th/0010104;hep-th/0010104;58;23;81
hep-th/0309099;hep-th/0309099;11;13;24
hep-th/0703191;hep-th/0703191;26;27;53
hep-th/9308080;hep-th/9308080;2;12;14
hep-th/9307013;hep-th/9307013;22;0;22
hep-th/9310029;hep-th/9310029;2;3;5
hep-th/0002219;hep-th/0002219;10;17;27
hep-th/9302083;hep-th/9302083;64;6;70
cond-mat/0509636;cond-mat/0509636;12;3;15
hep-th/9210054;hep-th/9210054;4;0;4
math-ph/0509031;math-ph/0509031;10;5;15
0712.2454;0712.2454;0;19;19
hep-th/0702115;hep-th/0702115;34;27;61
hep-th/0405189;hep-th/0405189;54;9;63
hep-th/0405279;hep-th/0405279;66;15;81
hep-ph/0608121;hep-ph/0608121;16;0;16
0712.2456;0712.2456;1;34;35
hep-th/0601144;hep-th/0601144;53;29;82
hep-th/0610145;hep-th/0610145;44;34;78
hep-th/0601159;hep-th/0601159;46;24;70
hep-th/0610113;hep-th/0610113;30;20;50
hep-th/0511081;hep-th/0511081;7;11;18
hep-lat/0501031;hep-lat/0501031;4;12;16
hep-th/9906125;hep-th/9906125;22;17;39
hep-lat/0003004;hep-lat/0003004;4;2;6
gr-qc/9311016;gr-qc/9311016;1;1;2
hep-th/9110020;hep-th/9110020;12;0;12
0711.3810;0711.3810;0;8;8
hep-th/0202009;hep-th/0202009;13;15;28
hep-th/0511185;hep-th/0511185;9;9;18
0711.3811;0711.3811;0;6;6
hep-th/0602112;hep-th/0602112;7;23;30
0711.3816;0711.3816;0;3;3
hep-th/9612041;hep-th/9612041;8;2;10
hep-th/0008032;hep-th/0008032;6;2;8
hep-th/0310039;hep-th/0310039;3;3;6
0904.0464;0904.0464;0;26;26
hep-th/0208047;hep-th/0208047;11;19;30
gr-qc/0007008;gr-qc/0007008;19;13;32
hep-th/0102155;hep-th/0102155;31;66;97
hep-th/0611312;hep-th/0611312;8;14;22
gr-qc/9412023;gr-qc/9412023;19;3;22
gr-qc/0302038;gr-qc/0302038;2;9;11
hep-th/0202189;hep-th/0202189;39;22;61
hep-th/9704087;hep-th/9704087;23;30;53
hep-th/9709139;hep-th/9709139;10;52;62
hep-th/9707228;hep-th/9707228;70;36;106
hep-th/9707250;hep-th/9707250;72;33;105
hep-th/9704123;hep-th/9704123;22;30;52
hep-th/9509098;hep-th/9509098;11;3;14
hep-th/9507016;hep-th/9507016;13;3;16
hep-th/9707237;hep-th/9707237;2;7;9
hep-th/0006006;hep-th/0006006;2;33;35
hep-th/9508111;hep-th/9508111;9;8;17
hep-ph/9907471;hep-ph/9907471;7;7;14
hep-ph/9812529;hep-ph/9812529;9;4;13
hep-ph/9907385;hep-ph/9907385;18;7;25
hep-ph/9912343;hep-ph/9912343;29;11;40
hep-ph/0209214;hep-ph/0209214;34;20;54
hep-ph/0108225;hep-ph/0108225;39;23;62
hep-ph/0205331;hep-ph/0205331;21;14;35
hep-ph/0202211;hep-ph/0202211;30;8;38
hep-ph/0202258;hep-ph/0202258;27;17;44
hep-ph/0204307;hep-ph/0204307;27;27;54
hep-ph/9905204;hep-ph/9905204;46;28;74
hep-ph/0103215;hep-ph/0103215;20;11;31
hep-th/0306297;hep-th/0306297;5;12;17
hep-th/0212101;hep-th/0212101;15;9;24
hep-th/0312117;hep-th/0312117;11;40;51
hep-th/0311124;hep-th/0311124;15;13;28
hep-th/0203136;hep-th/0203136;8;14;22
hep-th/0311125;hep-th/0311125;16;26;42
hep-ph/0306168;hep-ph/0306168;1;15;16
hep-ph/0108153;hep-ph/0108153;7;23;30
hep-th/0108211;hep-th/0108211;4;0;4
gr-qc/0205111;gr-qc/0205111;30;15;45
hep-th/9910076;hep-th/9910076;43;25;68
hep-th/9712040;hep-th/9712040;21;14;35
hep-th/9705232;hep-th/9705232;64;30;94
hep-th/9710034;hep-th/9710034;35;24;59
hep-th/9711143;hep-th/9711143;44;62;106
hep-th/9712041;hep-th/9712041;3;1;4
hep-th/9212033;hep-th/9212033;1;1;2
hep-th/9709180;hep-th/9709180;40;47;87
hep-th/9209120;hep-th/9209120;17;2;19
hep-th/9512189;hep-th/9512189;11;19;30
hep-th/9301098;hep-th/9301098;13;0;13
hep-th/9509099;hep-th/9509099;11;9;20
hep-th/9610102;hep-th/9610102;39;5;44
hep-th/9706218;hep-th/9706218;13;7;20
hep-th/9704036;hep-th/9704036;7;5;12
hep-th/9704076;hep-th/9704076;18;15;33
hep-th/9111047;hep-th/9111047;24;0;24
hep-th/9306163;hep-th/9306163;16;3;19
hep-th/9510235;hep-th/9510235;6;2;8
hep-th/9606190;hep-th/9606190;14;2;16
hep-th/9612176;hep-th/9612176;5;1;6
hep-th/9606061;hep-th/9606061;63;11;74
hep-th/9207024;hep-th/9207024;35;2;37
hep-th/9203074;hep-th/9203074;43;0;43
hep-th/9711087;hep-th/9711087;11;23;34
hep-th/9606027;hep-th/9606027;13;8;21
hep-th/9410147;hep-th/9410147;5;6;11
hep-th/9712044;hep-th/9712044;1;4;5
hep-th/9402029;hep-th/9402029;24;1;25
hep-th/9701017;hep-th/9701017;5;5;10
hep-th/9609185;hep-th/9609185;5;3;8
hep-th/9710125;hep-th/9710125;7;6;13
hep-th/9710122;hep-th/9710122;17;37;54
hep-th/9511193;hep-th/9511193;15;4;19
hep-th/9704030;hep-th/9704030;12;25;37
hep-th/9708089;hep-th/9708089;31;20;51
hep-th/9702099;hep-th/9702099;49;24;73
hep-th/0103190;hep-th/0103190;11;13;24
hep-th/9411054;hep-th/9411054;28;1;29
hep-th/9206046;hep-th/9206046;48;1;49
hep-th/9902028;hep-th/9902028;5;17;22
hep-th/0102039;hep-th/0102039;13;13;26
0711.1524;0711.1524;0;2;2
0711.1525;0711.1525;0;35;35
hep-th/0103168;hep-th/0103168;17;38;55
hep-th/0608138;hep-th/0608138;21;16;37
hep-th/0010149;hep-th/0010149;9;6;15
hep-th/0701273;hep-th/0701273;5;49;54
hep-th/9605133;hep-th/9605133;10;5;15
hep-th/0603231;hep-th/0603231;28;18;46
hep-th/0603251;hep-th/0603251;25;34;59
hep-th/0112235;hep-th/0112235;6;21;27
hep-ph/0003145;hep-ph/0003145;8;2;10
math/0111056;math/0111056;11;1;12
hep-th/0111096;hep-th/0111096;23;0;23
hep-th/0112098;hep-th/0112098;34;13;47
hep-th/0110159;hep-th/0110159;3;4;7
hep-th/9409013;hep-th/9409013;5;4;9
hep-th/0112113;hep-th/0112113;45;37;82
hep-th/9506131;hep-th/9506131;16;4;20
hep-th/9308120;hep-th/9308120;0;2;2
hep-th/9308121;hep-th/9308121;1;2;3
hep-th/9204069;hep-th/9204069;9;0;9
hep-th/9308127;hep-th/9308127;7;2;9
gr-qc/0510070;gr-qc/0510070;6;24;30
hep-th/0202140;hep-th/0202140;75;54;129
gr-qc/0504028;gr-qc/0504028;8;10;18
hep-th/0212092;hep-th/0212092;54;22;76
gr-qc/0505016;gr-qc/0505016;21;8;29
gr-qc/9608004;gr-qc/9608004;5;1;6
gr-qc/9409062;gr-qc/9409062;14;2;16
hep-th/0504127;hep-th/0504127;26;30;56
hep-ph/9603337;hep-ph/9603337;6;6;12
hep-th/9601176;hep-th/9601176;4;0;4
hep-th/9301095;hep-th/9301095;5;0;5
hep-ph/9503244;hep-ph/9503244;5;1;6
hep-ph/9305222;hep-ph/9305222;13;2;15
0904.1344;0904.1344;0;15;15
hep-th/9711048;hep-th/9711048;15;12;27
hep-th/0101074;hep-th/0101074;17;0;17
hep-th/0203102;hep-th/0203102;3;20;23
hep-th/0603234;hep-th/0603234;6;13;19
hep-th/0111226;hep-th/0111226;11;6;17
hep-th/0410189;hep-th/0410189;5;10;15
hep-th/0312319;hep-th/0312319;5;9;14
math/9904059;math/9904059;4;9;13
hep-th/0409202;hep-th/0409202;4;8;12
hep-th/0211284;hep-th/0211284;9;5;14
hep-th/0402133;hep-th/0402133;9;5;14
hep-th/0510091;hep-th/0510091;4;8;12
hep-th/0012233;hep-th/0012233;19;7;26
hep-th/0303111;hep-th/0303111;6;19;25
hep-th/9911114;hep-th/9911114;18;29;47
hep-th/0008150;hep-th/0008150;9;9;18
hep-ph/9503375;hep-ph/9503375;12;2;14
hep-ph/0701205;hep-ph/0701205;4;14;18
hep-ph/0409233;hep-ph/0409233;32;21;53
hep-ph/0406339;hep-ph/0406339;10;22;32
hep-ph/0007357;hep-ph/0007357;20;16;36
hep-ph/0210301;hep-ph/0210301;9;12;21
hep-th/0509101;hep-th/0509101;4;4;8
hep-th/0311037;hep-th/0311037;6;3;9
hep-th/0111257;hep-th/0111257;16;4;20
hep-th/0303224;hep-th/0303224;13;3;16
hep-ph/0401215;hep-ph/0401215;13;2;15
hep-ph/0310357;hep-ph/0310357;15;1;16
hep-ph/0309177;hep-ph/0309177;16;0;16
gr-qc/0510075;gr-qc/0510075;0;7;7
math-ph/0307003;math-ph/0307003;4;12;16
hep-th/0006080;hep-th/0006080;5;4;9
gr-qc/9801036;gr-qc/9801036;4;3;7
hep-th/0612143;hep-th/0612143;51;47;98
hep-th/0406200;hep-th/0406200;32;23;55
hep-th/0611272;hep-th/0611272;37;17;54
hep-th/0608002;hep-th/0608002;21;39;60
hep-ph/0608062;hep-ph/0608062;20;12;32
hep-th/0611155;hep-th/0611155;24;91;115
hep-th/0609137;hep-th/0609137;25;9;34
hep-th/0611219;hep-th/0611219;12;35;47
0903.4905;0903.4905;0;34;34
hep-th/0409032;hep-th/0409032;38;26;64
hep-th/0703280;hep-th/0703280;14;26;40
hep-th/0412240;hep-th/0412240;15;21;36
hep-th/9311148;hep-th/9311148;19;8;27
hep-th/9503162;hep-th/9503162;52;13;65
hep-ph/9502414;hep-ph/9502414;7;7;14
hep-th/0409055;hep-th/0409055;14;74;88
hep-th/9903008;hep-th/9903008;42;54;96
gr-qc/0505002;gr-qc/0505002;11;16;27
hep-th/0601203;hep-th/0601203;7;21;28
hep-th/0512066;hep-th/0512066;12;0;12
hep-th/0401112;hep-th/0401112;24;33;57
hep-th/9910169;hep-th/9910169;53;31;84
gr-qc/0606035;gr-qc/0606035;1;14;15
hep-th/0412195;hep-th/0412195;7;23;30
hep-th/0506006;hep-th/0506006;15;6;21
hep-th/0403212;hep-th/0403212;14;14;28
gr-qc/0606097;gr-qc/0606097;5;9;14
gr-qc/0212048;gr-qc/0212048;23;5;28
hep-th/0308096;hep-th/0308096;17;25;42
gr-qc/0109085;gr-qc/0109085;20;11;31
hep-th/0101025;hep-th/0101025;8;18;26
hep-th/0510246;hep-th/0510246;10;12;22
hep-th/0406063;hep-th/0406063;20;20;40
hep-th/0512095;hep-th/0512095;3;10;13
math-ph/0307048;math-ph/0307048;1;3;4
hep-ph/0701209;hep-ph/0701209;4;5;9
hep-ph/0305206;hep-ph/0305206;5;1;6
hep-ph/0610047;hep-ph/0610047;3;6;9
hep-ph/0609139;hep-ph/0609139;4;3;7
0908.1572;0908.1572;0;18;18
hep-th/9607139;hep-th/9607139;68;33;101
0710.2285;0710.2285;0;10;10
hep-ph/0510066;hep-ph/0510066;11;17;28
hep-ph/0503298;hep-ph/0503298;7;7;14
hep-th/9803226;hep-th/9803226;16;10;26
hep-th/0212214;hep-th/0212214;5;20;25
hep-th/0105006;hep-th/0105006;77;39;116
hep-th/0105271;hep-th/0105271;4;13;17
hep-th/9802187;hep-th/9802187;28;15;43
hep-th/0001160;hep-th/0001160;8;0;8
hep-th/0111278;hep-th/0111278;36;0;36
hep-th/0209082;hep-th/0209082;1;15;16
hep-th/0109020;hep-th/0109020;6;14;20
nlin/0505030;nlin/0505030;0;2;2
math/0301171;math/0301171;8;3;11
hep-th/0004164;hep-th/0004164;4;0;4
0905.1752;0905.1752;0;18;18
hep-ph/0502047;hep-ph/0502047;37;32;69
hep-th/0508080;hep-th/0508080;22;14;36
cond-mat/0609571;cond-mat/0609571;6;15;21
cond-mat/0606472;cond-mat/0606472;1;4;5
hep-th/0511302;hep-th/0511302;6;28;34
hep-th/0307175;hep-th/0307175;5;13;18
0911.0400;0911.0400;0;17;17
hep-th/0205082;hep-th/0205082;4;27;31
hep-th/0701254;hep-th/0701254;8;19;27
hep-th/0509108;hep-th/0509108;1;46;47
hep-th/0307252;hep-th/0307252;43;152;195
hep-th/0505274;hep-th/0505274;3;20;23
hep-th/0002146;hep-th/0002146;24;9;33
hep-th/0410101;hep-th/0410101;22;69;91
hep-th/9209057;hep-th/9209057;4;3;7
hep-th/9601011;hep-th/9601011;15;22;37
0803.3768;0803.3768;0;49;49
hep-th/0703131;hep-th/0703131;35;45;80
hep-th/0612247;hep-th/0612247;26;31;57
hep-th/0612248;hep-th/0612248;21;18;39
hep-th/0703058;hep-th/0703058;21;39;60
hep-th/9305068;hep-th/9305068;57;1;58
gr-qc/9901073;gr-qc/9901073;17;2;19
hep-th/9512070;hep-th/9512070;41;0;41
hep-th/9601050;hep-th/9601050;5;18;23
hep-th/9506104;hep-th/9506104;25;6;31
hep-th/9511171;hep-th/9511171;50;23;73
hep-th/9510055;hep-th/9510055;21;18;39
hep-th/9511058;hep-th/9511058;19;23;42
hep-th/9601053;hep-th/9601053;8;2;10
hep-th/9503090;hep-th/9503090;4;0;4
hep-th/9601055;hep-th/9601055;4;19;23
hep-th/9506031;hep-th/9506031;15;14;29
hep-th/9510071;hep-th/9510071;18;11;29
hep-th/9503083;hep-th/9503083;18;12;30
hep-th/9408004;hep-th/9408004;31;3;34
hep-th/9406125;hep-th/9406125;76;12;88
hep-th/9502011;hep-th/9502011;35;8;43
hep-th/9403124;hep-th/9403124;10;11;21
hep-th/9311180;hep-th/9311180;17;12;29
hep-th/9308037;hep-th/9308037;15;4;19
hep-th/9512028;hep-th/9512028;12;2;14
hep-th/0210174;hep-th/0210174;0;12;12
hep-th/0208097;hep-th/0208097;4;0;4
hep-th/9803106;hep-th/9803106;7;7;14
hep-th/0210051;hep-th/0210051;2;9;11
hep-th/0111149;hep-th/0111149;5;49;54
hep-th/0210175;hep-th/0210175;2;18;20
hep-th/0206101;hep-th/0206101;4;19;23
hep-th/0106030;hep-th/0106030;3;8;11
0801.3295;0801.3295;0;26;26
astro-ph/0607508;astro-ph/0607508;17;60;77
astro-ph/0312284;astro-ph/0312284;13;9;22
astro-ph/0607487;astro-ph/0607487;13;41;54
astro-ph/0405356;astro-ph/0405356;71;11;82
astro-ph/0210090;astro-ph/0210090;35;1;36
hep-th/0611353;hep-th/0611353;10;36;46
0706.1375;0706.1375;0;13;13
hep-th/0212292;hep-th/0212292;78;5;83
gr-qc/0409106;gr-qc/0409106;6;1;7
gr-qc/0512070;gr-qc/0512070;4;5;9
gr-qc/0411045;gr-qc/0411045;32;20;52
astro-ph/0606574;astro-ph/0606574;6;33;39
hep-th/0402159;hep-th/0402159;2;4;6
hep-th/0009229;hep-th/0009229;17;16;33
hep-th/9712236;hep-th/9712236;26;13;39
hep-th/9709225;hep-th/9709225;22;17;39
hep-th/9604193;hep-th/9604193;13;15;28
gr-qc/0305082;gr-qc/0305082;13;17;30
hep-th/9712026;hep-th/9712026;14;37;51
hep-th/0108167;hep-th/0108167;12;26;38
hep-th/9806225;hep-th/9806225;6;29;35
hep-th/9611146;hep-th/9611146;7;48;55
hep-th/0006063;hep-th/0006063;5;17;22
hep-th/0204206;hep-th/0204206;10;84;94
hep-th/0202083;hep-th/0202083;2;49;51
hep-th/9804034;hep-th/9804034;6;21;27
gr-qc/9910101;gr-qc/9910101;11;16;27
hep-th/0308166;hep-th/0308166;6;21;27
hep-th/9801023;hep-th/9801023;20;31;51
hep-th/0501044;hep-th/0501044;11;28;39
hep-th/0412046;hep-th/0412046;16;12;28
gr-qc/0410135;gr-qc/0410135;16;4;20
hep-th/0205318;hep-th/0205318;53;2;55
hep-th/0001129;hep-th/0001129;29;6;35
hep-th/0405171;hep-th/0405171;26;13;39
hep-th/0506002;hep-th/0506002;44;46;90
hep-th/0403213;hep-th/0403213;8;20;28
hep-th/0011230;hep-th/0011230;42;19;61
hep-th/0101169;hep-th/0101169;5;24;29
hep-th/0005246;hep-th/0005246;22;30;52
hep-th/0202075;hep-th/0202075;8;25;33
hep-th/0303211;hep-th/0303211;8;18;26
hep-th/9907206;hep-th/9907206;16;20;36
hep-th/0202184;hep-th/0202184;17;30;47
hep-th/0402151;hep-th/0402151;10;25;35
hep-th/0206254;hep-th/0206254;15;13;28
hep-th/0311267;hep-th/0311267;25;28;53
hep-th/0112227;hep-th/0112227;38;51;89
hep-th/0010093;hep-th/0010093;33;41;74
hep-th/0402150;hep-th/0402150;3;1;4
hep-th/0402157;hep-th/0402157;27;47;74
hep-th/0310106;hep-th/0310106;15;30;45
hep-th/0312192;hep-th/0312192;18;18;36
hep-th/0312163;hep-th/0312163;10;11;21
hep-th/0402027;hep-th/0402027;20;37;57
hep-th/0312135;hep-th/0312135;22;39;61
hep-th/0308172;hep-th/0308172;16;35;51
hep-th/0402124;hep-th/0402124;7;11;18
hep-th/0310287;hep-th/0310287;23;39;62
hep-th/9209036;hep-th/9209036;8;8;16
hep-th/0401067;hep-th/0401067;13;28;41
hep-th/9212027;hep-th/9212027;21;4;25
hep-th/9302106;hep-th/9302106;4;5;9
hep-th/0309074;hep-th/0309074;9;35;44
hep-th/0402156;hep-th/0402156;13;9;22
hep-th/9509149;hep-th/9509149;27;24;51
hep-th/0312321;hep-th/0312321;10;17;27
hep-th/0402154;hep-th/0402154;2;13;15
hep-ph/0111141;hep-ph/0111141;26;13;39
hep-ph/0209264;hep-ph/0209264;40;36;76
0907.1420;0907.1420;0;23;23
hep-th/9706010;hep-th/9706010;1;0;1
hep-th/0605137;hep-th/0605137;27;12;39
gr-qc/0007022;gr-qc/0007022;39;3;42
hep-th/0611265;hep-th/0611265;34;6;40
hep-th/0511123;hep-th/0511123;27;21;48
gr-qc/0301090;gr-qc/0301090;28;36;64
hep-th/0608098;hep-th/0608098;45;19;64
gr-qc/0504113;gr-qc/0504113;47;14;61
hep-th/0605197;hep-th/0605197;35;15;50
hep-th/0111047;hep-th/0111047;23;8;31
hep-th/0505266;hep-th/0505266;58;39;97
hep-th/0503081;hep-th/0503081;63;28;91
hep-th/0512351;hep-th/0512351;44;29;73
physics/0509210;physics/0509210;6;39;45
gr-qc/9408028;gr-qc/9408028;5;3;8
gr-qc/0509085;gr-qc/0509085;10;2;12
gr-qc/9510060;gr-qc/9510060;2;9;11
hep-th/0011182;hep-th/0011182;15;42;57
gr-qc/0308019;gr-qc/0308019;14;20;34
gr-qc/0505135;gr-qc/0505135;10;9;19
gr-qc/0505136;gr-qc/0505136;8;5;13
0710.3733;0710.3733;0;18;18
hep-lat/0501026;hep-lat/0501026;14;0;14
hep-th/0007188;hep-th/0007188;21;14;35
hep-th/0608067;hep-th/0608067;16;19;35
hep-th/9907078;hep-th/9907078;17;11;28
hep-th/0111090;hep-th/0111090;54;23;77
hep-th/0610262;hep-th/0610262;4;3;7
hep-th/0607013;hep-th/0607013;17;19;36
hep-th/0111078;hep-th/0111078;57;28;85
0907.1425;0907.1425;0;3;3
gr-qc/0206071;gr-qc/0206071;52;0;52
hep-th/0609175;hep-th/0609175;19;16;35
0708.3629;0708.3629;0;1;1
hep-ph/0502119;hep-ph/0502119;7;0;7
0708.3625;0708.3625;0;5;5
hep-th/0011104;hep-th/0011104;6;5;11
hep-th/9403084;hep-th/9403084;18;0;18
0805.2661;0805.2661;0;23;23
math-ph/0512024;math-ph/0512024;13;20;33
hep-th/0507036;hep-th/0507036;28;16;44
hep-th/0605124;hep-th/0605124;14;60;74
hep-th/0703061;hep-th/0703061;6;44;50
hep-th/0110281;hep-th/0110281;1;42;43
hep-th/9507022;hep-th/9507022;84;17;101
hep-th/9912067;hep-th/9912067;36;11;47
hep-th/0106186;hep-th/0106186;19;41;60
0911.5045;0911.5045;0;8;8
0907.5516;0907.5516;0;11;11
hep-th/0404230;hep-th/0404230;4;33;37
hep-th/0009063;hep-th/0009063;27;10;37
0707.3267;0707.3267;0;79;79
hep-ph/0604250;hep-ph/0604250;19;15;34
hep-th/0508017;hep-th/0508017;9;21;30
hep-th/0607225;hep-th/0607225;9;40;49
hep-th/0405129;hep-th/0405129;85;34;119
hep-th/0605057;hep-th/0605057;8;8;16
hep-th/0506257;hep-th/0506257;32;94;126
hep-th/0506256;hep-th/0506256;19;86;105
hep-th/0503033;hep-th/0503033;32;62;94
hep-th/0312037;hep-th/0312037;30;36;66
hep-th/9906119;hep-th/9906119;30;25;55
hep-th/0601181;hep-th/0601181;29;64;93
hep-th/0506135;hep-th/0506135;32;132;164
hep-th/0107164;hep-th/0107164;7;17;24
hep-th/0401102;hep-th/0401102;19;21;40
hep-th/0703136;hep-th/0703136;3;26;29
hep-th/0412048;hep-th/0412048;50;64;114
hep-th/9907014;hep-th/9907014;35;9;44
hep-th/0404198;hep-th/0404198;62;21;83
hep-th/9911104;hep-th/9911104;33;22;55
hep-th/0603179;hep-th/0603179;7;21;28
hep-th/0703197;hep-th/0703197;15;42;57
hep-th/0610067;hep-th/0610067;5;19;24
hep-th/0508241;hep-th/0508241;25;15;40
hep-th/0511088;hep-th/0511088;71;0;71
hep-th/0602289;hep-th/0602289;29;95;124
hep-th/0509127;hep-th/0509127;18;37;55
hep-th/0412024;hep-th/0412024;36;101;137
hep-th/0507140;hep-th/0507140;18;40;58
hep-th/0607070;hep-th/0607070;47;27;74
hep-th/0508130;hep-th/0508130;18;18;36
hep-th/0410150;hep-th/0410150;15;27;42
hep-th/0611313;hep-th/0611313;27;56;83
astro-ph/0309266;astro-ph/0309266;3;5;8
hep-th/0405194;hep-th/0405194;57;55;112
hep-th/0505136;hep-th/0505136;21;58;79
hep-th/9902005;hep-th/9902005;32;19;51
hep-th/0409110;hep-th/0409110;15;40;55
hep-th/0210232;hep-th/0210232;9;6;15
hep-th/0612003;hep-th/0612003;13;114;127
hep-th/0603233;hep-th/0603233;21;40;61
hep-th/0312076;hep-th/0312076;20;15;35
hep-th/0602296;hep-th/0602296;13;18;31
hep-th/0006191;hep-th/0006191;20;35;55
hep-th/0307084;hep-th/0307084;30;25;55
hep-th/0512249;hep-th/0512249;4;14;18
hep-th/0210254;hep-th/0210254;22;0;22
hep-th/0407126;hep-th/0407126;13;29;42
hep-th/0505260;hep-th/0505260;32;29;61
hep-th/0512076;hep-th/0512076;22;31;53
hep-th/0207239;hep-th/0207239;0;3;3
hep-th/0107109;hep-th/0107109;3;7;10
hep-th/0207238;hep-th/0207238;14;12;26
hep-th/0106235;hep-th/0106235;18;11;29
hep-th/0107081;hep-th/0107081;23;116;139
hep-th/9604109;hep-th/9604109;2;4;6
hep-th/9510096;hep-th/9510096;7;1;8
hep-th/9510239;hep-th/9510239;4;12;16
hep-th/0107146;hep-th/0107146;13;6;19
hep-th/9503176;hep-th/9503176;6;3;9
hep-th/9612210;hep-th/9612210;5;3;8
hep-th/0009158;hep-th/0009158;16;13;29
hep-th/0103139;hep-th/0103139;28;26;54
hep-th/0009231;hep-th/0009231;19;9;28
hep-th/9911208;hep-th/9911208;4;0;4
hep-th/0103199;hep-th/0103199;13;24;37
hep-th/9305125;hep-th/9305125;22;15;37
hep-th/9604121;hep-th/9604121;4;2;6
hep-th/9509021;hep-th/9509021;22;7;29
hep-th/9402119;hep-th/9402119;47;0;47
hep-th/0107141;hep-th/0107141;18;17;35
hep-th/9807230;hep-th/9807230;7;33;40
hep-th/9803252;hep-th/9803252;16;15;31
hep-th/9804141;hep-th/9804141;8;43;51
hep-th/9806004;hep-th/9806004;13;22;35
hep-th/9805162;hep-th/9805162;48;10;58
hep-th/9808002;hep-th/9808002;9;21;30
hep-th/9803227;hep-th/9803227;19;32;51
hep-th/9803220;hep-th/9803220;8;45;53
hep-th/9808036;hep-th/9808036;3;11;14
hep-th/9607242;hep-th/9607242;8;2;10
hep-th/9606141;hep-th/9606141;24;4;28
hep-th/9712087;hep-th/9712087;18;6;24
hep-th/9709075;hep-th/9709075;4;7;11
hep-th/9507110;hep-th/9507110;8;7;15
hep-th/9612028;hep-th/9612028;4;6;10
hep-th/9512203;hep-th/9512203;21;0;21
hep-th/9504095;hep-th/9504095;42;14;56
hep-th/9808034;hep-th/9808034;23;7;30
quant-ph/9710064;quant-ph/9710064;7;2;9
hep-th/9606159;hep-th/9606159;9;4;13
hep-th/9704025;hep-th/9704025;10;7;17
hep-th/9507111;hep-th/9507111;4;1;5
hep-th/9703094;hep-th/9703094;8;8;16
hep-th/9212048;hep-th/9212048;14;1;15
hep-th/9402074;hep-th/9402074;8;4;12
hep-th/9503141;hep-th/9503141;14;7;21
hep-th/9405153;hep-th/9405153;12;4;16
q-alg/9510026;q-alg/9510026;8;6;14
hep-th/9808031;hep-th/9808031;10;10;20
hep-lat/9709042;hep-lat/9709042;11;1;12
hep-ph/9612343;hep-ph/9612343;2;3;5
hep-lat/9510022;hep-lat/9510022;7;0;7
hep-th/0201221;hep-th/0201221;25;47;72
hep-th/0102202;hep-th/0102202;21;104;125
hep-th/0001217;hep-th/0001217;10;8;18
hep-th/0010091;hep-th/0010091;32;38;70
hep-th/0001062;hep-th/0001062;7;12;19
hep-th/0011251;hep-th/0011251;11;43;54
hep-th/0004062;hep-th/0004062;15;0;15
hep-ph/9911499;hep-ph/9911499;16;52;68
hep-ph/0109111;hep-ph/0109111;6;12;18
nlin/0102010;nlin/0102010;3;34;37
hep-th/9309058;hep-th/9309058;8;8;16
solv-int/9907021;solv-int/9907021;6;17;23
hep-th/9905103;hep-th/9905103;9;13;22
hep-th/9311067;hep-th/9311067;5;10;15
hep-th/9301053;hep-th/9301053;10;2;12
hep-th/9604165;hep-th/9604165;29;19;48
hep-th/9207096;hep-th/9207096;19;2;21
hep-th/9302057;hep-th/9302057;16;3;19
hep-th/9510033;hep-th/9510033;25;4;29
solv-int/9808003;solv-int/9808003;4;0;4
solv-int/9808004;solv-int/9808004;7;15;22
hep-th/9112018;hep-th/9112018;42;0;42
nlin/0004040;nlin/0004040;5;7;12
nlin/0012042;nlin/0012042;9;13;22
hep-th/9608107;hep-th/9608107;12;13;25
hep-th/9401058;hep-th/9401058;8;11;19
nlin/0007002;nlin/0007002;12;7;19
hep-th/9311070;hep-th/9311070;13;5;18
solv-int/9609008;solv-int/9609008;18;20;38
hep-th/9308137;hep-th/9308137;9;0;9
hep-th/9312015;hep-th/9312015;6;0;6
hep-th/9305078;hep-th/9305078;18;1;19
solv-int/9911005;solv-int/9911005;4;14;18
hep-th/9704119;hep-th/9704119;8;9;17
hep-th/9903198;hep-th/9903198;9;7;16
hep-th/0009194;hep-th/0009194;2;32;34
hep-th/9607234;hep-th/9607234;9;45;54
0911.0401;0911.0401;0;9;9
hep-th/0306134;hep-th/0306134;73;31;104
hep-th/0105267;hep-th/0105267;63;21;84
hep-th/0011276;hep-th/0011276;45;21;66
0908.0991;0908.0991;0;35;35
hep-th/0512260;hep-th/0512260;40;22;62
astro-ph/0502589;astro-ph/0502589;28;26;54
astro-ph/0611227;astro-ph/0611227;2;8;10
hep-th/0507199;hep-th/0507199;18;38;56
astro-ph/0407573;astro-ph/0407573;12;13;25
hep-th/0408026;hep-th/0408026;14;17;31
0905.3673;0905.3673;0;5;5
gr-qc/0204017;gr-qc/0204017;4;12;16
cond-mat/0103562;cond-mat/0103562;15;8;23
hep-th/0101081;hep-th/0101081;11;20;31
hep-th/0106181;hep-th/0106181;18;25;43
hep-th/0101209;hep-th/0101209;52;26;78
hep-th/0105303;hep-th/0105303;18;10;28
hep-th/0603196;hep-th/0603196;14;45;59
hep-th/0504164;hep-th/0504164;12;47;59
hep-th/0108238;hep-th/0108238;53;15;68
hep-th/0512223;hep-th/0512223;3;19;22
hep-th/0509153;hep-th/0509153;16;38;54
math-ph/9911004;math-ph/9911004;1;0;1
hep-th/0109021;hep-th/0109021;25;18;43
hep-th/0208119;hep-th/0208119;50;41;91
hep-th/0511078;hep-th/0511078;12;23;35
math-ph/9811004;math-ph/9811004;2;10;12
hep-th/0512051;hep-th/0512051;9;0;9
hep-th/0404062;hep-th/0404062;11;21;32
hep-th/0602117;hep-th/0602117;4;25;29
hep-th/0603119;hep-th/0603119;31;29;60
hep-th/0510081;hep-th/0510081;18;39;57
hep-th/0603194;hep-th/0603194;3;27;30
hep-th/9812231;hep-th/9812231;4;5;9
hep-th/0409084;hep-th/0409084;5;7;12
hep-th/0010112;hep-th/0010112;79;0;79
hep-th/0409083;hep-th/0409083;5;12;17
hep-th/0009180;hep-th/0009180;15;18;33
hep-ph/0006027;hep-ph/0006027;4;1;5
hep-ph/9911386;hep-ph/9911386;31;44;75
hep-ph/0607229;hep-ph/0607229;20;0;20
hep-th/0212015;hep-th/0212015;2;13;15
hep-th/9508032;hep-th/9508032;7;1;8
hep-th/0505014;hep-th/0505014;4;7;11
hep-th/9412220;hep-th/9412220;12;4;16
hep-th/0206208;hep-th/0206208;14;24;38
hep-th/0304044;hep-th/0304044;11;37;48
hep-th/0207001;hep-th/0207001;25;34;59
hep-th/0211283;hep-th/0211283;11;16;27
hep-th/0211010;hep-th/0211010;15;19;34
hep-th/9912059;hep-th/9912059;7;4;11
hep-th/9907093;hep-th/9907093;1;25;26
hep-th/9905130;hep-th/9905130;6;35;41
hep-th/9912058;hep-th/9912058;19;17;36
hep-th/9909103;hep-th/9909103;29;44;73
hep-th/9907070;hep-th/9907070;34;48;82
hep-th/0509117;hep-th/0509117;7;18;25
hep-th/0508092;hep-th/0508092;13;31;44
hep-th/0502227;hep-th/0502227;44;32;76
hep-th/0104094;hep-th/0104094;17;10;27
hep-th/0211020;hep-th/0211020;9;21;30
hep-th/9908010;hep-th/9908010;9;24;33
hep-th/0408001;hep-th/0408001;29;29;58
hep-th/0405214;hep-th/0405214;19;34;53
hep-th/0602255;hep-th/0602255;20;26;46
hep-th/0603191;hep-th/0603191;9;17;26
hep-th/0307261;hep-th/0307261;13;14;27
hep-th/0302053;hep-th/0302053;16;22;38
hep-th/0304008;hep-th/0304008;18;14;32
hep-th/0012264;hep-th/0012264;13;8;21
hep-th/0603144;hep-th/0603144;11;35;46
hep-th/0110082;hep-th/0110082;10;1;11
cond-mat/9804078;cond-mat/9804078;8;5;13
quant-ph/0302117;quant-ph/0302117;39;9;48
hep-th/0508001;hep-th/0508001;10;11;21
hep-th/9906228;hep-th/9906228;27;18;45
hep-th/0007242;hep-th/0007242;65;9;74
hep-th/0404080;hep-th/0404080;10;19;29
gr-qc/9906058;gr-qc/9906058;34;11;45
hep-th/9912057;hep-th/9912057;1;7;8
hep-th/9607171;hep-th/9607171;5;6;11
hep-th/9906213;hep-th/9906213;1;2;3
hep-th/9604196;hep-th/9604196;55;0;55
hep-th/9912051;hep-th/9912051;3;11;14
hep-th/9909098;hep-th/9909098;38;24;62
hep-th/9906223;hep-th/9906223;24;23;47
q-alg/9708030;q-alg/9708030;11;6;17
hep-th/9912053;hep-th/9912053;9;17;26
hep-th/9807014;hep-th/9807014;27;30;57
hep-th/9912052;hep-th/9912052;12;15;27
hep-th/9910177;hep-th/9910177;7;11;18
hep-th/9903057;hep-th/9903057;28;13;41
hep-th/9811180;hep-th/9811180;13;7;20
hep-th/9709021;hep-th/9709021;14;5;19
hep-th/9912021;hep-th/9912021;4;19;23
hep-th/9812140;hep-th/9812140;14;12;26
hep-th/9312206;hep-th/9312206;59;4;63
0805.2495;0805.2495;0;14;14
hep-th/0005133;hep-th/0005133;2;30;32
hep-th/9504029;hep-th/9504029;21;0;21
hep-th/0007185;hep-th/0007185;17;5;22
hep-th/0203132;hep-th/0203132;9;1;10
math-ph/0403052;math-ph/0403052;5;40;45
math/9805047;math/9805047;1;0;1
0711.0958;0711.0958;0;7;7
hep-th/9607092;hep-th/9607092;15;26;41
hep-th/9607157;hep-th/9607157;3;30;33
hep-th/9604164;hep-th/9604164;8;23;31
hep-th/9508091;hep-th/9508091;69;18;87
hep-th/9612189;hep-th/9612189;1;2;3
hep-th/9512020;hep-th/9512020;7;0;7
hep-th/9501085;hep-th/9501085;6;0;6
hep-th/9612184;hep-th/9612184;0;1;1
hep-th/9612182;hep-th/9612182;28;3;31
hep-th/9603001;hep-th/9603001;7;0;7
hep-th/9612183;hep-th/9612183;10;11;21
hep-th/9411124;hep-th/9411124;5;5;10
hep-th/9610099;hep-th/9610099;4;4;8
hep-th/9408061;hep-th/9408061;8;0;8
hep-th/9611185;hep-th/9611185;8;4;12
alg-geom/9504013;alg-geom/9504013;11;16;27
hep-th/9404060;hep-th/9404060;14;4;18
0908.0998;0908.0998;0;21;21
hep-th/0209093;hep-th/0209093;2;3;5
0804.1241;0804.1241;0;9;9
hep-th/9302034;hep-th/9302034;3;0;3
hep-th/9306106;hep-th/9306106;14;0;14
hep-th/9306107;hep-th/9306107;18;0;18
hep-th/9308073;hep-th/9308073;12;0;12
hep-th/9909046;hep-th/9909046;9;7;16
hep-ph/9412375;hep-ph/9412375;3;0;3
hep-th/0104207;hep-th/0104207;3;5;8
astro-ph/0409106;astro-ph/0409106;2;22;24
astro-ph/0406078;astro-ph/0406078;30;25;55
astro-ph/0406387;astro-ph/0406387;8;23;31
hep-th/0403210;hep-th/0403210;7;12;19
astro-ph/0312162;astro-ph/0312162;41;29;70
astro-ph/0205236;astro-ph/0205236;17;47;64
hep-th/0402198;hep-th/0402198;22;16;38
hep-th/0407066;hep-th/0407066;14;18;32
astro-ph/0408278;astro-ph/0408278;4;19;23
hep-ph/0312246;hep-ph/0312246;15;37;52
hep-th/0408140;hep-th/0408140;24;118;142
hep-th/0403209;hep-th/0403209;13;23;36
hep-th/0302147;hep-th/0302147;25;19;44
hep-th/9309057;hep-th/9309057;12;2;14
hep-th/9605111;hep-th/9605111;6;14;20
hep-th/9208040;hep-th/9208040;11;3;14
hep-th/9511229;hep-th/9511229;11;0;11
hep-th/9506151;hep-th/9506151;18;29;47
hep-th/0212261;hep-th/0212261;32;15;47
hep-th/9204095;hep-th/9204095;36;1;37
hep-th/0008145;hep-th/0008145;43;13;56
hep-th/9712095;hep-th/9712095;13;29;42
hep-th/9411030;hep-th/9411030;4;2;6
hep-th/9410223;hep-th/9410223;30;1;31
hep-th/9812208;hep-th/9812208;7;4;11
hep-th/0312003;hep-th/0312003;19;57;76
hep-th/0403201;hep-th/0403201;0;4;4
hep-th/0102175;hep-th/0102175;10;9;19
hep-th/0403202;hep-th/0403202;16;63;79
hep-th/0304076;hep-th/0304076;11;29;40
gr-qc/9801080;gr-qc/9801080;36;8;44
hep-th/9305007;hep-th/9305007;12;0;12
hep-th/0401218;hep-th/0401218;15;10;25
gr-qc/9503027;gr-qc/9503027;11;22;33
gr-qc/9707055;gr-qc/9707055;2;5;7
gr-qc/0312023;gr-qc/0312023;6;7;13
hep-th/9501106;hep-th/9501106;16;3;19
hep-th/9511227;hep-th/9511227;19;0;19
hep-th/9705100;hep-th/9705100;14;7;21
gr-qc/0309026;gr-qc/0309026;14;12;26
hep-th/0012017;hep-th/0012017;3;9;12
hep-th/9702075;hep-th/9702075;6;21;27
hep-th/0303089;hep-th/0303089;10;58;68
hep-th/0310069;hep-th/0310069;5;0;5
gr-qc/0304102;gr-qc/0304102;3;12;15
hep-th/0205223;hep-th/0205223;8;3;11
hep-th/0403204;hep-th/0403204;13;27;40
hep-th/0312019;hep-th/0312019;56;29;85
hep-th/0403060;hep-th/0403060;22;17;39
hep-th/0403067;hep-th/0403067;125;66;191
hep-ph/0402125;hep-ph/0402125;13;18;31
hep-th/0402051;hep-th/0402051;42;46;88
0705.0321;0705.0321;0;36;36
hep-ph/9512270;hep-ph/9512270;17;1;18
hep-th/0111086;hep-th/0111086;6;32;38
hep-th/0007206;hep-th/0007206;38;12;50
hep-ph/0112059;hep-ph/0112059;23;8;31
alg-geom/9612012;alg-geom/9612012;2;12;14
hep-th/0007026;hep-th/0007026;1;15;16
hep-th/0207027;hep-th/0207027;58;43;101
hep-th/0203173;hep-th/0203173;26;36;62
hep-th/0205155;hep-th/0205155;26;48;74
gr-qc/9606002;gr-qc/9606002;30;6;36
astro-ph/9402031;astro-ph/9402031;72;2;74
hep-th/9402085;hep-th/9402085;88;2;90
hep-th/9112065;hep-th/9112065;27;0;27
gr-qc/9606004;gr-qc/9606004;4;2;6
gr-qc/9512030;gr-qc/9512030;7;4;11
0712.1702;0712.1702;0;10;10
gr-qc/9606008;gr-qc/9606008;5;16;21
hep-th/9406210;hep-th/9406210;33;1;34
hep-th/9504031;hep-th/9504031;10;4;14
hep-th/9111031;hep-th/9111031;19;1;20
math/0009081;math/0009081;1;3;4
0712.2918;0712.2918;0;19;19
hep-th/9708145;hep-th/9708145;4;5;9
hep-th/0206076;hep-th/0206076;18;11;29
hep-th/0501047;hep-th/0501047;10;26;36
hep-th/0312176;hep-th/0312176;14;22;36
hep-th/9903066;hep-th/9903066;8;10;18
hep-th/9705187;hep-th/9705187;11;4;15
hep-th/9407089;hep-th/9407089;28;4;32
hep-th/0309261;hep-th/0309261;23;17;40
0910.3711;0910.3711;0;11;11
hep-th/0611286;hep-th/0611286;22;10;32
hep-th/0605173;hep-th/0605173;4;9;13
hep-th/0201235;hep-th/0201235;7;4;11
hep-lat/0503033;hep-lat/0503033;13;11;24
hep-lat/0206007;hep-lat/0206007;5;2;7
hep-th/0404226;hep-th/0404226;4;20;24
hep-th/0206091;hep-th/0206091;9;35;44
hep-th/0108054;hep-th/0108054;1;6;7
hep-th/9312182;hep-th/9312182;37;8;45
hep-th/9403041;hep-th/9403041;32;9;41
hep-th/9403191;hep-th/9403191;36;14;50
0708.3439;0708.3439;0;31;31
hep-th/0107025;hep-th/0107025;48;39;87
hep-ph/0611378;hep-ph/0611378;7;18;25
hep-th/0002040;hep-th/0002040;72;55;127
hep-th/0305150;hep-th/0305150;11;17;28
hep-th/0511247;hep-th/0511247;9;15;24
gr-qc/0610021;gr-qc/0610021;3;8;11
gr-qc/0507032;gr-qc/0507032;2;23;25
gr-qc/0605039;gr-qc/0605039;2;9;11
hep-th/0107086;hep-th/0107086;37;51;88
hep-th/0611074;hep-th/0611074;14;60;74
hep-th/0605180;hep-th/0605180;9;30;39
hep-th/0702010;hep-th/0702010;1;0;1
hep-ph/0511207;hep-ph/0511207;5;8;13
hep-th/0106234;hep-th/0106234;9;51;60
hep-th/0006117;hep-th/0006117;51;20;71
hep-th/0105108;hep-th/0105108;54;12;66
hep-th/0105252;hep-th/0105252;34;16;50
hep-th/0106129;hep-th/0106129;29;26;55
hep-th/0106237;hep-th/0106237;9;14;23
hep-th/0105093;hep-th/0105093;28;19;47
gr-qc/0104007;gr-qc/0104007;16;39;55
gr-qc/0005011;gr-qc/0005011;17;9;26
hep-th/0106120;hep-th/0106120;51;97;148
hep-th/0003002;hep-th/0003002;18;9;27
hep-th/0106236;hep-th/0106236;3;3;6
hep-th/0102073;hep-th/0102073;15;1;16
gr-qc/0006097;gr-qc/0006097;21;0;21
hep-th/0106231;hep-th/0106231;9;32;41
hep-th/0103089;hep-th/0103089;48;26;74
hep-th/9505172;hep-th/9505172;13;5;18
hep-th/0010095;hep-th/0010095;20;17;37
hep-th/9511046;hep-th/9511046;26;17;43
hep-ph/9909246;hep-ph/9909246;15;12;27
hep-th/0106233;hep-th/0106233;2;12;14
hep-th/0005281;hep-th/0005281;7;8;15
hep-th/9408058;hep-th/9408058;1;0;1
hep-th/9405154;hep-th/9405154;1;0;1
hep-th/0106232;hep-th/0106232;3;17;20
hep-th/9512042;hep-th/9512042;27;10;37
hep-th/0006013;hep-th/0006013;26;21;47
hep-th/9601171;hep-th/9601171;10;19;29
hep-th/0008119;hep-th/0008119;20;49;69
hep-th/0005283;hep-th/0005283;19;18;37
hep-th/9909017;hep-th/9909017;17;21;38
hep-th/9110034;hep-th/9110034;12;0;12
cond-mat/9806301;cond-mat/9806301;10;9;19
hep-th/9111008;hep-th/9111008;13;0;13
cond-mat/9703087;cond-mat/9703087;30;18;48
hep-th/9301083;hep-th/9301083;82;10;92
hep-th/9310180;hep-th/9310180;8;9;17
0712.4278;0712.4278;0;18;18
hep-th/0508183;hep-th/0508183;27;52;79
hep-th/0603228;hep-th/0603228;11;32;43
hep-th/0606084;hep-th/0606084;16;21;37
hep-th/0512222;hep-th/0512222;8;44;52
hep-th/0609108;hep-th/0609108;7;23;30
hep-th/0411200;hep-th/0411200;45;49;94
hep-th/9611101;hep-th/9611101;18;6;24
hep-th/0607244;hep-th/0607244;7;13;20
hep-th/0606287;hep-th/0606287;26;11;37
hep-th/0606188;hep-th/0606188;16;40;56
hep-th/0607076;hep-th/0607076;7;12;19
hep-th/0106239;hep-th/0106239;8;3;11
hep-th/0009217;hep-th/0009217;13;10;23
hep-th/9811149;hep-th/9811149;24;12;36
hep-th/0011086;hep-th/0011086;16;40;56
hep-th/0005051;hep-th/0005051;1;12;13
hep-th/0105218;hep-th/0105218;14;45;59
hep-ph/9412385;hep-ph/9412385;42;0;42
hep-ph/0508206;hep-ph/0508206;0;8;8
hep-th/0305232;hep-th/0305232;7;5;12
hep-ph/0507097;hep-ph/0507097;4;24;28
hep-ph/0309008;hep-ph/0309008;3;13;16
hep-th/0202042;hep-th/0202042;10;15;25
0710.1257;0710.1257;0;1;1
0710.1256;0710.1256;0;1;1
hep-th/9612079;hep-th/9612079;15;5;20
hep-th/0406028;hep-th/0406028;4;30;34
hep-th/0403079;hep-th/0403079;17;6;23
hep-th/9811033;hep-th/9811033;52;30;82
hep-th/0304022;hep-th/0304022;9;37;46
hep-th/0312285;hep-th/0312285;27;9;36
hep-th/0403248;hep-th/0403248;12;21;33
hep-th/0403156;hep-th/0403156;25;60;85
hep-th/0003071;hep-th/0003071;21;12;33
hep-th/0403094;hep-th/0403094;21;70;91
hep-th/9806119;hep-th/9806119;80;16;96
hep-th/0307160;hep-th/0307160;39;34;73
hep-th/9512226;hep-th/9512226;13;37;50
hep-th/0402101;hep-th/0402101;6;0;6
hep-th/9802038;hep-th/9802038;1;2;3
hep-th/0311173;hep-th/0311173;12;18;30
hep-th/0403010;hep-th/0403010;13;15;28
hep-th/0308149;hep-th/0308149;33;22;55
gr-qc/9805085;gr-qc/9805085;19;2;21
0905.2986;0905.2986;0;16;16
hep-ph/9708456;hep-ph/9708456;12;2;14
hep-th/9707222;hep-th/9707222;37;22;59
hep-th/0205184;hep-th/0205184;31;26;57
hep-ph/9707409;hep-ph/9707409;11;0;11
hep-th/0502202;hep-th/0502202;10;47;57
hep-th/0406101;hep-th/0406101;32;63;95
hep-ph/0501091;hep-ph/0501091;4;31;35
hep-th/0310187;hep-th/0310187;21;13;34
hep-th/0108094;hep-th/0108094;21;41;62
hep-th/0312210;hep-th/0312210;44;28;72
hep-th/0205315;hep-th/0205315;17;33;50
hep-th/0112079;hep-th/0112079;23;34;57
hep-th/0110048;hep-th/0110048;19;0;19
hep-th/9911240;hep-th/9911240;10;25;35
0910.4828;0910.4828;0;5;5
hep-lat/0403011;hep-lat/0403011;18;26;44
hep-lat/9901020;hep-lat/9901020;55;6;61
hep-th/0411132;hep-th/0411132;3;34;37
hep-th/0104091;hep-th/0104091;10;21;31
hep-th/0106072;hep-th/0106072;35;16;51
hep-th/9706068;hep-th/9706068;5;11;16
hep-th/0301030;hep-th/0301030;3;43;46
hep-th/0004071;hep-th/0004071;30;8;38
physics/0401142;physics/0401142;28;52;80
hep-th/0112127;hep-th/0112127;15;37;52
hep-th/9908027;hep-th/9908027;6;4;10
hep-th/9408085;hep-th/9408085;7;1;8
0911.5111;0911.5111;0;9;9
hep-th/0701229;hep-th/0701229;11;17;28
hep-th/0011255;hep-th/0011255;22;16;38
hep-th/0210160;hep-th/0210160;53;7;60
quant-ph/9810064;quant-ph/9810064;0;4;4
hep-th/9606053;hep-th/9606053;8;1;9
quant-ph/9611052;quant-ph/9611052;1;1;2
quant-ph/9608031;quant-ph/9608031;2;0;2
hep-th/9312173;hep-th/9312173;4;0;4
0807.1666;0807.1666;0;57;57
hep-th/0303209;hep-th/0303209;34;24;58
hep-th/0112187;hep-th/0112187;44;30;74
hep-th/0503156;hep-th/0503156;23;86;109
hep-th/0103235;hep-th/0103235;21;28;49
hep-th/0202118;hep-th/0202118;33;26;59
hep-th/0512067;hep-th/0512067;53;0;53
hep-th/0306066;hep-th/0306066;47;21;68
hep-th/0002011;hep-th/0002011;34;44;78
gr-qc/0608090;gr-qc/0608090;6;11;17
gr-qc/9904071;gr-qc/9904071;10;6;16
gr-qc/0501037;gr-qc/0501037;3;6;9
hep-th/9910168;hep-th/9910168;9;6;15
gr-qc/9808066;gr-qc/9808066;3;0;3
hep-th/0412127;hep-th/0412127;2;0;2
gr-qc/0601090;gr-qc/0601090;8;2;10
gr-qc/9808006;gr-qc/9808006;4;11;15
0805.4627;0805.4627;0;9;9
hep-th/0011108;hep-th/0011108;9;14;23
hep-th/0012089;hep-th/0012089;11;37;48
hep-th/0105115;hep-th/0105115;23;58;81
hep-th/0105264;hep-th/0105264;16;18;34
hep-th/0105247;hep-th/0105247;12;23;35
hep-th/0103056;hep-th/0103056;13;24;37
hep-ph/9911223;hep-ph/9911223;4;15;19
hep-ph/9908480;hep-ph/9908480;8;7;15
hep-ph/9810514;hep-ph/9810514;18;2;20
hep-ph/9909296;hep-ph/9909296;11;0;11
hep-ph/9908212;hep-ph/9908212;14;15;29
hep-ph/9808444;hep-ph/9808444;23;1;24
hep-ph/9909419;hep-ph/9909419;7;13;20
hep-ph/9908248;hep-ph/9908248;20;3;23
0905.4949;0905.4949;0;10;10
gr-qc/0612101;gr-qc/0612101;17;13;30
gr-qc/0612104;gr-qc/0612104;43;0;43
hep-th/0605017;hep-th/0605017;37;72;109
hep-th/0601025;hep-th/0601025;15;41;56
hep-th/0412260;hep-th/0412260;29;24;53
hep-ph/0603249;hep-ph/0603249;13;33;46
hep-th/0307218;hep-th/0307218;40;17;57
hep-th/0412170;hep-th/0412170;26;36;62
hep-th/0411097;hep-th/0411097;70;55;125
hep-th/0502088;hep-th/0502088;44;21;65
hep-th/0510110;hep-th/0510110;40;64;104
hep-th/0410035;hep-th/0410035;48;19;67
hep-th/0512087;hep-th/0512087;31;67;98
hep-th/0511044;hep-th/0511044;37;38;75
hep-th/0511045;hep-th/0511045;24;24;48
hep-th/0505164;hep-th/0505164;50;39;89
hep-th/0403279;hep-th/0403279;77;0;77
hep-th/0602174;hep-th/0602174;35;70;105
hep-th/0508058;hep-th/0508058;7;21;28
hep-th/0404016;hep-th/0404016;43;62;105
hep-th/0311084;hep-th/0311084;94;49;143
hep-th/0601130;hep-th/0601130;9;55;64
hep-th/0404248;hep-th/0404248;26;13;39
hep-th/0505057;hep-th/0505057;24;28;52
hep-th/0604173;hep-th/0604173;64;9;73
hep-th/0502091;hep-th/0502091;35;44;79
hep-th/0506021;hep-th/0506021;29;34;63
hep-th/0505181;hep-th/0505181;28;70;98
hep-th/0404260;hep-th/0404260;44;22;66
hep-th/0403226;hep-th/0403226;13;29;42
hep-th/9902045;hep-th/9902045;23;53;76
hep-th/0408210;hep-th/0408210;55;46;101
hep-th/0509219;hep-th/0509219;23;46;69
hep-th/0111135;hep-th/0111135;120;26;146
hep-th/0408113;hep-th/0408113;55;36;91
0808.1892;0808.1892;0;3;3
hep-th/0611335;hep-th/0611335;4;1;5
hep-th/0611334;hep-th/0611334;4;2;6
hep-th/0611336;hep-th/0611336;3;2;5
0709.3664;0709.3664;0;13;13
hep-th/9205059;hep-th/9205059;30;0;30
math-ph/0602049;math-ph/0602049;8;29;37
math-ph/0412033;math-ph/0412033;6;8;14
hep-th/9112059;hep-th/9112059;56;0;56
hep-th/0210015;hep-th/0210015;29;1;30
hep-th/0507115;hep-th/0507115;3;5;8
hep-th/0503013;hep-th/0503013;5;7;12
hep-th/0307189;hep-th/0307189;27;23;50
math-ph/0609056;math-ph/0609056;1;1;2
hep-th/9306041;hep-th/9306041;4;31;35
gr-qc/9409015;gr-qc/9409015;72;20;92
hep-th/9410187;hep-th/9410187;9;15;24
hep-th/9307151;hep-th/9307151;5;4;9
0911.3550;0911.3550;0;13;13
hep-th/0703040;hep-th/0703040;20;32;52
hep-th/9412153;hep-th/9412153;2;4;6
hep-th/9211032;hep-th/9211032;9;0;9
hep-th/9403093;hep-th/9403093;2;1;3
hep-th/9208005;hep-th/9208005;5;0;5
hep-th/9412152;hep-th/9412152;5;7;12
hep-th/9312198;hep-th/9312198;3;10;13
hep-th/9307096;hep-th/9307096;4;7;11
hep-th/9412151;hep-th/9412151;0;2;2
hep-th/9309045;hep-th/9309045;15;0;15
hep-th/9412150;hep-th/9412150;0;4;4
hep-th/9412157;hep-th/9412157;15;5;20
hep-th/9203082;hep-th/9203082;32;0;32
hep-th/9406009;hep-th/9406009;20;4;24
hep-th/9412155;hep-th/9412155;5;9;14
hep-th/9402010;hep-th/9402010;12;0;12
hep-th/9311115;hep-th/9311115;10;3;13
hep-ph/9311294;hep-ph/9311294;23;2;25
hep-th/9403082;hep-th/9403082;12;1;13
hep-th/9306014;hep-th/9306014;9;1;10
hep-th/9211018;hep-th/9211018;1;0;1
hep-th/9301131;hep-th/9301131;3;1;4
hep-th/9311116;hep-th/9311116;13;4;17
hep-th/9301086;hep-th/9301086;17;2;19
hep-th/9207069;hep-th/9207069;5;1;6
0709.2136;0709.2136;0;17;17
hep-th/0002131;hep-th/0002131;10;18;28
hep-th/9909101;hep-th/9909101;46;53;99
hep-th/0604090;hep-th/0604090;7;28;35
hep-th/0612159;hep-th/0612159;3;0;3
hep-th/9909075;hep-th/9909075;15;16;31
cond-mat/9805404;cond-mat/9805404;13;2;15
hep-th/9810237;hep-th/9810237;16;26;42
0710.0615;0710.0615;0;5;5
astro-ph/0504228;astro-ph/0504228;10;10;20
gr-qc/0503076;gr-qc/0503076;20;8;28
0708.2501;0708.2501;0;25;25
hep-ph/0703164;hep-ph/0703164;7;9;16
hep-th/0602155;hep-th/0602155;8;38;46
hep-th/0601125;hep-th/0601125;7;1;8
hep-ph/0409214;hep-ph/0409214;18;24;42
hep-th/0604052;hep-th/0604052;7;2;9
hep-ph/0505187;hep-ph/0505187;8;19;27
hep-th/0608094;hep-th/0608094;8;29;37
hep-th/0108025;hep-th/0108025;13;26;39
hep-th/0503153;hep-th/0503153;9;27;36
hep-ph/0604215;hep-ph/0604215;10;39;49
hep-th/9612111;hep-th/9612111;9;3;12
hep-th/9612110;hep-th/9612110;10;9;19
hep-ph/9507443;hep-ph/9507443;9;3;12
0710.0613;0710.0613;0;8;8
hep-ph/0508075;hep-ph/0508075;13;34;47
0708.2503;0708.2503;0;11;11
hep-ph/0302176;hep-ph/0302176;22;26;48
hep-th/0701287;hep-th/0701287;9;55;64
hep-th/0611350;hep-th/0611350;4;16;20
hep-th/0611078;hep-th/0611078;4;27;31
hep-ph/0503226;hep-ph/0503226;8;22;30
hep-ph/0504093;hep-ph/0504093;8;49;57
0709.2130;0709.2130;0;28;28
hep-ph/0305279;hep-ph/0305279;26;7;33
gr-qc/0701090;gr-qc/0701090;3;0;3
gr-qc/0609083;gr-qc/0609083;11;33;44
astro-ph/0401015;astro-ph/0401015;19;28;47
astro-ph/0505133;astro-ph/0505133;41;26;67
gr-qc/0601012;gr-qc/0601012;11;26;37
hep-ph/0106326;hep-ph/0106326;10;3;13
hep-ph/9605325;hep-ph/9605325;31;31;62
0906.0499;0906.0499;0;29;29
hep-th/0412125;hep-th/0412125;5;16;21
hep-th/0510209;hep-th/0510209;18;46;64
hep-ph/0106322;hep-ph/0106322;12;12;24
hep-ph/0008333;hep-ph/0008333;13;68;81
hep-ph/0007100;hep-ph/0007100;30;7;37
hep-th/0006213;hep-th/0006213;30;8;38
hep-ph/0103104;hep-ph/0103104;19;16;35
hep-th/0412010;hep-th/0412010;0;8;8
hep-lat/9710068;hep-lat/9710068;39;1;40
hep-th/0212264;hep-th/0212264;13;3;16
hep-lat/0311029;hep-lat/0311029;12;21;33
hep-lat/9911006;hep-lat/9911006;15;9;24
hep-lat/0107018;hep-lat/0107018;12;0;12
0903.2527;0903.2527;0;23;23
hep-th/0703074;hep-th/0703074;16;14;30
hep-th/0502205;hep-th/0502205;1;12;13
hep-ph/0401032;hep-ph/0401032;13;0;13
hep-ph/0406077;hep-ph/0406077;16;0;16
0812.0385;0812.0385;0;16;16
hep-th/9405143;hep-th/9405143;42;2;44
0709.1232;0709.1232;1;30;31
quant-ph/0103153;quant-ph/0103153;13;0;13
hep-th/9406002;hep-th/9406002;12;3;15
hep-th/9610229;hep-th/9610229;10;12;22
hep-th/9308106;hep-th/9308106;45;5;50
0710.5904;0710.5904;0;10;10
cond-mat/9706136;cond-mat/9706136;4;0;4
hep-th/9306049;hep-th/9306049;10;1;11
hep-th/0112163;hep-th/0112163;5;7;12
hep-th/9803118;hep-th/9803118;24;6;30
0804.2481;0804.2481;0;8;8
math/0412257;math/0412257;5;1;6
math/0401034;math/0401034;2;2;4
hep-th/0610326;hep-th/0610326;12;9;21
hep-th/9403055;hep-th/9403055;15;2;17
0903.1481;0903.1481;0;26;26
hep-th/0607001;hep-th/0607001;22;21;43
astro-ph/0409071;astro-ph/0409071;11;0;11
hep-th/0312288;hep-th/0312288;16;19;35
astro-ph/0204031;astro-ph/0204031;11;28;39
hep-ph/0610069;hep-ph/0610069;9;15;24
0809.2645;0809.2645;0;36;36
hep-th/0701200;hep-th/0701200;13;14;27
hep-th/0207067;hep-th/0207067;27;23;50
0804.2489;0804.2489;0;24;24
hep-th/0601078;hep-th/0601078;6;29;35
hep-th/0605019;hep-th/0605019;1;4;5
hep-th/0512137;hep-th/0512137;2;1;3
hep-th/0411096;hep-th/0411096;2;11;13
0808.3067;0808.3067;0;11;11
hep-th/0303213;hep-th/0303213;21;23;44
0808.3062;0808.3062;0;36;36
hep-th/0307217;hep-th/0307217;36;7;43
hep-th/0608035;hep-th/0608035;10;22;32
hep-th/0412305;hep-th/0412305;8;23;31
hep-th/0604162;hep-th/0604162;8;20;28
hep-th/0210042;hep-th/0210042;26;23;49
hep-th/0111049;hep-th/0111049;15;8;23
hep-ph/0703313;hep-ph/0703313;8;25;33
hep-th/0411147;hep-th/0411147;23;17;40
hep-th/0301066;hep-th/0301066;12;38;50
hep-th/0106280;hep-th/0106280;47;17;64
hep-th/0105191;hep-th/0105191;15;25;40
hep-th/0603207;hep-th/0603207;9;20;29
hep-th/0601109;hep-th/0601109;12;61;73
hep-th/0509036;hep-th/0509036;15;31;46
hep-th/0509015;hep-th/0509015;48;27;75
hep-th/0511216;hep-th/0511216;15;78;93
hep-th/0412072;hep-th/0412072;3;36;39
hep-th/0509195;hep-th/0509195;14;71;85
hep-th/9207034;hep-th/9207034;26;2;28
hep-th/9207077;hep-th/9207077;12;3;15
hep-th/9209056;hep-th/9209056;1;3;4
hep-th/9109025;hep-th/9109025;14;0;14
hep-th/9209051;hep-th/9209051;0;3;3
hep-th/9112033;hep-th/9112033;9;0;9
hep-th/9111048;hep-th/9111048;39;0;39
0812.2727;0812.2727;0;21;21
hep-th/0606193;hep-th/0606193;11;47;58
hep-th/0702043;hep-th/0702043;41;50;91
hep-th/9109027;hep-th/9109027;29;0;29
hep-th/9203012;hep-th/9203012;17;2;19
0807.0050;0807.0050;0;13;13
hep-th/0703071;hep-th/0703071;13;18;31
hep-th/0412018;hep-th/0412018;5;16;21
hep-th/0411159;hep-th/0411159;18;10;28
hep-th/0411182;hep-th/0411182;20;7;27
hep-th/0202058;hep-th/0202058;23;3;26
0704.0756;0704.0756;0;10;10
hep-th/0507006;hep-th/0507006;13;14;27
0812.0654;0812.0654;0;12;12
hep-ph/0004141;hep-ph/0004141;3;7;10
hep-th/0412326;hep-th/0412326;7;0;7
hep-ph/0701050;hep-ph/0701050;21;19;40
hep-lat/9805020;hep-lat/9805020;18;8;26
0801.2540;0801.2540;0;11;11
hep-th/0609135;hep-th/0609135;12;58;70
hep-th/0609173;hep-th/0609173;15;70;85
hep-th/0311148;hep-th/0311148;0;17;17
hep-th/9402038;hep-th/9402038;40;0;40
hep-th/0303245;hep-th/0303245;2;27;29
hep-th/0211168;hep-th/0211168;7;0;7
hep-th/0010012;hep-th/0010012;4;13;17
hep-th/0103252;hep-th/0103252;6;9;15
hep-th/0203085;hep-th/0203085;5;29;34
hep-th/9912196;hep-th/9912196;24;25;49
hep-th/9901145;hep-th/9901145;9;13;22
hep-th/0211174;hep-th/0211174;5;25;30
hep-th/0311145;hep-th/0311145;0;7;7
hep-th/9301013;hep-th/9301013;17;0;17
hep-th/0301097;hep-th/0301097;6;10;16
hep-lat/9804016;hep-lat/9804016;37;13;50
hep-th/0111244;hep-th/0111244;7;7;14
hep-th/9902064;hep-th/9902064;35;6;41
hep-lat/0005005;hep-lat/0005005;9;7;16
hep-ph/9804326;hep-ph/9804326;4;1;5
hep-ph/9706266;hep-ph/9706266;10;0;10
hep-th/0311147;hep-th/0311147;5;13;18
gr-qc/0008008;gr-qc/0008008;31;81;112
hep-th/0305211;hep-th/0305211;29;49;78
hep-th/0208026;hep-th/0208026;3;16;19
hep-th/0207103;hep-th/0207103;5;24;29
hep-th/0210211;hep-th/0210211;1;21;22
hep-th/0105214;hep-th/0105214;51;46;97
hep-th/0303234;hep-th/0303234;15;20;35
hep-th/0201227;hep-th/0201227;16;57;73
hep-th/0310024;hep-th/0310024;57;45;102
hep-th/0001054;hep-th/0001054;14;47;61
hep-th/0210208;hep-th/0210208;16;10;26
hep-th/0003053;hep-th/0003053;30;15;45
hep-th/0203147;hep-th/0203147;27;39;66
hep-th/0207124;hep-th/0207124;15;72;87
hep-th/0011148;hep-th/0011148;16;59;75
hep-th/9110041;hep-th/9110041;36;0;36
hep-th/0310135;hep-th/0310135;20;15;35
hep-th/0310046;hep-th/0310046;9;22;31
hep-th/0010002;hep-th/0010002;15;0;15
hep-th/0112004;hep-th/0112004;8;12;20
hep-th/0007069;hep-th/0007069;17;18;35
hep-th/0002100;hep-th/0002100;37;35;72
hep-th/0102176;hep-th/0102176;13;19;32
hep-th/0311140;hep-th/0311140;0;1;1
hep-th/9312079;hep-th/9312079;4;2;6
hep-th/0311143;hep-th/0311143;3;11;14
hep-th/0003155;hep-th/0003155;9;4;13
hep-th/0210244;hep-th/0210244;4;10;14
hep-th/0311142;hep-th/0311142;11;17;28
hep-ph/0107331;hep-ph/0107331;63;19;82
hep-th/0109135;hep-th/0109135;13;2;15
0710.4912;0710.4912;0;37;37
hep-th/0412179;hep-th/0412179;25;18;43
hep-th/0610033;hep-th/0610033;9;27;36
hep-th/0412322;hep-th/0412322;40;0;40
hep-th/0406121;hep-th/0406121;18;17;35
hep-th/0507080;hep-th/0507080;9;22;31
hep-th/0505166;hep-th/0505166;74;46;120
hep-th/9712160;hep-th/9712160;15;25;40
hep-th/0008226;hep-th/0008226;6;40;46
hep-th/9809027;hep-th/9809027;117;23;140
hep-th/0505176;hep-th/0505176;10;33;43
hep-th/0703252;hep-th/0703252;21;15;36
0904.4171;0904.4171;0;13;13
hep-th/9803200;hep-th/9803200;14;3;17
hep-th/9512131;hep-th/9512131;3;7;10
hep-th/9406140;hep-th/9406140;9;0;9
hep-th/9404046;hep-th/9404046;7;0;7
hep-th/9805184;hep-th/9805184;14;9;23
0710.4919;0710.4919;0;7;7
gr-qc/0703144;gr-qc/0703144;16;28;44
hep-th/9409106;hep-th/9409106;4;2;6
q-alg/9702026;q-alg/9702026;1;17;18
gr-qc/9607060;gr-qc/9607060;25;9;34
hep-ph/0207254;hep-ph/0207254;2;10;12
0812.3388;0812.3388;0;20;20
hep-th/0611259;hep-th/0611259;20;24;44
hep-th/0512123;hep-th/0512123;23;33;56
hep-th/0411270;hep-th/0411270;39;15;54
hep-th/0607164;hep-th/0607164;14;33;47
hep-th/0612026;hep-th/0612026;17;24;41
hep-th/0702153;hep-th/0702153;40;22;62
hep-th/0112249;hep-th/0112249;72;41;113
hep-th/0703101;hep-th/0703101;16;34;50
hep-lat/9709087;hep-lat/9709087;1;1;2
hep-th/9610002;hep-th/9610002;21;3;24
hep-lat/9709145;hep-lat/9709145;6;1;7
hep-ph/9506456;hep-ph/9506456;23;9;32
hep-th/9707180;hep-th/9707180;1;1;2
0806.1942;0806.1942;0;28;28
hep-th/0206233;hep-th/0206233;22;6;28
hep-th/0303202;hep-th/0303202;14;22;36
hep-th/0609221;hep-th/0609221;18;28;46
hep-th/0504090;hep-th/0504090;36;31;67
hep-th/9806101;hep-th/9806101;3;2;5
hep-th/9806100;hep-th/9806100;15;0;15
hep-th/0006009;hep-th/0006009;21;34;55
hep-th/0512342;hep-th/0512342;29;22;51
hep-th/0601095;hep-th/0601095;34;45;79
0806.1944;0806.1944;0;31;31
hep-th/0605231;hep-th/0605231;18;15;33
hep-th/0506239;hep-th/0506239;9;2;11
hep-th/0608199;hep-th/0608199;8;23;31
hep-th/9502016;hep-th/9502016;19;0;19
hep-th/0306103;hep-th/0306103;6;4;10
hep-th/0602048;hep-th/0602048;6;11;17
hep-th/9907223;hep-th/9907223;1;7;8
hep-th/0611310;hep-th/0611310;10;12;22
hep-th/0301169;hep-th/0301169;9;5;14
hep-lat/9804002;hep-lat/9804002;6;6;12
hep-lat/9608075;hep-lat/9608075;2;3;5
hep-th/9303150;hep-th/9303150;16;4;20
hep-th/9510014;hep-th/9510014;4;8;12
hep-lat/9303007;hep-lat/9303007;34;0;34
hep-lat/9704021;hep-lat/9704021;3;4;7
hep-th/0412197;hep-th/0412197;44;33;77
hep-th/0311055;hep-th/0311055;16;67;83
gr-qc/0412012;gr-qc/0412012;3;42;45
hep-th/0403104;hep-th/0403104;13;39;52
hep-th/0003046;hep-th/0003046;13;4;17
hep-th/0403029;hep-th/0403029;1;21;22
hep-th/0212014;hep-th/0212014;10;29;39
hep-th/0409162;hep-th/0409162;50;35;85
hep-th/0312097;hep-th/0312097;33;18;51
gr-qc/0412026;gr-qc/0412026;14;130;144
gr-qc/0409076;gr-qc/0409076;4;44;48
hep-th/0409121;hep-th/0409121;58;28;86
astro-ph/0407424;astro-ph/0407424;22;32;54
hep-th/0501092;hep-th/0501092;13;34;47
hep-th/0502162;hep-th/0502162;24;59;83
astro-ph/0412619;astro-ph/0412619;43;53;96
hep-th/0501194;hep-th/0501194;32;24;56
hep-th/0410270;hep-th/0410270;22;50;72
hep-th/0402174;hep-th/0402174;13;26;39
hep-th/0410115;hep-th/0410115;14;50;64
hep-th/0308022;hep-th/0308022;16;29;45
hep-th/0110225;hep-th/0110225;56;24;80
hep-th/0407189;hep-th/0407189;6;50;56
hep-th/0202161;hep-th/0202161;17;9;26
hep-th/9709199;hep-th/9709199;32;12;44
hep-th/9709063;hep-th/9709063;30;9;39
hep-th/9708063;hep-th/9708063;14;15;29
hep-th/9804023;hep-th/9804023;38;0;38
hep-th/9707039;hep-th/9707039;2;1;3
hep-th/9805007;hep-th/9805007;12;28;40
hep-th/9801189;hep-th/9801189;20;15;35
0804.3994;0804.3994;0;3;3
cond-mat/0409404;cond-mat/0409404;5;2;7
cond-mat/0608667;cond-mat/0608667;2;0;2
cond-mat/0309715;cond-mat/0309715;6;7;13
hep-th/9805012;hep-th/9805012;4;11;15
hep-th/9803084;hep-th/9803084;33;0;33
hep-th/9803178;hep-th/9803178;3;7;10
hep-th/9804106;hep-th/9804106;19;10;29
hep-th/9803121;hep-th/9803121;16;8;24
gr-qc/9803068;gr-qc/9803068;27;10;37
gr-qc/9802062;gr-qc/9802062;25;3;28
hep-th/9803210;hep-th/9803210;16;10;26
hep-th/9712080;hep-th/9712080;14;8;22
hep-ph/9509343;hep-ph/9509343;6;2;8
hep-th/9803250;hep-th/9803250;10;10;20
hep-th/9805010;hep-th/9805010;1;11;12
cond-mat/9703223;cond-mat/9703223;1;4;5
hep-th/9604031;hep-th/9604031;11;1;12
hep-th/9312161;hep-th/9312161;18;2;20
hep-th/9402057;hep-th/9402057;31;6;37
hep-th/9612063;hep-th/9612063;8;6;14
hep-th/9707150;hep-th/9707150;5;11;16
hep-th/9705176;hep-th/9705176;31;1;32
hep-th/9611102;hep-th/9611102;1;8;9
hep-th/9703193;hep-th/9703193;3;0;3
cond-mat/9610054;cond-mat/9610054;2;2;4
hep-th/9805011;hep-th/9805011;2;2;4
hep-ph/9704235;hep-ph/9704235;3;4;7
hep-ph/9606351;hep-ph/9606351;5;0;5
hep-th/9805016;hep-th/9805016;0;3;3
hep-th/9303047;hep-th/9303047;14;0;14
hep-th/9805017;hep-th/9805017;0;8;8
hep-th/9805014;hep-th/9805014;27;29;56
hep-th/9801125;hep-th/9801125;8;56;64
hep-th/9706100;hep-th/9706100;51;0;51
hep-th/9702015;hep-th/9702015;107;0;107
hep-th/9707188;hep-th/9707188;48;19;67
hep-th/9109041;hep-th/9109041;34;0;34
hep-th/9705088;hep-th/9705088;12;22;34
0906.0494;0906.0494;0;1;1
hep-th/9909057;hep-th/9909057;3;0;3
math-ph/0407039;math-ph/0407039;1;6;7
cond-mat/0402129;cond-mat/0402129;5;3;8
hep-th/9909216;hep-th/9909216;36;10;46
0705.1120;0705.1120;0;15;15
q-alg/9610005;q-alg/9610005;11;8;19
hep-th/0401143;hep-th/0401143;4;2;6
0805.3930;0805.3930;0;5;5
0808.2335;0808.2335;0;22;22
astro-ph/0512494;astro-ph/0512494;7;0;7
gr-qc/0607067;gr-qc/0607067;10;12;22
astro-ph/0208223;astro-ph/0208223;13;18;31
hep-th/0101061;hep-th/0101061;22;15;37
gr-qc/0503072;gr-qc/0503072;9;22;31
gr-qc/0409023;gr-qc/0409023;9;13;22
hep-th/0110088;hep-th/0110088;16;31;47
hep-lat/0309030;hep-lat/0309030;3;4;7
hep-th/0006111;hep-th/0006111;23;26;49
math/0506453;math/0506453;5;10;15
hep-th/0012123;hep-th/0012123;10;0;10
hep-th/0302120;hep-th/0302120;1;15;16
math/0306273;math/0306273;3;1;4
math/0011040;math/0011040;1;0;1
hep-th/0310153;hep-th/0310153;5;27;32
0808.2330;0808.2330;0;16;16
hep-th/0201103;hep-th/0201103;20;7;27
hep-th/0511071;hep-th/0511071;8;21;29
hep-th/0104264;hep-th/0104264;29;31;60
hep-lat/0210021;hep-lat/0210021;3;19;22
hep-lat/9503003;hep-lat/9503003;2;0;2
hep-lat/0110026;hep-lat/0110026;11;9;20
hep-th/9905147;hep-th/9905147;38;7;45
hep-lat/0110065;hep-lat/0110065;2;20;22
hep-lat/9806018;hep-lat/9806018;7;1;8
0704.3800;0704.3800;0;19;19
astro-ph/0512487;astro-ph/0512487;11;17;28
hep-th/0605014;hep-th/0605014;24;17;41
astro-ph/0604143;astro-ph/0604143;23;11;34
0905.0213;0905.0213;0;90;90
hep-lat/9909129;hep-lat/9909129;25;11;36
gr-qc/0311055;gr-qc/0311055;17;2;19
gr-qc/0302009;gr-qc/0302009;4;8;12
hep-lat/9507014;hep-lat/9507014;52;18;70
hep-lat/0201013;hep-lat/0201013;11;4;15
hep-th/0309012;hep-th/0309012;10;17;27
hep-th/0507012;hep-th/0507012;11;14;25
hep-th/9501049;hep-th/9501049;51;3;54
hep-th/9907084;hep-th/9907084;22;18;40
gr-qc/9805049;gr-qc/9805049;43;44;87
hep-th/9312175;hep-th/9312175;21;4;25
hep-th/9510208;hep-th/9510208;8;8;16
hep-th/9503134;hep-th/9503134;24;11;35
hep-th/9406207;hep-th/9406207;35;11;46
hep-th/9604067;hep-th/9604067;14;16;30
hep-th/9208032;hep-th/9208032;30;1;31
gr-qc/0003117;gr-qc/0003117;12;1;13
hep-th/9303041;hep-th/9303041;31;1;32
hep-th/9511117;hep-th/9511117;22;10;32
hep-th/0001124;hep-th/0001124;19;55;74
gr-qc/0607013;gr-qc/0607013;13;19;32
hep-th/0407261;hep-th/0407261;63;19;82
hep-th/0603079;hep-th/0603079;2;12;14
hep-th/0311072;hep-th/0311072;7;13;20
math-ph/0406013;math-ph/0406013;14;15;29
hep-th/0307263;hep-th/0307263;12;17;29
hep-th/9904012;hep-th/9904012;26;9;35
hep-th/9409101;hep-th/9409101;16;7;23
hep-th/0010259;hep-th/0010259;18;5;23
hep-th/0504116;hep-th/0504116;42;28;70
hep-th/9312047;hep-th/9312047;46;5;51
hep-th/9401096;hep-th/9401096;43;2;45
hep-th/0306183;hep-th/0306183;11;8;19
hep-th/9312158;hep-th/9312158;29;2;31
0710.2093;0710.2093;0;16;16
hep-th/0009107;hep-th/0009107;23;35;58
hep-th/0512238;hep-th/0512238;13;21;34
hep-th/0105200;hep-th/0105200;44;36;80
hep-th/0209084;hep-th/0209084;9;16;25
hep-th/0209241;hep-th/0209241;55;188;243
hep-th/0509155;hep-th/0509155;17;108;125
0809.0468;0809.0468;2;19;21
0905.1411;0905.1411;0;5;5
hep-th/9802120;hep-th/9802120;18;8;26
astro-ph/9812465;astro-ph/9812465;1;1;2
hep-th/9312115;hep-th/9312115;22;0;22
astro-ph/0602594;astro-ph/0602594;13;33;46
astro-ph/0210345;astro-ph/0210345;18;3;21
gr-qc/9605072;gr-qc/9605072;26;0;26
gr-qc/9609013;gr-qc/9609013;23;9;32
gr-qc/0303085;gr-qc/0303085;4;0;4
hep-th/0410247;hep-th/0410247;15;16;31
hep-th/0308072;hep-th/0308072;29;10;39
astro-ph/0406606;astro-ph/0406606;13;15;28
hep-th/0307170;hep-th/0307170;25;17;42
astro-ph/0512014;astro-ph/0512014;17;6;23
astro-ph/0306304;astro-ph/0306304;17;2;19
astro-ph/9807019;astro-ph/9807019;5;2;7
hep-ph/0102140;hep-ph/0102140;2;5;7
hep-th/0511186;hep-th/0511186;13;51;64
0802.3212;0802.3212;0;1;1
hep-ph/0510117;hep-ph/0510117;1;8;9
hep-ph/9912351;hep-ph/9912351;20;1;21
hep-ph/0102124;hep-ph/0102124;13;5;18
hep-ph/0307283;hep-ph/0307283;6;6;12
hep-ph/0506311;hep-ph/0506311;6;7;13
hep-ph/9611438;hep-ph/9611438;12;0;12
hep-ph/0308288;hep-ph/0308288;11;16;27
hep-ph/0504195;hep-ph/0504195;6;8;14
hep-th/9812171;hep-th/9812171;5;0;5
hep-ph/0512042;hep-ph/0512042;1;6;7
hep-th/9509011;hep-th/9509011;2;0;2
hep-ph/0412392;hep-ph/0412392;1;3;4
gr-qc/9707062;gr-qc/9707062;20;13;33
hep-th/9305040;hep-th/9305040;41;94;135
gr-qc/9704001;gr-qc/9704001;6;7;13
gr-qc/9707061;gr-qc/9707061;0;6;6
hep-th/9705244;hep-th/9705244;14;9;23
hep-th/9205022;hep-th/9205022;14;0;14
gr-qc/9301006;gr-qc/9301006;4;1;5
0801.0745;0801.0745;0;10;10
hep-ph/0608296;hep-ph/0608296;13;20;33
hep-ph/9510370;hep-ph/9510370;51;0;51
hep-th/0103202;hep-th/0103202;29;23;52
hep-ph/0608096;hep-ph/0608096;9;16;25
hep-ph/0512227;hep-ph/0512227;17;78;95
hep-ph/0603244;hep-ph/0603244;16;66;82
0904.2631;0904.2631;0;25;25
hep-th/0701292;hep-th/0701292;11;34;45
hep-th/0504019;hep-th/0504019;13;25;38
hep-th/0601204;hep-th/0601204;18;37;55
hep-th/0701055;hep-th/0701055;14;12;26
hep-th/0510010;hep-th/0510010;12;7;19
0710.1527;0710.1527;0;4;4
math/0310080;math/0310080;3;0;3
math/0211265;math/0211265;2;2;4
0802.3335;0802.3335;0;13;13
hep-th/0412011;hep-th/0412011;8;10;18
hep-th/0703232;hep-th/0703232;1;16;17
hep-th/0302032;hep-th/0302032;11;7;18
0908.0218;0908.0218;0;16;16
nlin/0201001;nlin/0201001;12;1;13
hep-th/0701148;hep-th/0701148;10;3;13
gr-qc/9405049;gr-qc/9405049;11;0;11
gr-qc/0611083;gr-qc/0611083;6;24;30
hep-th/0511022;hep-th/0511022;11;1;12
hep-th/0510204;hep-th/0510204;15;2;17
0906.3472;0906.3472;0;27;27
hep-th/0611028;hep-th/0611028;10;30;40
hep-th/0511086;hep-th/0511086;1;0;1
hep-th/0611111;hep-th/0611111;6;20;26
0904.3581;0904.3581;0;7;7
hep-th/9212035;hep-th/9212035;42;2;44
hep-th/0609165;hep-th/0609165;16;12;28
gr-qc/9410023;gr-qc/9410023;18;1;19
astro-ph/9807048;astro-ph/9807048;1;2;3
astro-ph/9801224;astro-ph/9801224;7;1;8
astro-ph/9609129;astro-ph/9609129;15;5;20
0710.1524;0710.1524;0;9;9
hep-ph/0610040;hep-ph/0610040;9;29;38
hep-th/0305096;hep-th/0305096;8;24;32
hep-th/0212121;hep-th/0212121;24;30;54
hep-th/0303115;hep-th/0303115;19;63;82
hep-th/0212274;hep-th/0212274;24;50;74
0804.4484;0804.4484;0;45;45
astro-ph/0512124;astro-ph/0512124;6;53;59
gr-qc/0508116;gr-qc/0508116;24;32;56
astro-ph/0209443;astro-ph/0209443;29;27;56
astro-ph/0408246;astro-ph/0408246;45;29;74
hep-th/0205187;hep-th/0205187;89;0;89
astro-ph/0211285;astro-ph/0211285;12;14;26
hep-th/0409244;hep-th/0409244;14;55;69
gr-qc/0602050;gr-qc/0602050;8;22;30
hep-th/0611094;hep-th/0611094;15;27;42
hep-th/0407162;hep-th/0407162;22;44;66
astro-ph/0606287;astro-ph/0606287;43;27;70
hep-th/0408061;hep-th/0408061;19;24;43
0706.3473;0706.3473;0;10;10
hep-th/9810042;hep-th/9810042;24;4;28
hep-th/0109206;hep-th/0109206;2;0;2
hep-th/0412027;hep-th/0412027;6;47;53
hep-th/0512258;hep-th/0512258;7;25;32
hep-th/0604194;hep-th/0604194;10;14;24
hep-th/0406073;hep-th/0406073;9;3;12
hep-th/0007055;hep-th/0007055;4;23;27
hep-th/9804121;hep-th/9804121;43;29;72
hep-th/9902004;hep-th/9902004;17;37;54
hep-th/0007054;hep-th/0007054;8;2;10
hep-th/9808106;hep-th/9808106;1;0;1
hep-ph/9610454;hep-ph/9610454;2;3;5
hep-th/9806214;hep-th/9806214;21;25;46
hep-th/9902073;hep-th/9902073;32;36;68
hep-th/0007050;hep-th/0007050;27;41;68
hep-th/0002119;hep-th/0002119;66;18;84
hep-th/0003006;hep-th/0003006;57;16;73
hep-th/9912036;hep-th/9912036;16;21;37
hep-ph/0005191;hep-ph/0005191;75;20;95
hep-th/0005272;hep-th/0005272;79;33;112
hep-th/0004115;hep-th/0004115;33;32;65
hep-th/0006087;hep-th/0006087;8;15;23
hep-th/0004085;hep-th/0004085;17;43;60
hep-th/0007053;hep-th/0007053;30;25;55
hep-th/0001013;hep-th/0001013;17;13;30
hep-th/0001107;hep-th/0001107;20;9;29
hep-th/9912242;hep-th/9912242;22;10;32
hep-th/0007052;hep-th/0007052;20;30;50
hep-th/0006193;hep-th/0006193;27;22;49
hep-th/0006225;hep-th/0006225;20;19;39
hep-th/9902171;hep-th/9902171;18;13;31
hep-th/9911169;hep-th/9911169;36;40;76
hep-th/0006023;hep-th/0006023;58;30;88
hep-th/9812144;hep-th/9812144;21;23;44
hep-th/9611047;hep-th/9611047;109;37;146
hep-th/9703001;hep-th/9703001;3;2;5
hep-th/9702177;hep-th/9702177;4;1;5
hep-th/9602066;hep-th/9602066;5;0;5
hep-th/9704073;hep-th/9704073;44;1;45
hep-th/9704070;hep-th/9704070;2;8;10
hep-th/9610038;hep-th/9610038;4;15;19
hep-th/9508175;hep-th/9508175;7;3;10
hep-th/9608190;hep-th/9608190;9;10;19
hep-th/9704071;hep-th/9704071;1;2;3
quant-ph/9609025;quant-ph/9609025;1;0;1
dg-ga/9605001;dg-ga/9605001;2;0;2
hep-th/9704077;hep-th/9704077;0;13;13
hep-th/9611009;hep-th/9611009;4;3;7
hep-th/9405123;hep-th/9405123;4;1;5
hep-th/9704074;hep-th/9704074;4;5;9
hep-th/9505091;hep-th/9505091;33;18;51
hep-th/9303026;hep-th/9303026;5;1;6
hep-th/9210063;hep-th/9210063;3;0;3
hep-th/9704075;hep-th/9704075;5;17;22
hep-th/9703038;hep-th/9703038;48;17;65
hep-th/9701151;hep-th/9701151;36;13;49
hep-th/9701168;hep-th/9701168;19;7;26
0904.2186;0904.2186;0;13;13
hep-th/0606261;hep-th/0606261;14;4;18
hep-th/0703249;hep-th/0703249;15;19;34
hep-th/0612075;hep-th/0612075;12;2;14
hep-th/0605203;hep-th/0605203;7;11;18
hep-th/0606122;hep-th/0606122;20;16;36
hep-ph/9602419;hep-ph/9602419;23;5;28
hep-lat/9510019;hep-lat/9510019;16;2;18
0709.3520;0709.3520;0;10;10
hep-th/0201143;hep-th/0201143;8;0;8
hep-th/9310142;hep-th/9310142;8;0;8
hep-th/9209086;hep-th/9209086;14;0;14
hep-th/9508136;hep-th/9508136;28;6;34
hep-ph/0504070;hep-ph/0504070;24;7;31
gr-qc/0404126;gr-qc/0404126;3;20;23
hep-th/0307077;hep-th/0307077;32;0;32
astro-ph/0404441;astro-ph/0404441;47;47;94
hep-th/0204222;hep-th/0204222;30;19;49
hep-th/0403173;hep-th/0403173;16;15;31
astro-ph/0312488;astro-ph/0312488;25;28;53
hep-th/0402081;hep-th/0402081;3;3;6
astro-ph/0112079;astro-ph/0112079;31;20;51
hep-th/0112128;hep-th/0112128;64;35;99
gr-qc/0110124;gr-qc/0110124;47;27;74
hep-th/0204227;hep-th/0204227;7;20;27
hep-ph/9511378;hep-ph/9511378;33;9;42
hep-ph/9707451;hep-ph/9707451;14;19;33
hep-ph/0201083;hep-ph/0201083;2;0;2
hep-th/9306113;hep-th/9306113;1;0;1
hep-ph/9604302;hep-ph/9604302;12;6;18
hep-th/0308129;hep-th/0308129;3;8;11
hep-th/9604143;hep-th/9604143;19;0;19
cond-mat/0203333;cond-mat/0203333;24;8;32
hep-th/9909204;hep-th/9909204;10;1;11
hep-th/9506211;hep-th/9506211;11;0;11
hep-th/9912195;hep-th/9912195;8;14;22
cond-mat/0111192;cond-mat/0111192;22;8;30
hep-th/9802054;hep-th/9802054;8;1;9
hep-th/9605163;hep-th/9605163;10;3;13
hep-ph/0203077;hep-ph/0203077;1;23;24
hep-th/0108092;hep-th/0108092;6;40;46
hep-th/0106022;hep-th/0106022;12;34;46
hep-th/0611178;hep-th/0611178;1;3;4
hep-th/0112146;hep-th/0112146;7;4;11
0806.2378;0806.2378;0;3;3
cond-mat/0501648;cond-mat/0501648;2;0;2
cond-mat/0605729;cond-mat/0605729;1;3;4
hep-th/0611173;hep-th/0611173;2;16;18
hep-th/9601098;hep-th/9601098;22;8;30
hep-th/0206071;hep-th/0206071;9;54;63
hep-th/0611172;hep-th/0611172;1;13;14
hep-th/0409240;hep-th/0409240;7;14;21
hep-th/0309038;hep-th/0309038;6;9;15
hep-th/0611171;hep-th/0611171;28;65;93
hep-th/0006196;hep-th/0006196;42;24;66
hep-th/0607222;hep-th/0607222;20;26;46
hep-th/0311079;hep-th/0311079;9;35;44
hep-th/0608217;hep-th/0608217;33;34;67
hep-th/0407253;hep-th/0407253;35;37;72
hep-th/0507223;hep-th/0507223;27;46;73
hep-th/0505167;hep-th/0505167;71;34;105
hep-th/0611124;hep-th/0611124;6;29;35
hep-th/9804166;hep-th/9804166;74;13;87
hep-th/0512125;hep-th/0512125;54;27;81
hep-th/0604110;hep-th/0604110;29;30;59
hep-th/9910111;hep-th/9910111;17;16;33
hep-th/0503053;hep-th/0503053;45;72;117
hep-th/0508110;hep-th/0508110;28;92;120
hep-th/0601193;hep-th/0601193;13;34;47
hep-th/0609154;hep-th/0609154;24;13;37
hep-th/0512053;hep-th/0512053;26;0;26
hep-th/0604148;hep-th/0604148;8;37;45
hep-th/0511246;hep-th/0511246;18;58;76
hep-th/0509214;hep-th/0509214;32;42;74
hep-th/0611170;hep-th/0611170;4;4;8
hep-lat/0502013;hep-lat/0502013;5;0;5
math-ph/0307012;math-ph/0307012;3;7;10
hep-lat/0605012;hep-lat/0605012;6;0;6
hep-ph/0106044;hep-ph/0106044;39;32;71
hep-th/0109068;hep-th/0109068;23;9;32
hep-ph/0201106;hep-ph/0201106;16;18;34
hep-th/0107130;hep-th/0107130;17;0;17
hep-ph/0107266;hep-ph/0107266;37;31;68
hep-ph/0006262;hep-ph/0006262;5;3;8
hep-th/0105153;hep-th/0105153;14;10;24
hep-ph/0105323;hep-ph/0105323;34;16;50
hep-th/0611176;hep-th/0611176;5;21;26
hep-th/0207152;hep-th/0207152;2;17;19
hep-th/0412192;hep-th/0412192;11;15;26
hep-th/0309119;hep-th/0309119;17;14;31
hep-th/0207079;hep-th/0207079;16;11;27
hep-th/0108157;hep-th/0108157;22;0;22
hep-th/0506089;hep-th/0506089;6;8;14
hep-th/0106069;hep-th/0106069;15;16;31
hep-th/0406246;hep-th/0406246;9;20;29
hep-th/0203131;hep-th/0203131;5;18;23
hep-th/0406149;hep-th/0406149;7;17;24
hep-th/0201230;hep-th/0201230;9;10;19
cond-mat/0508410;cond-mat/0508410;1;10;11
hep-th/0603171;hep-th/0603171;10;18;28
hep-th/0611175;hep-th/0611175;15;34;49
hep-th/0601121;hep-th/0601121;24;18;42
hep-th/0511205;hep-th/0511205;17;20;37
hep-th/0006209;hep-th/0006209;52;57;109
hep-th/0203182;hep-th/0203182;23;6;29
hep-th/0205269;hep-th/0205269;48;12;60
hep-th/0209008;hep-th/0209008;54;10;64
hep-th/0201222;hep-th/0201222;125;6;131
hep-th/0212266;hep-th/0212266;4;11;15
hep-th/0504084;hep-th/0504084;25;9;34
hep-th/0205193;hep-th/0205193;34;12;46
hep-th/9912272;hep-th/9912272;12;44;56
hep-th/0007072;hep-th/0007072;8;1;9
hep-th/0512204;hep-th/0512204;12;22;34
hep-th/9604003;hep-th/9604003;23;5;28
hep-th/9912070;hep-th/9912070;38;11;49
hep-th/0603027;hep-th/0603027;3;26;29
hep-th/0312022;hep-th/0312022;97;34;131
hep-th/0510249;hep-th/0510249;10;25;35
hep-th/0312103;hep-th/0312103;27;18;45
hep-th/0008042;hep-th/0008042;102;40;142
hep-th/9512013;hep-th/9512013;10;3;13
hep-th/0005138;hep-th/0005138;13;12;25
hep-th/0412044;hep-th/0412044;6;10;16
hep-th/9912019;hep-th/9912019;34;17;51
hep-th/0205010;hep-th/0205010;24;44;68
hep-th/0008144;hep-th/0008144;30;24;54
hep-th/0105094;hep-th/0105094;15;0;15
hep-th/0409053;hep-th/0409053;2;122;124
hep-th/0608013;hep-th/0608013;14;32;46
hep-th/9912038;hep-th/9912038;16;31;47
hep-th/9605233;hep-th/9605233;19;6;25
hep-th/0210171;hep-th/0210171;17;0;17
hep-th/0603044;hep-th/0603044;16;9;25
hep-th/0611093;hep-th/0611093;7;12;19
hep-th/0611056;hep-th/0611056;10;39;49
hep-th/0112027;hep-th/0112027;17;25;42
hep-th/0111059;hep-th/0111059;14;34;48
gr-qc/9301014;gr-qc/9301014;13;0;13
hep-th/0402002;hep-th/0402002;25;40;65
hep-th/0602265;hep-th/0602265;16;9;25
hep-th/0108228;hep-th/0108228;13;0;13
hep-th/0206001;hep-th/0206001;10;37;47
hep-th/0502212;hep-th/0502212;11;16;27
hep-th/0512215;hep-th/0512215;10;9;19
gr-qc/9809083;gr-qc/9809083;4;0;4
hep-th/9911245;hep-th/9911245;26;17;43
hep-th/9610069;hep-th/9610069;7;3;10
0810.5666;0810.5666;0;28;28
hep-th/0612224;hep-th/0612224;19;50;69
hep-th/0601180;hep-th/0601180;5;41;46
hep-th/0405282;hep-th/0405282;66;43;109
hep-th/0412187;hep-th/0412187;64;30;94
hep-th/0409186;hep-th/0409186;26;29;55
hep-th/0507285;hep-th/0507285;21;81;102
hep-th/0612136;hep-th/0612136;16;44;60
0706.4290;0706.4290;0;29;29
hep-th/0509131;hep-th/0509131;19;37;56
hep-th/0411039;hep-th/0411039;14;36;50
hep-th/0510042;hep-th/0510042;19;32;51
hep-th/9612108;hep-th/9612108;44;25;69
hep-th/0504036;hep-th/0504036;11;0;11
hep-th/0607091;hep-th/0607091;5;39;44
hep-th/0703048;hep-th/0703048;4;15;19
hep-th/0612290;hep-th/0612290;11;22;33
hep-th/0511099;hep-th/0511099;24;168;192
0809.1592;0809.1592;0;10;10
hep-th/0609003;hep-th/0609003;6;9;15
hep-th/0703199;hep-th/0703199;2;13;15
hep-th/9410169;hep-th/9410169;2;1;3
hep-th/9403135;hep-th/9403135;5;1;6
0909.4782;0909.4782;0;9;9
hep-ph/0505072;hep-ph/0505072;10;5;15
hep-th/0601154;hep-th/0601154;19;4;23
0709.1772;0709.1772;0;23;23
hep-ph/0409310;hep-ph/0409310;5;12;17
hep-ph/0301143;hep-ph/0301143;15;17;32
hep-ph/0608266;hep-ph/0608266;39;43;82
hep-th/9410161;hep-th/9410161;0;1;1
hep-th/9401054;hep-th/9401054;2;0;2
hep-th/9410162;hep-th/9410162;11;8;19
hep-th/9309085;hep-th/9309085;4;6;10
hep-th/9407061;hep-th/9407061;6;10;16
hep-th/9407023;hep-th/9407023;14;2;16
hep-th/9307126;hep-th/9307126;8;4;12
hep-th/9310123;hep-th/9310123;19;3;22
hep-th/9410163;hep-th/9410163;2;1;3
hep-th/9407054;hep-th/9407054;3;0;3
hep-th/9410164;hep-th/9410164;10;8;18
hep-th/9208053;hep-th/9208053;45;2;47
hep-th/9208042;hep-th/9208042;9;1;10
hep-th/9307063;hep-th/9307063;12;4;16
hep-th/9410165;hep-th/9410165;1;8;9
hep-th/9210029;hep-th/9210029;9;2;11
hep-th/9405111;hep-th/9405111;9;6;15
hep-th/9208013;hep-th/9208013;11;0;11
hep-th/9304152;hep-th/9304152;7;5;12
hep-th/9410166;hep-th/9410166;1;2;3
hep-th/9308038;hep-th/9308038;2;3;5
hep-th/9205008;hep-th/9205008;19;0;19
gr-qc/0411048;gr-qc/0411048;3;6;9
gr-qc/0411025;gr-qc/0411025;9;23;32
hep-th/0505098;hep-th/0505098;30;34;64
hep-th/0408185;hep-th/0408185;31;6;37
hep-th/0504145;hep-th/0504145;30;38;68
hep-th/0208188;hep-th/0208188;48;10;58
hep-th/0509074;hep-th/0509074;22;30;52
hep-th/0302118;hep-th/0302118;33;25;58
hep-th/0211124;hep-th/0211124;57;13;70
hep-th/0409094;hep-th/0409094;26;21;47
hep-th/0212151;hep-th/0212151;44;19;63
hep-th/0301031;hep-th/0301031;36;13;49
hep-th/0311144;hep-th/0311144;30;21;51
hep-th/0402225;hep-th/0402225;22;8;30
hep-th/0311076;hep-th/0311076;27;20;47
hep-th/0402015;hep-th/0402015;19;21;40
hep-th/0210165;hep-th/0210165;30;11;41
hep-th/0304216;hep-th/0304216;37;21;58
hep-th/0509158;hep-th/0509158;18;36;54
hep-ph/0509039;hep-ph/0509039;30;22;52
hep-ph/0508029;hep-ph/0508029;40;16;56
hep-th/0002047;hep-th/0002047;19;21;40
hep-th/0408160;hep-th/0408160;32;13;45
hep-th/0409256;hep-th/0409256;16;41;57
hep-th/0412175;hep-th/0412175;8;16;24
hep-th/0009219;hep-th/0009219;14;11;25
hep-th/0404039;hep-th/0404039;24;0;24
hep-th/0401003;hep-th/0401003;6;9;15
hep-th/0108001;hep-th/0108001;27;29;56
hep-th/0405259;hep-th/0405259;39;52;91
hep-th/0202129;hep-th/0202129;37;0;37
hep-th/0204142;hep-th/0204142;7;4;11
hep-th/0409266;hep-th/0409266;6;26;32
hep-th/9410209;hep-th/9410209;27;4;31
hep-th/0308205;hep-th/0308205;25;24;49
hep-th/0412290;hep-th/0412290;24;44;68
hep-th/0403193;hep-th/0403193;30;48;78
hep-th/0502159;hep-th/0502159;11;44;55
hep-th/0406017;hep-th/0406017;30;45;75
hep-th/0501155;hep-th/0501155;6;8;14
hep-th/0110133;hep-th/0110133;33;18;51
hep-th/0112222;hep-th/0112222;6;32;38
hep-th/0408172;hep-th/0408172;35;30;65
hep-th/0410098;hep-th/0410098;11;30;41
hep-th/0309211;hep-th/0309211;15;8;23
hep-th/0402085;hep-th/0402085;14;18;32
hep-th/0111189;hep-th/0111189;35;43;78
hep-th/0404214;hep-th/0404214;9;47;56
hep-th/0410269;hep-th/0410269;14;0;14
hep-th/0306164;hep-th/0306164;27;56;83
hep-th/0403157;hep-th/0403157;27;26;53
hep-th/0411041;hep-th/0411041;23;80;103
hep-th/0507040;hep-th/0507040;17;68;85
hep-th/0509154;hep-th/0509154;0;48;48
hep-th/9803260;hep-th/9803260;34;11;45
hep-th/9708068;hep-th/9708068;40;14;54
hep-th/9708041;hep-th/9708041;16;34;50
hep-th/9707251;hep-th/9707251;43;11;54
hep-th/9706087;hep-th/9706087;35;29;64
hep-ph/9712322;hep-ph/9712322;6;112;118
hep-ph/9703317;hep-ph/9703317;35;5;40
hep-th/9205011;hep-th/9205011;33;0;33
hep-ph/0312091;hep-ph/0312091;4;41;45
hep-ph/0311228;hep-ph/0311228;8;55;63
hep-th/9405024;hep-th/9405024;72;1;73
hep-th/0006049;hep-th/0006049;13;24;37
hep-th/9310184;hep-th/9310184;8;2;10
hep-th/0412079;hep-th/0412079;8;9;17
hep-th/0509051;hep-th/0509051;17;42;59
hep-ph/0102306;hep-ph/0102306;19;14;33
hep-th/9804135;hep-th/9804135;10;13;23
hep-ph/0008223;hep-ph/0008223;5;18;23
hep-ph/9611219;hep-ph/9611219;10;23;33
hep-th/0509156;hep-th/0509156;1;25;26
hep-th/9709002;hep-th/9709002;58;22;80
hep-th/0509077;hep-th/0509077;2;4;6
hep-th/0509006;hep-th/0509006;3;8;11
hep-th/0509151;hep-th/0509151;2;8;10
hep-th/0505158;hep-th/0505158;10;31;41
hep-th/0410059;hep-th/0410059;10;22;32
hep-th/0501216;hep-th/0501216;15;13;28
gr-qc/9803086;gr-qc/9803086;14;0;14
hep-th/0502166;hep-th/0502166;14;22;36
hep-th/0505209;hep-th/0505209;7;66;73
hep-th/0201173;hep-th/0201173;19;0;19
hep-th/0205123;hep-th/0205123;31;52;83
hep-th/0001199;hep-th/0001199;31;11;42
hep-th/0312215;hep-th/0312215;10;19;29
hep-th/0112193;hep-th/0112193;13;34;47
hep-th/0210137;hep-th/0210137;19;27;46
hep-th/0108201;hep-th/0108201;30;10;40
math/0312155;math/0312155;19;1;20
hep-th/0301092;hep-th/0301092;11;13;24
gr-qc/0410033;gr-qc/0410033;26;14;40
0903.0593;0903.0593;0;14;14
hep-th/0201200;hep-th/0201200;29;0;29
hep-th/0307123;hep-th/0307123;5;13;18
hep-ph/0212134;hep-ph/0212134;16;15;31
hep-ph/9710306;hep-ph/9710306;0;4;4
hep-th/9709149;hep-th/9709149;7;4;11
hep-ph/9509271;hep-ph/9509271;25;5;30
hep-th/9604138;hep-th/9604138;14;2;16
hep-ph/9611220;hep-ph/9611220;7;2;9
hep-ph/9710301;hep-ph/9710301;21;1;22
hep-th/9709187;hep-th/9709187;10;4;14
0705.4170;0705.4170;0;3;3
hep-th/0403244;hep-th/0403244;5;0;5
hep-th/0311188;hep-th/0311188;3;15;18
0706.4125;0706.4125;0;25;25
hep-ph/9410365;hep-ph/9410365;16;1;17
hep-th/0602187;hep-th/0602187;9;0;9
hep-th/0210018;hep-th/0210018;3;9;12
hep-th/0311062;hep-th/0311062;9;3;12
hep-th/0609112;hep-th/0609112;9;6;15
hep-th/0105009;hep-th/0105009;9;5;14
0706.4121;0706.4121;0;35;35
hep-th/0605291;hep-th/0605291;19;32;51
solv-int/9704015;solv-int/9704015;6;0;6
hep-th/0609068;hep-th/0609068;25;35;60
hep-th/9702073;hep-th/9702073;3;0;3
hep-th/0503200;hep-th/0503200;65;71;136
0911.0962;0911.0962;0;8;8
hep-th/9612012;hep-th/9612012;12;14;26
hep-th/9612013;hep-th/9612013;8;17;25
hep-th/9610128;hep-th/9610128;12;8;20
hep-th/0605240;hep-th/0605240;6;12;18
hep-ph/9308232;hep-ph/9308232;18;1;19
hep-th/0212090;hep-th/0212090;6;27;33
hep-th/0202202;hep-th/0202202;8;12;20
hep-th/9305147;hep-th/9305147;3;0;3
0908.3543;0908.3543;0;9;9
hep-th/9502014;hep-th/9502014;18;3;21
hep-th/9906130;hep-th/9906130;9;14;23
hep-th/9712058;hep-th/9712058;9;2;11
hep-th/0509191;hep-th/0509191;5;7;12
hep-th/9506193;hep-th/9506193;48;6;54
gr-qc/0102080;gr-qc/0102080;0;3;3
hep-th/9809048;hep-th/9809048;3;1;4
hep-th/9802025;hep-th/9802025;4;0;4
gr-qc/0109051;gr-qc/0109051;3;4;7
gr-qc/9704059;gr-qc/9704059;7;3;10
gr-qc/9805066;gr-qc/9805066;9;7;16
gr-qc/0109050;gr-qc/0109050;1;5;6
hep-th/0104129;hep-th/0104129;1;1;2
gr-qc/9807086;gr-qc/9807086;17;2;19
gr-qc/0006016;gr-qc/0006016;2;3;5
gr-qc/0005008;gr-qc/0005008;5;3;8
gr-qc/0109057;gr-qc/0109057;1;4;5
hep-th/9504049;hep-th/9504049;9;7;16
gr-qc/9707001;gr-qc/9707001;3;1;4
gr-qc/0001073;gr-qc/0001073;8;5;13
hep-th/0612303;hep-th/0612303;0;9;9
hep-th/0607151;hep-th/0607151;5;12;17
hep-th/0408115;hep-th/0408115;7;6;13
hep-th/0107030;hep-th/0107030;13;4;17
0809.1339;0809.1339;0;43;43
hep-ph/0112326;hep-ph/0112326;16;8;24
hep-ph/0504244;hep-ph/0504244;14;13;27
hep-lat/0407032;hep-lat/0407032;17;7;24
hep-th/9702049;hep-th/9702049;43;18;61
hep-th/0612241;hep-th/0612241;24;11;35
hep-lat/0406024;hep-lat/0406024;23;21;44
hep-th/0002043;hep-th/0002043;17;36;53
hep-lat/0302018;hep-lat/0302018;20;8;28
hep-th/0402106;hep-th/0402106;20;5;25
hep-th/0008248;hep-th/0008248;14;2;16
hep-ph/0202195;hep-ph/0202195;28;18;46
hep-ph/9605348;hep-ph/9605348;13;5;18
hep-th/0612114;hep-th/0612114;15;14;29
hep-th/0610324;hep-th/0610324;3;12;15
hep-th/0408236;hep-th/0408236;44;18;62
hep-th/0408237;hep-th/0408237;35;7;42
hep-lat/0008026;hep-lat/0008026;23;0;23
hep-th/0605115;hep-th/0605115;22;12;34
0809.1338;0809.1338;0;5;5
hep-th/0503188;hep-th/0503188;3;2;5
hep-ph/0702295;hep-ph/0702295;3;2;5
hep-th/0609199;hep-th/0609199;1;3;4
hep-th/0308011;hep-th/0308011;2;7;9
gr-qc/9605050;gr-qc/9605050;8;2;10
hep-th/9202052;hep-th/9202052;10;0;10
hep-th/9908051;hep-th/9908051;7;33;40
hep-th/9407020;hep-th/9407020;13;5;18
0906.0591;0906.0591;0;53;53
hep-th/0403216;hep-th/0403216;8;19;27
hep-th/9502013;hep-th/9502013;23;13;36
hep-th/0312307;hep-th/0312307;9;21;30
0803.3621;0803.3621;0;11;11
hep-th/0701011;hep-th/0701011;7;12;19
hep-th/9902040;hep-th/9902040;68;22;90
hep-th/0002256;hep-th/0002256;23;16;39
hep-th/9810251;hep-th/9810251;73;8;81
hep-th/0209069;hep-th/0209069;11;0;11
0809.1336;0809.1336;0;30;30
0902.3560;0902.3560;0;20;20
0904.4915;0904.4915;0;12;12
0912.3988;0912.3988;0;21;21
astro-ph/0411221;astro-ph/0411221;15;42;57
0806.4239;0806.4239;0;7;7
gr-qc/0107091;gr-qc/0107091;20;15;35
hep-th/0611197;hep-th/0611197;14;10;24
gr-qc/0602001;gr-qc/0602001;37;3;40
0706.1515;0706.1515;0;34;34
hep-th/9401066;hep-th/9401066;13;0;13
nlin/0412058;nlin/0412058;6;34;40
hep-th/0006197;hep-th/0006197;17;12;29
hep-th/0611186;hep-th/0611186;26;25;51
hep-th/0001151;hep-th/0001151;9;7;16
hep-th/0104079;hep-th/0104079;20;14;34
hep-th/0106275;hep-th/0106275;12;16;28
math-ph/0409060;math-ph/0409060;18;23;41
hep-th/0411160;hep-th/0411160;12;16;28
hep-th/9810046;hep-th/9810046;7;13;20
hep-th/9911178;hep-th/9911178;18;7;25
hep-th/0112023;hep-th/0112023;44;21;65
hep-th/9309022;hep-th/9309022;28;1;29
hep-th/9410026;hep-th/9410026;22;3;25
gr-qc/0007084;gr-qc/0007084;26;0;26
hep-th/0204029;hep-th/0204029;18;19;37
0802.1970;0802.1970;0;20;20
cond-mat/0702365;cond-mat/0702365;19;28;47
hep-th/0310101;hep-th/0310101;7;17;24
hep-th/9811151;hep-th/9811151;9;11;20
hep-th/0008123;hep-th/0008123;50;18;68
hep-th/0108018;hep-th/0108018;3;0;3
hep-th/0611306;hep-th/0611306;2;3;5
0803.3625;0803.3625;0;5;5
hep-ph/0507246;hep-ph/0507246;26;32;58
hep-ph/0106022;hep-ph/0106022;11;4;15
hep-ph/0605248;hep-ph/0605248;3;4;7
hep-ph/0403268;hep-ph/0403268;11;10;21
hep-ph/0112042;hep-ph/0112042;6;1;7
0802.1974;0802.1974;0;23;23
hep-th/0306013;hep-th/0306013;39;16;55
hep-th/0009120;hep-th/0009120;30;16;46
hep-th/0406155;hep-th/0406155;3;9;12
hep-th/9409014;hep-th/9409014;32;4;36
0802.1978;0802.1978;0;1;1
hep-th/0606274;hep-th/0606274;1;6;7
hep-th/0606275;hep-th/0606275;3;26;29
hep-th/0601072;hep-th/0601072;8;8;16
hep-th/0109196;hep-th/0109196;16;17;33
hep-th/0504040;hep-th/0504040;9;28;37
hep-th/0411040;hep-th/0411040;13;9;22
hep-th/0606276;hep-th/0606276;10;20;30
hep-th/0606204;hep-th/0606204;27;0;27
hep-th/0611315;hep-th/0611315;14;0;14
cond-mat/0004379;cond-mat/0004379;0;1;1
cond-mat/9902296;cond-mat/9902296;4;4;8
hep-th/9910189;hep-th/9910189;3;3;6
hep-ph/9811469;hep-ph/9811469;14;0;14
gr-qc/9611040;gr-qc/9611040;13;2;15
gr-qc/9705063;gr-qc/9705063;7;0;7
hep-th/9910188;hep-th/9910188;49;21;70
hep-th/9211139;hep-th/9211139;6;0;6
hep-th/9701171;hep-th/9701171;9;4;13
hep-th/9512224;hep-th/9512224;8;7;15
hep-th/9809142;hep-th/9809142;8;7;15
hep-th/9805174;hep-th/9805174;8;4;12
hep-th/9610152;hep-th/9610152;4;6;10
hep-th/9704116;hep-th/9704116;4;6;10
hep-th/9408073;hep-th/9408073;25;3;28
hep-th/9804012;hep-th/9804012;4;8;12
hep-th/9511153;hep-th/9511153;4;12;16
hep-th/9307093;hep-th/9307093;8;0;8
gr-qc/9709004;gr-qc/9709004;18;30;48
hep-th/9710249;hep-th/9710249;6;0;6
hep-th/0606272;hep-th/0606272;28;25;53
hep-th/0509016;hep-th/0509016;40;65;105
hep-th/0010238;hep-th/0010238;8;26;34
hep-th/0504194;hep-th/0504194;71;66;137
hep-th/0507269;hep-th/0507269;30;9;39
hep-th/0511189;hep-th/0511189;6;13;19
math-ph/0505039;math-ph/0505039;3;6;9
math/0504582;math/0504582;6;0;6
hep-th/9206101;hep-th/9206101;11;0;11
hep-th/0305184;hep-th/0305184;47;29;76
hep-th/0601005;hep-th/0601005;18;40;58
hep-th/0411216;hep-th/0411216;28;51;79
hep-ph/9508258;hep-ph/9508258;63;13;76
hep-th/0012158;hep-th/0012158;65;50;115
hep-th/9901147;hep-th/9901147;42;9;51
hep-th/9904110;hep-th/9904110;8;18;26
hep-th/9910184;hep-th/9910184;4;23;27
hep-th/9709228;hep-th/9709228;18;24;42
hep-th/9710005;hep-th/9710005;37;49;86
hep-th/9707192;hep-th/9707192;74;54;128
hep-th/9803050;hep-th/9803050;15;0;15
hep-th/9708085;hep-th/9708085;31;50;81
hep-th/9910187;hep-th/9910187;1;2;3
hep-th/9902139;hep-th/9902139;2;0;2
hep-th/9910181;hep-th/9910181;54;34;88
hep-th/9707149;hep-th/9707149;24;15;39
hep-th/9901151;hep-th/9901151;24;15;39
hep-th/9808131;hep-th/9808131;39;0;39
hep-th/9706025;hep-th/9706025;34;69;103
hep-th/9612085;hep-th/9612085;33;39;72
math/9810173;math/9810173;39;0;39
hep-th/9906046;hep-th/9906046;35;26;61
hep-th/9810168;hep-th/9810168;6;9;15
hep-th/9406122;hep-th/9406122;6;0;6
hep-ph/9712503;hep-ph/9712503;14;2;16
hep-th/9202025;hep-th/9202025;8;0;8
hep-th/0002046;hep-th/0002046;11;12;23
hep-ph/9908292;hep-ph/9908292;13;3;16
hep-th/9907179;hep-th/9907179;3;5;8
hep-th/9910182;hep-th/9910182;34;19;53
hep-th/9907013;hep-th/9907013;54;4;58
hep-th/9908008;hep-th/9908008;7;7;14
hep-th/9906053;hep-th/9906053;3;9;12
hep-th/0507089;hep-th/0507089;8;32;40
hep-th/0505003;hep-th/0505003;2;3;5
hep-th/0506211;hep-th/0506211;16;46;62
hep-th/0410178;hep-th/0410178;58;61;119
hep-th/0507077;hep-th/0507077;8;17;25
math/0208124;math/0208124;5;0;5
hep-th/0507051;hep-th/0507051;16;12;28
hep-th/9811199;hep-th/9811199;6;10;16
hep-th/9406103;hep-th/9406103;8;1;9
hep-th/0507088;hep-th/0507088;1;9;10
hep-th/0411265;hep-th/0411265;3;6;9
hep-th/0406043;hep-th/0406043;4;3;7
hep-th/0211211;hep-th/0211211;2;1;3
hep-th/0505081;hep-th/0505081;13;27;40
hep-th/9207002;hep-th/9207002;14;2;16
hep-th/9305138;hep-th/9305138;6;5;11
hep-th/9201044;hep-th/9201044;13;0;13
hep-ph/0405183;hep-ph/0405183;11;11;22
hep-th/0209183;hep-th/0209183;14;26;40
hep-th/0202207;hep-th/0202207;27;44;71
hep-lat/0112009;hep-lat/0112009;3;7;10
hep-th/0103211;hep-th/0103211;3;12;15
hep-th/9809002;hep-th/9809002;8;3;11
hep-th/0012255;hep-th/0012255;4;22;26
hep-th/0507085;hep-th/0507085;3;8;11
hep-th/0507210;hep-th/0507210;10;24;34
hep-th/0507084;hep-th/0507084;0;19;19
hep-th/0110136;hep-th/0110136;28;29;57
hep-th/0207044;hep-th/0207044;19;25;44
hep-th/0506213;hep-th/0506213;6;32;38
hep-th/0504184;hep-th/0504184;4;27;31
hep-th/0201177;hep-th/0201177;31;17;48
hep-th/0311198;hep-th/0311198;14;43;57
hep-th/0208067;hep-th/0208067;13;18;31
hep-th/0111153;hep-th/0111153;45;10;55
hep-th/0307127;hep-th/0307127;27;7;34
hep-th/0403109;hep-th/0403109;5;43;48
hep-th/0506013;hep-th/0506013;27;22;49
hep-th/0507086;hep-th/0507086;3;39;42
gr-qc/0408034;gr-qc/0408034;37;63;100
hep-th/0410072;hep-th/0410072;3;9;12
hep-th/0403236;hep-th/0403236;14;41;55
gr-qc/0504135;gr-qc/0504135;17;29;46
astro-ph/0412613;astro-ph/0412613;32;37;69
gr-qc/0411056;gr-qc/0411056;9;13;22
hep-th/0001085;hep-th/0001085;44;24;68
hep-th/0507081;hep-th/0507081;11;50;61
hep-th/0409210;hep-th/0409210;12;9;21
hep-th/0410229;hep-th/0410229;6;40;46
hep-th/0504134;hep-th/0504134;23;49;72
hep-th/0501158;hep-th/0501158;26;46;72
hep-th/0410228;hep-th/0410228;3;12;15
hep-th/0312144;hep-th/0312144;8;19;27
hep-th/0503247;hep-th/0503247;11;19;30
hep-th/0103212;hep-th/0103212;1;6;7
hep-th/0101172;hep-th/0101172;3;0;3
hep-th/9611043;hep-th/9611043;16;0;16
hep-th/9201078;hep-th/9201078;12;2;14
hep-th/9210009;hep-th/9210009;21;0;21
hep-th/0507083;hep-th/0507083;2;10;12
hep-th/0501135;hep-th/0501135;6;8;14
hep-th/0407219;hep-th/0407219;8;24;32
hep-th/0507082;hep-th/0507082;8;14;22
hep-th/0108122;hep-th/0108122;12;25;37
hep-th/9905205;hep-th/9905205;30;14;44
hep-th/0206058;hep-th/0206058;3;28;31
hep-th/0307253;hep-th/0307253;9;15;24
hep-th/0302104;hep-th/0302104;15;19;34
hep-th/9707048;hep-th/9707048;13;6;19
hep-th/0306147;hep-th/0306147;11;19;30
hep-th/0103213;hep-th/0103213;1;5;6
astro-ph/0604475;astro-ph/0604475;1;4;5
hep-th/0206050;hep-th/0206050;1;24;25
hep-th/0202029;hep-th/0202029;1;9;10
hep-th/0110299;hep-th/0110299;8;0;8
hep-th/0111229;hep-th/0111229;3;17;20
hep-th/0204114;hep-th/0204114;7;10;17
hep-th/0103205;hep-th/0103205;15;31;46
hep-th/9810123;hep-th/9810123;32;35;67
hep-th/0110269;hep-th/0110269;10;15;25
hep-th/0103214;hep-th/0103214;10;4;14
hep-th/0005027;hep-th/0005027;13;13;26
hep-th/0101180;hep-th/0101180;11;0;11
hep-th/9902075;hep-th/9902075;27;6;33
hep-th/0206052;hep-th/0206052;6;24;30
hep-th/9311187;hep-th/9311187;27;0;27
hep-th/0201039;hep-th/0201039;47;14;61
hep-th/0007159;hep-th/0007159;21;16;37
hep-th/0202102;hep-th/0202102;1;0;1
hep-th/0002070;hep-th/0002070;25;22;47
hep-th/0107074;hep-th/0107074;6;6;12
hep-th/0206055;hep-th/0206055;0;6;6
hep-th/0012212;hep-th/0012212;4;4;8
hep-th/0204092;hep-th/0204092;1;6;7
hep-th/0102013;hep-th/0102013;7;6;13
hep-th/0103215;hep-th/0103215;12;15;27
hep-th/9809012;hep-th/9809012;2;0;2
hep-th/0012039;hep-th/0012039;10;0;10
hep-th/9709064;hep-th/9709064;55;18;73
gr-qc/0101031;gr-qc/0101031;12;24;36
hep-th/0008051;hep-th/0008051;35;12;47
hep-th/9704179;hep-th/9704179;8;3;11
hep-th/0009008;hep-th/0009008;15;18;33
gr-qc/0005105;gr-qc/0005105;40;18;58
hep-th/0006211;hep-th/0006211;36;16;52
hep-th/9701106;hep-th/9701106;36;16;52
gr-qc/9405024;gr-qc/9405024;20;2;22
hep-th/0103216;hep-th/0103216;4;3;7
hep-th/0103039;hep-th/0103039;11;5;16
hep-ph/0007071;hep-ph/0007071;11;3;14
hep-ph/0007343;hep-ph/0007343;13;2;15
hep-th/0103217;hep-th/0103217;13;6;19
hep-th/0011139;hep-th/0011139;13;14;27
hep-th/0007255;hep-th/0007255;22;20;42
hep-th/9708065;hep-th/9708065;24;25;49
hep-th/9811251;hep-th/9811251;15;37;52
hep-th/9609204;hep-th/9609204;36;29;65
hep-th/9909088;hep-th/9909088;17;37;54
hep-th/9704143;hep-th/9704143;57;30;87
hep-th/9910236;hep-th/9910236;2;38;40
hep-th/9812172;hep-th/9812172;20;39;59
hep-th/9710151;hep-th/9710151;57;16;73
hep-th/9910235;hep-th/9910235;2;3;5
hep-th/9811108;hep-th/9811108;11;3;14
hep-th/9609031;hep-th/9609031;13;6;19
hep-th/9903218;hep-th/9903218;3;2;5
hep-th/9910234;hep-th/9910234;0;2;2
hep-th/9906008;hep-th/9906008;2;1;3
hep-th/9910233;hep-th/9910233;4;8;12
hep-th/9910232;hep-th/9910232;2;3;5
hep-th/9809167;hep-th/9809167;13;5;18
hep-th/9910230;hep-th/9910230;0;6;6
hep-th/9811073;hep-th/9811073;3;1;4
0803.3376;0803.3376;0;22;22
hep-th/9708004;hep-th/9708004;18;14;32
hep-th/0207161;hep-th/0207161;20;26;46
hep-th/0207141;hep-th/0207141;9;9;18
hep-th/9704153;hep-th/9704153;17;5;22
hep-th/0612119;hep-th/0612119;11;0;11
hep-th/9602167;hep-th/9602167;85;11;96
hep-th/9501022;hep-th/9501022;45;4;49
hep-th/9805163;hep-th/9805163;16;7;23
hep-th/9801092;hep-th/9801092;3;4;7
hep-th/0211282;hep-th/0211282;14;22;36
hep-th/9512116;hep-th/9512116;24;8;32
hep-ph/0104098;hep-ph/0104098;4;9;13
hep-ph/0011382;hep-ph/0011382;5;25;30
hep-ph/9802218;hep-ph/9802218;7;7;14
hep-th/9504141;hep-th/9504141;10;5;15
hep-ph/9905291;hep-ph/9905291;4;19;23
hep-th/9810192;hep-th/9810192;15;14;29
hep-th/9303053;hep-th/9303053;11;0;11
hep-ph/0009272;hep-ph/0009272;5;7;12
cond-mat/9812259;cond-mat/9812259;0;1;1
hep-th/9910238;hep-th/9910238;11;21;32
hep-th/9611201;hep-th/9611201;38;15;53
0906.0595;0906.0595;0;13;13
hep-th/0512170;hep-th/0512170;42;0;42
hep-th/9905215;hep-th/9905215;19;8;27
hep-th/0006057;hep-th/0006057;17;5;22
hep-th/0006051;hep-th/0006051;14;12;26
hep-th/0010073;hep-th/0010073;6;2;8
hep-th/0011196;hep-th/0011196;9;7;16
0711.4108;0711.4108;0;15;15
hep-th/9902095;hep-th/9902095;37;24;61
hep-th/0003235;hep-th/0003235;5;23;28
solv-int/9710016;solv-int/9710016;1;3;4
hep-th/9301076;hep-th/9301076;10;1;11
solv-int/9612012;solv-int/9612012;1;3;4
solv-int/9712012;solv-int/9712012;3;0;3
gr-qc/0408021;gr-qc/0408021;10;34;44
hep-th/0308134;hep-th/0308134;20;32;52
hep-th/0310282;hep-th/0310282;15;20;35
hep-th/0307073;hep-th/0307073;17;37;54
gr-qc/0305006;gr-qc/0305006;32;30;62
hep-th/0403154;hep-th/0403154;9;27;36
hep-th/0311197;hep-th/0311197;15;43;58
hep-th/0105014;hep-th/0105014;25;33;58
hep-th/0105015;hep-th/0105015;0;10;10
hep-th/0011187;hep-th/0011187;16;24;40
hep-th/0007169;hep-th/0007169;18;23;41
hep-th/0006029;hep-th/0006029;2;0;2
hep-th/0010257;hep-th/0010257;6;7;13
hep-th/9308086;hep-th/9308086;6;8;14
hep-th/0007074;hep-th/0007074;25;5;30
hep-th/9803234;hep-th/9803234;9;7;16
hep-th/0105016;hep-th/0105016;9;21;30
hep-th/9512152;hep-th/9512152;13;27;40
hep-th/9506156;hep-th/9506156;21;25;46
hep-ph/9912247;hep-ph/9912247;8;25;33
gr-qc/0007036;gr-qc/0007036;25;14;39
gr-qc/0101126;gr-qc/0101126;24;14;38
astro-ph/9906117;astro-ph/9906117;14;4;18
astro-ph/0010591;astro-ph/0010591;13;17;30
hep-th/9407129;hep-th/9407129;11;0;11
hep-th/0105011;hep-th/0105011;2;3;5
hep-th/0105012;hep-th/0105012;12;17;29
hep-th/0008199;hep-th/0008199;12;11;23
hep-th/0008108;hep-th/0008108;29;14;43
hep-th/0007078;hep-th/0007078;78;31;109
hep-th/0008204;hep-th/0008204;92;11;103
hep-th/0007247;hep-th/0007247;18;10;28
hep-th/0104017;hep-th/0104017;34;22;56
hep-th/0103256;hep-th/0103256;67;30;97
math-ph/0101009;math-ph/0101009;2;20;22
hep-th/9312081;hep-th/9312081;4;2;6
hep-th/0105019;hep-th/0105019;43;27;70
hep-th/0104155;hep-th/0104155;11;12;23
hep-th/0006107;hep-th/0006107;22;14;36
hep-th/9911094;hep-th/9911094;12;16;28
0906.4257;0906.4257;0;7;7
hep-th/9306101;hep-th/9306101;19;1;20
astro-ph/0503553;astro-ph/0503553;17;10;27
astro-ph/0501152;astro-ph/0501152;12;9;21
hep-th/0407048;hep-th/0407048;16;15;31
gr-qc/0405117;gr-qc/0405117;9;7;16
hep-th/0503117;hep-th/0503117;34;6;40
hep-th/0310265;hep-th/0310265;23;14;37
0901.2141;0901.2141;0;13;13
gr-qc/0303042;gr-qc/0303042;36;6;42
hep-th/9510122;hep-th/9510122;5;4;9
hep-th/0601228;hep-th/0601228;61;13;74
0911.4284;0911.4284;0;22;22
hep-th/0702229;hep-th/0702229;22;89;111
hep-th/0610320;hep-th/0610320;46;90;136
hep-th/0408085;hep-th/0408085;16;32;48
hep-th/0607228;hep-th/0607228;5;25;30
hep-th/9311024;hep-th/9311024;10;0;10
hep-th/9307148;hep-th/9307148;12;2;14
hep-th/9504126;hep-th/9504126;4;3;7
hep-th/0512003;hep-th/0512003;9;23;32
hep-th/0507017;hep-th/0507017;18;24;42
hep-th/9708019;hep-th/9708019;18;8;26
hep-th/9912246;hep-th/9912246;29;16;45
hep-th/0406031;hep-th/0406031;3;26;29
0911.4283;0911.4283;0;1;1
gr-qc/0105029;gr-qc/0105029;3;1;4
gr-qc/9908014;gr-qc/9908014;8;4;12
0705.2364;0705.2364;0;41;41
hep-th/0104049;hep-th/0104049;27;31;58
hep-th/0208025;hep-th/0208025;8;12;20
hep-th/0612104;hep-th/0612104;11;32;43
hep-th/0611181;hep-th/0611181;10;27;37
hep-th/0604182;hep-th/0604182;17;0;17
hep-th/0112013;hep-th/0112013;24;39;63
hep-th/0602200;hep-th/0602200;11;14;25
hep-th/0509081;hep-th/0509081;1;24;25
hep-th/0106131;hep-th/0106131;24;17;41
hep-th/0504014;hep-th/0504014;17;20;37
hep-ph/0112159;hep-ph/0112159;11;79;90
hep-th/0609136;hep-th/0609136;7;20;27
hep-ph/0404288;hep-ph/0404288;7;17;24
hep-th/0106041;hep-th/0106041;35;25;60
hep-th/0610010;hep-th/0610010;11;41;52
gr-qc/9411069;gr-qc/9411069;62;2;64
gr-qc/9910019;gr-qc/9910019;13;5;18
0906.4252;0906.4252;0;9;9
math/0204278;math/0204278;5;7;12
hep-th/0203109;hep-th/0203109;24;23;47
hep-th/0110035;hep-th/0110035;32;22;54
hep-th/0010017;hep-th/0010017;50;36;86
hep-th/0007043;hep-th/0007043;120;23;143
hep-th/0102182;hep-th/0102182;27;18;45
q-alg/9510011;q-alg/9510011;4;12;16
hep-th/9208008;hep-th/9208008;14;0;14
hep-th/9401112;hep-th/9401112;13;2;15
hep-th/9412059;hep-th/9412059;37;2;39
hep-th/9312170;hep-th/9312170;10;5;15
hep-th/9411121;hep-th/9411121;9;9;18
hep-th/9409172;hep-th/9409172;3;5;8
hep-th/9208006;hep-th/9208006;33;0;33
q-alg/9510014;q-alg/9510014;0;3;3
hep-th/9807109;hep-th/9807109;80;7;87
hep-th/9904190;hep-th/9904190;4;28;32
0806.4906;0806.4906;0;16;16
hep-th/0608169;hep-th/0608169;13;16;29
hep-th/0604067;hep-th/0604067;27;24;51
hep-th/0507250;hep-th/0507250;37;7;44
hep-th/0605090;hep-th/0605090;13;31;44
hep-th/0512350;hep-th/0512350;19;4;23
hep-th/0512252;hep-th/0512252;31;9;40
hep-th/0501248;hep-th/0501248;27;4;31
gr-qc/0007062;gr-qc/0007062;9;4;13
hep-th/0110175;hep-th/0110175;2;21;23
hep-th/0109129;hep-th/0109129;10;23;33
hep-th/0007237;hep-th/0007237;9;9;18
gr-qc/0111071;gr-qc/0111071;3;7;10
hep-th/0003147;hep-th/0003147;26;48;74
gr-qc/9602043;gr-qc/9602043;15;5;20
hep-th/0201255;hep-th/0201255;16;15;31
hep-th/9607204;hep-th/9607204;11;8;19
hep-th/0108098;hep-th/0108098;4;15;19
hep-th/9511116;hep-th/9511116;8;6;14
hep-th/9907062;hep-th/9907062;10;11;21
gr-qc/0001048;gr-qc/0001048;5;30;35
hep-th/0106276;hep-th/0106276;26;24;50
hep-th/9503120;hep-th/9503120;1;2;3
hep-th/0104219;hep-th/0104219;14;0;14
gr-qc/0006003;gr-qc/0006003;14;6;20
hep-th/0003058;hep-th/0003058;23;8;31
hep-th/0003056;hep-th/0003056;23;46;69
hep-th/0105070;hep-th/0105070;53;31;84
hep-th/9910099;hep-th/9910099;27;27;54
hep-th/0105105;hep-th/0105105;26;6;32
astro-ph/0201020;astro-ph/0201020;13;27;40
hep-th/0104111;hep-th/0104111;1;20;21
hep-th/0105219;hep-th/0105219;8;10;18
hep-th/0010145;hep-th/0010145;17;13;30
gr-qc/0107049;gr-qc/0107049;23;29;52
hep-th/0112080;hep-th/0112080;23;32;55
hep-th/9310097;hep-th/9310097;13;0;13
hep-th/9412099;hep-th/9412099;5;2;7
hep-th/9412058;hep-th/9412058;8;2;10
hep-th/9406186;hep-th/9406186;1;7;8
hep-th/9302076;hep-th/9302076;28;0;28
hep-th/0203103;hep-th/0203103;10;12;22
hep-th/9509026;hep-th/9509026;21;6;27
math/0112170;math/0112170;14;2;16
hep-th/0112102;hep-th/0112102;3;9;12
hep-th/9511207;hep-th/9511207;22;6;28
hep-th/9510060;hep-th/9510060;22;1;23
hep-th/9507077;hep-th/9507077;10;2;12
hep-th/9507076;hep-th/9507076;20;2;22
hep-th/9912263;hep-th/9912263;9;8;17
hep-th/0105081;hep-th/0105081;15;8;23
hep-th/0011070;hep-th/0011070;11;10;21
hep-th/9706021;hep-th/9706021;17;9;26
hep-th/9907111;hep-th/9907111;8;8;16
hep-th/0203105;hep-th/0203105;25;9;34
hep-th/0204154;hep-th/0204154;26;22;48
hep-th/0107150;hep-th/0107150;24;8;32
hep-th/0203104;hep-th/0203104;2;19;21
hep-th/9911194;hep-th/9911194;16;10;26
hep-th/9606067;hep-th/9606067;4;4;8
hep-th/9610108;hep-th/9610108;16;28;44
hep-ph/9409393;hep-ph/9409393;35;9;44
hep-th/9611127;hep-th/9611127;67;24;91
hep-th/0012230;hep-th/0012230;7;19;26
hep-ph/9602280;hep-ph/9602280;111;28;139
hep-th/9911158;hep-th/9911158;15;20;35
hep-th/9408014;hep-th/9408014;62;7;69
hep-th/0009032;hep-th/0009032;17;44;61
hep-th/9806167;hep-th/9806167;10;17;27
hep-th/0012249;hep-th/0012249;7;33;40
hep-th/0203106;hep-th/0203106;0;9;9
hep-th/0102002;hep-th/0102002;2;11;13
hep-th/0411249;hep-th/0411249;74;29;103
hep-th/0411262;hep-th/0411262;12;42;54
hep-th/0205144;hep-th/0205144;63;26;89
hep-th/0409029;hep-th/0409029;12;8;20
hep-th/0408016;hep-th/0408016;6;36;42
hep-th/0207006;hep-th/0207006;24;27;51
hep-th/0411218;hep-th/0411218;23;14;37
hep-th/0312222;hep-th/0312222;18;20;38
hep-th/0306092;hep-th/0306092;37;40;77
hep-th/0305048;hep-th/0305048;24;34;58
hep-th/0411261;hep-th/0411261;7;30;37
hep-th/0304139;hep-th/0304139;19;22;41
hep-th/0410275;hep-th/0410275;30;29;59
hep-th/0408102;hep-th/0408102;12;10;22
hep-th/0404066;hep-th/0404066;24;67;91
hep-th/0411263;hep-th/0411263;2;14;16
hep-th/0103258;hep-th/0103258;8;12;20
hep-th/9504151;hep-th/9504151;8;0;8
hep-th/0401230;hep-th/0401230;3;12;15
hep-th/0305124;hep-th/0305124;2;15;17
hep-th/0107190;hep-th/0107190;4;11;15
hep-th/0405178;hep-th/0405178;16;8;24
hep-th/0402220;hep-th/0402220;26;11;37
hep-th/0112159;hep-th/0112159;4;13;17
hep-th/9908014;hep-th/9908014;21;12;33
hep-th/0201093;hep-th/0201093;28;0;28
hep-th/0406143;hep-th/0406143;7;28;35
hep-th/0404065;hep-th/0404065;13;39;52
hep-th/0011192;hep-th/0011192;17;31;48
hep-th/9712238;hep-th/9712238;15;16;31
hep-th/9711031;hep-th/9711031;7;28;35
hep-th/9707241;hep-th/9707241;27;13;40
hep-th/9809070;hep-th/9809070;18;25;43
hep-th/9806081;hep-th/9806081;14;12;26
hep-th/9806066;hep-th/9806066;18;25;43
hep-th/9806018;hep-th/9806018;21;15;36
hep-th/9903099;hep-th/9903099;1;15;16
hep-th/9810021;hep-th/9810021;20;0;20
hep-th/9801183;hep-th/9801183;27;31;58
hep-th/9712013;hep-th/9712013;18;23;41
hep-th/9905182;hep-th/9905182;0;4;4
astro-ph/9803014;astro-ph/9803014;3;0;3
astro-ph/9904162;astro-ph/9904162;2;0;2
astro-ph/9803013;astro-ph/9803013;1;0;1
astro-ph/9904163;astro-ph/9904163;2;0;2
hep-th/9905181;hep-th/9905181;3;16;19
hep-th/9905002;hep-th/9905002;14;18;32
hep-th/9207009;hep-th/9207009;16;2;18
hep-th/9307189;hep-th/9307189;10;4;14
hep-th/9905180;hep-th/9905180;19;35;54
hep-th/9612164;hep-th/9612164;37;32;69
hep-th/9809015;hep-th/9809015;11;19;30
hep-th/9810132;hep-th/9810132;15;19;34
hep-th/9812169;hep-th/9812169;4;12;16
hep-th/9905187;hep-th/9905187;4;14;18
hep-th/9810199;hep-th/9810199;12;20;32
hep-th/9712066;hep-th/9712066;46;12;58
hep-ph/9209273;hep-ph/9209273;16;0;16
hep-th/9709035;hep-th/9709035;21;3;24
hep-th/9712144;hep-th/9712144;27;13;40
hep-th/9805204;hep-th/9805204;16;0;16
hep-th/9712132;hep-th/9712132;17;1;18
hep-th/9707199;hep-th/9707199;34;6;40
hep-th/9709079;hep-th/9709079;12;6;18
hep-th/9905186;hep-th/9905186;8;7;15
hep-th/9905185;hep-th/9905185;1;2;3
math-ph/9903006;math-ph/9903006;1;0;1
hep-th/9812101;hep-th/9812101;15;2;17
hep-th/9706139;hep-th/9706139;22;1;23
hep-th/0406226;hep-th/0406226;26;16;42
hep-th/0309226;hep-th/0309226;23;0;23
hep-th/9501111;hep-th/9501111;28;7;35
0904.1334;0904.1334;0;13;13
hep-th/0504219;hep-th/0504219;36;90;126
0705.4657;0705.4657;0;10;10
cond-mat/0610817;cond-mat/0610817;2;10;12
cond-mat/0610639;cond-mat/0610639;4;9;13
cond-mat/0311222;cond-mat/0311222;6;4;10
hep-th/9805118;hep-th/9805118;10;1;11
cond-mat/0509330;cond-mat/0509330;38;0;38
hep-th/0301189;hep-th/0301189;16;38;54
hep-th/0203221;hep-th/0203221;34;4;38
hep-th/0312032;hep-th/0312032;11;13;24
hep-ph/0305276;hep-ph/0305276;6;1;7
hep-th/0411151;hep-th/0411151;20;25;45
hep-th/0210202;hep-th/0210202;17;12;29
hep-th/0311200;hep-th/0311200;19;11;30
hep-th/0208192;hep-th/0208192;21;55;76
hep-th/0211167;hep-th/0211167;38;31;69
hep-th/0311127;hep-th/0311127;22;22;44
hep-ph/0201258;hep-ph/0201258;28;3;31
hep-ph/0312027;hep-ph/0312027;3;4;7
hep-th/0110285;hep-th/0110285;14;4;18
hep-th/0402036;hep-th/0402036;1;7;8
hep-ph/0201211;hep-ph/0201211;5;1;6
hep-ph/0312245;hep-ph/0312245;12;18;30
hep-th/0212028;hep-th/0212028;28;5;33
0802.0735;0802.0735;0;61;61
hep-th/0502127;hep-th/0502127;23;20;43
hep-th/0606199;hep-th/0606199;30;30;60
hep-th/9705031;hep-th/9705031;39;6;45
hep-th/9803127;hep-th/9803127;57;19;76
hep-th/0702150;hep-th/0702150;40;26;66
hep-th/0510147;hep-th/0510147;55;22;77
hep-th/0602270;hep-th/0602270;5;44;49
hep-th/0511029;hep-th/0511029;25;24;49
hep-th/0610259;hep-th/0610259;20;26;46
hep-th/9804174;hep-th/9804174;67;23;90
0909.3061;0909.3061;0;37;37
hep-th/0203020;hep-th/0203020;61;26;87
hep-th/0007109;hep-th/0007109;30;54;84
hep-th/0305007;hep-th/0305007;15;41;56
hep-ph/0102309;hep-ph/0102309;2;9;11
0809.4685;0809.4685;0;107;107
hep-th/0506010;hep-th/0506010;15;8;23
hep-th/0301163;hep-th/0301163;1;11;12
hep-th/9304124;hep-th/9304124;1;0;1
quant-ph/0109073;quant-ph/0109073;1;0;1
quant-ph/0609227;quant-ph/0609227;20;21;41
hep-th/9407179;hep-th/9407179;5;4;9
hep-th/9901117;hep-th/9901117;15;43;58
hep-th/0603003;hep-th/0603003;26;26;52
hep-th/9911066;hep-th/9911066;49;22;71
hep-th/0602160;hep-th/0602160;10;4;14
hep-th/0612036;hep-th/0612036;12;26;38
hep-th/0703238;hep-th/0703238;5;14;19
hep-th/0601134;hep-th/0601134;33;10;43
quant-ph/0306115;quant-ph/0306115;2;2;4
hep-th/0104050;hep-th/0104050;25;35;60
hep-th/0602061;hep-th/0602061;35;56;91
hep-th/9906065;hep-th/9906065;5;6;11
hep-th/9302044;hep-th/9302044;15;0;15
hep-th/0610314;hep-th/0610314;19;19;38
hep-th/9802147;hep-th/9802147;14;37;51
math-ph/9905024;math-ph/9905024;4;1;5
hep-ph/9704358;hep-ph/9704358;4;0;4
hep-ph/0003327;hep-ph/0003327;6;8;14
hep-ph/0002277;hep-ph/0002277;9;15;24
hep-ph/0001043;hep-ph/0001043;14;6;20
cond-mat/9306055;cond-mat/9306055;10;0;10
hep-th/9801097;hep-th/9801097;13;8;21
hep-th/0110127;hep-th/0110127;3;12;15
hep-lat/9802036;hep-lat/9802036;26;10;36
hep-th/0010265;hep-th/0010265;17;13;30
hep-th/0010260;hep-th/0010260;14;4;18
quant-ph/9808031;quant-ph/9808031;7;0;7
hep-th/0105275;hep-th/0105275;11;6;17
0803.3809;0803.3809;0;15;15
astro-ph/9505069;astro-ph/9505069;16;0;16
hep-th/9911067;hep-th/9911067;17;59;76
hep-th/0307004;hep-th/0307004;13;11;24
hep-th/0007214;hep-th/0007214;8;14;22
hep-th/9205045;hep-th/9205045;5;1;6
hep-th/0005170;hep-th/0005170;10;19;29
hep-th/9512183;hep-th/9512183;2;0;2
hep-th/9909145;hep-th/9909145;14;15;29
hep-th/9509056;hep-th/9509056;15;3;18
hep-th/9506064;hep-th/9506064;56;26;82
hep-th/9605219;hep-th/9605219;14;10;24
0709.3378;0709.3378;0;3;3
math/0101147;math/0101147;23;6;29
0908.2652;0908.2652;0;8;8
hep-th/0210019;hep-th/0210019;15;9;24
cond-mat/0502015;cond-mat/0502015;6;8;14
cond-mat/0307001;cond-mat/0307001;5;4;9
cond-mat/0106062;cond-mat/0106062;13;10;23
cond-mat/0210140;cond-mat/0210140;11;8;19
cond-mat/0206353;cond-mat/0206353;6;0;6
0803.3803;0803.3803;0;13;13
hep-th/9907145;hep-th/9907145;34;16;50
hep-th/0104100;hep-th/0104100;18;17;35
hep-th/0110122;hep-th/0110122;4;25;29
alg-geom/9503010;alg-geom/9503010;17;0;17
hep-th/0201211;hep-th/0201211;5;16;21
hep-th/0104090;hep-th/0104090;33;31;64
solv-int/9807008;solv-int/9807008;6;0;6
hep-th/9402022;hep-th/9402022;52;0;52
q-alg/9704005;q-alg/9704005;4;0;4
hep-th/0010101;hep-th/0010101;34;31;65
hep-th/0012259;hep-th/0012259;19;15;34
hep-th/0109018;hep-th/0109018;9;8;17
q-alg/9601028;q-alg/9601028;16;0;16
hep-ph/0004088;hep-ph/0004088;3;8;11
astro-ph/0501401;astro-ph/0501401;7;7;14
hep-th/9907140;hep-th/9907140;60;79;139
cond-mat/9611214;cond-mat/9611214;7;5;12
cond-mat/9606129;cond-mat/9606129;32;6;38
hep-th/9207020;hep-th/9207020;28;2;30
cond-mat/9407114;cond-mat/9407114;4;0;4
hep-th/0003282;hep-th/0003282;6;1;7
hep-th/9912155;hep-th/9912155;12;31;43
hep-th/9910192;hep-th/9910192;9;13;22
hep-th/0007099;hep-th/0007099;7;0;7
hep-th/0007104;hep-th/0007104;16;11;27
hep-th/0004179;hep-th/0004179;9;13;22
hep-th/9805165;hep-th/9805165;36;26;62
hep-th/9904010;hep-th/9904010;27;0;27
hep-th/0007210;hep-th/0007210;2;3;5
gr-qc/9908007;gr-qc/9908007;1;1;2
0807.5081;0807.5081;0;9;9
hep-th/0512098;hep-th/0512098;3;19;22
hep-th/9912079;hep-th/9912079;18;31;49
hep-th/0411166;hep-th/0411166;7;8;15
hep-th/0401062;hep-th/0401062;4;13;17
hep-th/0511203;hep-th/0511203;2;9;11
hep-th/0410267;hep-th/0410267;3;0;3
hep-ph/0607137;hep-ph/0607137;0;9;9
hep-ph/0602159;hep-ph/0602159;3;9;12
hep-ph/0605146;hep-ph/0605146;4;7;11
hep-ph/0607123;hep-ph/0607123;1;3;4
hep-th/0512099;hep-th/0512099;2;4;6
hep-ph/0505208;hep-ph/0505208;3;1;4
gr-qc/9801079;gr-qc/9801079;8;3;11
gr-qc/0202067;gr-qc/0202067;16;36;52
gr-qc/0101019;gr-qc/0101019;13;30;43
gr-qc/9802033;gr-qc/9802033;32;13;45
hep-th/9510117;hep-th/9510117;71;14;85
hep-th/9703192;hep-th/9703192;13;14;27
gr-qc/0009020;gr-qc/0009020;8;6;14
gr-qc/9807060;gr-qc/9807060;17;10;27
0903.3925;0903.3925;0;23;23
hep-th/0604070;hep-th/0604070;20;31;51
hep-th/0703026;hep-th/0703026;4;26;30
0907.4808;0907.4808;0;22;22
gr-qc/0611004;gr-qc/0611004;13;20;33
hep-th/0701123;hep-th/0701123;48;35;83
0902.4341;0902.4341;0;14;14
hep-th/0302081;hep-th/0302081;17;17;34
math/0106179;math/0106179;11;0;11
math/0405132;math/0405132;9;4;13
hep-th/0508084;hep-th/0508084;20;25;45
hep-th/0304098;hep-th/0304098;3;10;13
gr-qc/0202061;gr-qc/0202061;8;10;18
hep-ph/0001109;hep-ph/0001109;14;0;14
hep-th/0111132;hep-th/0111132;20;17;37
hep-ph/0005298;hep-ph/0005298;27;19;46
hep-th/9912049;hep-th/9912049;10;10;20
hep-ph/0509223;hep-ph/0509223;0;1;1
hep-ph/0508257;hep-ph/0508257;1;1;2
0903.3929;0903.3929;0;6;6
gr-qc/0202069;gr-qc/0202069;20;11;31
hep-th/9503149;hep-th/9503149;34;9;43
gr-qc/0003013;gr-qc/0003013;4;2;6
0707.4551;0707.4551;0;10;10
hep-ph/0605161;hep-ph/0605161;2;28;30
hep-th/0408235;hep-th/0408235;41;49;90
hep-ph/0503138;hep-ph/0503138;6;20;26
hep-th/0501211;hep-th/0501211;34;24;58
hep-ph/0606043;hep-ph/0606043;2;23;25
hep-ph/0606042;hep-ph/0606042;2;10;12
hep-th/0202172;hep-th/0202172;26;0;26
hep-th/0511150;hep-th/0511150;35;31;66
hep-th/0412082;hep-th/0412082;63;41;104
hep-ph/9601241;hep-ph/9601241;7;37;44
0707.4554;0707.4554;0;31;31
0801.0247;0801.0247;0;15;15
hep-th/0610211;hep-th/0610211;13;44;57
hep-th/0701146;hep-th/0701146;17;46;63
hep-th/0610199;hep-th/0610199;20;0;20
hep-th/0611158;hep-th/0611158;25;32;57
hep-th/0612194;hep-th/0612194;2;17;19
hep-th/0612185;hep-th/0612185;6;28;34
hep-th/0610079;hep-th/0610079;37;29;66
hep-th/0610132;hep-th/0610132;40;12;52
quant-ph/9506010;quant-ph/9506010;18;14;32
hep-th/0703115;hep-th/0703115;7;26;33
0911.2462;0911.2462;0;6;6
astro-ph/0703647;astro-ph/0703647;3;14;17
hep-ph/0409237;hep-ph/0409237;24;12;36
hep-ph/0404269;hep-ph/0404269;17;9;26
gr-qc/0410053;gr-qc/0410053;21;12;33
astro-ph/0611701;astro-ph/0611701;20;15;35
hep-th/0405012;hep-th/0405012;22;16;38
hep-th/9504083;hep-th/9504083;84;4;88
astro-ph/0410687;astro-ph/0410687;13;1;14
hep-th/0509032;hep-th/0509032;9;29;38
astro-ph/0205331;astro-ph/0205331;27;1;28
astro-ph/0010628;astro-ph/0010628;17;30;47
hep-ph/0001231;hep-ph/0001231;18;15;33
0806.1738;0806.1738;0;17;17
gr-qc/0512160;gr-qc/0512160;10;9;19
gr-qc/9609012;gr-qc/9609012;10;0;10
gr-qc/0612172;gr-qc/0612172;1;15;16
astro-ph/0403228;astro-ph/0403228;8;15;23
astro-ph/0511029;astro-ph/0511029;18;8;26
0711.2828;0711.2828;0;6;6
hep-th/9605230;hep-th/9605230;0;3;3
hep-th/9604036;hep-th/9604036;2;0;2
hep-th/9604029;hep-th/9604029;2;0;2
hep-th/9605189;hep-th/9605189;1;2;3
hep-th/9605231;hep-th/9605231;33;9;42
hep-ph/9511443;hep-ph/9511443;37;7;44
hep-th/9411007;hep-th/9411007;7;2;9
hep-th/9407056;hep-th/9407056;27;4;31
hep-th/9411008;hep-th/9411008;5;1;6
hep-th/9411037;hep-th/9411037;5;3;8
hep-ph/9510428;hep-ph/9510428;2;3;5
hep-th/9212103;hep-th/9212103;11;2;13
hep-th/9201027;hep-th/9201027;18;0;18
hep-th/9508012;hep-th/9508012;1;3;4
gr-qc/9604009;gr-qc/9604009;9;6;15
gr-qc/9604007;gr-qc/9604007;16;5;21
gr-qc/9506052;gr-qc/9506052;18;2;20
hep-th/9605235;hep-th/9605235;0;14;14
hep-th/9301094;hep-th/9301094;2;0;2
hep-th/9604153;hep-th/9604153;6;4;10
hep-th/9412178;hep-th/9412178;1;0;1
hep-th/9301093;hep-th/9301093;4;0;4
hep-th/9304116;hep-th/9304116;2;0;2
hep-th/9312057;hep-th/9312057;2;0;2
hep-th/9605236;hep-th/9605236;3;38;41
hep-th/0109066;hep-th/0109066;0;11;11
hep-th/0008118;hep-th/0008118;28;17;45
hep-ph/9607294;hep-ph/9607294;2;8;10
hep-th/9601175;hep-th/9601175;11;0;11
hep-ph/9411429;hep-ph/9411429;21;10;31
hep-ph/9607296;hep-ph/9607296;5;18;23
hep-ph/9206206;hep-ph/9206206;34;2;36
gr-qc/9706074;gr-qc/9706074;5;2;7
gr-qc/9804021;gr-qc/9804021;3;2;5
gr-qc/9512032;gr-qc/9512032;9;1;10
hep-ph/9401313;hep-ph/9401313;3;2;5
hep-ph/9302220;hep-ph/9302220;1;2;3
hep-th/0107167;hep-th/0107167;3;69;72
hep-th/9910050;hep-th/9910050;30;34;64
hep-th/0201201;hep-th/0201201;16;0;16
hep-ph/0509114;hep-ph/0509114;7;20;27
hep-ph/0310135;hep-ph/0310135;2;4;6
hep-lat/0212003;hep-lat/0212003;13;12;25
hep-lat/0503023;hep-lat/0503023;8;29;37
hep-ph/0110141;hep-ph/0110141;6;5;11
hep-ph/0508259;hep-ph/0508259;6;8;14
hep-ph/0309178;hep-ph/0309178;7;24;31
0710.5572;0710.5572;0;14;14
hep-ph/0302030;hep-ph/0302030;4;3;7
math-ph/0612045;math-ph/0612045;1;0;1
astro-ph/0311495;astro-ph/0311495;3;2;5
hep-th/0701185;hep-th/0701185;12;18;30
hep-th/0210240;hep-th/0210240;13;13;26
hep-ph/0111311;hep-ph/0111311;24;0;24
0909.1960;0909.1960;0;4;4
gr-qc/0702055;gr-qc/0702055;16;10;26
0708.1460;0708.1460;0;15;15
astro-ph/0303168;astro-ph/0303168;58;0;58
astro-ph/0602579;astro-ph/0602579;5;11;16
hep-th/0403234;hep-th/0403234;20;23;43
0708.1469;0708.1469;0;14;14
hep-th/0111007;hep-th/0111007;2;16;18
hep-th/0004013;hep-th/0004013;52;37;89
hep-th/0008068;hep-th/0008068;1;39;40
hep-th/9803097;hep-th/9803097;26;0;26
hep-th/9906075;hep-th/9906075;5;43;48
hep-th/9806149;hep-th/9806149;22;21;43
hep-th/9907090;hep-th/9907090;25;17;42
hep-th/0001098;hep-th/0001098;3;23;26
hep-th/9910196;hep-th/9910196;48;14;62
hep-th/9909202;hep-th/9909202;70;21;91
hep-th/0007107;hep-th/0007107;24;16;40
hep-th/9710097;hep-th/9710097;48;9;57
hep-th/9911119;hep-th/9911119;5;21;26
hep-th/9906237;hep-th/9906237;20;0;20
hep-th/9902023;hep-th/9902023;22;6;28
0905.4480;0905.4480;0;8;8
hep-th/9904146;hep-th/9904146;13;39;52
hep-th/9308020;hep-th/9308020;39;8;47
hep-th/9902035;hep-th/9902035;13;20;33
hep-th/9508104;hep-th/9508104;21;19;40
gr-qc/9705077;gr-qc/9705077;12;10;22
hep-th/9801180;hep-th/9801180;20;25;45
hep-th/0008060;hep-th/0008060;5;8;13
hep-th/9605174;hep-th/9605174;12;21;33
hep-th/0006222;hep-th/0006222;8;33;41
hep-th/0003151;hep-th/0003151;19;20;39
hep-th/0008064;hep-th/0008064;23;9;32
hep-th/0008066;hep-th/0008066;16;7;23
cond-mat/0001227;cond-mat/0001227;10;4;14
hep-th/9703190;hep-th/9703190;44;8;52
hep-th/9703003;hep-th/9703003;13;24;37
alg-geom/9309007;alg-geom/9309007;27;0;27
hep-th/9703006;hep-th/9703006;9;2;11
hep-th/9612206;hep-th/9612206;14;0;14
hep-th/9702125;hep-th/9702125;4;2;6
hep-th/9703007;hep-th/9703007;30;47;77
hep-th/9701147;hep-th/9701147;19;30;49
hep-th/9512060;hep-th/9512060;4;26;30
hep-th/9506168;hep-th/9506168;1;5;6
hep-th/9703004;hep-th/9703004;0;11;11
hep-th/9411190;hep-th/9411190;6;6;12
hep-th/9405016;hep-th/9405016;6;11;17
hep-th/9701077;hep-th/9701077;17;14;31
hep-th/9609084;hep-th/9609084;20;52;72
hep-th/9605091;hep-th/9605091;38;31;69
hep-th/9703005;hep-th/9703005;4;1;5
hep-th/9510140;hep-th/9510140;29;0;29
0809.0856;0809.0856;0;13;13
hep-th/0009147;hep-th/0009147;8;18;26
hep-th/9703008;hep-th/9703008;6;20;26
hep-th/9601109;hep-th/9601109;13;5;18
hep-th/9609092;hep-th/9609092;8;13;21
hep-th/9612220;hep-th/9612220;3;5;8
hep-th/9702098;hep-th/9702098;3;42;45
hep-th/9511213;hep-th/9511213;10;37;47
hep-th/9510013;hep-th/9510013;5;7;12
hep-th/9702045;hep-th/9702045;30;26;56
hep-th/9511159;hep-th/9511159;8;25;33
hep-th/0605213;hep-th/0605213;5;12;17
hep-th/0510164;hep-th/0510164;10;10;20
hep-th/0510226;hep-th/0510226;7;10;17
hep-th/0402005;hep-th/0402005;17;14;31
hep-th/0603049;hep-th/0603049;7;11;18
hep-th/0403230;hep-th/0403230;12;29;41
hep-th/0510029;hep-th/0510029;4;9;13
hep-th/0402123;hep-th/0402123;13;12;25
hep-th/0507127;hep-th/0507127;12;7;19
hep-th/0311193;hep-th/0311193;17;19;36
hep-th/0311001;hep-th/0311001;19;17;36
hep-th/0506109;hep-th/0506109;13;8;21
hep-th/0512334;hep-th/0512334;8;13;21
hep-th/0605211;hep-th/0605211;19;19;38
hep-th/0403294;hep-th/0403294;8;36;44
hep-th/0511274;hep-th/0511274;21;23;44
hep-th/0602113;hep-th/0602113;16;10;26
hep-th/0511249;hep-th/0511249;26;19;45
hep-th/0504185;hep-th/0504185;17;23;40
hep-th/0508165;hep-th/0508165;12;15;27
hep-th/9410150;hep-th/9410150;37;0;37
hep-th/9908202;hep-th/9908202;19;6;25
hep-th/9411091;hep-th/9411091;17;0;17
hep-th/0602259;hep-th/0602259;10;22;32
hep-th/0211034;hep-th/0211034;25;8;33
hep-th/0408112;hep-th/0408112;0;6;6
hep-th/9605158;hep-th/9605158;12;6;18
hep-th/0303053;hep-th/0303053;5;13;18
hep-th/0303084;hep-th/0303084;5;5;10
hep-th/0605217;hep-th/0605217;3;4;7
hep-th/0506024;hep-th/0506024;4;2;6
hep-th/0605216;hep-th/0605216;0;2;2
hep-th/0411050;hep-th/0411050;3;0;3
hep-th/0412047;hep-th/0412047;2;1;3
hep-th/0605215;hep-th/0605215;0;2;2
hep-th/9712241;hep-th/9712241;37;26;63
hep-th/9911186;hep-th/9911186;26;34;60
hep-th/0605219;hep-th/0605219;5;9;14
hep-th/0404225;hep-th/0404225;33;25;58
hep-th/0605218;hep-th/0605218;2;4;6
cond-mat/9606118;cond-mat/9606118;0;1;1
cond-mat/9411022;cond-mat/9411022;1;0;1
0907.1503;0907.1503;0;8;8
hep-th/9304053;hep-th/9304053;26;7;33
hep-th/9802086;hep-th/9802086;3;6;9
math/0406196;math/0406196;1;1;2
math/0105191;math/0105191;3;2;5
0905.0849;0905.0849;0;17;17
gr-qc/0306045;gr-qc/0306045;9;12;21
hep-th/0205164;hep-th/0205164;40;0;40
gr-qc/0512047;gr-qc/0512047;11;8;19
hep-th/9908176;hep-th/9908176;1;5;6
hep-th/9503143;hep-th/9503143;5;7;12
hep-th/9312094;hep-th/9312094;14;3;17
0705.2191;0705.2191;0;21;21
hep-th/0101055;hep-th/0101055;24;2;26
hep-th/0609012;hep-th/0609012;30;15;45
hep-th/0607187;hep-th/0607187;26;14;40
hep-th/0603201;hep-th/0603201;11;34;45
hep-th/0605089;hep-th/0605089;11;38;49
hep-th/9210115;hep-th/9210115;49;0;49
math/0602316;math/0602316;1;3;4
0711.1456;0711.1456;0;17;17
math/0305175;math/0305175;3;2;5
hep-th/9506139;hep-th/9506139;35;15;50
hep-th/9506196;hep-th/9506196;27;15;42
hep-th/0302194;hep-th/0302194;19;6;25
0901.4109;0901.4109;0;9;9
hep-th/0410198;hep-th/0410198;6;6;12
hep-th/9605038;hep-th/9605038;4;0;4
astro-ph/0501590;astro-ph/0501590;4;13;17
hep-th/0501066;hep-th/0501066;1;4;5
cond-mat/0410417;cond-mat/0410417;11;10;21
hep-th/0312141;hep-th/0312141;11;11;22
hep-th/0301042;hep-th/0301042;15;17;32
hep-th/0403168;hep-th/0403168;7;5;12
cond-mat/0211338;cond-mat/0211338;17;2;19
hep-th/0403178;hep-th/0403178;9;19;28
hep-th/9609047;hep-th/9609047;5;0;5
hep-ph/0206113;hep-ph/0206113;9;6;15
0706.2873;0706.2873;0;8;8
0905.1603;0905.1603;0;10;10
hep-ph/0502051;hep-ph/0502051;9;8;17
hep-th/0411222;hep-th/0411222;32;86;118
hep-th/0603174;hep-th/0603174;5;10;15
astro-ph/0210069;astro-ph/0210069;1;4;5
astro-ph/9911396;astro-ph/9911396;6;0;6
hep-ph/0205091;hep-ph/0205091;1;0;1
astro-ph/0204080;astro-ph/0204080;6;0;6
hep-th/0204060;hep-th/0204060;3;2;5
0810.0196;0810.0196;0;71;71
hep-th/9910041;hep-th/9910041;13;43;56
math-ph/0612079;math-ph/0612079;3;23;26
hep-th/0202022;hep-th/0202022;9;39;48
hep-th/0307024;hep-th/0307024;21;30;51
hep-th/0612260;hep-th/0612260;1;36;37
hep-th/9805113;hep-th/9805113;10;21;31
hep-th/0610278;hep-th/0610278;3;31;34
hep-th/9701095;hep-th/9701095;16;38;54
hep-th/9804102;hep-th/9804102;3;8;11
hep-th/0208083;hep-th/0208083;2;15;17
hep-th/9703012;hep-th/9703012;28;10;38
hep-th/0107181;hep-th/0107181;75;6;81
hep-th/9612236;hep-th/9612236;35;35;70
hep-th/0402140;hep-th/0402140;41;30;71
hep-th/9612089;hep-th/9612089;31;33;64
hep-th/0403285;hep-th/0403285;8;20;28
hep-th/0111219;hep-th/0111219;3;12;15
hep-th/9604058;hep-th/9604058;45;4;49
hep-th/9710198;hep-th/9710198;15;74;89
hep-th/9703160;hep-th/9703160;28;11;39
hep-th/9807004;hep-th/9807004;13;0;13
hep-th/9702079;hep-th/9702079;35;36;71
gr-qc/0611015;gr-qc/0611015;5;3;8
hep-th/0606123;hep-th/0606123;8;27;35
hep-th/9803006;hep-th/9803006;10;26;36
hep-th/9702077;hep-th/9702077;23;0;23
hep-th/9802121;hep-th/9802121;18;29;47
gr-qc/0309125;gr-qc/0309125;1;7;8
hep-ph/0102088;hep-ph/0102088;10;20;30
hep-th/0307145;hep-th/0307145;7;3;10
hep-th/0207198;hep-th/0207198;5;4;9
hep-th/0307109;hep-th/0307109;9;1;10
0707.2855;0707.2855;0;1;1
0712.1530;0712.1530;0;21;21
hep-th/9409060;hep-th/9409060;19;14;33
gr-qc/0309122;gr-qc/0309122;1;2;3
gr-qc/0012039;gr-qc/0012039;5;0;5
hep-th/0301194;hep-th/0301194;4;4;8
0810.1243;0810.1243;0;8;8
quant-ph/0307150;quant-ph/0307150;1;2;3
quant-ph/9503016;quant-ph/9503016;5;1;6
quant-ph/0312174;quant-ph/0312174;1;1;2
hep-th/0201142;hep-th/0201142;23;27;50
cond-mat/0112199;cond-mat/0112199;5;8;13
hep-th/9703085;hep-th/9703085;36;5;41
hep-th/0107082;hep-th/0107082;3;11;14
hep-th/9701016;hep-th/9701016;5;4;9
hep-th/9403049;hep-th/9403049;26;6;32
hep-th/9812009;hep-th/9812009;7;6;13
hep-th/0107015;hep-th/0107015;10;16;26
hep-th/0106223;hep-th/0106223;5;16;21
hep-th/0106207;hep-th/0106207;11;8;19
hep-th/9905202;hep-th/9905202;4;4;8
hep-th/0005266;hep-th/0005266;15;9;24
gr-qc/9912118;gr-qc/9912118;28;10;38
hep-th/9910247;hep-th/9910247;15;4;19
gr-qc/0107096;gr-qc/0107096;23;22;45
hep-th/0009185;hep-th/0009185;31;17;48
hep-th/0101117;hep-th/0101117;24;9;33
gr-qc/0103100;gr-qc/0103100;14;13;27
hep-th/9910213;hep-th/9910213;17;13;30
hep-th/0005108;hep-th/0005108;15;14;29
hep-th/9911091;hep-th/9911091;25;26;51
0906.2010;0906.2010;0;9;9
hep-th/0607109;hep-th/0607109;6;20;26
gr-qc/0404067;gr-qc/0404067;11;17;28
hep-th/0311179;hep-th/0311179;9;34;43
hep-th/0203041;hep-th/0203041;19;17;36
hep-th/0508029;hep-th/0508029;43;44;87
hep-th/0104239;hep-th/0104239;40;0;40
hep-th/0510261;hep-th/0510261;6;50;56
hep-th/0106128;hep-th/0106128;31;45;76
0901.4103;0901.4103;0;3;3
quant-ph/0205004;quant-ph/0205004;5;2;7
hep-lat/9810002;hep-lat/9810002;11;0;11
hep-th/9704150;hep-th/9704150;11;2;13
hep-lat/9901011;hep-lat/9901011;19;8;27
0809.4941;0809.4941;0;35;35
hep-th/0510112;hep-th/0510112;15;81;96
hep-th/0703157;hep-th/0703157;9;47;56
hep-th/0504226;hep-th/0504226;20;50;70
hep-ph/0603210;hep-ph/0603210;10;120;130
hep-th/0601037;hep-th/0601037;10;117;127
hep-th/0311191;hep-th/0311191;51;25;76
hep-th/0305104;hep-th/0305104;29;68;97
0912.3374;0912.3374;0;40;40
hep-th/0407070;hep-th/0407070;12;23;35
hep-th/0507190;hep-th/0507190;11;68;79
hep-th/0612046;hep-th/0612046;3;28;31
hep-th/0501238;hep-th/0501238;10;17;27
hep-th/0609017;hep-th/0609017;6;13;19
hep-th/0308028;hep-th/0308028;10;19;29
hep-th/0308029;hep-th/0308029;9;10;19
0909.0614;0909.0614;0;8;8
0705.2564;0705.2564;0;13;13
hep-th/0206072;hep-th/0206072;72;49;121
hep-th/0702146;hep-th/0702146;99;95;194
0705.2567;0705.2567;0;53;53
hep-th/0104130;hep-th/0104130;52;16;68
hep-th/0011066;hep-th/0011066;10;0;10
hep-th/0611117;hep-th/0611117;2;20;22
0910.4408;0910.4408;0;19;19
hep-th/0703035;hep-th/0703035;15;76;91
gr-qc/0505158;gr-qc/0505158;2;8;10
hep-th/0511261;hep-th/0511261;17;32;49
hep-th/0607002;hep-th/0607002;13;23;36
gr-qc/0404003;gr-qc/0404003;3;10;13
gr-qc/9305018;gr-qc/9305018;18;0;18
hep-th/0406116;hep-th/0406116;2;24;26
hep-th/0211031;hep-th/0211031;21;11;32
0705.2562;0705.2562;0;24;24
hep-th/0703206;hep-th/0703206;17;15;32
astro-ph/0611573;astro-ph/0611573;7;0;7
hep-th/0611237;hep-th/0611237;10;10;20
hep-th/0610238;hep-th/0610238;0;10;10
gr-qc/0504059;gr-qc/0504059;7;23;30
nlin/0004013;nlin/0004013;3;3;6
cond-mat/0305131;cond-mat/0305131;7;2;9
cond-mat/0006007;cond-mat/0006007;13;2;15
cond-mat/0204267;cond-mat/0204267;7;0;7
nlin/0004015;nlin/0004015;1;1;2
0907.4159;0907.4159;0;1;1
0712.0615;0712.0615;0;4;4
hep-th/9506076;hep-th/9506076;20;25;45
hep-th/9503078;hep-th/9503078;40;14;54
0907.4153;0907.4153;0;79;79
astro-ph/0210527;astro-ph/0210527;22;28;50
gr-qc/9809026;gr-qc/9809026;2;8;10
gr-qc/9410006;gr-qc/9410006;10;1;11
gr-qc/9409005;gr-qc/9409005;8;2;10
gr-qc/9404013;gr-qc/9404013;5;2;7
quant-ph/0411201;quant-ph/0411201;1;2;3
gr-qc/0306036;gr-qc/0306036;2;3;5
gr-qc/0306034;gr-qc/0306034;2;5;7
quant-ph/0011103;quant-ph/0011103;10;12;22
gr-qc/9509054;gr-qc/9509054;10;8;18
gr-qc/9808016;gr-qc/9808016;3;4;7
gr-qc/0104081;gr-qc/0104081;3;1;4
gr-qc/0510126;gr-qc/0510126;4;6;10
gr-qc/9309012;gr-qc/9309012;12;4;16
gr-qc/0602013;gr-qc/0602013;8;0;8
gr-qc/9710025;gr-qc/9710025;3;1;4
gr-qc/9604012;gr-qc/9604012;9;4;13
gr-qc/9409037;gr-qc/9409037;8;1;9
gr-qc/9304023;gr-qc/9304023;16;0;16
gr-qc/9403055;gr-qc/9403055;8;4;12
gr-qc/9412067;gr-qc/9412067;14;8;22
gr-qc/9704017;gr-qc/9704017;11;9;20
gr-qc/9210004;gr-qc/9210004;5;0;5
gr-qc/9308006;gr-qc/9308006;25;0;25
hep-th/0511238;hep-th/0511238;4;8;12
gr-qc/9610028;gr-qc/9610028;2;7;9
quant-ph/0609190;quant-ph/0609190;4;0;4
gr-qc/9301011;gr-qc/9301011;4;0;4
gr-qc/0309117;gr-qc/0309117;2;5;7
0903.3475;0903.3475;0;21;21
hep-th/0411154;hep-th/0411154;9;14;23
gr-qc/0406100;gr-qc/0406100;22;21;43
gr-qc/0004045;gr-qc/0004045;21;10;31
hep-th/9202074;hep-th/9202074;57;1;58
hep-th/0502106;hep-th/0502106;55;31;86
gr-qc/0607032;gr-qc/0607032;22;29;51
hep-th/0401076;hep-th/0401076;36;31;67
gr-qc/0002095;gr-qc/0002095;37;22;59
hep-th/9112013;hep-th/9112013;24;0;24
astro-ph/0306416;astro-ph/0306416;16;13;29
0803.3248;0803.3248;0;29;29
gr-qc/0603019;gr-qc/0603019;37;31;68
gr-qc/0505015;gr-qc/0505015;23;29;52
hep-th/0602065;hep-th/0602065;8;29;37
hep-th/0109108;hep-th/0109108;40;11;51
hep-th/0108147;hep-th/0108147;30;23;53
hep-th/0110289;hep-th/0110289;25;29;54
astro-ph/0305457;astro-ph/0305457;33;138;171
0706.0263;0706.0263;0;15;15
gr-qc/0301129;gr-qc/0301129;11;17;28
gr-qc/0507003;gr-qc/0507003;20;12;32
gr-qc/9404004;gr-qc/9404004;16;1;17
0803.1465;0803.1465;0;52;52
hep-ph/0503063;hep-ph/0503063;30;44;74
hep-th/0210256;hep-th/0210256;41;0;41
hep-th/0701217;hep-th/0701217;10;7;17
hep-th/0602100;hep-th/0602100;10;27;37
hep-th/0411107;hep-th/0411107;26;20;46
0801.0566;0801.0566;0;16;16
hep-th/0306116;hep-th/0306116;32;14;46
hep-th/0501227;hep-th/0501227;4;21;25
hep-th/0206251;hep-th/0206251;19;19;38
hep-th/0603167;hep-th/0603167;4;13;17
quant-ph/0201137;quant-ph/0201137;6;1;7
hep-th/9908149;hep-th/9908149;29;41;70
hep-th/0302083;hep-th/0302083;11;11;22
hep-th/0305225;hep-th/0305225;17;34;51
hep-th/0301105;hep-th/0301105;6;43;49
hep-th/0306211;hep-th/0306211;29;32;61
hep-th/0304247;hep-th/0304247;9;36;45
hep-th/0301203;hep-th/0301203;12;56;68
hep-th/0212313;hep-th/0212313;10;94;104
hep-th/9806144;hep-th/9806144;23;59;82
hep-th/9804105;hep-th/9804105;26;62;88
hep-th/9912133;hep-th/9912133;19;83;102
hep-th/0204127;hep-th/0204127;6;24;30
hep-th/9904078;hep-th/9904078;19;58;77
hep-th/0304061;hep-th/0304061;23;44;67
hep-th/9904087;hep-th/9904087;33;40;73
hep-th/0303268;hep-th/0303268;25;34;59
math/0306198;math/0306198;39;16;55
hep-th/0203270;hep-th/0203270;2;12;14
hep-th/9804151;hep-th/9804151;27;56;83
hep-th/0301226;hep-th/0301226;24;70;94
hep-th/0212141;hep-th/0212141;15;14;29
hep-th/9904213;hep-th/9904213;14;6;20
hep-th/0306202;hep-th/0306202;11;44;55
hep-th/0212236;hep-th/0212236;20;36;56
hep-th/0307139;hep-th/0307139;19;29;48
hep-th/0202116;hep-th/0202116;24;22;46
hep-th/9912181;hep-th/9912181;17;57;74
hep-th/0203138;hep-th/0203138;34;21;55
hep-th/0410213;hep-th/0410213;27;11;38
gr-qc/9403010;gr-qc/9403010;46;0;46
0709.3857;0709.3857;0;6;6
hep-th/0403296;hep-th/0403296;4;17;21
hep-th/0209095;hep-th/0209095;17;19;36
hep-th/0304035;hep-th/0304035;13;35;48
hep-th/0401058;hep-th/0401058;17;12;29
hep-th/0309114;hep-th/0309114;45;16;61
hep-th/0403122;hep-th/0403122;0;1;1
hep-th/9607100;hep-th/9607100;3;2;5
hep-th/0403125;hep-th/0403125;0;1;1
hep-th/0301245;hep-th/0301245;1;0;1
hep-th/0403124;hep-th/0403124;7;71;78
hep-th/0310253;hep-th/0310253;28;0;28
hep-th/0401236;hep-th/0401236;4;45;49
hep-th/0009189;hep-th/0009189;18;64;82
hep-th/0310138;hep-th/0310138;15;44;59
hep-th/0304145;hep-th/0304145;39;0;39
hep-th/0402196;hep-th/0402196;10;53;63
hep-th/0402192;hep-th/0402192;20;19;39
hep-th/0312021;hep-th/0312021;20;41;61
hep-th/0401066;hep-th/0401066;23;49;72
hep-th/0308140;hep-th/0308140;32;23;55
hep-th/0301094;hep-th/0301094;51;90;141
hep-th/0312086;hep-th/0312086;6;36;42
hep-th/0310066;hep-th/0310066;9;44;53
hep-th/0304059;hep-th/0304059;3;0;3
0707.0669;0707.0669;0;12;12
hep-ph/0304257;hep-ph/0304257;5;23;28
astro-ph/0409131;astro-ph/0409131;2;7;9
0707.0668;0707.0668;0;58;58
hep-th/0504109;hep-th/0504109;8;27;35
hep-th/0412136;hep-th/0412136;24;25;49
hep-ph/0502255;hep-ph/0502255;16;0;16
hep-ph/0507039;hep-ph/0507039;11;8;19
hep-th/0410176;hep-th/0410176;15;10;25
hep-th/0508243;hep-th/0508243;7;6;13
hep-th/0701005;hep-th/0701005;21;35;56
hep-th/0703180;hep-th/0703180;20;25;45
hep-th/9905046;hep-th/9905046;14;21;35
hep-th/9809009;hep-th/9809009;39;23;62
hep-th/9808184;hep-th/9808184;27;18;45
hep-th/9812238;hep-th/9812238;27;21;48
hep-th/9810151;hep-th/9810151;26;21;47
0907.0677;0907.0677;0;23;23
hep-th/0402073;hep-th/0402073;28;34;62
nlin/0108021;nlin/0108021;0;7;7
solv-int/9907004;solv-int/9907004;9;34;43
nlin/0103055;nlin/0103055;2;20;22
0811.0243;0811.0243;0;14;14
hep-th/9901001;hep-th/9901001;7;9;16
0901.0281;0901.0281;0;23;23
hep-th/0510205;hep-th/0510205;13;43;56
hep-th/0002176;hep-th/0002176;20;35;55
hep-th/0004136;hep-th/0004136;5;27;32
hep-th/9911154;hep-th/9911154;14;24;38
hep-th/9912162;hep-th/9912162;24;17;41
hep-th/9701140;hep-th/9701140;14;8;22
hep-th/9602157;hep-th/9602157;10;4;14
hep-th/0009080;hep-th/0009080;0;4;4
hep-th/9802055;hep-th/9802055;6;0;6
hep-th/0009081;hep-th/0009081;0;5;5
hep-th/9511099;hep-th/9511099;6;3;9
hep-th/9406039;hep-th/9406039;4;0;4
hep-th/9903253;hep-th/9903253;2;5;7
hep-th/0002020;hep-th/0002020;18;14;32
hep-th/9811024;hep-th/9811024;27;23;50
hep-th/9702111;hep-th/9702111;50;6;56
hep-th/0004189;hep-th/0004189;9;6;15
hep-th/9711155;hep-th/9711155;20;29;49
hep-th/9506042;hep-th/9506042;18;3;21
hep-th/9808109;hep-th/9808109;4;9;13
hep-th/9309127;hep-th/9309127;8;0;8
hep-th/0009085;hep-th/0009085;0;2;2
hep-th/0009086;hep-th/0009086;10;5;15
hep-th/0005039;hep-th/0005039;6;2;8
hep-th/9806228;hep-th/9806228;11;0;11
hep-th/9202001;hep-th/9202001;16;0;16
hep-th/9710135;hep-th/9710135;5;5;10
quant-ph/9808045;quant-ph/9808045;2;2;4
hep-th/0009087;hep-th/0009087;9;25;34
hep-th/0009039;hep-th/0009039;19;11;30
hep-th/0005062;hep-th/0005062;5;8;13
hep-th/0003291;hep-th/0003291;3;9;12
hep-th/0009059;hep-th/0009059;16;0;16
hep-th/0009088;hep-th/0009088;3;7;10
hep-th/9602129;hep-th/9602129;6;10;16
gr-qc/9704032;gr-qc/9704032;15;6;21
hep-th/9604130;hep-th/9604130;1;10;11
hep-th/9302127;hep-th/9302127;14;0;14
hep-th/9707062;hep-th/9707062;11;13;24
hep-ph/0007206;hep-ph/0007206;2;14;16
hep-th/9912206;hep-th/9912206;13;47;60
hep-th/0006101;hep-th/0006101;1;20;21
hep-ph/0005260;hep-ph/0005260;25;42;67
0811.3781;0811.3781;0;10;10
hep-th/0703264;hep-th/0703264;20;8;28
math/0502169;math/0502169;1;2;3
hep-th/0212278;hep-th/0212278;61;40;101
hep-th/9503063;hep-th/9503063;5;5;10
hep-th/9708129;hep-th/9708129;26;0;26
0809.1533;0809.1533;0;20;20
hep-th/0409091;hep-th/0409091;10;15;25
hep-th/9804139;hep-th/9804139;44;9;53
0911.1719;0911.1719;0;5;5
hep-th/0211026;hep-th/0211026;18;11;29
0911.1711;0911.1711;0;12;12
gr-qc/9602057;gr-qc/9602057;29;4;33
hep-th/0409314;hep-th/0409314;25;13;38
gr-qc/9605059;gr-qc/9605059;31;4;35
hep-th/0408163;hep-th/0408163;7;9;16
hep-th/0205319;hep-th/0205319;19;3;22
0906.4517;0906.4517;0;46;46
hep-th/0612125;hep-th/0612125;35;47;82
hep-th/0412150;hep-th/0412150;53;47;100
hep-ph/0610038;hep-ph/0610038;15;100;115
hep-th/0305072;hep-th/0305072;1;13;14
hep-th/0605141;hep-th/0605141;32;28;60
hep-th/0606047;hep-th/0606047;12;27;39
hep-th/0507042;hep-th/0507042;9;168;177
hep-th/9512037;hep-th/9512037;0;1;1
hep-th/9512036;hep-th/9512036;16;7;23
hep-th/9401011;hep-th/9401011;2;2;4
hep-th/9305167;hep-th/9305167;7;0;7
hep-th/9201020;hep-th/9201020;51;0;51
hep-th/9308140;hep-th/9308140;5;2;7
hep-th/9409001;hep-th/9409001;10;0;10
hep-th/9308022;hep-th/9308022;13;4;17
hep-th/9310071;hep-th/9310071;7;3;10
hep-th/9512034;hep-th/9512034;4;13;17
hep-th/9508078;hep-th/9508078;39;18;57
hep-th/9512032;hep-th/9512032;2;9;11
hep-th/9212043;hep-th/9212043;43;0;43
hep-th/9212072;hep-th/9212072;23;0;23
hep-th/9509119;hep-th/9509119;8;38;46
hep-th/9112036;hep-th/9112036;22;1;23
hep-th/9311137;hep-th/9311137;8;2;10
hep-th/9406169;hep-th/9406169;0;2;2
hep-th/9303131;hep-th/9303131;19;2;21
hep-th/9506087;hep-th/9506087;26;5;31
hep-th/9406167;hep-th/9406167;1;1;2
hep-th/9206033;hep-th/9206033;19;0;19
hep-th/9406165;hep-th/9406165;1;4;5
hep-th/9310037;hep-th/9310037;2;2;4
hep-th/9406164;hep-th/9406164;1;12;13
hep-th/9209115;hep-th/9209115;13;2;15
hep-th/9307039;hep-th/9307039;20;0;20
hep-th/9403181;hep-th/9403181;12;12;24
hep-th/9207050;hep-th/9207050;45;1;46
hep-th/9308099;hep-th/9308099;8;2;10
hep-th/9209028;hep-th/9209028;5;0;5
hep-th/9406162;hep-th/9406162;10;4;14
hep-th/9301123;hep-th/9301123;9;0;9
hep-th/9301113;hep-th/9301113;5;2;7
hep-th/9305012;hep-th/9305012;14;0;14
hep-th/9512039;hep-th/9512039;0;21;21
hep-th/9209011;hep-th/9209011;10;9;19
hep-th/9404010;hep-th/9404010;8;9;17
hep-th/9307114;hep-th/9307114;25;15;40
alg-geom/9502006;alg-geom/9502006;5;0;5
q-alg/9506027;q-alg/9506027;19;13;32
q-alg/9501014;q-alg/9501014;3;0;3
hep-th/9507020;hep-th/9507020;24;4;28
hep-th/9512038;hep-th/9512038;4;7;11
hep-th/9302023;hep-th/9302023;63;3;66
hep-th/0411239;hep-th/0411239;0;23;23
hep-th/0209132;hep-th/0209132;9;16;25
hep-th/0404205;hep-th/0404205;2;55;57
cond-mat/0305296;cond-mat/0305296;10;6;16
hep-th/0304230;hep-th/0304230;15;24;39
0808.3664;0808.3664;0;28;28
hep-th/0603147;hep-th/0603147;15;31;46
hep-th/0509113;hep-th/0509113;22;33;55
hep-th/0606057;hep-th/0606057;7;45;52
hep-th/0605199;hep-th/0605199;22;84;106
hep-th/0602099;hep-th/0602099;26;75;101
hep-th/0512037;hep-th/0512037;5;42;47
hep-th/0004184;hep-th/0004184;4;8;12
hep-th/9810167;hep-th/9810167;16;9;25
hep-th/9405145;hep-th/9405145;7;2;9
hep-th/9502083;hep-th/9502083;8;3;11
hep-th/9803133;hep-th/9803133;30;3;33
hep-th/9309150;hep-th/9309150;12;1;13
0811.3252;0811.3252;0;17;17
hep-th/0212194;hep-th/0212194;18;6;24
hep-th/0602075;hep-th/0602075;5;11;16
hep-th/9509124;hep-th/9509124;13;13;26
math-ph/0611078;math-ph/0611078;8;13;21
hep-th/0703221;hep-th/0703221;5;16;21
hep-th/0102180;hep-th/0102180;17;13;30
hep-th/0701126;hep-th/0701126;0;37;37
hep-th/0609088;hep-th/0609088;3;16;19
hep-th/0401098;hep-th/0401098;4;32;36
hep-th/0411209;hep-th/0411209;14;15;29
hep-th/9809108;hep-th/9809108;7;0;7
hep-th/9808177;hep-th/9808177;57;14;71
hep-th/0209235;hep-th/0209235;8;59;67
hep-th/9212155;hep-th/9212155;23;0;23
hep-th/9809035;hep-th/9809035;82;4;86
hep-th/0204061;hep-th/0204061;15;35;50
hep-th/0104078;hep-th/0104078;8;6;14
hep-th/9810005;hep-th/9810005;5;3;8
hep-th/0004185;hep-th/0004185;4;20;24
cond-mat/9609242;cond-mat/9609242;12;2;14
hep-th/0003205;hep-th/0003205;8;11;19
hep-th/9911215;hep-th/9911215;6;17;23
hep-th/9907158;hep-th/9907158;12;13;25
hep-lat/0409013;hep-lat/0409013;1;9;10
hep-lat/0312025;hep-lat/0312025;2;2;4
hep-th/9507055;hep-th/9507055;3;0;3
hep-ph/0402148;hep-ph/0402148;1;0;1
math/0511485;math/0511485;0;3;3
math/0502193;math/0502193;5;6;11
hep-th/9207003;hep-th/9207003;4;0;4
cond-mat/9505033;cond-mat/9505033;2;0;2
hep-th/9504062;hep-th/9504062;0;1;1
hep-th/9308117;hep-th/9308117;4;0;4
hep-th/9504061;hep-th/9504061;7;5;12
hep-th/9401100;hep-th/9401100;6;6;12
cond-mat/9509147;cond-mat/9509147;6;2;8
hep-th/9504067;hep-th/9504067;30;1;31
hep-th/9504065;hep-th/9504065;10;2;12
hep-th/9504064;hep-th/9504064;15;19;34
hep-th/9402004;hep-th/9402004;28;5;33
hep-th/9502155;hep-th/9502155;17;22;39
gr-qc/9503042;gr-qc/9503042;5;12;17
hep-th/9412003;hep-th/9412003;4;8;12
hep-th/9411024;hep-th/9411024;4;5;9
hep-th/9504022;hep-th/9504022;33;19;52
hep-th/9504033;hep-th/9504033;29;21;50
hep-th/9407001;hep-th/9407001;74;16;90
hep-th/9408066;hep-th/9408066;24;0;24
hep-th/9410215;hep-th/9410215;33;6;39
0705.3764;0705.3764;0;11;11
gr-qc/0603026;gr-qc/0603026;4;8;12
gr-qc/0410092;gr-qc/0410092;13;4;17
gr-qc/0111035;gr-qc/0111035;12;0;12
gr-qc/9706061;gr-qc/9706061;6;1;7
gr-qc/0506043;gr-qc/0506043;8;3;11
gr-qc/0510103;gr-qc/0510103;7;0;7
hep-th/9504069;hep-th/9504069;0;11;11
hep-th/9205039;hep-th/9205039;19;0;19
hep-th/9409138;hep-th/9409138;22;0;22
hep-th/9412192;hep-th/9412192;7;7;14
hep-th/9502129;hep-th/9502129;18;6;24
hep-th/9504068;hep-th/9504068;1;2;3
hep-th/9210154;hep-th/9210154;1;0;1
cond-mat/0611628;cond-mat/0611628;7;10;17
quant-ph/0501183;quant-ph/0501183;10;0;10
hep-th/0603227;hep-th/0603227;12;9;21
hep-th/0603192;hep-th/0603192;14;9;23
gr-qc/0407015;gr-qc/0407015;12;1;13
gr-qc/0012102;gr-qc/0012102;21;0;21
hep-th/0604012;hep-th/0604012;9;9;18
cond-mat/9509149;cond-mat/9509149;0;3;3
cond-mat/9507025;cond-mat/9507025;4;3;7
hep-th/9503011;hep-th/9503011;2;0;2
astro-ph/0409523;astro-ph/0409523;3;8;11
astro-ph/0106316;astro-ph/0106316;8;3;11
astro-ph/0211519;astro-ph/0211519;1;6;7
hep-ph/0111292;hep-ph/0111292;5;10;15
astro-ph/0110460;astro-ph/0110460;5;6;11
hep-th/9706115;hep-th/9706115;6;20;26
0801.1216;0801.1216;0;12;12
hep-th/0005261;hep-th/0005261;11;6;17
hep-th/0210123;hep-th/0210123;4;6;10
0802.1215;0802.1215;0;15;15
hep-ph/0106220;hep-ph/0106220;28;19;47
astro-ph/0602266;astro-ph/0602266;5;7;12
hep-ph/0507120;hep-ph/0507120;36;46;82
hep-th/0607079;hep-th/0607079;3;10;13
hep-th/9711070;hep-th/9711070;21;0;21
hep-th/0605074;hep-th/0605074;4;9;13
hep-th/0205252;hep-th/0205252;5;7;12
hep-th/0504095;hep-th/0504095;16;4;20
hep-th/0109218;hep-th/0109218;16;5;21
hep-th/9909133;hep-th/9909133;5;5;10
hep-th/0006249;hep-th/0006249;11;2;13
hep-th/0604004;hep-th/0604004;4;8;12
math-ph/0411080;math-ph/0411080;6;6;12
hep-th/0407195;hep-th/0407195;10;5;15
hep-th/0605002;hep-th/0605002;1;11;12
hep-th/0009167;hep-th/0009167;38;0;38
hep-th/0003129;hep-th/0003129;8;14;22
math-ph/0609078;math-ph/0609078;2;19;21
hep-th/0508057;hep-th/0508057;13;0;13
hep-th/0403028;hep-th/0403028;8;22;30
hep-th/0401237;hep-th/0401237;7;14;21
hep-th/0605243;hep-th/0605243;11;3;14
hep-th/0404029;hep-th/0404029;3;7;10
hep-th/9410027;hep-th/9410027;9;0;9
hep-th/0605249;hep-th/0605249;8;8;16
hep-th/9806107;hep-th/9806107;4;4;8
hep-th/9307031;hep-th/9307031;6;7;13
hep-th/9806053;hep-th/9806053;2;1;3
hep-th/9804029;hep-th/9804029;5;27;32
hep-th/9701177;hep-th/9701177;11;6;17
hep-th/9712254;hep-th/9712254;19;5;24
hep-th/9707207;hep-th/9707207;29;18;47
hep-th/9805083;hep-th/9805083;21;16;37
hep-th/9803167;hep-th/9803167;65;47;112
hep-th/9804006;hep-th/9804006;29;58;87
hep-th/9804149;hep-th/9804149;39;19;58
hep-th/9805143;hep-th/9805143;27;18;45
hep-th/9804019;hep-th/9804019;22;25;47
hep-th/9806102;hep-th/9806102;0;2;2
hep-th/9502103;hep-th/9502103;6;0;6
hep-th/9611126;hep-th/9611126;2;4;6
0712.3206;0712.3206;0;11;11
hep-th/0606156;hep-th/0606156;2;15;17
hep-th/0702108;hep-th/0702108;4;52;56
hep-th/0503121;hep-th/0503121;22;39;61
0707.3314;0707.3314;0;16;16
hep-th/0506096;hep-th/0506096;8;28;36
gr-qc/9811061;gr-qc/9811061;5;3;8
hep-th/9511032;hep-th/9511032;6;0;6
hep-th/9306034;hep-th/9306034;14;3;17
0710.4864;0710.4864;0;12;12
0712.2557;0712.2557;0;25;25
hep-th/0212007;hep-th/0212007;7;16;23
hep-th/0403205;hep-th/0403205;14;0;14
hep-th/0012181;hep-th/0012181;20;7;27
hep-th/0106035;hep-th/0106035;10;15;25
hep-th/0105037;hep-th/0105037;34;14;48
0901.2467;0901.2467;0;10;10
hep-th/9606109;hep-th/9606109;21;11;32
hep-th/9508153;hep-th/9508153;25;3;28
hep-th/0104223;hep-th/0104223;8;11;19
hep-th/9210114;hep-th/9210114;5;0;5
astro-ph/0307442;astro-ph/0307442;17;2;19
0807.4543;0807.4543;0;15;15
hep-ph/0510294;hep-ph/0510294;2;9;11
hep-ph/0603057;hep-ph/0603057;8;0;8
hep-th/0507176;hep-th/0507176;24;53;77
hep-th/9905152;hep-th/9905152;5;3;8
hep-th/9708102;hep-th/9708102;14;7;21
hep-th/9806023;hep-th/9806023;3;1;4
0803.3149;0803.3149;0;27;27
hep-th/0701173;hep-th/0701173;38;64;102
hep-th/0701093;hep-th/0701093;4;18;22
hep-th/0006179;hep-th/0006179;59;0;59
hep-th/0610044;hep-th/0610044;24;51;75
hep-th/0703129;hep-th/0703129;17;40;57
hep-th/0701247;hep-th/0701247;17;20;37
hep-th/0505177;hep-th/0505177;50;37;87
hep-th/0607071;hep-th/0607071;2;43;45
hep-th/0604188;hep-th/0604188;1;20;21
gr-qc/0308048;gr-qc/0308048;33;27;60
hep-th/0507266;hep-th/0507266;28;10;38
hep-th/0407037;hep-th/0407037;1;7;8
hep-th/0507226;hep-th/0507226;9;13;22
hep-th/0008057;hep-th/0008057;95;31;126
gr-qc/9503040;gr-qc/9503040;10;11;21
hep-th/0309166;hep-th/0309166;23;9;32
hep-th/0212071;hep-th/0212071;30;13;43
hep-th/0404095;hep-th/0404095;3;45;48
gr-qc/9408006;gr-qc/9408006;18;8;26
hep-th/9411198;hep-th/9411198;34;21;55
hep-th/0411094;hep-th/0411094;6;16;22
nlin/0410013;nlin/0410013;2;0;2
hep-th/0308053;hep-th/0308053;9;0;9
cond-mat/0012141;cond-mat/0012141;29;3;32
cond-mat/0410113;cond-mat/0410113;4;11;15
hep-th/0307108;hep-th/0307108;16;7;23
hep-th/0309054;hep-th/0309054;3;29;32
cond-mat/0012035;cond-mat/0012035;22;10;32
hep-th/0412241;hep-th/0412241;10;16;26
hep-th/0405161;hep-th/0405161;29;51;80
hep-th/0411074;hep-th/0411074;35;40;75
hep-th/0312233;hep-th/0312233;53;26;79
hep-th/0605064;hep-th/0605064;6;32;38
hep-th/0601131;hep-th/0601131;7;0;7
hep-th/0603134;hep-th/0603134;42;42;84
hep-th/0602252;hep-th/0602252;7;18;25
hep-th/0306150;hep-th/0306150;148;42;190
hep-th/0411095;hep-th/0411095;1;1;2
hep-th/0301111;hep-th/0301111;4;1;5
hep-th/0607073;hep-th/0607073;21;21;42
hep-th/0604126;hep-th/0604126;27;16;43
astro-ph/0302326;astro-ph/0302326;14;4;18
hep-th/9707167;hep-th/9707167;15;0;15
hep-th/9905155;hep-th/9905155;9;53;62
hep-th/9802163;hep-th/9802163;13;56;69
hep-th/9509141;hep-th/9509141;70;2;72
hep-th/9807156;hep-th/9807156;7;0;7
hep-th/9702163;hep-th/9702163;89;58;147
hep-th/9902128;hep-th/9902128;23;18;41
hep-th/9706208;hep-th/9706208;27;18;45
hep-th/9811207;hep-th/9811207;8;16;24
hep-th/9801049;hep-th/9801049;26;41;67
0711.3685;0711.3685;0;2;2
hep-th/0610083;hep-th/0610083;1;5;6
hep-th/9602102;hep-th/9602102;48;32;80
hep-th/9511157;hep-th/9511157;24;0;24
hep-th/0602173;hep-th/0602173;21;66;87
hep-th/0503157;hep-th/0503157;15;20;35
hep-th/0407130;hep-th/0407130;82;37;119
hep-th/0602120;hep-th/0602120;53;56;109
hep-th/0209178;hep-th/0209178;28;9;37
0810.3337;0810.3337;0;7;7
astro-ph/0610924;astro-ph/0610924;1;49;50
astro-ph/0604214;astro-ph/0604214;18;7;25
astro-ph/0609003;astro-ph/0609003;27;8;35
hep-th/0409159;hep-th/0409159;36;12;48
hep-th/0210064;hep-th/0210064;31;19;50
hep-th/0602292;hep-th/0602292;14;39;53
hep-th/0508231;hep-th/0508231;8;25;33
hep-th/0602293;hep-th/0602293;1;18;19
hep-th/0406096;hep-th/0406096;33;32;65
hep-th/0506085;hep-th/0506085;16;24;40
hep-th/0507056;hep-th/0507056;23;42;65
hep-th/0103133;hep-th/0103133;25;21;46
gr-qc/9404065;gr-qc/9404065;14;0;14
hep-th/0307058;hep-th/0307058;10;9;19
hep-th/0602291;hep-th/0602291;3;32;35
hep-th/0304249;hep-th/0304249;4;0;4
0712.4155;0712.4155;0;23;23
hep-th/9907163;hep-th/9907163;36;3;39
hep-th/0508148;hep-th/0508148;7;61;68
hep-th/0005288;hep-th/0005288;10;5;15
hep-th/0112173;hep-th/0112173;28;34;62
hep-th/0610103;hep-th/0610103;5;12;17
hep-th/0607111;hep-th/0607111;23;29;52
hep-th/0211212;hep-th/0211212;18;33;51
hep-th/0703100;hep-th/0703100;10;21;31
gr-qc/0303082;gr-qc/0303082;34;30;64
hep-th/0104226;hep-th/0104226;39;30;69
hep-th/0204218;hep-th/0204218;39;37;76
gr-qc/9610071;gr-qc/9610071;11;10;21
hep-th/0210217;hep-th/0210217;27;75;102
hep-th/0210086;hep-th/0210086;5;0;5
hep-th/0509124;hep-th/0509124;5;16;21
quant-ph/0406041;quant-ph/0406041;33;5;38
hep-th/9402110;hep-th/9402110;4;2;6
solv-int/9610011;solv-int/9610011;3;10;13
cond-mat/9610132;cond-mat/9610132;5;5;10
hep-th/9310060;hep-th/9310060;22;0;22
hep-th/9607162;hep-th/9607162;3;3;6
hep-th/9408135;hep-th/9408135;15;6;21
0905.1510;0905.1510;0;3;3
0710.5844;0710.5844;0;14;14
hep-th/0205128;hep-th/0205128;10;13;23
gr-qc/0301108;gr-qc/0301108;14;9;23
hep-th/0205021;hep-th/0205021;17;13;30
hep-th/0310218;hep-th/0310218;14;11;25
hep-th/0202121;hep-th/0202121;24;13;37
math/0006228;math/0006228;9;0;9
0707.3830;0707.3830;0;31;31
gr-qc/0612068;gr-qc/0612068;22;27;49
hep-th/9308019;hep-th/9308019;14;3;17
hep-th/9212140;hep-th/9212140;12;0;12
hep-th/9411012;hep-th/9411012;18;6;24
hep-th/9211008;hep-th/9211008;7;0;7
astro-ph/9611208;astro-ph/9611208;17;4;21
hep-th/9205048;hep-th/9205048;1;0;1
hep-th/9509169;hep-th/9509169;21;3;24
hep-th/9611145;hep-th/9611145;22;13;35
0708.3121;0708.3121;0;48;48
gr-qc/0701172;gr-qc/0701172;16;12;28
astro-ph/0612642;astro-ph/0612642;13;38;51
gr-qc/0607059;gr-qc/0607059;7;45;52
0905.1514;0905.1514;0;15;15
gr-qc/9208009;gr-qc/9208009;30;0;30
hep-th/0701127;hep-th/0701127;5;33;38
hep-th/0507166;hep-th/0507166;12;21;33
hep-th/0106258;hep-th/0106258;23;11;34
hep-th/9509084;hep-th/9509084;13;0;13
hep-th/0508026;hep-th/0508026;20;19;39
hep-th/0209162;hep-th/0209162;26;20;46
hep-th/0611058;hep-th/0611058;5;2;7
hep-ph/0408089;hep-ph/0408089;21;43;64
hep-th/0606189;hep-th/0606189;18;24;42
hep-th/0209193;hep-th/0209193;30;14;44
hep-th/0209218;hep-th/0209218;6;24;30
hep-th/0211195;hep-th/0211195;24;42;66
0806.3951;0806.3951;0;19;19
hep-th/0602016;hep-th/0602016;25;0;25
0904.1447;0904.1447;0;6;6
hep-th/0411133;hep-th/0411133;3;23;26
hep-th/0210181;hep-th/0210181;11;34;45
hep-th/0204041;hep-th/0204041;31;39;70
hep-th/0110022;hep-th/0110022;30;26;56
hep-th/0209046;hep-th/0209046;13;21;34
hep-th/0306232;hep-th/0306232;5;27;32
math-ph/9904037;math-ph/9904037;1;9;10
q-alg/9710022;q-alg/9710022;12;7;19
math/9804021;math/9804021;5;2;7
hep-th/9610114;hep-th/9610114;9;5;14
hep-th/9108018;hep-th/9108018;23;0;23
math-ph/9807012;math-ph/9807012;5;0;5
math-ph/9807016;math-ph/9807016;5;4;9
hep-th/9705204;hep-th/9705204;5;4;9
gr-qc/0508124;gr-qc/0508124;36;17;53
gr-qc/0611112;gr-qc/0611112;11;20;31
gr-qc/0411012;gr-qc/0411012;15;36;51
hep-th/9812038;hep-th/9812038;9;24;33
hep-th/0002110;hep-th/0002110;26;8;34
hep-th/0011247;hep-th/0011247;21;26;47
hep-th/9507003;hep-th/9507003;6;15;21
hep-th/0202197;hep-th/0202197;20;26;46
hep-th/9708039;hep-th/9708039;27;21;48
hep-th/9911115;hep-th/9911115;22;43;65
hep-th/0105090;hep-th/0105090;11;43;54
hep-th/0211109;hep-th/0211109;1;6;7
hep-th/0111206;hep-th/0111206;9;0;9
hep-th/0105128;hep-th/0105128;18;3;21
hep-ph/0007045;hep-ph/0007045;14;2;16
hep-th/0102047;hep-th/0102047;12;1;13
gr-qc/0511162;gr-qc/0511162;2;12;14
gr-qc/0306070;gr-qc/0306070;10;12;22
gr-qc/0301051;gr-qc/0301051;15;7;22
gr-qc/0302040;gr-qc/0302040;13;4;17
hep-th/9810257;hep-th/9810257;13;11;24
gr-qc/0503022;gr-qc/0503022;40;156;196
0906.0795;0906.0795;0;43;43
hep-th/9907215;hep-th/9907215;9;0;9
hep-th/0011220;hep-th/0011220;36;17;53
hep-th/0611020;hep-th/0611020;6;30;36
hep-th/0206158;hep-th/0206158;8;36;44
math/0211216;math/0211216;31;5;36
hep-th/0605198;hep-th/0605198;13;4;17
hep-th/0605200;hep-th/0605200;14;60;74
hep-th/0206183;hep-th/0206183;3;45;48
hep-th/9909105;hep-th/9909105;1;16;17
hep-th/9911223;hep-th/9911223;9;8;17
hep-th/0112065;hep-th/0112065;2;26;28
hep-th/0409135;hep-th/0409135;11;14;25
math/0302128;math/0302128;3;0;3
hep-th/0207135;hep-th/0207135;42;25;67
hep-th/0210043;hep-th/0210043;28;9;37
hep-th/0103233;hep-th/0103233;97;34;131
hep-th/9508001;hep-th/9508001;20;3;23
hep-th/0201111;hep-th/0201111;8;20;28
hep-th/0112071;hep-th/0112071;13;37;50
hep-th/0101119;hep-th/0101119;19;42;61
hep-th/0203267;hep-th/0203267;21;54;75
hep-th/0201206;hep-th/0201206;7;0;7
hep-th/9901032;hep-th/9901032;49;47;96
hep-th/9712029;hep-th/9712029;8;25;33
hep-th/0011113;hep-th/0011113;27;18;45
hep-th/0107012;hep-th/0107012;4;9;13
hep-th/0210183;hep-th/0210183;54;41;95
hep-th/0209138;hep-th/0209138;20;12;32
hep-th/0211101;hep-th/0211101;11;27;38
hep-th/0204117;hep-th/0204117;22;20;42
hep-th/0211106;hep-th/0211106;1;4;5
hep-th/0011040;hep-th/0011040;44;0;44
hep-th/0110230;hep-th/0110230;10;6;16
hep-th/0009004;hep-th/0009004;16;1;17
hep-th/0006192;hep-th/0006192;23;29;52
hep-th/0211104;hep-th/0211104;1;6;7
hep-ph/0204310;hep-ph/0204310;2;8;10
hep-th/9708030;hep-th/9708030;30;1;31
hep-th/0207148;hep-th/0207148;6;0;6
hep-th/0208213;hep-th/0208213;2;21;23
hep-th/0208162;hep-th/0208162;15;22;37
hep-ph/0012363;hep-ph/0012363;20;12;32
hep-th/0207274;hep-th/0207274;6;6;12
hep-th/0301218;hep-th/0301218;45;12;57
hep-th/9503113;hep-th/9503113;8;0;8
hep-th/9904008;hep-th/9904008;17;6;23
hep-th/9906126;hep-th/9906126;30;16;46
hep-ph/0006088;hep-ph/0006088;21;24;45
hep-th/0107259;hep-th/0107259;5;27;32
hep-ph/0302014;hep-ph/0302014;18;13;31
hep-th/0303253;hep-th/0303253;2;34;36
hep-th/9901078;hep-th/9901078;23;0;23
hep-th/9901136;hep-th/9901136;13;20;33
hep-th/0105263;hep-th/0105263;7;24;31
hep-th/9406081;hep-th/9406081;12;0;12
hep-th/0010057;hep-th/0010057;12;4;16
hep-th/9904045;hep-th/9904045;18;20;38
hep-th/9701012;hep-th/9701012;10;12;22
hep-th/9509085;hep-th/9509085;5;0;5
hep-th/9412040;hep-th/9412040;9;1;10
hep-th/0003030;hep-th/0003030;17;0;17
hep-th/9604021;hep-th/9604021;9;8;17
hep-th/0211014;hep-th/0211014;2;28;30
hep-th/9511068;hep-th/9511068;15;3;18
hep-th/9607045;hep-th/9607045;2;10;12
hep-th/9511007;hep-th/9511007;2;4;6
hep-th/0005194;hep-th/0005194;38;21;59
hep-th/0301047;hep-th/0301047;4;19;23
hep-th/0005199;hep-th/0005199;26;6;32
hep-th/0109209;hep-th/0109209;52;43;95
hep-th/0211129;hep-th/0211129;9;33;42
hep-th/0208059;hep-th/0208059;5;15;20
hep-th/0009002;hep-th/0009002;37;17;54
hep-th/0108007;hep-th/0108007;45;29;74
hep-th/0005101;hep-th/0005101;28;10;38
hep-th/0003012;hep-th/0003012;19;17;36
hep-th/9810147;hep-th/9810147;27;7;34
hep-th/0211225;hep-th/0211225;10;12;22
hep-th/0005221;hep-th/0005221;7;0;7
hep-th/0207180;hep-th/0207180;14;20;34
hep-th/0107226;hep-th/0107226;5;31;36
hep-th/9804009;hep-th/9804009;61;28;89
hep-th/0008092;hep-th/0008092;30;36;66
hep-th/0012077;hep-th/0012077;24;11;35
hep-th/0010066;hep-th/0010066;12;9;21
hep-th/9908095;hep-th/9908095;9;11;20
hep-th/0003093;hep-th/0003093;35;13;48
hep-th/0104263;hep-th/0104263;13;25;38
hep-th/0202025;hep-th/0202025;16;18;34
hep-th/0209153;hep-th/0209153;16;54;70
hep-th/0006056;hep-th/0006056;9;26;35
hep-th/9910135;hep-th/9910135;41;11;52
hep-th/0111169;hep-th/0111169;12;21;33
hep-th/0105085;hep-th/0105085;29;21;50
hep-th/0105185;hep-th/0105185;20;18;38
hep-th/0201196;hep-th/0201196;17;19;36
hep-th/0010006;hep-th/0010006;46;27;73
hep-th/0210163;hep-th/0210163;16;14;30
hep-th/0212328;hep-th/0212328;13;15;28
hep-th/0010251;hep-th/0010251;34;28;62
hep-th/0209139;hep-th/0209139;15;26;41
hep-th/0112246;hep-th/0112246;17;9;26
hep-th/0010225;hep-th/0010225;29;1;30
hep-th/0205110;hep-th/0205110;8;15;23
hep-th/0010026;hep-th/0010026;12;36;48
hep-th/0011028;hep-th/0011028;1;9;10
hep-th/0109121;hep-th/0109121;24;21;45
hep-th/0111174;hep-th/0111174;6;3;9
hep-th/0109111;hep-th/0109111;16;15;31
hep-th/9910263;hep-th/9910263;47;14;61
hep-th/0303257;hep-th/0303257;0;3;3
quant-ph/9506023;quant-ph/9506023;23;0;23
hep-th/0301128;hep-th/0301128;4;0;4
hep-th/0303254;hep-th/0303254;2;1;3
hep-th/9505112;hep-th/9505112;33;0;33
hep-th/0303255;hep-th/0303255;5;41;46
hep-th/0210262;hep-th/0210262;33;55;88
hep-th/0302060;hep-th/0302060;16;35;51
hep-th/0206131;hep-th/0206131;34;19;53
hep-th/0301089;hep-th/0301089;15;19;34
hep-th/0212052;hep-th/0212052;5;12;17
hep-th/0303182;hep-th/0303182;15;25;40
hep-th/0301253;hep-th/0301253;16;0;16
hep-th/0212343;hep-th/0212343;21;40;61
hep-th/0303258;hep-th/0303258;1;5;6
hep-th/0303259;hep-th/0303259;0;1;1
gr-qc/0004054;gr-qc/0004054;6;1;7
0810.3654;0810.3654;0;7;7
math/0602146;math/0602146;0;1;1
math/0508249;math/0508249;3;0;3
astro-ph/0105130;astro-ph/0105130;0;3;3
hep-ph/9805252;hep-ph/9805252;3;2;5
hep-th/0012253;hep-th/0012253;9;4;13
math-ph/0312021;math-ph/0312021;0;1;1
hep-th/0307134;hep-th/0307134;3;7;10
0904.3547;0904.3547;0;11;11
hep-ph/0503125;hep-ph/0503125;10;9;19
hep-th/0312123;hep-th/0312123;1;12;13
hep-th/0310054;hep-th/0310054;23;0;23
gr-qc/0307102;gr-qc/0307102;23;2;25
hep-th/0312120;hep-th/0312120;1;37;38
hep-th/0011099;hep-th/0011099;63;19;82
hep-th/0309262;hep-th/0309262;9;35;44
hep-th/9904122;hep-th/9904122;15;31;46
hep-th/9203026;hep-th/9203026;21;0;21
hep-th/0310113;hep-th/0310113;38;117;155
hep-th/0101093;hep-th/0101093;48;0;48
hep-th/0107033;hep-th/0107033;8;21;29
math-ph/0001007;math-ph/0001007;6;3;9
math-ph/0001008;math-ph/0001008;7;8;15
hep-th/0312124;hep-th/0312124;1;1;2
hep-th/0312125;hep-th/0312125;4;38;42
hep-ph/9404311;hep-ph/9404311;21;0;21
hep-ph/0007193;hep-ph/0007193;22;19;41
hep-th/9610089;hep-th/9610089;11;19;30
hep-th/9905122;hep-th/9905122;20;15;35
hep-th/9408149;hep-th/9408149;23;4;27
hep-th/0204100;hep-th/0204100;8;0;8
hep-ph/0207168;hep-ph/0207168;17;21;38
hep-ph/9709250;hep-ph/9709250;17;9;26
hep-th/0004170;hep-th/0004170;13;14;27
hep-th/0206249;hep-th/0206249;6;0;6
hep-th/0205206;hep-th/0205206;3;24;27
hep-th/9605128;hep-th/9605128;16;7;23
math-ph/0001006;math-ph/0001006;9;0;9
hep-th/9403112;hep-th/9403112;51;2;53
nlin/0001038;nlin/0001038;4;9;13
hep-th/9502060;hep-th/9502060;27;4;31
math-ph/9910046;math-ph/9910046;3;0;3
hep-th/9905197;hep-th/9905197;10;15;25
hep-th/9211066;hep-th/9211066;36;1;37
hep-th/9610094;hep-th/9610094;10;9;19
0912.2664;0912.2664;0;4;4
hep-th/0204082;hep-th/0204082;7;13;20
hep-th/0502210;hep-th/0502210;15;9;24
0905.2768;0905.2768;0;24;24
hep-th/0509145;hep-th/0509145;3;17;20
hep-th/0510140;hep-th/0510140;4;6;10
hep-th/0112215;hep-th/0112215;32;12;44
hep-lat/0511058;hep-lat/0511058;0;7;7
hep-lat/0410036;hep-lat/0410036;2;2;4
hep-lat/0508021;hep-lat/0508021;9;8;17
hep-lat/0306004;hep-lat/0306004;2;0;2
hep-ph/0410294;hep-ph/0410294;14;31;45
0910.4322;0910.4322;0;9;9
hep-th/0510017;hep-th/0510017;6;20;26
hep-th/0412172;hep-th/0412172;1;4;5
hep-th/0011275;hep-th/0011275;2;3;5
gr-qc/9702013;gr-qc/9702013;0;1;1
hep-th/9507139;hep-th/9507139;13;0;13
gr-qc/9702012;gr-qc/9702012;0;3;3
0909.5321;0909.5321;0;9;9
hep-th/0202050;hep-th/0202050;6;6;12
hep-th/9401032;hep-th/9401032;4;1;5
hep-ph/9907254;hep-ph/9907254;22;10;32
hep-th/9407028;hep-th/9407028;9;1;10
hep-th/0005149;hep-th/0005149;3;5;8
hep-th/9902084;hep-th/9902084;8;0;8
0710.2360;0710.2360;0;3;3
hep-ph/0503112;hep-ph/0503112;3;4;7
hep-ph/0609126;hep-ph/0609126;2;9;11
hep-th/9809118;hep-th/9809118;3;12;15
hep-th/9708076;hep-th/9708076;6;5;11
gr-qc/9804038;gr-qc/9804038;4;1;5
gr-qc/9804039;gr-qc/9804039;24;9;33
0912.4664;0912.4664;0;10;10
hep-th/0503126;hep-th/0503126;20;20;40
hep-th/0609167;hep-th/0609167;8;28;36
hep-th/0601068;hep-th/0601068;10;17;27
hep-ph/0305211;hep-ph/0305211;1;3;4
hep-th/0203122;hep-th/0203122;3;3;6
hep-th/0203114;hep-th/0203114;4;0;4
0912.4669;0912.4669;0;6;6
gr-qc/9904049;gr-qc/9904049;23;3;26
hep-th/0302212;hep-th/0302212;6;10;16
gr-qc/0607078;gr-qc/0607078;3;36;39
astro-ph/0605504;astro-ph/0605504;6;4;10
gr-qc/9804037;gr-qc/9804037;3;1;4
hep-ph/0305214;hep-ph/0305214;11;18;29
hep-th/0209050;hep-th/0209050;16;39;55
hep-th/0208120;hep-th/0208120;35;19;54
hep-th/0208071;hep-th/0208071;25;22;47
hep-ph/0209158;hep-ph/0209158;36;40;76
hep-ph/0006041;hep-ph/0006041;63;64;127
hep-ph/0208058;hep-ph/0208058;27;19;46
hep-th/0208002;hep-th/0208002;28;31;59
hep-ph/0303158;hep-ph/0303158;10;34;44
gr-qc/9412032;gr-qc/9412032;0;1;1
gr-qc/9510048;gr-qc/9510048;8;20;28
hep-th/9405162;hep-th/9405162;31;20;51
hep-th/9508027;hep-th/9508027;1;5;6
hep-th/9312194;hep-th/9312194;17;12;29
hep-th/9307057;hep-th/9307057;15;0;15
hep-th/9507009;hep-th/9507009;12;18;30
hep-th/9303170;hep-th/9303170;4;5;9
gr-qc/9412035;gr-qc/9412035;37;5;42
cond-mat/0207682;cond-mat/0207682;8;2;10
cond-mat/0201213;cond-mat/0201213;4;6;10
0805.1503;0805.1503;0;12;12
gr-qc/9510040;gr-qc/9510040;1;1;2
hep-th/9111009;hep-th/9111009;3;0;3
gr-qc/9510046;gr-qc/9510046;3;3;6
hep-th/9507099;hep-th/9507099;4;2;6
hep-th/9309098;hep-th/9309098;8;1;9
math-ph/0505057;math-ph/0505057;1;1;2
cond-mat/9911235;cond-mat/9911235;3;0;3
hep-th/0602128;hep-th/0602128;9;6;15
hep-th/9205058;hep-th/9205058;27;0;27
hep-th/0306059;hep-th/0306059;23;3;26
hep-th/0511001;hep-th/0511001;13;33;46
hep-th/0409284;hep-th/0409284;12;46;58
math/0104196;math/0104196;14;11;25
hep-th/0406046;hep-th/0406046;19;9;28
0809.3744;0809.3744;0;131;131
hep-th/9306075;hep-th/9306075;26;1;27
hep-th/0606093;hep-th/0606093;4;1;5
hep-th/0606019;hep-th/0606019;18;5;23
hep-th/0701278;hep-th/0701278;8;19;27
hep-th/0701270;hep-th/0701270;15;19;34
hep-th/0609170;hep-th/0609170;20;38;58
gr-qc/0611157;gr-qc/0611157;1;1;2
hep-th/0508163;hep-th/0508163;12;24;36
hep-ph/0509148;hep-ph/0509148;13;31;44
gr-qc/0101058;gr-qc/0101058;8;9;17
hep-th/0506040;hep-th/0506040;10;11;21
hep-th/0702117;hep-th/0702117;5;15;20
hep-th/0409172;hep-th/0409172;7;14;21
hep-th/0612141;hep-th/0612141;9;30;39
hep-th/0301005;hep-th/0301005;11;23;34
hep-th/0107202;hep-th/0107202;4;1;5
gr-qc/0110072;gr-qc/0110072;9;8;17
hep-th/0702184;hep-th/0702184;4;6;10
hep-th/0402079;hep-th/0402079;21;50;71
hep-th/0701053;hep-th/0701053;10;9;19
hep-th/0504067;hep-th/0504067;19;17;36
hep-th/0406263;hep-th/0406263;5;6;11
astro-ph/0601220;astro-ph/0601220;7;21;28
hep-th/0701049;hep-th/0701049;4;3;7
hep-th/0312246;hep-th/0312246;6;12;18
hep-th/0703027;hep-th/0703027;35;21;56
hep-ph/0701129;hep-ph/0701129;22;8;30
hep-th/0610013;hep-th/0610013;37;19;56
hep-th/9611099;hep-th/9611099;15;11;26
hep-th/0111201;hep-th/0111201;10;22;32
hep-th/0501213;hep-th/0501213;3;25;28
hep-th/0005054;hep-th/0005054;9;47;56
hep-th/0106054;hep-th/0106054;12;54;66
hep-th/0512335;hep-th/0512335;20;0;20
hep-th/0408143;hep-th/0408143;6;26;32
hep-th/0410152;hep-th/0410152;18;9;27
hep-th/9901092;hep-th/9901092;41;5;46
hep-th/0602126;hep-th/0602126;9;8;17
hep-th/0411114;hep-th/0411114;15;29;44
math/0409306;math/0409306;5;2;7
hep-th/0504085;hep-th/0504085;8;4;12
hep-th/0003202;hep-th/0003202;3;13;16
hep-th/0602127;hep-th/0602127;3;14;17
gr-qc/0301007;gr-qc/0301007;4;4;8
hep-th/0210280;hep-th/0210280;29;14;43
hep-th/0208031;hep-th/0208031;33;16;49
gr-qc/0202073;gr-qc/0202073;5;0;5
hep-th/0503238;hep-th/0503238;3;21;24
gr-qc/0602045;gr-qc/0602045;3;5;8
hep-th/0506116;hep-th/0506116;18;46;64
hep-th/0402142;hep-th/0402142;24;22;46
hep-th/0412277;hep-th/0412277;98;85;183
hep-th/0506066;hep-th/0506066;89;98;187
hep-th/0503169;hep-th/0503169;113;47;160
hep-th/0411279;hep-th/0411279;58;82;140
hep-th/0602089;hep-th/0602089;45;50;95
hep-th/0602123;hep-th/0602123;6;29;35
hep-th/0403009;hep-th/0403009;11;29;40
hep-th/0512246;hep-th/0512246;7;19;26
hep-th/0508113;hep-th/0508113;7;31;38
hep-th/0512326;hep-th/0512326;9;0;9
hep-th/0601036;hep-th/0601036;5;25;30
hep-ph/9309254;hep-ph/9309254;0;2;2
hep-th/9308088;hep-th/9308088;1;0;1
0807.3125;0807.3125;0;27;27
hep-ph/9609221;hep-ph/9609221;3;4;7
hep-th/0605256;hep-th/0605256;10;14;24
hep-ph/9406296;hep-ph/9406296;14;2;16
hep-ph/9903448;hep-ph/9903448;39;12;51
hep-th/9202003;hep-th/9202003;33;0;33
hep-th/0605206;hep-th/0605206;59;37;96
hep-th/0611279;hep-th/0611279;11;48;59
hep-ph/0512085;hep-ph/0512085;10;24;34
hep-ph/0702278;hep-ph/0702278;21;12;33
hep-ph/9811509;hep-ph/9811509;22;1;23
hep-th/0602233;hep-th/0602233;34;37;71
0807.3127;0807.3127;0;10;10
hep-th/0112263;hep-th/0112263;4;13;17
hep-th/0301001;hep-th/0301001;5;12;17
math-ph/0211046;math-ph/0211046;3;8;11
0810.5552;0810.5552;0;4;4
cond-mat/9810369;cond-mat/9810369;22;5;27
q-alg/9711017;q-alg/9711017;4;11;15
0910.2023;0910.2023;0;1;1
hep-th/0501201;hep-th/0501201;1;0;1
0709.1168;0709.1168;0;41;41
hep-th/0508059;hep-th/0508059;33;35;68
hep-th/0502104;hep-th/0502104;52;44;96
hep-th/0603198;hep-th/0603198;2;47;49
hep-th/0505079;hep-th/0505079;50;27;77
hep-th/0010083;hep-th/0010083;5;14;19
0705.1857;0705.1857;0;58;58
hep-ph/0501197;hep-ph/0501197;24;14;38
hep-ph/0603142;hep-ph/0603142;12;11;23
hep-ph/0703010;hep-ph/0703010;9;8;17
hep-th/0209080;hep-th/0209080;48;17;65
hep-th/0010069;hep-th/0010069;20;23;43
hep-th/0312263;hep-th/0312263;21;25;46
hep-th/0411009;hep-th/0411009;23;41;64
hep-ph/0609112;hep-ph/0609112;12;45;57
hep-th/0703021;hep-th/0703021;11;17;28
hep-th/0611019;hep-th/0611019;4;12;16
hep-th/0609186;hep-th/0609186;9;60;69
hep-th/0701277;hep-th/0701277;5;16;21
hep-th/0606014;hep-th/0606014;10;24;34
hep-th/0602210;hep-th/0602210;10;14;24
hep-th/0402058;hep-th/0402058;5;14;19
hep-th/0402054;hep-th/0402054;0;101;101
hep-th/0202064;hep-th/0202064;17;28;45
hep-th/0111198;hep-th/0111198;13;27;40
hep-th/0303153;hep-th/0303153;6;32;38
hep-th/9701119;hep-th/9701119;30;2;32
hep-th/9907155;hep-th/9907155;37;16;53
hep-th/0309258;hep-th/0309258;15;44;59
hep-th/0208161;hep-th/0208161;37;27;64
hep-th/0209081;hep-th/0209081;23;26;49
hep-th/0303072;hep-th/0303072;28;132;160
hep-th/0301246;hep-th/0301246;5;31;36
hep-th/0312147;hep-th/0312147;3;6;9
hep-th/0307193;hep-th/0307193;10;24;34
hep-th/0207175;hep-th/0207175;10;71;81
hep-th/0110209;hep-th/0110209;10;39;49
hep-th/9701169;hep-th/9701169;21;20;41
hep-th/0310081;hep-th/0310081;16;14;30
hep-th/0312256;hep-th/0312256;5;7;12
hep-th/0306201;hep-th/0306201;11;15;26
hep-th/0402052;hep-th/0402052;4;58;62
hep-th/0305230;hep-th/0305230;13;32;45
hep-th/0402004;hep-th/0402004;17;71;88
hep-th/0106153;hep-th/0106153;26;11;37
hep-th/0111031;hep-th/0111031;36;3;39
hep-th/0206062;hep-th/0206062;19;88;107
hep-th/0402053;hep-th/0402053;8;21;29
hep-ph/9312333;hep-ph/9312333;62;2;64
hep-th/0401035;hep-th/0401035;11;39;50
astro-ph/9801161;astro-ph/9801161;2;3;5
hep-th/9502069;hep-th/9502069;39;6;45
hep-th/0311040;hep-th/0311040;2;26;28
hep-th/0602150;hep-th/0602150;9;5;14
hep-th/0001115;hep-th/0001115;11;3;14
hep-th/0408104;hep-th/0408104;12;4;16
hep-th/0407231;hep-th/0407231;24;5;29
hep-th/0302023;hep-th/0302023;23;16;39
hep-ph/0212175;hep-ph/0212175;20;23;43
hep-th/0407014;hep-th/0407014;11;63;74
hep-ph/0212119;hep-ph/0212119;9;25;34
hep-th/0411131;hep-th/0411131;31;53;84
hep-th/0503213;hep-th/0503213;20;13;33
hep-th/9802115;hep-th/9802115;12;2;14
hep-ph/0209144;hep-ph/0209144;25;10;35
0801.3206;0801.3206;0;14;14
hep-th/0207041;hep-th/0207041;4;9;13
hep-th/0606067;hep-th/0606067;2;28;30
hep-th/0311202;hep-th/0311202;9;0;9
hep-th/0610197;hep-th/0610197;2;0;2
hep-th/9703045;hep-th/9703045;7;8;15
hep-ph/0604219;hep-ph/0604219;1;2;3
hep-ph/0210172;hep-ph/0210172;5;9;14
hep-th/0506018;hep-th/0506018;1;20;21
hep-th/9811042;hep-th/9811042;7;0;7
hep-th/0402173;hep-th/0402173;14;71;85
hep-th/0309134;hep-th/0309134;24;100;124
hep-th/0311106;hep-th/0311106;16;76;92
hep-th/0207009;hep-th/0207009;29;31;60
hep-th/9506012;hep-th/9506012;0;2;2
hep-th/9506013;hep-th/9506013;0;4;4
hep-th/9506015;hep-th/9506015;4;5;9
hep-th/9303080;hep-th/9303080;10;0;10
hep-th/9307178;hep-th/9307178;18;1;19
hep-th/9402129;hep-th/9402129;8;3;11
hep-th/9506017;hep-th/9506017;1;1;2
hep-th/9408132;hep-th/9408132;14;0;14
hep-th/9710182;hep-th/9710182;0;1;1
hep-th/9504104;hep-th/9504104;8;4;12
hep-th/9506187;hep-th/9506187;31;1;32
hep-th/9710187;hep-th/9710187;2;2;4
cond-mat/9706035;cond-mat/9706035;1;0;1
chao-dyn/9610003;chao-dyn/9610003;3;0;3
hep-th/9710186;hep-th/9710186;6;4;10
hep-th/9710047;hep-th/9710047;7;4;11
hep-th/9510193;hep-th/9510193;5;3;8
hep-th/9507133;hep-th/9507133;5;1;6
hep-th/9504055;hep-th/9504055;8;0;8
hep-th/9710085;hep-th/9710085;9;59;68
hep-th/9710184;hep-th/9710184;1;4;5
hep-th/9406203;hep-th/9406203;19;25;44
hep-th/9609120;hep-th/9609120;2;1;3
q-alg/9504017;q-alg/9504017;1;0;1
gr-qc/9704045;gr-qc/9704045;25;13;38
astro-ph/9505041;astro-ph/9505041;24;7;31
0910.1139;0910.1139;0;3;3
hep-th/0211280;hep-th/0211280;5;4;9
hep-th/9409152;hep-th/9409152;11;1;12
hep-th/0505037;hep-th/0505037;5;12;17
hep-th/0308181;hep-th/0308181;28;19;47
hep-th/9204084;hep-th/9204084;7;1;8
hep-th/9508145;hep-th/9508145;2;5;7
q-alg/9506016;q-alg/9506016;4;8;12
cond-mat/9401001;cond-mat/9401001;10;0;10
hep-th/9508140;hep-th/9508140;8;5;13
hep-th/9503012;hep-th/9503012;17;0;17
hep-th/9508141;hep-th/9508141;5;7;12
hep-th/9409142;hep-th/9409142;8;6;14
hep-th/9402084;hep-th/9402084;9;0;9
hep-th/9409141;hep-th/9409141;5;1;6
hep-th/9508142;hep-th/9508142;23;4;27
hep-th/9503127;hep-th/9503127;21;22;43
hep-th/9705233;hep-th/9705233;6;17;23
hep-th/9612034;hep-th/9612034;9;7;16
hep-th/9503071;hep-th/9503071;5;1;6
hep-th/9704205;hep-th/9704205;8;28;36
hep-th/9704198;hep-th/9704198;40;30;70
hep-th/9705106;hep-th/9705106;33;31;64
hep-th/9705004;hep-th/9705004;22;25;47
hep-th/9704061;hep-th/9704061;27;19;46
hep-th/9705231;hep-th/9705231;3;3;6
hep-ph/9402315;hep-ph/9402315;6;0;6
hep-ph/9606426;hep-ph/9606426;8;2;10
hep-th/9705230;hep-th/9705230;2;3;5
hep-th/9607156;hep-th/9607156;20;5;25
hep-th/9705237;hep-th/9705237;23;23;46
hep-th/9609159;hep-th/9609159;20;13;33
hep-th/9608109;hep-th/9608109;40;23;63
hep-th/9610251;hep-th/9610251;57;47;104
hep-th/9702012;hep-th/9702012;20;24;44
hep-th/9703145;hep-th/9703145;10;19;29
hep-th/9607020;hep-th/9607020;26;21;47
hep-th/9705234;hep-th/9705234;11;7;18
hep-th/9304122;hep-th/9304122;12;0;12
hep-th/9407057;hep-th/9407057;8;0;8
hep-th/9604105;hep-th/9604105;9;19;28
hep-th/9705238;hep-th/9705238;0;28;28
hep-th/9703194;hep-th/9703194;11;14;25
hep-th/9703182;hep-th/9703182;2;48;50
hep-th/9702173;hep-th/9702173;18;24;42
hep-th/9704097;hep-th/9704097;49;31;80
hep-th/0505033;hep-th/0505033;6;7;13
hep-th/0502114;hep-th/0502114;11;25;36
hep-th/0505030;hep-th/0505030;0;33;33
hep-th/0305241;hep-th/0305241;17;11;28
hep-th/0310048;hep-th/0310048;10;19;29
hep-th/0308039;hep-th/0308039;7;26;33
hep-th/0008012;hep-th/0008012;28;32;60
hep-th/0307119;hep-th/0307119;12;23;35
hep-th/0404117;hep-th/0404117;4;27;31
hep-th/0308003;hep-th/0308003;3;26;29
hep-th/0203090;hep-th/0203090;8;0;8
0706.0917;0706.0917;0;19;19
hep-th/0609006;hep-th/0609006;39;15;54
hep-th/0606268;hep-th/0606268;10;53;63
hep-th/0608007;hep-th/0608007;5;44;49
hep-th/0610299;hep-th/0610299;54;17;71
hep-th/0005085;hep-th/0005085;23;14;37
hep-th/0408094;hep-th/0408094;6;49;55
hep-th/0409063;hep-th/0409063;15;47;62
hep-th/9110038;hep-th/9110038;12;0;12
hep-th/0406199;hep-th/0406199;18;29;47
hep-th/0502236;hep-th/0502236;10;43;53
hep-th/9311092;hep-th/9311092;32;1;33
math/9812162;math/9812162;5;3;8
0712.0611;0712.0611;0;30;30
hep-th/0611166;hep-th/0611166;18;54;72
hep-th/0511120;hep-th/0511120;20;39;59
astro-ph/0004410;astro-ph/0004410;9;4;13
hep-th/0512057;hep-th/0512057;2;11;13
hep-th/0407109;hep-th/0407109;3;16;19
hep-th/0212330;hep-th/0212330;35;15;50
hep-th/9211106;hep-th/9211106;6;0;6
hep-th/0305089;hep-th/0305089;15;13;28
hep-th/0301224;hep-th/0301224;28;12;40
hep-th/0401235;hep-th/0401235;15;28;43
hep-th/0108243;hep-th/0108243;4;5;9
hep-th/0302014;hep-th/0302014;2;7;9
hep-th/9512054;hep-th/9512054;7;2;9
hep-th/9612125;hep-th/9612125;11;2;13
hep-th/0407108;hep-th/0407108;9;12;21
hep-th/0304077;hep-th/0304077;10;6;16
hep-th/0405044;hep-th/0405044;14;10;24
hep-th/0405089;hep-th/0405089;20;4;24
hep-th/0406190;hep-th/0406190;12;15;27
hep-th/0201045;hep-th/0201045;36;5;41
hep-th/0201134;hep-th/0201134;12;6;18
hep-th/0203169;hep-th/0203169;17;7;24
hep-th/0407105;hep-th/0407105;5;23;28
hep-th/0405164;hep-th/0405164;11;36;47
hep-th/9503064;hep-th/9503064;10;1;11
hep-th/0406018;hep-th/0406018;16;26;42
hep-th/0406185;hep-th/0406185;17;32;49
hep-th/9411096;hep-th/9411096;12;1;13
hep-th/0103106;hep-th/0103106;17;39;56
hep-th/9912080;hep-th/9912080;3;0;3
hep-th/0204145;hep-th/0204145;41;27;68
hep-th/0201154;hep-th/0201154;3;27;30
hep-th/0209109;hep-th/0209109;3;9;12
hep-th/9302108;hep-th/9302108;0;5;5
quant-ph/0006126;quant-ph/0006126;19;10;29
math-ph/0005012;math-ph/0005012;15;6;21
hep-th/0101038;hep-th/0101038;8;54;62
hep-th/9312006;hep-th/9312006;4;0;4
hep-th/9108009;hep-th/9108009;5;0;5
hep-th/9311065;hep-th/9311065;16;0;16
hep-th/9403038;hep-th/9403038;28;3;31
hep-th/9207082;hep-th/9207082;6;0;6
hep-th/9302101;hep-th/9302101;1;7;8
0905.4840;0905.4840;0;12;12
0905.3828;0905.3828;0;2;2
hep-th/9910131;hep-th/9910131;18;37;55
gr-qc/0604045;gr-qc/0604045;4;8;12
0708.4209;0708.4209;0;31;31
hep-th/0701017;hep-th/0701017;4;17;21
hep-th/0608134;hep-th/0608134;5;42;47
hep-th/0607208;hep-th/0607208;14;34;48
math-ph/0502001;math-ph/0502001;2;3;5
hep-th/0502129;hep-th/0502129;4;15;19
hep-th/0412235;hep-th/0412235;21;10;31
hep-th/0412233;hep-th/0412233;21;19;40
hep-th/0411029;hep-th/0411029;5;12;17
hep-th/0703169;hep-th/0703169;32;18;50
hep-th/0701274;hep-th/0701274;3;8;11
hep-th/0209254;hep-th/0209254;14;32;46
hep-th/0306295;hep-th/0306295;6;53;59
hep-th/0112180;hep-th/0112180;20;42;62
hep-th/0304210;hep-th/0304210;4;20;24
hep-th/0012222;hep-th/0012222;32;23;55
hep-th/0111121;hep-th/0111121;10;24;34
hep-th/9405079;hep-th/9405079;3;1;4
hep-th/9412057;hep-th/9412057;0;1;1
hep-th/9211004;hep-th/9211004;1;0;1
hep-th/9211120;hep-th/9211120;8;4;12
hep-th/9312143;hep-th/9312143;4;9;13
hep-th/9412055;hep-th/9412055;4;2;6
hep-ph/9301250;hep-ph/9301250;4;0;4
hep-th/9411231;hep-th/9411231;11;0;11
hep-th/9412052;hep-th/9412052;5;6;11
gr-qc/9301010;gr-qc/9301010;34;1;35
hep-th/9412053;hep-th/9412053;2;12;14
hep-th/9411031;hep-th/9411031;3;1;4
hep-th/9303155;hep-th/9303155;8;0;8
hep-th/9312097;hep-th/9312097;8;1;9
hep-th/9207019;hep-th/9207019;16;0;16
hep-th/9411082;hep-th/9411082;1;8;9
hep-th/9412051;hep-th/9412051;1;5;6
hep-th/9203061;hep-th/9203061;24;0;24
hep-th/0104055;hep-th/0104055;9;8;17
hep-th/0201266;hep-th/0201266;1;21;22
hep-th/9712106;hep-th/9712106;3;2;5
quant-ph/0204137;quant-ph/0204137;3;25;28
0807.0789;0807.0789;0;24;24
hep-th/0604208;hep-th/0604208;20;18;38
hep-th/0703057;hep-th/0703057;9;23;32
hep-th/0207078;hep-th/0207078;10;5;15
hep-th/0506129;hep-th/0506129;14;9;23
hep-th/0609030;hep-th/0609030;25;10;35
hep-ph/0603138;hep-ph/0603138;15;9;24
hep-th/0508074;hep-th/0508074;28;8;36
hep-th/0509068;hep-th/0509068;18;0;18
hep-th/0501157;hep-th/0501157;12;7;19
hep-th/0305130;hep-th/0305130;4;15;19
0807.0787;0807.0787;0;5;5
hep-th/0602283;hep-th/0602283;1;9;10
hep-th/0602237;hep-th/0602237;3;2;5
gr-qc/0703096;gr-qc/0703096;16;25;41
gr-qc/0405078;gr-qc/0405078;9;22;31
gr-qc/0410101;gr-qc/0410101;7;9;16
gr-qc/9812052;gr-qc/9812052;7;18;25
0802.0141;0802.0141;0;48;48
hep-th/0608044;hep-th/0608044;44;64;108
hep-th/0306290;hep-th/0306290;8;28;36
hep-th/9311006;hep-th/9311006;1;6;7
hep-th/9303089;hep-th/9303089;3;2;5
hep-th/9804112;hep-th/9804112;3;9;12
hep-th/9303033;hep-th/9303033;4;2;6
0709.2810;0709.2810;0;23;23
hep-th/0605232;hep-th/0605232;30;43;73
hep-ph/0010102;hep-ph/0010102;12;23;35
hep-ph/0506045;hep-ph/0506045;9;15;24
hep-th/0409226;hep-th/0409226;21;46;67
hep-th/0306293;hep-th/0306293;8;2;10
astro-ph/0303564;astro-ph/0303564;17;2;19
hep-th/0204191;hep-th/0204191;10;37;47
astro-ph/0306493;astro-ph/0306493;8;8;16
gr-qc/0310113;gr-qc/0310113;0;8;8
gr-qc/0209022;gr-qc/0209022;3;0;3
gr-qc/9804029;gr-qc/9804029;32;2;34
hep-th/9801126;hep-th/9801126;7;2;9
0804.3653;0804.3653;0;20;20
hep-th/0606089;hep-th/0606089;9;22;31
hep-th/0701154;hep-th/0701154;32;0;32
astro-ph/0703486;astro-ph/0703486;9;43;52
hep-th/0211158;hep-th/0211158;3;37;40
hep-th/0304121;hep-th/0304121;1;7;8
hep-th/0303079;hep-th/0303079;2;20;22
hep-th/0306178;hep-th/0306178;3;10;13
hep-th/0012168;hep-th/0012168;11;3;14
hep-th/0502065;hep-th/0502065;18;43;61
hep-th/9607183;hep-th/9607183;4;0;4
hep-th/0401243;hep-th/0401243;72;13;85
hep-th/0504119;hep-th/0504119;8;25;33
hep-th/0411063;hep-th/0411063;7;56;63
hep-th/0212186;hep-th/0212186;6;23;29
hep-th/0501165;hep-th/0501165;13;11;24
hep-th/0301235;hep-th/0301235;21;0;21
hep-th/0404255;hep-th/0404255;51;22;73
hep-th/9804003;hep-th/9804003;2;6;8
hep-th/0410009;hep-th/0410009;8;12;20
hep-th/0010106;hep-th/0010106;12;13;25
hep-th/9712059;hep-th/9712059;40;22;62
hep-th/0003123;hep-th/0003123;30;15;45
hep-th/0403165;hep-th/0403165;18;55;73
hep-th/0201112;hep-th/0201112;35;33;68
hep-th/9506125;hep-th/9506125;36;4;40
hep-th/0009026;hep-th/0009026;9;13;22
hep-th/0409183;hep-th/0409183;21;68;89
hep-th/0211113;hep-th/0211113;20;12;32
0709.0003;0709.0003;0;17;17
hep-th/0307011;hep-th/0307011;8;6;14
0901.0639;0901.0639;0;9;9
hep-ph/0507195;hep-ph/0507195;4;13;17
hep-ph/0306245;hep-ph/0306245;9;1;10
hep-th/0203154;hep-th/0203154;13;18;31
hep-th/0507098;hep-th/0507098;6;15;21
0808.0211;0808.0211;0;61;61
hep-th/0611249;hep-th/0611249;7;10;17
hep-th/0608172;hep-th/0608172;17;29;46
hep-th/0703014;hep-th/0703014;5;12;17
hep-th/0110114;hep-th/0110114;43;0;43
hep-th/0611025;hep-th/0611025;2;7;9
math/0201168;math/0201168;14;8;22
hep-th/0612128;hep-th/0612128;9;17;26
hep-th/0512231;hep-th/0512231;7;4;11
hep-th/0210203;hep-th/0210203;17;37;54
hep-th/0703128;hep-th/0703128;20;18;38
hep-th/0608135;hep-th/0608135;8;9;17
hep-th/0606115;hep-th/0606115;3;40;43
quant-ph/0508199;quant-ph/0508199;5;10;15
hep-th/9910220;hep-th/9910220;10;14;24
hep-th/0004107;hep-th/0004107;6;10;16
quant-ph/0507147;quant-ph/0507147;4;10;14
0710.0088;0710.0088;0;1;1
hep-th/9909168;hep-th/9909168;7;2;9
0705.2002;0705.2002;0;7;7
hep-th/0504224;hep-th/0504224;11;31;42
hep-th/0605164;hep-th/0605164;7;8;15
0709.3497;0709.3497;0;1;1
hep-th/0701122;hep-th/0701122;13;35;48
hep-th/0510046;hep-th/0510046;36;67;103
hep-th/0602263;hep-th/0602263;17;7;24
hep-th/0612053;hep-th/0612053;10;33;43
hep-th/0605224;hep-th/0605224;6;20;26
math/0611762;math/0611762;4;11;15
hep-th/0602247;hep-th/0602247;8;20;28
hep-th/0611309;hep-th/0611309;5;36;41
hep-th/0411149;hep-th/0411149;3;26;29
hep-th/0008240;hep-th/0008240;12;3;15
hep-th/0410093;hep-th/0410093;7;3;10
hep-th/0409220;hep-th/0409220;1;5;6
hep-th/0210034;hep-th/0210034;4;6;10
hep-th/0006025;hep-th/0006025;13;2;15
hep-th/0411143;hep-th/0411143;3;6;9
hep-th/0309004;hep-th/0309004;2;23;25
0907.3799;0907.3799;0;25;25
hep-th/0312001;hep-th/0312001;17;62;79
hep-th/0701204;hep-th/0701204;11;41;52
0711.0400;0711.0400;0;4;4
hep-th/0110169;hep-th/0110169;28;21;49
hep-th/0110123;hep-th/0110123;56;18;74
hep-th/0110031;hep-th/0110031;50;38;88
0707.0007;0707.0007;0;42;42
hep-th/0602119;hep-th/0602119;7;31;38
hep-th/0611185;hep-th/0611185;17;34;51
hep-th/0511005;hep-th/0511005;4;12;16
hep-th/0701104;hep-th/0701104;13;63;76
hep-th/0606180;hep-th/0606180;10;40;50
hep-ph/0606313;hep-ph/0606313;26;7;33
hep-th/0506246;hep-th/0506246;21;22;43
hep-ph/0608104;hep-ph/0608104;4;4;8
hep-ph/0510159;hep-ph/0510159;15;16;31
hep-th/0602138;hep-th/0602138;14;99;113
hep-th/0511197;hep-th/0511197;24;32;56
hep-ph/0103049;hep-ph/0103049;33;6;39
hep-ph/9906538;hep-ph/9906538;15;11;26
hep-ph/9711258;hep-ph/9711258;19;6;25
hep-ph/9707342;hep-ph/9707342;25;0;25
hep-ph/9910535;hep-ph/9910535;4;3;7
hep-th/9207065;hep-th/9207065;21;1;22
hep-th/9203019;hep-th/9203019;14;0;14
hep-th/9207063;hep-th/9207063;0;7;7
hep-th/9111028;hep-th/9111028;21;0;21
hep-th/9207062;hep-th/9207062;1;1;2
hep-th/9207061;hep-th/9207061;19;1;20
hep-th/9110032;hep-th/9110032;16;0;16
hep-th/9706153;hep-th/9706153;24;39;63
alg-geom/9711032;alg-geom/9711032;3;0;3
hep-th/9702162;hep-th/9702162;9;3;12
hep-th/9612163;hep-th/9612163;11;5;16
hep-ph/9607280;hep-ph/9607280;36;6;42
hep-th/9802127;hep-th/9802127;15;18;33
hep-th/9604152;hep-th/9604152;38;14;52
hep-th/9511158;hep-th/9511158;16;14;30
hep-th/9709019;hep-th/9709019;17;20;37
hep-th/9608175;hep-th/9608175;8;13;21
hep-th/9607141;hep-th/9607141;29;5;34
hep-th/9707189;hep-th/9707189;37;18;55
hep-th/9610064;hep-th/9610064;8;17;25
hep-th/9702047;hep-th/9702047;5;13;18
hep-th/9802125;hep-th/9802125;4;13;17
hep-th/9703227;hep-th/9703227;2;10;12
hep-th/9510121;hep-th/9510121;9;1;10
hep-th/9802124;hep-th/9802124;0;5;5
hep-ph/9502405;hep-ph/9502405;25;2;27
gr-qc/9407022;gr-qc/9407022;23;2;25
hep-th/9707142;hep-th/9707142;5;20;25
hep-th/9607038;hep-th/9607038;4;11;15
hep-th/9304071;hep-th/9304071;6;2;8
hep-th/9704021;hep-th/9704021;36;12;48
hep-th/9707141;hep-th/9707141;3;4;7
hep-th/9210012;hep-th/9210012;23;4;27
hep-th/9109049;hep-th/9109049;13;1;14
hep-th/9406126;hep-th/9406126;5;4;9
hep-th/9402009;hep-th/9402009;1;3;4
hep-th/9309156;hep-th/9309156;1;3;4
hep-th/9305107;hep-th/9305107;11;2;13
hep-th/9202031;hep-th/9202031;34;0;34
hep-th/9707147;hep-th/9707147;1;1;2
hep-th/9301008;hep-th/9301008;4;0;4
hep-th/9707146;hep-th/9707146;1;18;19
hep-th/9507062;hep-th/9507062;12;0;12
hep-ph/9705413;hep-ph/9705413;12;2;14
hep-th/9612021;hep-th/9612021;15;17;32
hep-th/9705045;hep-th/9705045;2;11;13
hep-th/0012026;hep-th/0012026;6;21;27
hep-th/0002008;hep-th/0002008;21;34;55
hep-th/9908114;hep-th/9908114;28;25;53
hep-th/9905112;hep-th/9905112;25;15;40
hep-th/0012027;hep-th/0012027;0;2;2
hep-th/0005060;hep-th/0005060;1;3;4
hep-th/0012024;hep-th/0012024;20;70;90
hep-th/9909091;hep-th/9909091;4;13;17
hep-th/0009009;hep-th/0009009;13;38;51
hep-th/0007131;hep-th/0007131;41;23;64
hep-th/0011140;hep-th/0011140;30;31;61
hep-th/0011037;hep-th/0011037;9;27;36
hep-th/0010244;hep-th/0010244;16;40;56
hep-th/0004080;hep-th/0004080;35;31;66
hep-th/0006210;hep-th/0006210;37;28;65
hep-th/9906112;hep-th/9906112;21;16;37
gr-qc/9501018;gr-qc/9501018;28;0;28
hep-th/0010191;hep-th/0010191;14;11;25
hep-th/0012022;hep-th/0012022;0;10;10
hep-th/9109006;hep-th/9109006;36;0;36
hep-th/9507046;hep-th/9507046;39;3;42
hep-th/9808130;hep-th/9808130;4;6;10
hep-th/9511072;hep-th/9511072;19;6;25
hep-th/9707070;hep-th/9707070;8;7;15
hep-th/9609193;hep-th/9609193;10;3;13
hep-th/9803221;hep-th/9803221;13;7;20
hep-th/9908044;hep-th/9908044;73;19;92
hep-th/0012020;hep-th/0012020;1;4;5
hep-th/0012021;hep-th/0012021;6;7;13
hep-th/0005134;hep-th/0005134;3;7;10
hep-th/9911100;hep-th/9911100;8;13;21
hep-lat/0509097;hep-lat/0509097;2;8;10
hep-th/9712161;hep-th/9712161;7;8;15
hep-th/9712101;hep-th/9712101;3;0;3
hep-th/9803100;hep-th/9803100;2;9;11
hep-ph/9805285;hep-ph/9805285;1;19;20
hep-th/9712178;hep-th/9712178;2;16;18
hep-ph/9511350;hep-ph/9511350;13;10;23
hep-ph/9805283;hep-ph/9805283;11;3;14
hep-ph/9605421;hep-ph/9605421;9;1;10
hep-ph/9805282;hep-ph/9805282;4;3;7
hep-ph/9711516;hep-ph/9711516;12;1;13
hep-ph/9703286;hep-ph/9703286;10;9;19
hep-th/9709111;hep-th/9709111;12;1;13
hep-th/0012028;hep-th/0012028;16;21;37
gr-qc/0009019;gr-qc/0009019;3;9;12
hep-ph/0007057;hep-ph/0007057;9;1;10
hep-th/0012029;hep-th/0012029;3;34;37
hep-th/0005001;hep-th/0005001;24;23;47
hep-th/0011118;hep-th/0011118;44;8;52
hep-ph/0006275;hep-ph/0006275;27;43;70
hep-th/9912156;hep-th/9912156;29;20;49
hep-th/0010121;hep-th/0010121;10;20;30
hep-th/0007029;hep-th/0007029;55;42;97
hep-th/0009199;hep-th/0009199;18;50;68
hep-th/0004206;hep-th/0004206;24;0;24
quant-ph/0007111;quant-ph/0007111;0;8;8
hep-ph/9207268;hep-ph/9207268;47;3;50
quant-ph/9504019;quant-ph/9504019;2;0;2
quant-ph/9902026;quant-ph/9902026;12;12;24
hep-ph/9505340;hep-ph/9505340;60;4;64
hep-th/9503024;hep-th/9503024;31;1;32
hep-th/9607059;hep-th/9607059;7;3;10
quant-ph/9708029;quant-ph/9708029;9;3;12
hep-ph/0002053;hep-ph/0002053;28;14;42
0807.1435;0807.1435;0;5;5
hep-th/0211219;hep-th/0211219;4;7;11
hep-ph/0509190;hep-ph/0509190;3;0;3
hep-ph/0212404;hep-ph/0212404;27;17;44
hep-lat/0309182;hep-lat/0309182;1;3;4
hep-th/9704106;hep-th/9704106;6;1;7
0811.1063;0811.1063;0;10;10
gr-qc/0205042;gr-qc/0205042;12;3;15
hep-th/9807038;hep-th/9807038;6;11;17
hep-th/0511184;hep-th/0511184;9;0;9
hep-th/9805120;hep-th/9805120;57;38;95
hep-th/9811196;hep-th/9811196;15;22;37
hep-th/9301082;hep-th/9301082;5;1;6
hep-ph/9808334;hep-ph/9808334;3;7;10
hep-ph/9704283;hep-ph/9704283;16;6;22
0808.3745;0808.3745;0;11;11
hep-th/0412001;hep-th/0412001;14;25;39
hep-th/0102160;hep-th/0102160;7;16;23
hep-th/0306255;hep-th/0306255;15;14;29
hep-th/0506008;hep-th/0506008;4;28;32
0904.0784;0904.0784;0;24;24
hep-th/0604077;hep-th/0604077;8;13;21
hep-th/0507227;hep-th/0507227;11;24;35
hep-th/0702046;hep-th/0702046;4;14;18
hep-th/0008162;hep-th/0008162;16;13;29
hep-th/0409263;hep-th/0409263;3;9;12
0811.0332;0811.0332;0;19;19
hep-ph/0702146;hep-ph/0702146;24;65;89
hep-th/0606104;hep-th/0606104;3;23;26
0709.2365;0709.2365;0;25;25
gr-qc/0702093;gr-qc/0702093;6;20;26
gr-qc/0109049;gr-qc/0109049;8;0;8
0709.2368;0709.2368;0;26;26
hep-th/0406219;hep-th/0406219;4;15;19
gr-qc/9905048;gr-qc/9905048;12;14;26
gr-qc/9904082;gr-qc/9904082;23;6;29
0704.3308;0704.3308;0;56;56
hep-th/9903124;hep-th/9903124;44;82;126
hep-th/9910248;hep-th/9910248;8;32;40
hep-th/9611017;hep-th/9611017;14;13;27
hep-th/0404056;hep-th/0404056;6;26;32
hep-th/0502064;hep-th/0502064;16;11;27
hep-th/9907041;hep-th/9907041;63;5;68
hep-th/0701223;hep-th/0701223;4;5;9
hep-th/0605005;hep-th/0605005;11;13;24
hep-th/9703049;hep-th/9703049;14;20;34
0910.5159;0910.5159;0;17;17
hep-th/0305179;hep-th/0305179;24;22;46
hep-th/0611329;hep-th/0611329;39;17;56
0704.3301;0704.3301;0;12;12
hep-th/0612113;hep-th/0612113;2;10;12
astro-ph/0606584;astro-ph/0606584;24;6;30
hep-ph/0509061;hep-ph/0509061;11;52;63
hep-ph/0509062;hep-ph/0509062;14;50;64
hep-ph/0509064;hep-ph/0509064;13;50;63
hep-th/0408227;hep-th/0408227;12;26;38
hep-ph/0102040;hep-ph/0102040;13;8;21
hep-ph/0412290;hep-ph/0412290;15;63;78
hep-ph/0402232;hep-ph/0402232;15;49;64
hep-th/0309266;hep-th/0309266;16;47;63
hep-ph/0406064;hep-ph/0406064;13;62;75
hep-ph/9804409;hep-ph/9804409;21;5;26
hep-ph/0504049;hep-ph/0504049;12;21;33
hep-ph/0303132;hep-ph/0303132;18;29;47
hep-ph/0107053;hep-ph/0107053;20;29;49
hep-th/0206099;hep-th/0206099;3;0;3
hep-ph/9809546;hep-ph/9809546;2;0;2
0711.4511;0711.4511;0;1;1
hep-th/0701271;hep-th/0701271;2;2;4
0710.0894;0710.0894;0;29;29
hep-th/0309149;hep-th/0309149;8;0;8
cond-mat/0207089;cond-mat/0207089;15;13;28
hep-th/0107073;hep-th/0107073;6;6;12
hep-th/0205133;hep-th/0205133;8;12;20
cond-mat/0207295;cond-mat/0207295;16;18;34
cond-mat/0112306;cond-mat/0112306;15;15;30
hep-ph/0211122;hep-ph/0211122;6;22;28
hep-th/0208109;hep-th/0208109;6;0;6
hep-ph/0204258;hep-ph/0204258;17;5;22
hep-ph/0112233;hep-ph/0112233;25;5;30
physics/0110060;physics/0110060;24;3;27
hep-ph/0108217;hep-ph/0108217;33;3;36
hep-th/0208093;hep-th/0208093;20;4;24
hep-ph/9904504;hep-ph/9904504;20;17;37
hep-ph/0612260;hep-ph/0612260;1;10;11
hep-ph/0608242;hep-ph/0608242;15;0;15
hep-th/0210143;hep-th/0210143;14;3;17
hep-ph/0605090;hep-ph/0605090;3;9;12
hep-th/0004084;hep-th/0004084;27;5;32
hep-ph/0211126;hep-ph/0211126;2;53;55
hep-th/0306111;hep-th/0306111;17;1;18
hep-th/9905025;hep-th/9905025;17;6;23
hep-th/9304086;hep-th/9304086;10;0;10
hep-th/0104118;hep-th/0104118;45;21;66
hep-th/0703023;hep-th/0703023;14;0;14
hep-th/0002162;hep-th/0002162;2;8;10
hep-ph/9609401;hep-ph/9609401;13;5;18
hep-ph/9411425;hep-ph/9411425;20;1;21
0901.1421;0901.1421;0;22;22
hep-th/0510041;hep-th/0510041;36;26;62
hep-lat/0211038;hep-lat/0211038;18;3;21
hep-lat/0403004;hep-lat/0403004;14;7;21
hep-lat/0411039;hep-lat/0411039;20;13;33
hep-lat/0211012;hep-lat/0211012;28;8;36
hep-lat/0311016;hep-lat/0311016;11;4;15
0711.1618;0711.1618;0;3;3
math/0405506;math/0405506;1;13;14
hep-th/0312029;hep-th/0312029;24;14;38
hep-th/0302073;hep-th/0302073;10;16;26
hep-th/0306161;hep-th/0306161;15;24;39
hep-th/0103098;hep-th/0103098;21;24;45
hep-ph/0510098;hep-ph/0510098;11;32;43
hep-th/9809184;hep-th/9809184;22;16;38
hep-th/0507016;hep-th/0507016;9;21;30
hep-th/0304127;hep-th/0304127;23;32;55
hep-th/0205083;hep-th/0205083;19;50;69
hep-th/0307020;hep-th/0307020;34;18;52
math/0509674;math/0509674;0;1;1
0911.1435;0911.1435;0;2;2
astro-ph/0305495;astro-ph/0305495;6;6;12
gr-qc/9905012;gr-qc/9905012;10;6;16
quant-ph/9804055;quant-ph/9804055;3;0;3
0707.4568;0707.4568;0;1;1
cond-mat/0304223;cond-mat/0304223;1;3;4
cond-mat/0205440;cond-mat/0205440;1;0;1
cond-mat/0204122;cond-mat/0204122;9;2;11
hep-th/9911027;hep-th/9911027;3;8;11
hep-th/9705082;hep-th/9705082;1;2;3
hep-th/0512354;hep-th/0512354;4;24;28
hep-th/0701026;hep-th/0701026;10;35;45
hep-th/0610136;hep-th/0610136;8;14;22
0809.2104;0809.2104;0;6;6
hep-th/0611206;hep-th/0611206;9;13;22
gr-qc/9404062;gr-qc/9404062;27;0;27
gr-qc/0008062;gr-qc/0008062;6;0;6
hep-th/9502095;hep-th/9502095;10;0;10
hep-lat/0410029;hep-lat/0410029;11;7;18
0711.1619;0711.1619;0;7;7
hep-th/0604187;hep-th/0604187;3;6;9
hep-th/0504204;hep-th/0504204;8;23;31
0807.1914;0807.1914;0;10;10
hep-th/0601097;hep-th/0601097;4;26;30
gr-qc/0703121;gr-qc/0703121;14;9;23
astro-ph/0603118;astro-ph/0603118;12;15;27
0812.0005;0812.0005;0;34;34
hep-th/0601028;hep-th/0601028;15;33;48
hep-th/0506235;hep-th/0506235;33;32;65
hep-th/0508005;hep-th/0508005;34;16;50
0706.3394;0706.3394;0;17;17
0706.3396;0706.3396;0;63;63
0706.3393;0706.3393;0;23;23
hep-th/0610093;hep-th/0610093;6;23;29
hep-th/0612213;hep-th/0612213;9;42;51
hep-th/0602149;hep-th/0602149;5;44;49
hep-th/0611157;hep-th/0611157;12;28;40
hep-th/0408189;hep-th/0408189;9;16;25
hep-th/0307156;hep-th/0307156;13;49;62
hep-th/0405148;hep-th/0405148;10;15;25
hep-th/0404071;hep-th/0404071;12;25;37
hep-th/0307183;hep-th/0307183;27;56;83
hep-th/9307145;hep-th/9307145;9;5;14
hep-th/0306257;hep-th/0306257;16;65;81
hep-th/9301089;hep-th/9301089;13;0;13
hep-th/0003298;hep-th/0003298;46;37;83
hep-th/0306091;hep-th/0306091;11;0;11
math/9905153;math/9905153;8;11;19
cond-mat/9712151;cond-mat/9712151;0;4;4
hep-th/9405141;hep-th/9405141;18;7;25
hep-th/9402128;hep-th/9402128;6;4;10
0906.2913;0906.2913;0;77;77
hep-th/0702159;hep-th/0702159;13;33;46
hep-th/0507030;hep-th/0507030;12;17;29
hep-th/0503009;hep-th/0503009;8;40;48
hep-th/0503028;hep-th/0503028;4;32;36
hep-th/0608206;hep-th/0608206;22;17;39
hep-th/0701224;hep-th/0701224;2;34;36
hep-th/0301099;hep-th/0301099;26;34;60
hep-th/0111115;hep-th/0111115;6;1;7
0806.3498;0806.3498;0;11;11
hep-th/0304129;hep-th/0304129;45;16;61
hep-th/0603013;hep-th/0603013;21;22;43
0811.3740;0811.3740;0;19;19
hep-th/9501069;hep-th/9501069;14;2;16
hep-th/0701112;hep-th/0701112;1;78;79
0810.1675;0810.1675;1;15;16
0707.1669;0707.1669;1;22;23
0811.2048;0811.2048;1;9;10
hep-th/9212150;hep-th/9212150;8;3;11
math-ph/0112050;math-ph/0112050;0;7;7
hep-th/0012154;hep-th/0012154;21;15;36
hep-th/0103128;hep-th/0103128;10;29;39
hep-th/9312005;hep-th/9312005;10;5;15
hep-th/0101192;hep-th/0101192;30;14;44
gr-qc/9209008;gr-qc/9209008;4;0;4
hep-th/0005099;hep-th/0005099;12;13;25
hep-th/9311098;hep-th/9311098;12;1;13
astro-ph/0111012;astro-ph/0111012;8;4;12
hep-ph/0506156;hep-ph/0506156;1;1;2
hep-th/9210090;hep-th/9210090;15;1;16
hep-th/0011047;hep-th/0011047;4;19;23
hep-th/0007141;hep-th/0007141;9;23;32
hep-th/0011046;hep-th/0011046;4;15;19
hep-th/9811245;hep-th/9811245;39;4;43
hep-th/9805203;hep-th/9805203;1;6;7
hep-th/9707099;hep-th/9707099;25;44;69
hep-th/9511165;hep-th/9511165;2;2;4
hep-th/9805202;hep-th/9805202;0;7;7
hep-th/9805201;hep-th/9805201;9;7;16
hep-th/9710127;hep-th/9710127;23;25;48
hep-th/9705127;hep-th/9705127;26;7;33
hep-th/9606080;hep-th/9606080;13;10;23
hep-th/9504015;hep-th/9504015;11;1;12
hep-th/9707174;hep-th/9707174;27;23;50
hep-th/9611136;hep-th/9611136;12;17;29
hep-th/9601151;hep-th/9601151;30;15;45
hep-th/9801008;hep-th/9801008;3;27;30
hep-th/9805206;hep-th/9805206;11;20;31
hep-th/9805056;hep-th/9805056;23;0;23
0704.0232;0704.0232;0;31;31
math-ph/0408053;math-ph/0408053;3;6;9
hep-th/0404090;hep-th/0404090;6;8;14
hep-th/0407016;hep-th/0407016;8;8;16
hep-th/0612180;hep-th/0612180;2;6;8
math/0510011;math/0510011;18;2;20
hep-th/0306020;hep-th/0306020;13;14;27
hep-th/0201157;hep-th/0201157;19;4;23
hep-th/0402095;hep-th/0402095;7;11;18
hep-th/0403118;hep-th/0403118;17;15;32
hep-th/0407082;hep-th/0407082;13;10;23
hep-th/0403207;hep-th/0403207;14;0;14
hep-th/0410182;hep-th/0410182;12;12;24
gr-qc/0103063;gr-qc/0103063;3;7;10
gr-qc/0103064;gr-qc/0103064;3;10;13
hep-ph/9503236;hep-ph/9503236;47;14;61
hep-th/0412023;hep-th/0412023;33;39;72
hep-th/0410280;hep-th/0410280;74;26;100
hep-ph/0001001;hep-ph/0001001;28;16;44
hep-th/0410054;hep-th/0410054;60;28;88
hep-th/0410296;hep-th/0410296;47;22;69
hep-th/0412108;hep-th/0412108;67;32;99
hep-ph/9212308;hep-ph/9212308;43;0;43
hep-th/0410278;hep-th/0410278;70;31;101
hep-th/0701120;hep-th/0701120;0;50;50
hep-th/0312070;hep-th/0312070;20;95;115
hep-th/0011204;hep-th/0011204;37;27;64
hep-th/9504120;hep-th/9504120;26;3;29
hep-th/0511280;hep-th/0511280;7;44;51
hep-th/0202195;hep-th/0202195;36;16;52
hep-th/0310157;hep-th/0310157;15;39;54
hep-th/0602021;hep-th/0602021;16;119;135
astro-ph/0603234;astro-ph/0603234;6;11;17
gr-qc/0408097;gr-qc/0408097;7;13;20
hep-th/0503202;hep-th/0503202;18;0;18
astro-ph/0512605;astro-ph/0512605;6;17;23
astro-ph/0510523;astro-ph/0510523;9;20;29
astro-ph/0503582;astro-ph/0503582;22;5;27
astro-ph/0504005;astro-ph/0504005;22;25;47
hep-th/0203060;hep-th/0203060;6;20;26
hep-th/0106037;hep-th/0106037;3;4;7
math-ph/9809021;math-ph/9809021;1;0;1
quant-ph/0011004;quant-ph/0011004;3;5;8
hep-th/9606028;hep-th/9606028;4;1;5
hep-th/0301061;hep-th/0301061;19;33;52
hep-th/0208062;hep-th/0208062;7;10;17
hep-th/0210060;hep-th/0210060;13;19;32
gr-qc/0212128;gr-qc/0212128;22;10;32
hep-th/0209017;hep-th/0209017;8;15;23
hep-th/0210111;hep-th/0210111;7;7;14
hep-th/0210213;hep-th/0210213;5;10;15
hep-th/0301060;hep-th/0301060;1;6;7
hep-th/0009223;hep-th/0009223;1;22;23
hep-th/9503197;hep-th/9503197;1;0;1
hep-th/0104178;hep-th/0104178;7;23;30
hep-th/0009166;hep-th/0009166;9;16;25
hep-th/9807192;hep-th/9807192;10;7;17
hep-th/0212174;hep-th/0212174;7;19;26
hep-th/9912264;hep-th/9912264;7;10;17
hep-th/0111119;hep-th/0111119;37;28;65
hep-th/0002183;hep-th/0002183;14;0;14
hep-th/9409117;hep-th/9409117;8;0;8
hep-th/0210260;hep-th/0210260;2;0;2
hep-th/0204149;hep-th/0204149;35;16;51
hep-th/0112053;hep-th/0112053;4;27;31
hep-th/0203245;hep-th/0203245;8;25;33
hep-th/0212238;hep-th/0212238;13;20;33
hep-th/0206066;hep-th/0206066;8;15;23
hep-th/0205242;hep-th/0205242;14;11;25
hep-th/9309160;hep-th/9309160;4;1;5
hep-th/0211115;hep-th/0211115;2;20;22
hep-th/0010151;hep-th/0010151;9;0;9
hep-th/0106178;hep-th/0106178;7;77;84
0810.1005;0810.1005;0;23;23
hep-th/0409222;hep-th/0409222;5;7;12
hep-th/0002052;hep-th/0002052;3;18;21
hep-th/0301069;hep-th/0301069;1;7;8
chao-dyn/9605013;chao-dyn/9605013;8;4;12
gr-qc/0010054;gr-qc/0010054;6;10;16
hep-th/0112182;hep-th/0112182;26;9;35
hep-th/9702057;hep-th/9702057;8;1;9
hep-th/9608174;hep-th/9608174;46;3;49
hep-th/9206079;hep-th/9206079;2;0;2
hep-th/0101008;hep-th/0101008;10;4;14
hep-th/0306289;hep-th/0306289;5;9;14
hep-th/0108171;hep-th/0108171;1;1;2
hep-th/0208037;hep-th/0208037;13;22;35
hep-ph/0201125;hep-ph/0201125;5;22;27
hep-ph/0110308;hep-ph/0110308;10;12;22
hep-th/0508128;hep-th/0508128;1;7;8
hep-th/0409075;hep-th/0409075;7;9;16
0901.0713;0901.0713;0;32;32
hep-th/9312184;hep-th/9312184;3;13;16
gr-qc/0002063;gr-qc/0002063;22;10;32
hep-th/0107108;hep-th/0107108;25;73;98
gr-qc/0411097;gr-qc/0411097;19;24;43
hep-th/0104262;hep-th/0104262;38;32;70
hep-th/0410184;hep-th/0410184;0;12;12
hep-th/0311273;hep-th/0311273;32;59;91
hep-th/0412005;hep-th/0412005;9;24;33
hep-th/9210045;hep-th/9210045;32;1;33
hep-lat/0306019;hep-lat/0306019;14;17;31
hep-ph/0206123;hep-ph/0206123;13;42;55
hep-ph/0409183;hep-ph/0409183;15;7;22
hep-th/0201145;hep-th/0201145;14;58;72
hep-th/0201182;hep-th/0201182;14;40;54
hep-th/9707200;hep-th/9707200;29;33;62
hep-th/0102201;hep-th/0102201;27;25;52
hep-th/9507125;hep-th/9507125;13;1;14
hep-th/0012141;hep-th/0012141;48;66;114
hep-th/0010158;hep-th/0010158;7;0;7
hep-th/9707246;hep-th/9707246;27;29;56
hep-th/0011149;hep-th/0011149;13;20;33
hep-th/0201171;hep-th/0201171;6;24;30
hep-th/0107222;hep-th/0107222;18;14;32
hep-th/0102123;hep-th/0102123;28;25;53
hep-th/0101039;hep-th/0101039;13;30;43
hep-th/0103229;hep-th/0103229;14;30;44
hep-th/0108135;hep-th/0108135;15;35;50
hep-th/9809122;hep-th/9809122;34;16;50
hep-th/0101115;hep-th/0101115;10;20;30
hep-th/0109193;hep-th/0109193;4;10;14
hep-th/9912144;hep-th/9912144;26;14;40
gr-qc/0106024;gr-qc/0106024;5;14;19
hep-th/9506182;hep-th/9506182;8;22;30
hep-th/0201254;hep-th/0201254;10;19;29
math/0011193;math/0011193;30;10;40
hep-th/0005192;hep-th/0005192;4;53;57
hep-th/9909179;hep-th/9909179;16;18;34
hep-th/0107084;hep-th/0107084;16;35;51
hep-th/9911182;hep-th/9911182;11;9;20
hep-th/9702056;hep-th/9702056;29;0;29
hep-th/0002141;hep-th/0002141;7;12;19
hep-th/9910059;hep-th/9910059;5;3;8
hep-th/0010048;hep-th/0010048;17;47;64
hep-th/0012153;hep-th/0012153;11;0;11
hep-th/9901043;hep-th/9901043;7;17;24
hep-th/0008047;hep-th/0008047;5;10;15
hep-th/9811097;hep-th/9811097;20;24;44
hep-th/0007234;hep-th/0007234;16;39;55
hep-th/9803077;hep-th/9803077;58;28;86
hep-th/0001138;hep-th/0001138;38;36;74
hep-th/0004123;hep-th/0004123;4;25;29
hep-th/0005224;hep-th/0005224;21;6;27
hep-th/9906155;hep-th/9906155;16;8;24
hep-th/9803068;hep-th/9803068;67;19;86
hep-th/0010115;hep-th/0010115;4;19;23
hep-th/9905048;hep-th/9905048;19;20;39
hep-th/0003230;hep-th/0003230;12;35;47
hep-th/9912227;hep-th/9912227;10;29;39
hep-th/0002039;hep-th/0002039;7;18;25
hep-th/0107212;hep-th/0107212;24;56;80
hep-th/0008239;hep-th/0008239;4;16;20
hep-th/9903161;hep-th/9903161;11;15;26
hep-th/0105270;hep-th/0105270;18;30;48
hep-th/0101088;hep-th/0101088;6;15;21
hep-th/9809144;hep-th/9809144;10;13;23
hep-th/9810195;hep-th/9810195;20;46;66
hep-th/0003116;hep-th/0003116;28;25;53
hep-th/0006165;hep-th/0006165;3;17;20
hep-th/9911073;hep-th/9911073;5;4;9
hep-th/0104251;hep-th/0104251;2;15;17
hep-th/0006103;hep-th/0006103;17;57;74
hep-th/0102162;hep-th/0102162;4;6;10
hep-th/9908140;hep-th/9908140;16;10;26
hep-th/0002152;hep-th/0002152;4;15;19
hep-th/0112191;hep-th/0112191;6;10;16
hep-th/9807046;hep-th/9807046;31;14;45
hep-th/9904039;hep-th/9904039;7;7;14
hep-th/9902129;hep-th/9902129;14;7;21
hep-th/9908020;hep-th/9908020;14;20;34
hep-th/0201252;hep-th/0201252;1;9;10
hep-th/0101120;hep-th/0101120;12;15;27
hep-th/0106073;hep-th/0106073;8;0;8
hep-th/0106193;hep-th/0106193;21;21;42
hep-th/0201251;hep-th/0201251;6;3;9
hep-th/0105192;hep-th/0105192;37;12;49
hep-th/0201250;hep-th/0201250;0;4;4
hep-th/0009222;hep-th/0009222;3;0;3
cond-mat/0002078;cond-mat/0002078;0;2;2
cond-mat/9812412;cond-mat/9812412;9;2;11
hep-th/9507138;hep-th/9507138;7;4;11
hep-th/9406015;hep-th/9406015;11;2;13
hep-th/9503060;hep-th/9503060;11;3;14
hep-th/9312127;hep-th/9312127;14;5;19
hep-th/9307137;hep-th/9307137;6;0;6
math/9911015;math/9911015;4;1;5
0901.4230;0901.4230;0;2;2
hep-th/0004058;hep-th/0004058;8;3;11
hep-th/9501060;hep-th/9501060;0;7;7
hep-lat/9206002;hep-lat/9206002;19;0;19
hep-lat/9208008;hep-lat/9208008;8;0;8
hep-th/9501061;hep-th/9501061;10;3;13
hep-th/9409160;hep-th/9409160;6;5;11
hep-th/9501062;hep-th/9501062;5;3;8
hep-th/9305015;hep-th/9305015;3;1;4
hep-th/9501064;hep-th/9501064;5;1;6
gr-qc/9405044;gr-qc/9405044;37;0;37
astro-ph/9407026;astro-ph/9407026;4;8;12
hep-th/9412074;hep-th/9412074;15;20;35
hep-th/9407005;hep-th/9407005;17;47;64
hep-th/9404191;hep-th/9404191;16;17;33
gr-qc/9401026;gr-qc/9401026;18;2;20
astro-ph/9406056;astro-ph/9406056;4;21;25
hep-th/9207046;hep-th/9207046;21;1;22
hep-th/9406127;hep-th/9406127;3;8;11
hep-th/9301106;hep-th/9301106;7;11;18
hep-th/9311079;hep-th/9311079;7;4;11
hep-th/0702101;hep-th/0702101;0;2;2
hep-th/9811176;hep-th/9811176;15;7;22
0905.0553;0905.0553;0;7;7
hep-th/0512074;hep-th/0512074;17;7;24
hep-th/0409150;hep-th/0409150;24;1;25
gr-qc/9804050;gr-qc/9804050;8;8;16
gr-qc/0404087;gr-qc/0404087;0;9;9
hep-th/9509064;hep-th/9509064;1;13;14
hep-lat/0311036;hep-lat/0311036;3;4;7
hep-th/0504189;hep-th/0504189;10;17;27
hep-th/0307163;hep-th/0307163;15;11;26
hep-th/0012185;hep-th/0012185;32;16;48
hep-th/0207073;hep-th/0207073;19;8;27
hep-th/0101155;hep-th/0101155;31;8;39
hep-th/0110029;hep-th/0110029;21;11;32
gr-qc/0009103;gr-qc/0009103;10;6;16
hep-th/0504188;hep-th/0504188;8;22;30
hep-th/0501132;hep-th/0501132;11;23;34
gr-qc/0401070;gr-qc/0401070;25;14;39
hep-th/0402166;hep-th/0402166;36;10;46
hep-th/0506182;hep-th/0506182;6;20;26
gr-qc/9406042;gr-qc/9406042;19;0;19
hep-th/0204159;hep-th/0204159;0;10;10
hep-th/0102092;hep-th/0102092;26;29;55
hep-th/9606081;hep-th/9606081;1;2;3
hep-th/0201185;hep-th/0201185;21;34;55
hep-th/0107002;hep-th/0107002;22;21;43
hep-th/0104136;hep-th/0104136;90;18;108
hep-th/0108140;hep-th/0108140;19;22;41
hep-th/0012258;hep-th/0012258;42;0;42
quant-ph/9501004;quant-ph/9501004;3;3;6
gr-qc/9410029;gr-qc/9410029;8;0;8
hep-th/0611039;hep-th/0611039;8;132;140
math/0402326;math/0402326;25;6;31
hep-ph/0604253;hep-ph/0604253;23;12;35
physics/0604134;physics/0604134;13;0;13
hep-ph/0604192;hep-ph/0604192;21;15;36
math/0406089;math/0406089;10;4;14
hep-th/0508101;hep-th/0508101;11;32;43
hep-th/0412239;hep-th/0412239;27;47;74
math-ph/0506015;math-ph/0506015;10;11;21
hep-th/0505252;hep-th/0505252;32;96;128
hep-th/9308005;hep-th/9308005;35;7;42
hep-th/0204152;hep-th/0204152;4;15;19
gr-qc/9612034;gr-qc/9612034;31;15;46
hep-th/0010268;hep-th/0010268;11;11;22
hep-th/9606056;hep-th/9606056;24;6;30
hep-th/0002101;hep-th/0002101;14;16;30
hep-th/0204151;hep-th/0204151;4;9;13
hep-th/0101171;hep-th/0101171;9;0;9
hep-th/0104029;hep-th/0104029;15;10;25
hep-th/0104047;hep-th/0104047;9;8;17
hep-th/0201013;hep-th/0201013;6;7;13
hep-ph/0101040;hep-ph/0101040;8;3;11
hep-th/0204157;hep-th/0204157;13;44;57
hep-th/0111113;hep-th/0111113;41;37;78
math/0001151;math/0001151;10;3;13
hep-th/0112039;hep-th/0112039;7;2;9
hep-th/9703136;hep-th/9703136;33;78;111
math/0006193;math/0006193;6;2;8
hep-th/0006047;hep-th/0006047;73;29;102
q-alg/9602009;q-alg/9602009;8;11;19
hep-th/0006120;hep-th/0006120;27;26;53
hep-th/0107195;hep-th/0107195;16;15;31
hep-th/9804131;hep-th/9804131;58;13;71
hep-th/0105054;hep-th/0105054;9;25;34
hep-th/9304061;hep-th/9304061;13;3;16
hep-th/0106042;hep-th/0106042;26;12;38
hep-th/0004175;hep-th/0004175;1;4;5
funct-an/9512002;funct-an/9512002;1;2;3
funct-an/9501001;funct-an/9501001;2;0;2
q-alg/9710012;q-alg/9710012;5;2;7
hep-th/0112024;hep-th/0112024;2;7;9
hep-th/0109182;hep-th/0109182;46;70;116
hep-th/0112135;hep-th/0112135;8;0;8
hep-th/0201054;hep-th/0201054;13;26;39
hep-th/0105319;hep-th/0105319;13;27;40
hep-th/0104230;hep-th/0104230;16;39;55
hep-th/0009144;hep-th/0009144;19;8;27
hep-th/0201197;hep-th/0201197;26;57;83
hep-th/9901164;hep-th/9901164;11;20;31
hep-th/9912154;hep-th/9912154;12;19;31
hep-th/0204138;hep-th/0204138;14;36;50
hep-th/0002142;hep-th/0002142;14;7;21
hep-th/0103197;hep-th/0103197;32;14;46
hep-th/9804159;hep-th/9804159;26;22;48
hep-th/9702168;hep-th/9702168;14;20;34
hep-th/9706174;hep-th/9706174;7;8;15
hep-th/0004174;hep-th/0004174;2;1;3
hep-th/9804150;hep-th/9804150;2;25;27
hep-th/9306050;hep-th/9306050;5;0;5
hep-th/9803017;hep-th/9803017;3;5;8
hep-th/9612103;hep-th/9612103;35;5;40
hep-th/9502110;hep-th/9502110;22;4;26
hep-th/9509050;hep-th/9509050;32;20;52
hep-th/9804016;hep-th/9804016;8;17;25
hep-th/9205111;hep-th/9205111;8;0;8
hep-th/9502008;hep-th/9502008;5;1;6
hep-th/9701170;hep-th/9701170;21;24;45
hep-th/9609104;hep-th/9609104;32;25;57
hep-th/9703180;hep-th/9703180;18;42;60
hep-th/9803014;hep-th/9803014;10;22;32
hep-th/9712011;hep-th/9712011;10;29;39
hep-th/9309052;hep-th/9309052;15;4;19
hep-th/9605144;hep-th/9605144;18;0;18
gr-qc/9611061;gr-qc/9611061;9;2;11
solv-int/9511007;solv-int/9511007;4;11;15
hep-th/9401155;hep-th/9401155;4;0;4
hep-th/9804153;hep-th/9804153;6;10;16
hep-th/9510116;hep-th/9510116;9;5;14
hep-th/9804156;hep-th/9804156;7;19;26
hep-th/9709184;hep-th/9709184;3;1;4
hep-th/9507026;hep-th/9507026;14;5;19
hep-th/9310013;hep-th/9310013;5;5;10
hep-th/9309027;hep-th/9309027;12;10;22
hep-th/9306111;hep-th/9306111;7;3;10
hep-th/9505009;hep-th/9505009;22;12;34
hep-th/9804157;hep-th/9804157;15;32;47
hep-th/9707044;hep-th/9707044;50;13;63
hep-th/9612008;hep-th/9612008;33;40;73
hep-th/9701117;hep-th/9701117;8;46;54
hep-th/9704093;hep-th/9704093;22;12;34
hep-th/9608118;hep-th/9608118;2;22;24
hep-th/9804115;hep-th/9804115;16;30;46
hep-th/9705178;hep-th/9705178;1;2;3
hep-th/9609110;hep-th/9609110;2;0;2
hep-th/9601100;hep-th/9601100;1;0;1
hep-th/9305112;hep-th/9305112;6;4;10
hep-th/9605109;hep-th/9605109;18;8;26
hep-th/0504141;hep-th/0504141;15;24;39
hep-th/0512262;hep-th/0512262;47;38;85
astro-ph/0403622;astro-ph/0403622;51;33;84
hep-th/0510183;hep-th/0510183;30;43;73
hep-th/9401163;hep-th/9401163;22;0;22
hep-th/0506155;hep-th/0506155;4;9;13
hep-th/0210047;hep-th/0210047;36;17;53
hep-th/0005259;hep-th/0005259;44;16;60
hep-th/0306184;hep-th/0306184;18;16;34
hep-th/0412219;hep-th/0412219;12;7;19
hep-th/0403072;hep-th/0403072;9;17;26
hep-th/0309253;hep-th/0309253;19;18;37
hep-th/0506075;hep-th/0506075;24;53;77
hep-th/0105260;hep-th/0105260;28;16;44
hep-th/0401089;hep-th/0401089;28;15;43
0911.1841;0911.1841;0;19;19
hep-th/9906211;hep-th/9906211;8;22;30
hep-th/9705170;hep-th/9705170;1;13;14
hep-th/9702086;hep-th/9702086;11;42;53
hep-th/9507033;hep-th/9507033;5;2;7
hep-th/9705171;hep-th/9705171;5;1;6
hep-th/9611082;hep-th/9611082;5;0;5
astro-ph/9408078;astro-ph/9408078;10;0;10
hep-th/9705173;hep-th/9705173;5;45;50
hep-th/9610205;hep-th/9610205;20;36;56
hep-th/9702030;hep-th/9702030;10;16;26
hep-th/9603033;hep-th/9603033;17;24;41
hep-th/9703198;hep-th/9703198;20;27;47
alg-geom/9704008;alg-geom/9704008;10;0;10
hep-th/9705177;hep-th/9705177;0;1;1
hep-th/0301113;hep-th/0301113;5;7;12
hep-th/0010273;hep-th/0010273;3;1;4
hep-th/9508061;hep-th/9508061;5;6;11
hep-th/0107061;hep-th/0107061;17;18;35
hep-th/9712205;hep-th/9712205;6;14;20
hep-th/0007037;hep-th/0007037;15;5;20
hep-th/9710063;hep-th/9710063;16;6;22
hep-th/9503093;hep-th/9503093;35;1;36
math/0206205;math/0206205;13;4;17
hep-ph/0404132;hep-ph/0404132;3;5;8
hep-ph/0108086;hep-ph/0108086;12;6;18
hep-ph/0204262;hep-ph/0204262;11;4;15
hep-th/0011015;hep-th/0011015;3;2;5
hep-th/0301110;hep-th/0301110;16;14;30
hep-th/9201039;hep-th/9201039;23;0;23
hep-th/0306136;hep-th/0306136;9;3;12
hep-th/0408225;hep-th/0408225;20;27;47
hep-ph/0110007;hep-ph/0110007;63;15;78
astro-ph/0408081;astro-ph/0408081;42;25;67
hep-th/0206138;hep-th/0206138;29;35;64
hep-th/0409160;hep-th/0409160;5;22;27
hep-th/0404170;hep-th/0404170;6;13;19
astro-ph/0405333;astro-ph/0405333;7;10;17
astro-ph/0406369;astro-ph/0406369;23;0;23
astro-ph/0405518;astro-ph/0405518;17;30;47
hep-th/0210109;hep-th/0210109;5;3;8
hep-th/0209091;hep-th/0209091;3;5;8
hep-th/0204198;hep-th/0204198;6;26;32
hep-th/0203271;hep-th/0203271;2;23;25
0902.1864;0902.1864;0;36;36
hep-th/0701096;hep-th/0701096;7;17;24
hep-th/0606207;hep-th/0606207;4;31;35
hep-th/0505011;hep-th/0505011;10;29;39
hep-th/0410085;hep-th/0410085;7;18;25
hep-th/9405076;hep-th/9405076;16;1;17
hep-th/9810148;hep-th/9810148;11;0;11
hep-th/9905148;hep-th/9905148;32;15;47
hep-th/0701267;hep-th/0701267;8;62;70
gr-qc/0611158;gr-qc/0611158;12;4;16
hep-th/0004178;hep-th/0004178;14;12;26
hep-th/9910071;hep-th/9910071;13;0;13
hep-th/9803159;hep-th/9803159;1;4;5
hep-ph/9712436;hep-ph/9712436;3;4;7
hep-ph/9802436;hep-ph/9802436;6;0;6
hep-th/9712171;hep-th/9712171;2;28;30
hep-th/9701120;hep-th/9701120;17;29;46
0909.1999;0909.1999;0;22;22
cond-mat/0512586;cond-mat/0512586;4;8;12
cond-mat/0502365;cond-mat/0502365;12;1;13
cond-mat/0603654;cond-mat/0603654;4;1;5
hep-th/0605142;hep-th/0605142;5;8;13
hep-th/0407223;hep-th/0407223;12;11;23
gr-qc/0703082;gr-qc/0703082;5;14;19
hep-th/9803158;hep-th/9803158;17;3;20
hep-th/9510231;hep-th/9510231;9;3;12
math-ph/0504035;math-ph/0504035;0;17;17
hep-th/9511127;hep-th/9511127;3;9;12
hep-lat/0311040;hep-lat/0311040;1;8;9
hep-lat/9707016;hep-lat/9707016;24;21;45
hep-th/0502075;hep-th/0502075;6;0;6
cond-mat/9711265;cond-mat/9711265;2;5;7
math-ph/0109006;math-ph/0109006;6;15;21
hep-th/9505127;hep-th/9505127;28;16;44
hep-th/0111067;hep-th/0111067;3;0;3
0911.2341;0911.2341;0;2;2
hep-th/0703083;hep-th/0703083;5;1;6
hep-th/0603022;hep-th/0603022;16;19;35
hep-ph/0503213;hep-ph/0503213;10;0;10
hep-th/0503146;hep-th/0503146;13;11;24
hep-th/0702198;hep-th/0702198;7;3;10
hep-th/0303147;hep-th/0303147;1;9;10
hep-th/0011194;hep-th/0011194;22;14;36
gr-qc/0510052;gr-qc/0510052;11;0;11
0910.4560;0910.4560;0;6;6
hep-th/0104022;hep-th/0104022;16;12;28
hep-th/0509008;hep-th/0509008;22;17;39
hep-th/0309112;hep-th/0309112;3;7;10
hep-th/0103261;hep-th/0103261;22;0;22
math-ph/0005007;math-ph/0005007;7;0;7
hep-th/0007103;hep-th/0007103;4;2;6
hep-th/0109153;hep-th/0109153;23;6;29
hep-th/9611033;hep-th/9611033;13;9;22
hep-th/0211045;hep-th/0211045;3;5;8
hep-th/9501026;hep-th/9501026;9;1;10
hep-th/0309111;hep-th/0309111;3;3;6
hep-th/0001191;hep-th/0001191;2;2;4
hep-th/0305017;hep-th/0305017;4;2;6
hep-th/0309110;hep-th/0309110;1;10;11
hep-th/9512106;hep-th/9512106;16;5;21
hep-th/9903133;hep-th/9903133;3;5;8
hep-ph/9502258;hep-ph/9502258;11;21;32
hep-th/0309117;hep-th/0309117;10;41;51
hep-th/0303227;hep-th/0303227;13;13;26
hep-th/0207102;hep-th/0207102;11;22;33
hep-th/0102154;hep-th/0102154;3;33;36
hep-ph/0206134;hep-ph/0206134;8;11;19
hep-th/0303167;hep-th/0303167;2;17;19
hep-th/0210053;hep-th/0210053;15;30;45
hep-th/0211210;hep-th/0211210;18;9;27
hep-th/0206106;hep-th/0206106;32;12;44
hep-th/0302085;hep-th/0302085;17;15;32
hep-th/0208056;hep-th/0208056;18;12;30
hep-th/0301020;hep-th/0301020;13;21;34
hep-th/0201241;hep-th/0201241;37;16;53
hep-th/0205069;hep-th/0205069;29;19;48
math-ph/9902021;math-ph/9902021;0;1;1
hep-th/9703112;hep-th/9703112;14;4;18
hep-th/9412172;hep-th/9412172;2;1;3
0709.3805;0709.3805;0;17;17
math/0510335;math/0510335;4;0;4
math/0411037;math/0411037;32;4;36
math/0108195;math/0108195;6;6;12
hep-th/0404043;hep-th/0404043;7;0;7
math/0004129;math/0004129;17;1;18
hep-th/0607100;hep-th/0607100;41;29;70
math/0408426;math/0408426;23;4;27
math/0009025;math/0009025;11;3;14
hep-th/0002065;hep-th/0002065;16;23;39
hep-th/0004121;hep-th/0004121;5;16;21
hep-th/9807146;hep-th/9807146;11;21;32
hep-th/0108077;hep-th/0108077;3;20;23
hep-th/0106070;hep-th/0106070;20;8;28
hep-th/0008237;hep-th/0008237;29;11;40
hep-th/0309118;hep-th/0309118;14;25;39
hep-th/0001010;hep-th/0001010;20;5;25
hep-th/9602165;hep-th/9602165;9;4;13
hep-th/0308013;hep-th/0308013;6;35;41
hep-th/0212136;hep-th/0212136;21;42;63
hep-th/9706225;hep-th/9706225;50;17;67
hep-th/0108204;hep-th/0108204;8;20;28
hep-th/0107005;hep-th/0107005;2;9;11
hep-th/0001019;hep-th/0001019;12;9;21
hep-th/0006121;hep-th/0006121;11;25;36
hep-th/0205208;hep-th/0205208;4;13;17
gr-qc/9810023;gr-qc/9810023;25;1;26
hep-th/0006204;hep-th/0006204;32;58;90
hep-th/0205180;hep-th/0205180;45;37;82
hep-th/0103248;hep-th/0103248;5;0;5
hep-th/0012074;hep-th/0012074;12;14;26
hep-th/0205037;hep-th/0205037;8;61;69
hep-th/0608073;hep-th/0608073;0;8;8
hep-th/9501141;hep-th/9501141;16;1;17
hep-th/0501101;hep-th/0501101;1;13;14
hep-th/0402042;hep-th/0402042;3;14;17
hep-th/9607143;hep-th/9607143;8;1;9
hep-th/0002102;hep-th/0002102;7;61;68
hep-th/0201140;hep-th/0201140;12;66;78
hep-th/0409219;hep-th/0409219;16;9;25
hep-th/0111106;hep-th/0111106;15;31;46
hep-th/0404175;hep-th/0404175;19;7;26
gr-qc/0410070;gr-qc/0410070;18;21;39
hep-th/0308200;hep-th/0308200;26;8;34
hep-th/9802069;hep-th/9802069;44;18;62
hep-th/9706132;hep-th/9706132;33;23;56
hep-th/9811211;hep-th/9811211;24;20;44
hep-th/9903139;hep-th/9903139;13;10;23
hep-th/9907114;hep-th/9907114;11;36;47
hep-th/9610066;hep-th/9610066;7;7;14
hep-th/9310187;hep-th/9310187;38;5;43
hep-th/9903120;hep-th/9903120;12;38;50
hep-th/9510041;hep-th/9510041;27;27;54
hep-th/9506071;hep-th/9506071;27;18;45
hep-th/0011191;hep-th/0011191;15;35;50
hep-th/0005065;hep-th/0005065;29;36;65
hep-th/9905004;hep-th/9905004;14;35;49
hep-th/9401098;hep-th/9401098;7;28;35
hep-th/9812100;hep-th/9812100;21;21;42
hep-th/0205201;hep-th/0205201;1;15;16
hep-th/0205202;hep-th/0205202;0;35;35
hep-th/9407018;hep-th/9407018;81;12;93
hep-th/9312210;hep-th/9312210;24;12;36
hep-th/9312212;hep-th/9312212;34;9;43
hep-th/0005280;hep-th/0005280;11;31;42
hep-th/9810031;hep-th/9810031;13;11;24
hep-th/0105169;hep-th/0105169;10;6;16
hep-th/0111066;hep-th/0111066;6;30;36
hep-th/9111037;hep-th/9111037;53;0;53
hep-th/9404005;hep-th/9404005;32;11;43
hep-th/9208046;hep-th/9208046;39;2;41
hep-th/9910190;hep-th/9910190;25;27;52
hep-th/0107114;hep-th/0107114;4;37;41
hep-th/0205203;hep-th/0205203;10;18;28
hep-th/0007028;hep-th/0007028;2;14;16
hep-th/9904116;hep-th/9904116;28;16;44
hep-th/0205216;hep-th/0205216;19;12;31
hep-th/0103163;hep-th/0103163;50;67;117
hep-th/0202056;hep-th/0202056;61;26;87
hep-th/0112126;hep-th/0112126;24;44;68
hep-th/0108080;hep-th/0108080;30;24;54
hep-th/0109177;hep-th/0109177;28;24;52
hep-th/9508151;hep-th/9508151;33;14;47
hep-ph/0208004;hep-ph/0208004;3;17;20
hep-ph/9805320;hep-ph/9805320;1;31;32
hep-th/9706040;hep-th/9706040;5;49;54
hep-th/9806227;hep-th/9806227;12;8;20
hep-th/0110063;hep-th/0110063;12;24;36
hep-ph/0204017;hep-ph/0204017;4;25;29
hep-th/9910147;hep-th/9910147;9;15;24
hep-th/0205207;hep-th/0205207;1;3;4
astro-ph/0003398;astro-ph/0003398;13;1;14
0809.3395;0809.3395;0;7;7
gr-qc/0301109;gr-qc/0301109;11;9;20
gr-qc/9509047;gr-qc/9509047;1;3;4
hep-th/9707029;hep-th/9707029;9;0;9
gr-qc/0002023;gr-qc/0002023;6;3;9
quant-ph/0212031;quant-ph/0212031;7;2;9
gr-qc/0205071;gr-qc/0205071;11;0;11
hep-th/9703080;hep-th/9703080;7;0;7
hep-th/9703079;hep-th/9703079;9;0;9
hep-th/0412118;hep-th/0412118;31;31;62
hep-th/0502121;hep-th/0502121;7;4;11
hep-th/0602064;hep-th/0602064;13;40;53
hep-th/0504045;hep-th/0504045;7;15;22
0708.3222;0708.3222;0;13;13
hep-th/0610268;hep-th/0610268;2;15;17
hep-th/0511122;hep-th/0511122;33;27;60
hep-th/9912277;hep-th/9912277;14;9;23
0710.2244;0710.2244;0;8;8
hep-th/0312036;hep-th/0312036;7;1;8
hep-th/9604039;hep-th/9604039;5;8;13
hep-th/9404154;hep-th/9404154;2;1;3
gr-qc/0701147;gr-qc/0701147;5;0;5
hep-th/9501093;hep-th/9501093;11;3;14
hep-ph/9312286;hep-ph/9312286;10;0;10
hep-th/9210003;hep-th/9210003;10;0;10
hep-th/9405152;hep-th/9405152;6;1;7
hep-ph/9312288;hep-ph/9312288;5;0;5
hep-ph/9405370;hep-ph/9405370;1;1;2
hep-th/9803154;hep-th/9803154;8;11;19
hep-th/9604147;hep-th/9604147;40;1;41
hep-th/9706013;hep-th/9706013;23;2;25
hep-th/9706079;hep-th/9706079;24;0;24
hep-ph/0204112;hep-ph/0204112;3;28;31
hep-ph/0102065;hep-ph/0102065;7;12;19
hep-ph/0010066;hep-ph/0010066;5;0;5
cond-mat/0307227;cond-mat/0307227;1;1;2
cond-mat/0112444;cond-mat/0112444;2;2;4
gr-qc/9803070;gr-qc/9803070;12;20;32
hep-th/9907067;hep-th/9907067;16;51;67
hep-th/9901044;hep-th/9901044;22;0;22
hep-th/9605176;hep-th/9605176;60;18;78
0802.3829;0802.3829;0;33;33
hep-th/0407210;hep-th/0407210;1;0;1
hep-th/0010031;hep-th/0010031;5;10;15
hep-th/0008035;hep-th/0008035;8;6;14
hep-th/9806007;hep-th/9806007;12;8;20
hep-th/0306105;hep-th/0306105;9;3;12
hep-th/0204194;hep-th/0204194;2;11;13
hep-th/0307121;hep-th/0307121;2;10;12
math-ph/0207008;math-ph/0207008;4;5;9
cond-mat/9907457;cond-mat/9907457;4;4;8
cond-mat/0208561;cond-mat/0208561;2;0;2
math-ph/0303003;math-ph/0303003;1;8;9
hep-th/0306222;hep-th/0306222;10;15;25
0907.2476;0907.2476;0;36;36
hep-th/0502185;hep-th/0502185;17;28;45
astro-ph/0407059;astro-ph/0407059;24;11;35
hep-th/0701252;hep-th/0701252;20;74;94
hep-th/0405053;hep-th/0405053;19;3;22
hep-th/0610321;hep-th/0610321;16;0;16
hep-th/0412212;hep-th/0412212;0;2;2
hep-th/9711121;hep-th/9711121;3;0;3
gr-qc/0405029;gr-qc/0405029;5;35;40
gr-qc/0006039;gr-qc/0006039;23;6;29
gr-qc/9812079;gr-qc/9812079;16;32;48
hep-th/9708090;hep-th/9708090;8;33;41
hep-th/9706046;hep-th/9706046;4;37;41
hep-th/0310012;hep-th/0310012;10;0;10
hep-th/9702153;hep-th/9702153;25;31;56
gr-qc/9604051;gr-qc/9604051;82;37;119
hep-th/0210197;hep-th/0210197;9;9;18
hep-th/9712118;hep-th/9712118;24;24;48
0704.0377;0704.0377;0;1;1
0711.2470;0711.2470;0;14;14
hep-th/9210025;hep-th/9210025;5;1;6
hep-th/0610332;hep-th/0610332;10;37;47
hep-th/0507175;hep-th/0507175;18;37;55
hep-th/0507146;hep-th/0507146;12;23;35
hep-th/0507057;hep-th/0507057;13;27;40
hep-th/0507137;hep-th/0507137;11;18;29
math/0405256;math/0405256;13;8;21
hep-th/9908042;hep-th/9908042;15;16;31
hep-th/9203009;hep-th/9203009;18;2;20
hep-th/9201011;hep-th/9201011;37;0;37
hep-th/0405290;hep-th/0405290;3;23;26
hep-th/0206041;hep-th/0206041;6;0;6
hep-th/9203005;hep-th/9203005;0;1;1
hep-th/9109015;hep-th/9109015;20;0;20
0910.0645;0910.0645;0;11;11
hep-th/9203002;hep-th/9203002;2;2;4
hep-th/9109012;hep-th/9109012;10;0;10
gr-qc/0609111;gr-qc/0609111;2;6;8
gr-qc/0305018;gr-qc/0305018;21;59;80
gr-qc/9809041;gr-qc/9809041;7;30;37
gr-qc/9710106;gr-qc/9710106;15;22;37
hep-th/9609085;hep-th/9609085;33;34;67
hep-th/9110011;hep-th/9110011;4;0;4
hep-th/9310157;hep-th/9310157;7;11;18
gr-qc/9307013;gr-qc/9307013;7;1;8
hep-th/0003021;hep-th/0003021;0;9;9
hep-th/9908119;hep-th/9908119;1;4;5
hep-ph/9706515;hep-ph/9706515;7;4;11
hep-th/9810089;hep-th/9810089;18;21;39
hep-th/9909044;hep-th/9909044;10;6;16
hep-ph/9909262;hep-ph/9909262;15;6;21
0910.2239;0910.2239;0;26;26
hep-ph/0512171;hep-ph/0512171;10;42;52
gr-qc/9403005;gr-qc/9403005;3;1;4
gr-qc/9403006;gr-qc/9403006;3;1;4
hep-th/0003022;hep-th/0003022;6;27;33
hep-th/0001049;hep-th/0001049;11;29;40
hep-th/9701190;hep-th/9701190;53;12;65
hep-th/9702037;hep-th/9702037;46;16;62
hep-th/0103031;hep-th/0103031;19;68;87
hep-ph/0107056;hep-ph/0107056;14;4;18
hep-th/0104170;hep-th/0104170;43;0;43
hep-ph/0102010;hep-ph/0102010;27;10;37
hep-ph/0506334;hep-ph/0506334;6;29;35
hep-th/0512276;hep-th/0512276;7;14;21
hep-th/0012033;hep-th/0012033;32;0;32
0808.4112;0808.4112;0;49;49
hep-ph/9801220;hep-ph/9801220;29;7;36
hep-th/0510027;hep-th/0510027;27;33;60
hep-th/9912033;hep-th/9912033;18;15;33
hep-th/0502146;hep-th/0502146;61;38;99
hep-th/0502160;hep-th/0502160;55;14;69
hep-th/0302131;hep-th/0302131;15;14;29
hep-th/0305062;hep-th/0305062;13;17;30
hep-th/0701187;hep-th/0701187;7;26;33
hep-th/0702032;hep-th/0702032;34;26;60
hep-th/0407085;hep-th/0407085;14;20;34
hep-th/0512031;hep-th/0512031;14;9;23
0903.1960;0903.1960;0;26;26
hep-th/0412309;hep-th/0412309;5;38;43
hep-th/0312059;hep-th/0312059;7;19;26
hep-th/0411245;hep-th/0411245;1;8;9
hep-th/0408123;hep-th/0408123;27;18;45
hep-th/0411008;hep-th/0411008;10;50;60
hep-th/9910136;hep-th/9910136;1;7;8
hep-th/0008228;hep-th/0008228;1;0;1
gr-qc/0205127;gr-qc/0205127;6;2;8
gr-qc/0304083;gr-qc/0304083;19;15;34
hep-th/9811148;hep-th/9811148;18;2;20
gr-qc/9908039;gr-qc/9908039;6;3;9
hep-th/0004064;hep-th/0004064;12;7;19
hep-th/0004144;hep-th/0004144;13;9;22
hep-ph/0111061;hep-ph/0111061;7;10;17
hep-th/0001209;hep-th/0001209;33;32;65
0905.0624;0905.0624;0;6;6
hep-th/0003027;hep-th/0003027;2;17;19
hep-th/9112060;hep-th/9112060;19;0;19
hep-th/9412078;hep-th/9412078;12;13;25
hep-th/9301074;hep-th/9301074;5;0;5
hep-th/9206098;hep-th/9206098;23;0;23
hep-th/9807077;hep-th/9807077;1;4;5
hep-th/9411125;hep-th/9411125;12;5;17
hep-th/9802083;hep-th/9802083;4;5;9
hep-th/9602173;hep-th/9602173;4;13;17
hep-th/9408127;hep-th/9408127;6;8;14
hep-th/9410190;hep-th/9410190;8;0;8
hep-th/9201057;hep-th/9201057;4;0;4
hep-th/9110073;hep-th/9110073;18;0;18
hep-th/9205102;hep-th/9205102;18;2;20
hep-th/0504167;hep-th/0504167;3;17;20
hep-th/0005046;hep-th/0005046;56;5;61
hep-th/0209253;hep-th/0209253;27;9;36
hep-th/0410156;hep-th/0410156;10;20;30
hep-th/9912174;hep-th/9912174;10;7;17
hep-th/0309014;hep-th/0309014;7;20;27
hep-th/0407269;hep-th/0407269;3;7;10
hep-th/0106281;hep-th/0106281;12;45;57
cond-mat/0006506;cond-mat/0006506;0;1;1
cond-mat/9908188;cond-mat/9908188;6;3;9
hep-th/9405104;hep-th/9405104;6;1;7
hep-th/9405106;hep-th/9405106;14;3;17
hep-th/9212065;hep-th/9212065;21;1;22
hep-th/9310173;hep-th/9310173;8;0;8
hep-th/9405101;hep-th/9405101;2;1;3
hep-th/9405102;hep-th/9405102;0;2;2
hep-th/9405103;hep-th/9405103;3;1;4
hep-th/9405094;hep-th/9405094;3;10;13
math/9907021;math/9907021;9;3;12
q-alg/9611009;q-alg/9611009;15;6;21
hep-th/9303115;hep-th/9303115;3;0;3
0803.3302;0803.3302;0;14;14
hep-th/0501119;hep-th/0501119;4;6;10
hep-th/0702137;hep-th/0702137;5;2;7
hep-th/0610149;hep-th/0610149;8;16;24
hep-th/9310153;hep-th/9310153;5;0;5
hep-th/9312096;hep-th/9312096;5;0;5
hep-th/0512172;hep-th/0512172;30;0;30
hep-th/9405108;hep-th/9405108;3;1;4
hep-th/9402138;hep-th/9402138;4;2;6
hep-th/9301103;hep-th/9301103;28;3;31
hep-th/9307022;hep-th/9307022;6;3;9
hep-th/9402068;hep-th/9402068;1;2;3
hep-ph/0410302;hep-ph/0410302;2;32;34
hep-th/0406115;hep-th/0406115;10;26;36
hep-th/9903122;hep-th/9903122;7;3;10
hep-th/9903121;hep-th/9903121;23;12;35
hep-th/9711056;hep-th/9711056;23;16;39
hep-th/9608110;hep-th/9608110;12;6;18
hep-th/9412136;hep-th/9412136;23;0;23
hep-th/9902146;hep-th/9902146;20;11;31
hep-th/9408090;hep-th/9408090;6;0;6
hep-th/9509159;hep-th/9509159;11;3;14
hep-th/9810212;hep-th/9810212;7;16;23
hep-th/9808040;hep-th/9808040;23;6;29
hep-th/9806195;hep-th/9806195;21;62;83
hep-th/9712213;hep-th/9712213;23;33;56
hep-th/9707156;hep-th/9707156;5;15;20
hep-th/9811147;hep-th/9811147;14;25;39
hep-th/9806180;hep-th/9806180;35;14;49
hep-th/9903127;hep-th/9903127;5;1;6
hep-th/9903125;hep-th/9903125;6;10;16
hep-th/9812224;hep-th/9812224;30;36;66
hep-th/9812210;hep-th/9812210;12;21;33
hep-th/9712195;hep-th/9712195;14;24;38
hep-th/9709116;hep-th/9709116;32;14;46
hep-th/9808157;hep-th/9808157;41;25;66
hep-th/9812170;hep-th/9812170;6;8;14
hep-th/9712164;hep-th/9712164;24;16;40
hep-th/9806140;hep-th/9806140;62;10;72
hep-th/9612127;hep-th/9612127;30;17;47
hep-th/9711107;hep-th/9711107;86;17;103
hep-th/9710023;hep-th/9710023;51;14;65
hep-th/0303018;hep-th/0303018;2;4;6
hep-th/0008031;hep-th/0008031;20;29;49
hep-th/0303019;hep-th/0303019;0;5;5
hep-th/9710245;hep-th/9710245;6;12;18
hep-th/9903128;hep-th/9903128;16;39;55
hep-th/9807185;hep-th/9807185;6;81;87
hep-th/9901106;hep-th/9901106;17;11;28
hep-th/9901085;hep-th/9901085;28;18;46
hep-th/9703041;hep-th/9703041;41;24;65
0811.1503;0811.1503;0;56;56
astro-ph/0605371;astro-ph/0605371;13;11;24
0810.3091;0810.3091;0;5;5
0809.3128;0809.3128;0;14;14
hep-th/9401065;hep-th/9401065;18;0;18
hep-th/0612068;hep-th/0612068;1;9;10
hep-th/9510114;hep-th/9510114;21;5;26
hep-th/9404047;hep-th/9404047;16;2;18
hep-th/0301244;hep-th/0301244;39;20;59
hep-th/9503066;hep-th/9503066;0;3;3
hep-th/9306155;hep-th/9306155;7;0;7
hep-th/0408023;hep-th/0408023;1;18;19
hep-th/9401062;hep-th/9401062;24;3;27
hep-th/9909221;hep-th/9909221;8;7;15
hep-th/0309008;hep-th/0309008;13;29;42
hep-th/9407114;hep-th/9407114;34;15;49
quant-ph/9908014;quant-ph/9908014;14;9;23
hep-th/0407139;hep-th/0407139;17;24;41
hep-th/9803029;hep-th/9803029;3;13;16
0705.0240;0705.0240;0;51;51
hep-th/0311207;hep-th/0311207;27;13;40
astro-ph/0610398;astro-ph/0610398;27;34;61
astro-ph/0511160;astro-ph/0511160;4;42;46
hep-th/0605099;hep-th/0605099;15;0;15
gr-qc/0703002;gr-qc/0703002;5;7;12
hep-th/0611182;hep-th/0611182;10;1;11
hep-th/9503067;hep-th/9503067;1;4;5
hep-th/9311057;hep-th/9311057;5;0;5
gr-qc/0703008;gr-qc/0703008;6;8;14
gr-qc/9405036;gr-qc/9405036;12;0;12
gr-qc/0104017;gr-qc/0104017;14;22;36
hep-th/0006032;hep-th/0006032;3;8;11
hep-th/9712056;hep-th/9712056;10;5;15
hep-th/9709025;hep-th/9709025;7;20;27
hep-th/9801176;hep-th/9801176;3;7;10
hep-ph/0205240;hep-ph/0205240;3;14;17
hep-th/0203205;hep-th/0203205;10;20;30
hep-ph/9701304;hep-ph/9701304;16;15;31
hep-th/9409183;hep-th/9409183;22;3;25
hep-ph/0205246;hep-ph/0205246;14;18;32
hep-ph/0111299;hep-ph/0111299;11;8;19
hep-ph/0203118;hep-ph/0203118;5;6;11
hep-ph/0012057;hep-ph/0012057;20;11;31
0708.2950;0708.2950;0;26;26
hep-th/9910115;hep-th/9910115;17;27;44
hep-th/0503180;hep-th/0503180;18;44;62
hep-th/9202036;hep-th/9202036;27;0;27
hep-th/9406063;hep-th/9406063;43;3;46
hep-th/9602046;hep-th/9602046;2;5;7
hep-th/9308048;hep-th/9308048;21;0;21
hep-th/9508055;hep-th/9508055;9;0;9
hep-th/9609015;hep-th/9609015;0;13;13
hep-th/9601067;hep-th/9601067;4;23;27
hep-th/9607078;hep-th/9607078;25;30;55
alg-geom/9608006;alg-geom/9608006;31;21;52
hep-th/9608145;hep-th/9608145;24;14;38
hep-th/9610016;hep-th/9610016;9;15;24
hep-th/9608014;hep-th/9608014;9;3;12
hep-th/9602042;hep-th/9602042;5;1;6
hep-th/9512148;hep-th/9512148;6;10;16
hep-th/9508090;hep-th/9508090;3;14;17
hep-th/9407059;hep-th/9407059;4;4;8
hep-th/9410221;hep-th/9410221;4;0;4
hep-th/9401154;hep-th/9401154;26;1;27
hep-th/9503061;hep-th/9503061;16;3;19
hep-th/9206039;hep-th/9206039;39;0;39
hep-th/9609018;hep-th/9609018;2;9;11
hep-th/9312164;hep-th/9312164;20;1;21
hep-th/9602110;hep-th/9602110;8;5;13
hep-th/9411216;hep-th/9411216;4;2;6
hep-th/9603172;hep-th/9603172;4;7;11
hep-th/9505065;hep-th/9505065;19;5;24
hep-th/9609019;hep-th/9609019;12;21;33
hep-ph/9503282;hep-ph/9503282;14;2;16
hep-th/9601043;hep-th/9601043;8;7;15
cond-mat/9603129;cond-mat/9603129;7;3;10
hep-th/9507159;hep-th/9507159;30;1;31
hep-ph/9608272;hep-ph/9608272;16;21;37
hep-ph/9503350;hep-ph/9503350;10;3;13
hep-th/9504013;hep-th/9504013;10;3;13
hep-lat/9601021;hep-lat/9601021;1;2;3
hep-th/9507093;hep-th/9507093;25;9;34
hep-th/9602048;hep-th/9602048;7;3;10
hep-th/9601065;hep-th/9601065;2;1;3
hep-th/9401132;hep-th/9401132;8;0;8
hep-th/9409187;hep-th/9409187;13;0;13
hep-th/9401003;hep-th/9401003;21;0;21
hep-th/9504124;hep-th/9504124;6;6;12
0810.4374;0810.4374;0;9;9
hep-th/0602025;hep-th/0602025;36;70;106
hep-th/0507043;hep-th/0507043;16;41;57
hep-th/0303112;hep-th/0303112;4;0;4
gr-qc/0104038;gr-qc/0104038;3;7;10
hep-th/0210052;hep-th/0210052;11;6;17
gr-qc/9701014;gr-qc/9701014;26;8;34
hep-ph/0103269;hep-ph/0103269;3;7;10
hep-ph/0009129;hep-ph/0009129;11;17;28
hep-ph/0009173;hep-ph/0009173;9;13;22
hep-ph/0108175;hep-ph/0108175;8;14;22
math-ph/0404077;math-ph/0404077;0;4;4
0903.5250;0903.5250;0;2;2
hep-th/9912244;hep-th/9912244;3;31;34
hep-th/9905024;hep-th/9905024;16;15;31
hep-th/9912245;hep-th/9912245;3;6;9
hep-th/9905170;hep-th/9905170;4;0;4
hep-th/9811098;hep-th/9811098;4;27;31
hep-th/9412081;hep-th/9412081;21;2;23
hep-th/9704096;hep-th/9704096;6;24;30
gr-qc/9605015;gr-qc/9605015;19;9;28
hep-th/9912247;hep-th/9912247;2;8;10
hep-th/9807210;hep-th/9807210;7;19;26
hep-th/9805030;hep-th/9805030;8;14;22
hep-th/9710162;hep-th/9710162;14;7;21
hep-th/9912240;hep-th/9912240;0;17;17
hep-th/9911118;hep-th/9911118;6;8;14
hep-th/9702053;hep-th/9702053;23;0;23
hep-th/9903055;hep-th/9903055;12;5;17
hep-th/9805022;hep-th/9805022;9;0;9
hep-th/9912114;hep-th/9912114;4;0;4
hep-th/9606105;hep-th/9606105;16;0;16
hep-th/9502097;hep-th/9502097;7;0;7
hep-th/9910060;hep-th/9910060;6;12;18
hep-th/9803011;hep-th/9803011;25;4;29
hep-th/9508161;hep-th/9508161;1;0;1
hep-th/9903011;hep-th/9903011;9;2;11
hep-th/9912128;hep-th/9912128;8;7;15
hep-th/9710093;hep-th/9710093;10;4;14
hep-th/9405135;hep-th/9405135;8;0;8
hep-th/9608193;hep-th/9608193;10;0;10
hep-th/9912097;hep-th/9912097;5;7;12
hep-th/9705216;hep-th/9705216;11;2;13
hep-th/9912241;hep-th/9912241;1;23;24
hep-th/9709118;hep-th/9709118;22;37;59
hep-th/9910269;hep-th/9910269;15;10;25
hep-th/9909127;hep-th/9909127;14;29;43
hep-th/9912248;hep-th/9912248;4;14;18
hep-th/9803212;hep-th/9803212;9;4;13
hep-th/9404155;hep-th/9404155;4;0;4
hep-th/9710145;hep-th/9710145;16;8;24
hep-th/9905076;hep-th/9905076;24;4;28
0904.0612;0904.0612;0;16;16
gr-qc/9908068;gr-qc/9908068;7;2;9
gr-qc/0404074;gr-qc/0404074;24;14;38
math-ph/0003015;math-ph/0003015;5;1;6
gr-qc/0109048;gr-qc/0109048;25;6;31
hep-th/0307199;hep-th/0307199;4;2;6
hep-th/0412015;hep-th/0412015;10;17;27
hep-th/0410294;hep-th/0410294;6;176;182
hep-th/0605120;hep-th/0605120;46;23;69
hep-th/0504151;hep-th/0504151;38;54;92
hep-th/0701205;hep-th/0701205;4;29;33
hep-th/0701088;hep-th/0701088;5;35;40
hep-th/0409034;hep-th/0409034;3;17;20
hep-th/9511219;hep-th/9511219;18;1;19
hep-th/0507243;hep-th/0507243;3;20;23
hep-th/0606091;hep-th/0606091;16;15;31
hep-th/0501172;hep-th/0501172;4;29;33
hep-ph/0406120;hep-ph/0406120;22;14;36
hep-th/0605265;hep-th/0605265;18;30;48
hep-th/0612041;hep-th/0612041;1;17;18
math/0207021;math/0207021;8;27;35
hep-th/0401139;hep-th/0401139;18;43;61
hep-th/0512020;hep-th/0512020;1;19;20
hep-th/0205107;hep-th/0205107;25;18;43
hep-th/0304030;hep-th/0304030;13;24;37
hep-th/0209026;hep-th/0209026;28;12;40
math/9907107;math/9907107;2;7;9
math/9809001;math/9809001;3;9;12
math/9812060;math/9812060;2;0;2
dg-ga/9702006;dg-ga/9702006;8;0;8
hep-th/0605071;hep-th/0605071;5;14;19
hep-th/0508181;hep-th/0508181;18;19;37
gr-qc/0304010;gr-qc/0304010;7;7;14
hep-th/0507270;hep-th/0507270;7;12;19
hep-th/0301039;hep-th/0301039;26;11;37
hep-th/0406057;hep-th/0406057;9;41;50
gr-qc/0504087;gr-qc/0504087;5;15;20
gr-qc/0309002;gr-qc/0309002;7;17;24
gr-qc/0211031;gr-qc/0211031;10;6;16
gr-qc/0305044;gr-qc/0305044;16;12;28
hep-th/0412109;hep-th/0412109;10;13;23
hep-th/0302204;hep-th/0302204;15;8;23
hep-th/0605101;hep-th/0605101;21;38;59
gr-qc/0301062;gr-qc/0301062;10;6;16
gr-qc/0503095;gr-qc/0503095;13;5;18
gr-qc/0212050;gr-qc/0212050;7;3;10
hep-th/0603183;hep-th/0603183;13;41;54
gr-qc/9809079;gr-qc/9809079;2;5;7
hep-th/9201037;hep-th/9201037;4;0;4
hep-th/9408005;hep-th/9408005;6;6;12
hep-th/9304059;hep-th/9304059;2;6;8
hep-th/9410012;hep-th/9410012;3;7;10
hep-th/9204034;hep-th/9204034;5;0;5
hep-th/0305197;hep-th/0305197;38;18;56
hep-th/9212069;hep-th/9212069;4;4;8
hep-th/9310002;hep-th/9310002;6;3;9
hep-ph/0312193;hep-ph/0312193;11;16;27
hep-ph/0210134;hep-ph/0210134;28;19;47
hep-ph/0309189;hep-ph/0309189;29;17;46
hep-ph/0312247;hep-ph/0312247;23;33;56
hep-th/9605061;hep-th/9605061;3;21;24
hep-th/9510084;hep-th/9510084;5;7;12
hep-th/9509153;hep-th/9509153;7;9;16
hep-th/9603111;hep-th/9603111;5;15;20
hep-th/9512174;hep-th/9512174;7;20;27
hep-th/9503088;hep-th/9503088;26;5;31
hep-th/9501105;hep-th/9501105;21;5;26
hep-th/9605060;hep-th/9605060;3;1;4
hep-th/9605063;hep-th/9605063;0;8;8
hep-th/9311007;hep-th/9311007;26;8;34
hep-th/9401081;hep-th/9401081;10;5;15
hep-th/9302096;hep-th/9302096;18;1;19
hep-th/9605065;hep-th/9605065;26;10;36
hep-th/9601113;hep-th/9601113;13;22;35
hep-th/9405014;hep-th/9405014;25;2;27
cond-mat/9603043;cond-mat/9603043;25;0;25
hep-th/9310189;hep-th/9310189;3;0;3
hep-th/9401128;hep-th/9401128;2;3;5
hep-th/9310171;hep-th/9310171;3;0;3
hep-th/9605069;hep-th/9605069;26;13;39
hep-th/9507064;hep-th/9507064;5;16;21
hep-th/9603176;hep-th/9603176;35;5;40
hep-th/9605054;hep-th/9605054;29;4;33
hep-th/9605068;hep-th/9605068;2;3;5
hep-ph/9607487;hep-ph/9607487;18;13;31
hep-th/9605119;hep-th/9605119;4;7;11
hep-th/9602180;hep-th/9602180;76;5;81
hep-th/0603097;hep-th/0603097;6;40;46
hep-th/0503089;hep-th/0503089;13;36;49
hep-th/0406239;hep-th/0406239;9;11;20
hep-th/0302020;hep-th/0302020;6;16;22
hep-th/0207037;hep-th/0207037;27;68;95
hep-th/0602006;hep-th/0602006;4;24;28
hep-th/0506148;hep-th/0506148;2;13;15
hep-th/0503008;hep-th/0503008;14;23;37
hep-th/0407044;hep-th/0407044;45;41;86
hep-th/0408162;hep-th/0408162;19;36;55
hep-th/0507047;hep-th/0507047;2;28;30
hep-th/0308102;hep-th/0308102;7;36;43
hep-th/0104209;hep-th/0104209;10;12;22
hep-th/9809082;hep-th/9809082;3;3;6
hep-th/0007035;hep-th/0007035;47;19;66
hep-th/0208105;hep-th/0208105;2;0;2
hep-th/0209035;hep-th/0209035;1;5;6
hep-th/0101037;hep-th/0101037;11;6;17
hep-th/0112207;hep-th/0112207;18;9;27
hep-th/0008206;hep-th/0008206;6;5;11
hep-th/0211065;hep-th/0211065;13;17;30
hep-th/0301255;hep-th/0301255;10;19;29
hep-th/0209060;hep-th/0209060;23;20;43
hep-th/0010167;hep-th/0010167;79;29;108
hep-th/0207139;hep-th/0207139;15;36;51
hep-th/9606107;hep-th/9606107;2;5;7
hep-th/0210080;hep-th/0210080;31;28;59
hep-th/0010182;hep-th/0010182;14;15;29
gr-qc/9802003;gr-qc/9802003;28;4;32
astro-ph/0109388;astro-ph/0109388;2;9;11
0903.3881;0903.3881;0;2;2
gr-qc/0107036;gr-qc/0107036;9;4;13
0712.3811;0712.3811;0;15;15
cond-mat/0206585;cond-mat/0206585;7;2;9
quant-ph/0610181;quant-ph/0610181;12;0;12
quant-ph/0611243;quant-ph/0611243;10;6;16
quant-ph/0603120;quant-ph/0603120;9;2;11
hep-th/0401090;hep-th/0401090;20;17;37
0805.3744;0805.3744;0;8;8
hep-th/0603152;hep-th/0603152;7;21;28
hep-th/0601024;hep-th/0601024;16;63;79
hep-th/0703216;hep-th/0703216;4;0;4
hep-th/0312122;hep-th/0312122;10;48;58
hep-th/0409069;hep-th/0409069;6;30;36
hep-th/0602147;hep-th/0602147;5;0;5
hep-th/0603068;hep-th/0603068;7;17;24
hep-th/0306189;hep-th/0306189;14;22;36
gr-qc/9505041;gr-qc/9505041;5;3;8
hep-th/9312017;hep-th/9312017;9;0;9
gr-qc/0206039;gr-qc/0206039;1;23;24
hep-th/0201058;hep-th/0201058;14;9;23
hep-th/0112179;hep-th/0112179;3;3;6
hep-th/9503089;hep-th/9503089;20;3;23
hep-th/0105183;hep-th/0105183;9;16;25
gr-qc/9908045;gr-qc/9908045;9;45;54
0907.0427;0907.0427;0;21;21
hep-th/0604201;hep-th/0604201;42;33;75
hep-th/0610336;hep-th/0610336;20;66;86
astro-ph/9909480;astro-ph/9909480;18;13;31
astro-ph/0106197;astro-ph/0106197;44;20;64
gr-qc/9505040;gr-qc/9505040;0;3;3
hep-th/9308043;hep-th/9308043;6;3;9
hep-th/9212154;hep-th/9212154;26;2;28
hep-th/9111004;hep-th/9111004;12;0;12
0902.1006;0902.1006;0;26;26
gr-qc/9505043;gr-qc/9505043;14;3;17
gr-qc/9410010;gr-qc/9410010;9;3;12
hep-th/9411195;hep-th/9411195;11;29;40
hep-th/0104057;hep-th/0104057;2;0;2
hep-th/0012180;hep-th/0012180;5;29;34
hep-th/0012042;hep-th/0012042;11;64;75
hep-th/9410142;hep-th/9410142;12;17;29
gr-qc/0001098;gr-qc/0001098;9;13;22
gr-qc/9906036;gr-qc/9906036;3;7;10
gr-qc/9812063;gr-qc/9812063;6;16;22
hep-ph/9805485;hep-ph/9805485;16;9;25
gr-qc/9811070;gr-qc/9811070;12;7;19
gr-qc/9807024;gr-qc/9807024;3;11;14
gr-qc/9511078;gr-qc/9511078;19;2;21
gr-qc/9807015;gr-qc/9807015;6;4;10
hep-th/0105184;hep-th/0105184;34;32;66
hep-th/0206112;hep-th/0206112;20;29;49
hep-th/0205019;hep-th/0205019;27;0;27
hep-ph/0206131;hep-ph/0206131;19;13;32
hep-th/0106285;hep-th/0106285;27;39;66
hep-lat/9503009;hep-lat/9503009;4;3;7
0805.4091;0805.4091;0;22;22
hep-th/0201187;hep-th/0201187;9;32;41
hep-th/0005248;hep-th/0005248;21;17;38
hep-th/0104131;hep-th/0104131;6;20;26
hep-th/0106019;hep-th/0106019;20;26;46
hep-th/0207155;hep-th/0207155;3;8;11
gr-qc/0601132;gr-qc/0601132;4;24;28
hep-th/0501251;hep-th/0501251;4;19;23
cond-mat/0603340;cond-mat/0603340;0;1;1
cond-mat/0002063;cond-mat/0002063;2;5;7
math/9811054;math/9811054;27;3;30
hep-th/0307229;hep-th/0307229;12;22;34
hep-th/0302153;hep-th/0302153;8;15;23
hep-th/0307228;hep-th/0307228;1;14;15
hep-th/9601025;hep-th/9601025;6;0;6
math-ph/0302040;math-ph/0302040;3;0;3
hep-th/9601088;hep-th/9601088;5;2;7
hep-th/9806192;hep-th/9806192;3;1;4
hep-th/0204224;hep-th/0204224;12;7;19
hep-th/0005141;hep-th/0005141;2;2;4
hep-th/9510066;hep-th/9510066;3;1;4
hep-th/9603103;hep-th/9603103;13;3;16
0805.0136;0805.0136;0;15;15
astro-ph/0703566;astro-ph/0703566;8;27;35
0709.1199;0709.1199;0;18;18
gr-qc/0312109;gr-qc/0312109;8;36;44
gr-qc/0306114;gr-qc/0306114;18;4;22
gr-qc/0506014;gr-qc/0506014;14;5;19
hep-th/0611188;hep-th/0611188;16;17;33
hep-th/0307122;hep-th/0307122;27;22;49
gr-qc/0304054;gr-qc/0304054;17;1;18
hep-th/0305171;hep-th/0305171;3;29;32
hep-th/0304237;hep-th/0304237;12;36;48
hep-th/0105216;hep-th/0105216;8;27;35
hep-th/0307222;hep-th/0307222;10;19;29
hep-th/0102159;hep-th/0102159;24;12;36
hep-th/0210228;hep-th/0210228;10;21;31
hep-th/0212037;hep-th/0212037;6;20;26
hep-th/0004131;hep-th/0004131;23;19;42
hep-th/0307220;hep-th/0307220;10;10;20
math-ph/0110001;math-ph/0110001;15;3;18
hep-th/0307227;hep-th/0307227;3;23;26
hep-th/0203143;hep-th/0203143;4;8;12
hep-th/9309151;hep-th/9309151;11;1;12
hep-th/9403010;hep-th/9403010;10;0;10
hep-th/0307226;hep-th/0307226;1;16;17
hep-th/9708163;hep-th/9708163;23;6;29
gr-qc/9504016;gr-qc/9504016;23;2;25
hep-th/9603021;hep-th/9603021;27;3;30
hep-th/9806168;hep-th/9806168;24;13;37
hep-th/0305061;hep-th/0305061;25;28;53
hep-th/9803036;hep-th/9803036;4;10;14
hep-th/9906169;hep-th/9906169;8;10;18
hep-th/9701018;hep-th/9701018;30;4;34
hep-th/0001086;hep-th/0001086;8;5;13
hep-th/9907212;hep-th/9907212;2;1;3
hep-th/9706129;hep-th/9706129;28;3;31
hep-th/0307225;hep-th/0307225;0;10;10
hep-th/9601160;hep-th/9601160;4;0;4
hep-th/9505094;hep-th/9505094;3;4;7
hep-th/0307003;hep-th/0307003;1;6;7
gr-qc/9612022;gr-qc/9612022;2;11;13
hep-th/0302058;hep-th/0302058;4;39;43
gr-qc/9704008;gr-qc/9704008;19;2;21
gr-qc/0002007;gr-qc/0002007;10;4;14
hep-th/0112093;hep-th/0112093;22;32;54
hep-th/0205211;hep-th/0205211;11;20;31
hep-th/0203258;hep-th/0203258;10;1;11
hep-th/9407198;hep-th/9407198;15;6;21
hep-th/9812237;hep-th/9812237;32;30;62
hep-th/9903201;hep-th/9903201;22;10;32
hep-th/9904040;hep-th/9904040;23;10;33
hep-th/9207064;hep-th/9207064;24;0;24
hep-th/9907174;hep-th/9907174;1;15;16
hep-th/9206103;hep-th/9206103;20;0;20
gr-qc/9511022;gr-qc/9511022;9;5;14
hep-th/9810073;hep-th/9810073;2;14;16
hep-th/9311103;hep-th/9311103;14;4;18
hep-th/9403160;hep-th/9403160;7;3;10
hep-th/9907173;hep-th/9907173;1;15;16
hep-th/9610092;hep-th/9610092;1;10;11
hep-th/9907175;hep-th/9907175;2;20;22
hep-th/9510028;hep-th/9510028;13;13;26
hep-th/9602104;hep-th/9602104;11;6;17
hep-th/9506043;hep-th/9506043;12;5;17
hep-th/9702186;hep-th/9702186;8;7;15
hep-th/9811025;hep-th/9811025;11;21;32
hep-th/9904097;hep-th/9904097;6;12;18
hep-th/9907171;hep-th/9907171;8;16;24
hep-th/9304123;hep-th/9304123;7;4;11
hep-th/9310076;hep-th/9310076;11;2;13
hep-th/9605220;hep-th/9605220;15;0;15
hep-th/9812192;hep-th/9812192;3;12;15
hep-th/9206063;hep-th/9206063;18;2;20
hep-th/9803024;hep-th/9803024;2;7;9
hep-th/9803022;hep-th/9803022;5;7;12
hep-th/9610084;hep-th/9610084;10;50;60
hep-th/9907172;hep-th/9907172;0;11;11
hep-th/9501010;hep-th/9501010;1;1;2
hep-th/9401014;hep-th/9401014;5;3;8
hep-th/9806209;hep-th/9806209;2;6;8
hep-th/9501009;hep-th/9501009;4;1;5
hep-th/9609175;hep-th/9609175;3;0;3
hep-th/9703097;hep-th/9703097;16;2;18
hep-th/9609105;hep-th/9609105;5;6;11
0803.1212;0803.1212;0;20;20
hep-th/9712227;hep-th/9712227;3;9;12
hep-th/0510078;hep-th/0510078;1;4;5
hep-th/9701040;hep-th/9701040;9;0;9
hep-th/0510063;hep-th/0510063;6;12;18
hep-th/9509157;hep-th/9509157;5;0;5
hep-th/0510079;hep-th/0510079;0;2;2
gr-qc/0509002;gr-qc/0509002;1;3;4
hep-th/0510070;hep-th/0510070;5;56;61
hep-th/0206192;hep-th/0206192;16;25;41
hep-th/0403024;hep-th/0403024;22;49;71
hep-th/0209219;hep-th/0209219;36;36;72
hep-th/0301090;hep-th/0301090;8;49;57
hep-th/0403275;hep-th/0403275;30;0;30
hep-th/0411281;hep-th/0411281;4;24;28
hep-th/0404051;hep-th/0404051;8;17;25
hep-th/0411119;hep-th/0411119;14;9;23
hep-th/0504079;hep-th/0504079;24;42;66
hep-th/0509221;hep-th/0509221;6;19;25
hep-th/0508024;hep-th/0508024;21;61;82
hep-th/0108145;hep-th/0108145;9;10;19
hep-th/0203017;hep-th/0203017;7;14;21
hep-th/0408041;hep-th/0408041;4;70;74
hep-th/9712136;hep-th/9712136;9;13;22
hep-th/0408086;hep-th/0408086;15;43;58
hep-th/0510071;hep-th/0510071;0;4;4
math-ph/0405012;math-ph/0405012;1;0;1
hep-th/0510072;hep-th/0510072;0;40;40
hep-th/0211268;hep-th/0211268;8;12;20
hep-th/0205009;hep-th/0205009;10;21;31
gr-qc/0505048;gr-qc/0505048;2;5;7
hep-th/0012160;hep-th/0012160;2;0;2
hep-th/0403034;hep-th/0403034;7;14;21
gr-qc/0308056;gr-qc/0308056;3;10;13
hep-th/0204113;hep-th/0204113;15;15;30
hep-th/0408065;hep-th/0408065;10;17;27
hep-th/0401212;hep-th/0401212;2;6;8
hep-th/0009022;hep-th/0009022;34;48;82
hep-th/0006054;hep-th/0006054;9;43;52
hep-th/0003175;hep-th/0003175;13;38;51
hep-ph/9801453;hep-ph/9801453;6;22;28
hep-ph/9807454;hep-ph/9807454;18;11;29
hep-th/9410082;hep-th/9410082;12;6;18
gr-qc/9508019;gr-qc/9508019;7;19;26
gr-qc/9712019;gr-qc/9712019;17;0;17
hep-th/9909158;hep-th/9909158;4;2;6
gr-qc/9906096;gr-qc/9906096;8;4;12
hep-th/0102148;hep-th/0102148;7;18;25
hep-th/0001172;hep-th/0001172;7;20;27
hep-th/9807236;hep-th/9807236;27;11;38
0805.2555;0805.2555;0;13;13
hep-th/0601027;hep-th/0601027;6;16;22
quant-ph/0703071;quant-ph/0703071;2;9;11
hep-th/0402145;hep-th/0402145;6;7;13
hep-th/0605250;hep-th/0605250;10;13;23
hep-th/0702060;hep-th/0702060;11;19;30
hep-th/0102143;hep-th/0102143;1;3;4
gr-qc/9211006;gr-qc/9211006;4;0;4
hep-th/0102141;hep-th/0102141;1;18;19
hep-th/0008020;hep-th/0008020;5;16;21
hep-th/9708126;hep-th/9708126;6;7;13
hep-th/9307160;hep-th/9307160;9;4;13
math/0003023;math/0003023;15;3;18
astro-ph/9908152;astro-ph/9908152;9;1;10
hep-th/9302041;hep-th/9302041;4;5;9
hep-th/9509174;hep-th/9509174;5;3;8
hep-th/9407192;hep-th/9407192;7;0;7
alg-geom/9511001;alg-geom/9511001;23;24;47
hep-th/0007075;hep-th/0007075;38;47;85
hep-th/0003242;hep-th/0003242;38;26;64
hep-th/0002129;hep-th/0002129;2;9;11
hep-th/0004003;hep-th/0004003;18;24;42
hep-th/0011159;hep-th/0011159;6;19;25
hep-th/0112168;hep-th/0112168;9;19;28
hep-th/9712119;hep-th/9712119;19;2;21
hep-th/0210075;hep-th/0210075;12;29;41
hep-th/0205096;hep-th/0205096;8;0;8
hep-th/0110077;hep-th/0110077;27;18;45
hep-th/0105023;hep-th/0105023;66;37;103
hep-th/0112199;hep-th/0112199;14;34;48
hep-th/0107159;hep-th/0107159;24;26;50
hep-th/0209226;hep-th/0209226;8;27;35
hep-th/0109019;hep-th/0109019;22;20;42
hep-th/0110186;hep-th/0110186;30;33;63
0705.1916;0705.1916;0;21;21
hep-th/0612090;hep-th/0612090;7;28;35
quant-ph/0504200;quant-ph/0504200;5;15;20
hep-th/0411176;hep-th/0411176;6;12;18
quant-ph/0208012;quant-ph/0208012;12;0;12
hep-th/0210074;hep-th/0210074;3;6;9
0812.2227;0812.2227;0;23;23
hep-th/0601066;hep-th/0601066;7;4;11
hep-ph/0302041;hep-ph/0302041;20;6;26
hep-ph/0212269;hep-ph/0212269;16;10;26
hep-ph/0310272;hep-ph/0310272;7;6;13
0710.5307;0710.5307;0;12;12
hep-th/0011119;hep-th/0011119;4;39;43
hep-th/0001118;hep-th/0001118;10;3;13
hep-th/0008083;hep-th/0008083;23;26;49
hep-th/0011019;hep-th/0011019;4;38;42
hep-th/0008002;hep-th/0008002;17;31;48
hep-th/0004183;hep-th/0004183;40;65;105
0801.3002;0801.3002;0;15;15
hep-th/0305060;hep-th/0305060;10;30;40
hep-th/0611122;hep-th/0611122;25;28;53
hep-th/0611123;hep-th/0611123;19;12;31
hep-th/0212116;hep-th/0212116;22;0;22
hep-th/0309180;hep-th/0309180;23;5;28
0708.1237;0708.1237;0;14;14
hep-ph/0204190;hep-ph/0204190;7;16;23
hep-th/0611125;hep-th/0611125;17;0;17
hep-th/0406011;hep-th/0406011;14;26;40
gr-qc/0506051;gr-qc/0506051;12;15;27
0708.1234;0708.1234;0;69;69
hep-ph/0405259;hep-ph/0405259;11;14;25
hep-th/0610276;hep-th/0610276;19;78;97
hep-th/0508214;hep-th/0508214;2;24;26
hep-th/9511079;hep-th/9511079;15;7;22
hep-th/0409133;hep-th/0409133;45;38;83
hep-th/0506168;hep-th/0506168;2;25;27
hep-th/0703094;hep-th/0703094;17;76;93
hep-th/0602258;hep-th/0602258;8;36;44
hep-th/9310133;hep-th/9310133;1;2;3
hep-th/9312084;hep-th/9312084;1;4;5
hep-th/0210071;hep-th/0210071;1;2;3
hep-th/9910070;hep-th/9910070;1;0;1
hep-th/9908046;hep-th/9908046;28;0;28
hep-th/0105123;hep-th/0105123;12;17;29
hep-th/9612217;hep-th/9612217;9;7;16
hep-th/0204169;hep-th/0204169;23;50;73
cond-mat/0011229;cond-mat/0011229;14;14;28
hep-th/0108008;hep-th/0108008;4;61;65
hep-th/0205170;hep-th/0205170;7;78;85
hep-th/0012149;hep-th/0012149;11;10;21
hep-th/0205016;hep-th/0205016;6;0;6
hep-th/0105248;hep-th/0105248;19;29;48
hep-th/9710248;hep-th/9710248;19;0;19
hep-th/9708160;hep-th/9708160;13;0;13
hep-th/0106259;hep-th/0106259;23;27;50
hep-th/0112094;hep-th/0112094;9;65;74
hep-th/0109219;hep-th/0109219;7;10;17
hep-th/0106146;hep-th/0106146;13;44;57
0910.2235;0910.2235;0;16;16
hep-ph/0510064;hep-ph/0510064;3;8;11
hep-ph/0410252;hep-ph/0410252;10;27;37
0903.4500;0903.4500;0;7;7
0707.1871;0707.1871;0;29;29
hep-th/0612110;hep-th/0612110;38;0;38
hep-th/0210073;hep-th/0210073;4;23;27
hep-th/0202104;hep-th/0202104;4;0;4
hep-th/0105188;hep-th/0105188;4;15;19
hep-th/0105229;hep-th/0105229;28;59;87
hep-th/9807040;hep-th/9807040;14;28;42
hep-th/0105265;hep-th/0105265;9;21;30
0806.0741;0806.0741;0;3;3
math/0308097;math/0308097;3;3;6
math/0207233;math/0207233;14;2;16
0907.0364;0907.0364;0;4;4
hep-ph/9403403;hep-ph/9403403;30;3;33
cond-mat/0608023;cond-mat/0608023;4;2;6
hep-th/9809053;hep-th/9809053;10;28;38
hep-th/0101016;hep-th/0101016;24;40;64
hep-th/9701011;hep-th/9701011;11;14;25
hep-th/9712017;hep-th/9712017;17;23;40
hep-th/0009165;hep-th/0009165;6;9;15
hep-th/9808058;hep-th/9808058;5;3;8
hep-th/9908112;hep-th/9908112;14;5;19
hep-th/0003259;hep-th/0003259;1;5;6
hep-th/0007148;hep-th/0007148;6;13;19
hep-th/0009164;hep-th/0009164;0;20;20
hep-th/9806078;hep-th/9806078;11;16;27
gr-qc/9907046;gr-qc/9907046;10;19;29
gr-qc/9911065;gr-qc/9911065;4;13;17
math/9909042;math/9909042;27;7;34
hep-th/9910006;hep-th/9910006;5;15;20
hep-th/9909208;hep-th/9909208;0;7;7
hep-th/9804030;hep-th/9804030;3;7;10
hep-th/9506032;hep-th/9506032;8;2;10
hep-th/9812112;hep-th/9812112;10;13;23
hep-th/9811248;hep-th/9811248;13;11;24
hep-th/9810088;hep-th/9810088;10;5;15
hep-th/9906032;hep-th/9906032;8;22;30
hep-th/9701026;hep-th/9701026;6;1;7
hep-th/9707245;hep-th/9707245;9;15;24
hep-th/9809018;hep-th/9809018;16;9;25
hep-th/9612005;hep-th/9612005;7;34;41
hep-th/9802191;hep-th/9802191;25;6;31
hep-th/9809183;hep-th/9809183;13;6;19
hep-th/9712008;hep-th/9712008;13;5;18
hep-th/9804042;hep-th/9804042;3;10;13
hep-th/9909156;hep-th/9909156;2;3;5
hep-th/9612109;hep-th/9612109;6;1;7
hep-th/9707097;hep-th/9707097;9;9;18
hep-th/9908033;hep-th/9908033;5;20;25
hep-th/9606195;hep-th/9606195;5;8;13
hep-th/9605031;hep-th/9605031;5;0;5
hep-lat/9801040;hep-lat/9801040;5;6;11
hep-th/9803046;hep-th/9803046;11;8;19
hep-th/9605086;hep-th/9605086;32;3;35
hep-th/9710144;hep-th/9710144;8;7;15
hep-th/9703050;hep-th/9703050;4;5;9
hep-th/9806153;hep-th/9806153;19;10;29
hep-th/9605045;hep-th/9605045;7;1;8
hep-th/9605044;hep-th/9605044;6;0;6
hep-th/0009161;hep-th/0009161;1;13;14
hep-th/0008093;hep-th/0008093;2;10;12
hep-th/0005064;hep-th/0005064;6;10;16
hep-th/9911097;hep-th/9911097;7;21;28
hep-th/0009160;hep-th/0009160;59;26;85
gr-qc/9609031;gr-qc/9609031;1;25;26
gr-qc/9609019;gr-qc/9609019;4;1;5
hep-th/9506200;hep-th/9506200;63;36;99
gr-qc/9602041;gr-qc/9602041;12;5;17
hep-th/9303042;hep-th/9303042;12;3;15
gr-qc/9606013;gr-qc/9606013;16;1;17
hep-th/9909206;hep-th/9909206;8;8;16
hep-th/9810164;hep-th/9810164;10;4;14
hep-th/9701182;hep-th/9701182;9;0;9
gr-qc/9710021;gr-qc/9710021;6;10;16
quant-ph/9802031;quant-ph/9802031;3;4;7
hep-th/9711183;hep-th/9711183;56;0;56
hep-th/9909207;hep-th/9909207;1;1;2
hep-th/9810138;hep-th/9810138;4;1;5
hep-th/9909200;hep-th/9909200;2;5;7
hep-th/9806163;hep-th/9806163;9;8;17
hep-th/9501107;hep-th/9501107;8;1;9
hep-th/9906037;hep-th/9906037;2;5;7
hep-th/9903018;hep-th/9903018;5;4;9
gr-qc/9907059;gr-qc/9907059;10;10;20
hep-th/9702138;hep-th/9702138;14;17;31
quant-ph/9903081;quant-ph/9903081;6;10;16
hep-th/9607219;hep-th/9607219;15;22;37
hep-th/9610216;hep-th/9610216;11;15;26
hep-th/9804164;hep-th/9804164;43;40;83
hep-th/0412124;hep-th/0412124;7;12;19
hep-th/0411001;hep-th/0411001;23;25;48
hep-th/0411128;hep-th/0411128;9;32;41
hep-th/0206223;hep-th/0206223;28;27;55
hep-th/0412123;hep-th/0412123;0;20;20
hep-th/0303043;hep-th/0303043;2;6;8
hep-th/0412122;hep-th/0412122;1;19;20
hep-th/0008182;hep-th/0008182;3;3;6
cond-mat/0107529;cond-mat/0107529;3;0;3
hep-th/0412121;hep-th/0412121;0;4;4
hep-th/0203178;hep-th/0203178;1;1;2
hep-th/9910240;hep-th/9910240;2;3;5
hep-th/0110038;hep-th/0110038;1;1;2
hep-th/0311033;hep-th/0311033;1;11;12
hep-th/0605028;hep-th/0605028;2;32;34
hep-th/0603175;hep-th/0603175;7;27;34
hep-th/0603039;hep-th/0603039;40;0;40
hep-th/0605029;hep-th/0605029;0;82;82
hep-th/0001051;hep-th/0001051;7;24;31
hep-th/9109052;hep-th/9109052;4;0;4
hep-th/0407160;hep-th/0407160;1;17;18
hep-th/0211203;hep-th/0211203;23;50;73
hep-th/0406105;hep-th/0406105;5;17;22
hep-th/0306075;hep-th/0306075;5;37;42
math/0206229;math/0206229;8;1;9
hep-th/0205070;hep-th/0205070;18;26;44
hep-th/0205293;hep-th/0205293;5;18;23
hep-th/0201155;hep-th/0201155;6;19;25
hep-th/0310173;hep-th/0310173;24;39;63
hep-th/0204064;hep-th/0204064;17;19;36
hep-th/0201114;hep-th/0201114;9;13;22
hep-th/0103223;hep-th/0103223;49;25;74
hep-th/9406178;hep-th/9406178;18;7;25
hep-th/9908082;hep-th/9908082;13;19;32
hep-th/0312063;hep-th/0312063;11;54;65
hep-th/0208190;hep-th/0208190;7;38;45
hep-th/0110280;hep-th/0110280;15;15;30
solv-int/9808019;solv-int/9808019;3;0;3
hep-th/0204249;hep-th/0204249;19;20;39
hep-th/0104105;hep-th/0104105;26;20;46
hep-th/0203217;hep-th/0203217;24;21;45
hep-th/0107107;hep-th/0107107;1;4;5
hep-th/9207089;hep-th/9207089;17;0;17
hep-th/9607152;hep-th/9607152;1;2;3
hep-th/9709119;hep-th/9709119;5;15;20
hep-th/0306074;hep-th/0306074;22;61;83
hep-th/0308175;hep-th/0308175;16;42;58
0808.0458;0808.0458;0;4;4
0910.1203;0910.1203;0;16;16
hep-th/0204181;hep-th/0204181;14;11;25
hep-th/0403277;hep-th/0403277;9;0;9
math-ph/0402067;math-ph/0402067;16;10;26
q-alg/9503021;q-alg/9503021;5;6;11
math-ph/0606040;math-ph/0606040;4;18;22
math-ph/0611030;math-ph/0611030;5;17;22
hep-th/0204076;hep-th/0204076;11;9;20
hep-th/0511305;hep-th/0511305;3;32;35
gr-qc/9906014;gr-qc/9906014;8;5;13
hep-th/0404171;hep-th/0404171;3;6;9
hep-th/0408058;hep-th/0408058;8;52;60
hep-th/0304026;hep-th/0304026;4;9;13
hep-th/0210050;hep-th/0210050;8;9;17
hep-th/0111217;hep-th/0111217;78;28;106
hep-th/0002125;hep-th/0002125;28;28;56
gr-qc/0004068;gr-qc/0004068;3;0;3
hep-th/0304097;hep-th/0304097;15;13;28
hep-th/0408234;hep-th/0408234;14;27;41
hep-th/0310273;hep-th/0310273;29;63;92
hep-th/0511304;hep-th/0511304;4;13;17
hep-th/0407132;hep-th/0407132;35;72;107
hep-th/0504013;hep-th/0504013;7;64;71
hep-th/0508025;hep-th/0508025;27;19;46
hep-th/0510243;hep-th/0510243;7;38;45
hep-th/0306053;hep-th/0306053;39;44;83
hep-th/0502073;hep-th/0502073;24;0;24
hep-th/9905084;hep-th/9905084;11;3;14
hep-th/0209173;hep-th/0209173;6;4;10
cond-mat/0410208;cond-mat/0410208;4;4;8
hep-th/9204048;hep-th/9204048;11;0;11
hep-th/9502032;hep-th/9502032;15;4;19
astro-ph/0502262;astro-ph/0502262;16;9;25
hep-th/0503189;hep-th/0503189;9;17;26
hep-th/0511300;hep-th/0511300;1;14;15
hep-th/0505056;hep-th/0505056;2;13;15
hep-th/0306133;hep-th/0306133;39;30;69
hep-th/0003013;hep-th/0003013;13;1;14
hep-th/0511303;hep-th/0511303;1;19;20
hep-th/0002035;hep-th/0002035;9;24;33
hep-th/0408193;hep-th/0408193;21;10;31
cond-mat/0511099;cond-mat/0511099;2;5;7
hep-th/0205047;hep-th/0205047;25;18;43
hep-th/0506084;hep-th/0506084;16;19;35
hep-th/0212058;hep-th/0212058;11;0;11
hep-th/0502192;hep-th/0502192;25;20;45
hep-th/0510038;hep-th/0510038;3;19;22
hep-th/0407187;hep-th/0407187;17;6;23
hep-th/9502029;hep-th/9502029;8;24;32
hep-th/9312189;hep-th/9312189;38;9;47
hep-th/9304039;hep-th/9304039;7;2;9
hep-th/9407096;hep-th/9407096;8;3;11
hep-th/9410034;hep-th/9410034;14;8;22
hep-th/9401030;hep-th/9401030;42;10;52
hep-th/9405004;hep-th/9405004;17;10;27
hep-th/9302027;hep-th/9302027;14;4;18
hep-th/9403190;hep-th/9403190;22;14;36
hep-th/9501038;hep-th/9501038;7;20;27
hep-th/9404056;hep-th/9404056;27;12;39
0802.3208;0802.3208;0;1;1
0705.2245;0705.2245;0;70;70
hep-th/9808107;hep-th/9808107;8;2;10
hep-th/0301228;hep-th/0301228;2;5;7
gr-qc/0607098;gr-qc/0607098;2;23;25
hep-th/0607036;hep-th/0607036;10;13;23
hep-th/0201130;hep-th/0201130;11;17;28
hep-th/0701143;hep-th/0701143;5;17;22
gr-qc/0202089;gr-qc/0202089;10;11;21
gr-qc/0603020;gr-qc/0603020;5;23;28
hep-th/0203032;hep-th/0203032;4;34;38
hep-th/0610114;hep-th/0610114;7;58;65
0811.4069;0811.4069;0;35;35
hep-th/0105182;hep-th/0105182;22;59;81
hep-th/9502021;hep-th/9502021;40;12;52
cond-mat/9407095;cond-mat/9407095;15;15;30
cond-mat/9408068;cond-mat/9408068;16;0;16
hep-th/9310181;hep-th/9310181;47;8;55
hep-th/9403117;hep-th/9403117;17;1;18
hep-th/9411109;hep-th/9411109;10;0;10
hep-th/9204039;hep-th/9204039;4;0;4
hep-th/9408088;hep-th/9408088;6;1;7
hep-th/9304041;hep-th/9304041;9;5;14
hep-th/0211073;hep-th/0211073;12;20;32
hep-th/0211257;hep-th/0211257;14;0;14
hep-th/0303214;hep-th/0303214;12;54;66
hep-th/9909164;hep-th/9909164;31;8;39
hep-th/9311012;hep-th/9311012;34;21;55
hep-th/9311093;hep-th/9311093;29;5;34
hep-lat/0011073;hep-lat/0011073;6;71;77
hep-th/0011094;hep-th/0011094;16;0;16
hep-th/0010016;hep-th/0010016;24;48;72
hep-th/0305083;hep-th/0305083;0;1;1
hep-th/9809054;hep-th/9809054;2;7;9
hep-th/0305082;hep-th/0305082;4;6;10
hep-th/9905114;hep-th/9905114;11;4;15
hep-th/0203259;hep-th/0203259;19;25;44
hep-th/0305085;hep-th/0305085;10;33;43
hep-th/9405031;hep-th/9405031;10;3;13
hep-ph/0212035;hep-ph/0212035;33;40;73
hep-th/9407049;hep-th/9407049;30;7;37
hep-th/9507051;hep-th/9507051;26;0;26
hep-th/9405002;hep-th/9405002;49;17;66
hep-th/9412196;hep-th/9412196;12;0;12
hep-th/9509017;hep-th/9509017;18;29;47
hep-th/0305084;hep-th/0305084;1;5;6
hep-th/9911155;hep-th/9911155;2;13;15
hep-th/0201160;hep-th/0201160;1;1;2
hep-lat/9504008;hep-lat/9504008;10;0;10
hep-th/9609143;hep-th/9609143;2;5;7
hep-th/0305087;hep-th/0305087;0;5;5
hep-th/0303262;hep-th/0303262;3;1;4
hep-th/0304142;hep-th/0304142;3;3;6
hep-th/0210207;hep-th/0210207;5;31;36
hep-th/9610031;hep-th/9610031;2;20;22
hep-th/9305030;hep-th/9305030;10;5;15
hep-th/9510123;hep-th/9510123;3;4;7
hep-th/9605224;hep-th/9605224;36;21;57
hep-th/9607001;hep-th/9607001;5;15;20
hep-th/0305088;hep-th/0305088;3;32;35
hep-th/0104021;hep-th/0104021;11;55;66
hep-th/9610126;hep-th/9610126;11;1;12
hep-th/0205126;hep-th/0205126;2;3;5
hep-th/9404093;hep-th/9404093;10;1;11
math/0205236;math/0205236;9;2;11
math/0210029;math/0210029;11;3;14
hep-th/0202095;hep-th/0202095;7;1;8
hep-th/9510210;hep-th/9510210;29;7;36
hep-th/9312093;hep-th/9312093;8;1;9
q-alg/9506003;q-alg/9506003;21;7;28
hep-th/0003131;hep-th/0003131;4;54;58
hep-th/0109176;hep-th/0109176;20;68;88
hep-lat/0011078;hep-lat/0011078;1;1;2
hep-th/0003258;hep-th/0003258;9;1;10
0706.3176;0706.3176;0;13;13
hep-th/0503070;hep-th/0503070;4;7;11
0803.2503;0803.2503;0;10;10
hep-th/0301151;hep-th/0301151;3;15;18
hep-th/0212254;hep-th/0212254;17;7;24
hep-th/0308197;hep-th/0308197;13;8;21
hep-th/0404076;hep-th/0404076;5;14;19
hep-th/0405018;hep-th/0405018;13;18;31
hep-th/9910022;hep-th/9910022;16;20;36
hep-th/9602108;hep-th/9602108;33;5;38
math/9908015;math/9908015;19;4;23
hep-th/0002242;hep-th/0002242;19;43;62
hep-th/9905073;hep-th/9905073;5;25;30
hep-th/9710072;hep-th/9710072;12;7;19
0910.4796;0910.4796;0;9;9
hep-th/0501104;hep-th/0501104;4;14;18
hep-th/0502014;hep-th/0502014;3;4;7
math-ph/0405062;math-ph/0405062;7;8;15
hep-th/9601076;hep-th/9601076;12;3;15
hep-th/9609231;hep-th/9609231;7;8;15
hep-th/9505095;hep-th/9505095;18;1;19
hep-th/0103185;hep-th/0103185;2;7;9
hep-th/9512216;hep-th/9512216;56;0;56
hep-th/0501105;hep-th/0501105;9;23;32
hep-th/0107040;hep-th/0107040;9;0;9
hep-th/9805127;hep-th/9805127;15;0;15
hep-th/0311260;hep-th/0311260;14;35;49
gr-qc/0310097;gr-qc/0310097;14;15;29
gr-qc/0309090;gr-qc/0309090;15;42;57
hep-th/0308168;hep-th/0308168;15;13;28
gr-qc/0306106;gr-qc/0306106;26;44;70
gr-qc/0309018;gr-qc/0309018;16;15;31
0810.4811;0810.4811;0;18;18
0810.4813;0810.4813;0;6;6
hep-ph/0511219;hep-ph/0511219;8;10;18
gr-qc/0605153;gr-qc/0605153;4;2;6
gr-qc/0606134;gr-qc/0606134;2;5;7
0812.3172;0812.3172;0;10;10
hep-th/0003016;hep-th/0003016;18;0;18
0912.3502;0912.3502;0;7;7
hep-th/0203130;hep-th/0203130;9;10;19
hep-th/9909019;hep-th/9909019;13;5;18
0804.4053;0804.4053;0;18;18
hep-th/9206092;hep-th/9206092;7;2;9
0912.3507;0912.3507;0;1;1
hep-th/0012132;hep-th/0012132;17;9;26
0801.1534;0801.1534;0;1;1
0801.2842;0801.2842;0;29;29
gr-qc/9807010;gr-qc/9807010;37;3;40
hep-th/0702180;hep-th/0702180;10;10;20
gr-qc/0406107;gr-qc/0406107;2;27;29
gr-qc/0103106;gr-qc/0103106;36;6;42
0705.1264;0705.1264;0;22;22
gr-qc/0610151;gr-qc/0610151;11;48;59
astro-ph/0703583;astro-ph/0703583;10;22;32
astro-ph/0505601;astro-ph/0505601;25;16;41
hep-th/0212327;hep-th/0212327;48;8;56
gr-qc/0606014;gr-qc/0606014;8;9;17
astro-ph/0702728;astro-ph/0702728;10;6;16
gr-qc/0611155;gr-qc/0611155;9;25;34
0705.4082;0705.4082;0;14;14
0711.1783;0711.1783;0;1;1
nlin/0312044;nlin/0312044;2;0;2
0905.4352;0905.4352;0;42;42
0812.1576;0812.1576;0;23;23
hep-th/0610002;hep-th/0610002;15;38;53
0705.0790;0705.0790;0;15;15
math/9904126;math/9904126;5;0;5
math/0007108;math/0007108;8;3;11
hep-th/0604179;hep-th/0604179;12;9;21
hep-th/9302070;hep-th/9302070;12;9;21
hep-th/0403169;hep-th/0403169;34;30;64
hep-th/0403081;hep-th/0403081;4;35;39
hep-th/0105217;hep-th/0105217;36;23;59
hep-th/0405092;hep-th/0405092;14;17;31
hep-th/0106004;hep-th/0106004;42;39;81
hep-th/9303175;hep-th/9303175;8;18;26
hep-th/0408125;hep-th/0408125;0;77;77
hep-th/0012045;hep-th/0012045;1;9;10
math/9806071;math/9806071;4;0;4
math/0004011;math/0004011;6;8;14
hep-th/0012225;hep-th/0012225;16;16;32
hep-th/0105089;hep-th/0105089;15;38;53
hep-th/9705211;hep-th/9705211;7;20;27
hep-th/0102074;hep-th/0102074;6;3;9
hep-th/0203110;hep-th/0203110;15;29;44
q-alg/9710016;q-alg/9710016;4;2;6
hep-th/9402070;hep-th/9402070;12;7;19
hep-th/0408126;hep-th/0408126;4;11;15
hep-th/0403164;hep-th/0403164;2;12;14
gr-qc/0401008;gr-qc/0401008;37;11;48
gr-qc/0212063;gr-qc/0212063;19;29;48
gr-qc/0302081;gr-qc/0302081;3;14;17
hep-th/0404079;hep-th/0404079;16;26;42
hep-th/9805065;hep-th/9805065;20;22;42
hep-th/0401115;hep-th/0401115;28;12;40
hep-th/0405098;hep-th/0405098;21;31;52
hep-th/0402022;hep-th/0402022;18;56;74
hep-th/0312172;hep-th/0312172;11;21;32
hep-th/0407198;hep-th/0407198;13;40;53
hep-th/0311250;hep-th/0311250;27;66;93
hep-th/0111220;hep-th/0111220;8;11;19
hep-th/0312221;hep-th/0312221;18;24;42
hep-th/0406186;hep-th/0406186;7;19;26
hep-th/0302207;hep-th/0302207;16;22;38
gr-qc/0301038;gr-qc/0301038;12;26;38
cond-mat/9607053;cond-mat/9607053;0;2;2
hep-th/9407139;hep-th/9407139;5;0;5
hep-th/0408128;hep-th/0408128;0;6;6
hep-th/0307144;hep-th/0307144;7;56;63
gr-qc/0401006;gr-qc/0401006;3;31;34
hep-th/0301002;hep-th/0301002;18;22;40
0710.1538;0710.1538;0;26;26
hep-th/9809140;hep-th/9809140;12;12;24
math-ph/0609057;math-ph/0609057;2;10;12
solv-int/9912009;solv-int/9912009;1;1;2
hep-th/0311263;hep-th/0311263;1;3;4
hep-th/0311232;hep-th/0311232;1;2;3
0901.4136;0901.4136;0;12;12
hep-th/9806237;hep-th/9806237;11;6;17
hep-th/9803164;hep-th/9803164;19;0;19
hep-th/9902111;hep-th/9902111;9;15;24
0808.3181;0808.3181;0;10;10
hep-ph/0106036;hep-ph/0106036;14;4;18
hep-th/0111196;hep-th/0111196;26;4;30
hep-ph/0103222;hep-ph/0103222;12;3;15
hep-ph/0407370;hep-ph/0407370;11;26;37
0806.0738;0806.0738;0;6;6
quant-ph/0403157;quant-ph/0403157;0;2;2
0807.2443;0807.2443;0;31;31
gr-qc/0505069;gr-qc/0505069;26;22;48
gr-qc/9509058;gr-qc/9509058;1;1;2
astro-ph/0608031;astro-ph/0608031;8;4;12
astro-ph/0608241;astro-ph/0608241;6;19;25
gr-qc/0406083;gr-qc/0406083;5;8;13
hep-th/0106168;hep-th/0106168;4;17;21
0909.2036;0909.2036;0;26;26
hep-th/0202126;hep-th/0202126;23;60;83
hep-th/0206180;hep-th/0206180;9;26;35
hep-th/0310147;hep-th/0310147;7;17;24
0709.1447;0709.1447;0;3;3
hep-lat/9411053;hep-lat/9411053;12;4;16
hep-ph/9612360;hep-ph/9612360;1;1;2
hep-ph/9604402;hep-ph/9604402;8;0;8
hep-th/0411141;hep-th/0411141;1;1;2
0803.0381;0803.0381;0;15;15
hep-ph/0607236;hep-ph/0607236;7;30;37
hep-ph/0206023;hep-ph/0206023;9;12;21
0804.0073;0804.0073;0;40;40
hep-th/0602031;hep-th/0602031;14;20;34
hep-th/0608131;hep-th/0608131;8;46;54
hep-th/9707001;hep-th/9707001;6;19;25
hep-th/0601082;hep-th/0601082;29;25;54
gr-qc/9901059;gr-qc/9901059;6;23;29
hep-th/0504208;hep-th/0504208;19;38;57
hep-th/0604085;hep-th/0604085;21;41;62
hep-th/0701029;hep-th/0701029;6;36;42
hep-th/0611193;hep-th/0611193;10;31;41
hep-th/0504047;hep-th/0504047;18;24;42
hep-th/0403096;hep-th/0403096;16;29;45
hep-th/0311264;hep-th/0311264;3;20;23
hep-th/0304158;hep-th/0304158;14;19;33
hep-th/0102164;hep-th/0102164;2;32;34
0802.0588;0802.0588;0;17;17
astro-ph/0703563;astro-ph/0703563;11;6;17
hep-lat/9806025;hep-lat/9806025;15;8;23
hep-lat/9805027;hep-lat/9805027;20;8;28
0903.2916;0903.2916;0;6;6
hep-th/0206093;hep-th/0206093;11;0;11
cond-mat/9809254;cond-mat/9809254;5;5;10
hep-ph/0303238;hep-ph/0303238;0;2;2
0801.1398;0801.1398;0;29;29
hep-th/0302069;hep-th/0302069;19;19;38
hep-ph/0502048;hep-ph/0502048;7;11;18
0803.0380;0803.0380;0;25;25
hep-ph/0510373;hep-ph/0510373;20;36;56
hep-th/0703287;hep-th/0703287;11;29;40
hep-th/0609067;hep-th/0609067;4;31;35
hep-th/0505066;hep-th/0505066;8;20;28
hep-ph/0607064;hep-ph/0607064;6;0;6
hep-ph/0603237;hep-ph/0603237;10;18;28
hep-ph/0408028;hep-ph/0408028;6;21;27
hep-ph/0602149;hep-ph/0602149;7;21;28
hep-ph/0606139;hep-ph/0606139;6;25;31
hep-ph/0403106;hep-ph/0403106;21;50;71
hep-ph/0407348;hep-ph/0407348;14;25;39
0708.3862;0708.3862;0;41;41
hep-th/0605239;hep-th/0605239;3;11;14
hep-th/0101159;hep-th/0101159;12;30;42
hep-th/0203141;hep-th/0203141;12;28;40
hep-th/0512289;hep-th/0512289;4;13;17
hep-th/0604068;hep-th/0604068;7;28;35
hep-th/0508193;hep-th/0508193;22;45;67
hep-th/0407064;hep-th/0407064;7;16;23
hep-th/0605262;hep-th/0605262;2;14;16
hep-th/0407040;hep-th/0407040;13;16;29
hep-th/0407133;hep-th/0407133;4;20;24
hep-th/0411168;hep-th/0411168;2;11;13
hep-th/9612058;hep-th/9612058;2;0;2
hep-th/0003294;hep-th/0003294;45;4;49
hep-th/0304039;hep-th/0304039;6;16;22
hep-th/9203060;hep-th/9203060;32;0;32
hep-th/9108027;hep-th/9108027;12;0;12
hep-th/9111049;hep-th/9111049;6;0;6
hep-th/9405157;hep-th/9405157;1;2;3
hep-th/9403103;hep-th/9403103;2;0;2
hep-th/9409163;hep-th/9409163;0;4;4
hep-th/9409161;hep-th/9409161;2;1;3
hep-th/9311114;hep-th/9311114;5;4;9
hep-th/9409166;hep-th/9409166;1;12;13
hep-th/9312095;hep-th/9312095;3;6;9
hep-th/9206041;hep-th/9206041;13;0;13
hep-th/9409167;hep-th/9409167;16;1;17
hep-th/9311082;hep-th/9311082;3;2;5
hep-th/0304068;hep-th/0304068;0;17;17
hep-th/0202170;hep-th/0202170;3;15;18
hep-th/0011050;hep-th/0011050;3;10;13
hep-th/9301003;hep-th/9301003;38;0;38
hep-th/9707080;hep-th/9707080;11;11;22
hep-th/9707081;hep-th/9707081;16;10;26
hep-th/9606071;hep-th/9606071;12;5;17
hep-th/0008067;hep-th/0008067;9;0;9
hep-th/0304204;hep-th/0304204;3;0;3
hep-th/9408046;hep-th/9408046;16;0;16
hep-th/9310134;hep-th/9310134;12;4;16
hep-th/9608144;hep-th/9608144;10;7;17
hep-th/0101005;hep-th/0101005;8;8;16
hep-th/9604177;hep-th/9604177;18;12;30
hep-th/0109137;hep-th/0109137;5;30;35
hep-th/0204005;hep-th/0204005;7;9;16
hep-ph/0201255;hep-ph/0201255;7;15;22
hep-th/9511034;hep-th/9511034;2;3;5
hep-th/9408100;hep-th/9408100;3;1;4
hep-th/9810049;hep-th/9810049;6;4;10
hep-th/9904055;hep-th/9904055;8;5;13
hep-ph/0112291;hep-ph/0112291;1;2;3
hep-th/0008037;hep-th/0008037;2;4;6
hep-th/9908058;hep-th/9908058;4;2;6
hep-th/9706070;hep-th/9706070;20;2;22
hep-th/9708104;hep-th/9708104;17;0;17
hep-th/0012261;hep-th/0012261;1;4;5
hep-th/0003287;hep-th/0003287;1;1;2
hep-th/0304060;hep-th/0304060;11;69;80
hep-th/0005179;hep-th/0005179;21;20;41
hep-th/0008084;hep-th/0008084;22;33;55
hep-th/9904143;hep-th/9904143;56;26;82
hep-th/0202180;hep-th/0202180;6;26;32
hep-th/0201079;hep-th/0201079;14;47;61
hep-th/0107091;hep-th/0107091;25;4;29
hep-th/0111008;hep-th/0111008;40;54;94
hep-th/0107234;hep-th/0107234;8;29;37
hep-th/9911082;hep-th/9911082;41;17;58
hep-th/0110062;hep-th/0110062;44;27;71
hep-th/0107134;hep-th/0107134;79;56;135
hep-th/0105113;hep-th/0105113;9;30;39
hep-th/0109057;hep-th/0109057;57;0;57
hep-th/0209029;hep-th/0209029;6;37;43
hep-th/0201004;hep-th/0201004;31;60;91
hep-th/0107169;hep-th/0107169;37;25;62
hep-th/0110265;hep-th/0110265;51;27;78
hep-th/0106184;hep-th/0106184;42;27;69
hep-th/0302165;hep-th/0302165;13;15;28
nlin/0204054;nlin/0204054;5;0;5
hep-th/0005173;hep-th/0005173;21;4;25
hep-th/0006083;hep-th/0006083;1;0;1
hep-th/0304063;hep-th/0304063;6;3;9
hep-th/0202035;hep-th/0202035;7;1;8
cond-mat/9612077;cond-mat/9612077;4;0;4
hep-th/9905211;hep-th/9905211;24;21;45
hep-th/9706030;hep-th/9706030;5;3;8
hep-th/9506121;hep-th/9506121;57;3;60
hep-th/9405199;hep-th/9405199;4;2;6
gr-qc/9705011;gr-qc/9705011;4;5;9
hep-th/9603057;hep-th/9603057;15;6;21
quant-ph/0108009;quant-ph/0108009;1;3;4
hep-th/0207202;hep-th/0207202;9;13;22
hep-ph/9812470;hep-ph/9812470;8;7;15
hep-ph/9706449;hep-ph/9706449;2;0;2
hep-th/9808176;hep-th/9808176;17;6;23
0807.4239;0807.4239;0;7;7
hep-th/0601034;hep-th/0601034;17;12;29
astro-ph/0308001;astro-ph/0308001;21;5;26
astro-ph/0509301;astro-ph/0509301;18;1;19
astro-ph/0506410;astro-ph/0506410;13;6;19
astro-ph/0701357;astro-ph/0701357;24;20;44
0705.3536;0705.3536;0;38;38
hep-th/0403117;hep-th/0403117;11;48;59
hep-th/9212090;hep-th/9212090;33;0;33
hep-th/0608072;hep-th/0608072;29;124;153
hep-th/0503175;hep-th/0503175;12;30;42
hep-th/0506016;hep-th/0506016;9;32;41
hep-th/0703123;hep-th/0703123;1;37;38
hep-th/0301091;hep-th/0301091;12;89;101
hep-th/9310041;hep-th/9310041;29;3;32
hep-th/9310165;hep-th/9310165;21;2;23
0705.3530;0705.3530;0;2;2
0705.3532;0705.3532;0;34;34
hep-th/0112195;hep-th/0112195;29;52;81
hep-th/0508052;hep-th/0508052;10;32;42
hep-th/0605187;hep-th/0605187;9;24;33
hep-th/0510013;hep-th/0510013;18;26;44
hep-th/0502180;hep-th/0502180;9;58;67
hep-th/0501167;hep-th/0501167;8;15;23
0705.3533;0705.3533;0;13;13
hep-ph/0209227;hep-ph/0209227;2;5;7
hep-ph/9212239;hep-ph/9212239;16;0;16
hep-ph/9502342;hep-ph/9502342;7;5;12
hep-ph/9410407;hep-ph/9410407;7;4;11
hep-th/0104096;hep-th/0104096;7;6;13
funct-an/9704007;funct-an/9704007;2;4;6
hep-th/9308144;hep-th/9308144;8;0;8
hep-th/0402170;hep-th/0402170;0;54;54
hep-th/0204136;hep-th/0204136;3;24;27
gr-qc/0304089;gr-qc/0304089;14;84;98
hep-th/0002147;hep-th/0002147;27;24;51
hep-th/0309152;hep-th/0309152;43;65;108
gr-qc/9903026;gr-qc/9903026;2;6;8
gr-qc/9401003;gr-qc/9401003;17;0;17
gr-qc/9406015;gr-qc/9406015;6;0;6
0912.1536;0912.1536;0;39;39
gr-qc/0310121;gr-qc/0310121;5;11;16
hep-th/0206204;hep-th/0206204;49;22;71
gr-qc/0210080;gr-qc/0210080;5;6;11
gr-qc/0212073;gr-qc/0212073;11;2;13
0704.2658;0704.2658;0;15;15
hep-th/9402125;hep-th/9402125;16;3;19
hep-ph/9301220;hep-ph/9301220;3;0;3
hep-th/9603058;hep-th/9603058;0;1;1
hep-th/9603059;hep-th/9603059;0;23;23
hep-ph/9311319;hep-ph/9311319;2;3;5
hep-th/9211132;hep-th/9211132;16;1;17
hep-th/9206045;hep-th/9206045;10;1;11
gr-qc/9503047;gr-qc/9503047;5;3;8
hep-th/9505021;hep-th/9505021;6;8;14
hep-th/9311019;hep-th/9311019;9;0;9
hep-th/9603054;hep-th/9603054;7;4;11
hep-th/9512168;hep-th/9512168;7;0;7
hep-th/9611002;hep-th/9611002;6;1;7
hep-th/9611001;hep-th/9611001;6;3;9
hep-th/9603055;hep-th/9603055;11;15;26
hep-th/9407064;hep-th/9407064;20;2;22
hep-th/9412027;hep-th/9412027;17;11;28
hep-th/9603052;hep-th/9603052;4;6;10
hep-th/9506010;hep-th/9506010;5;0;5
hep-th/9510002;hep-th/9510002;3;2;5
gr-qc/9312031;gr-qc/9312031;44;3;47
hep-th/9603050;hep-th/9603050;2;3;5
gr-qc/9909035;gr-qc/9909035;2;8;10
hep-th/9902091;hep-th/9902091;9;0;9
gr-qc/9303025;gr-qc/9303025;2;0;2
gr-qc/9812087;gr-qc/9812087;4;0;4
gr-qc/9408019;gr-qc/9408019;13;0;13
gr-qc/9903052;gr-qc/9903052;3;0;3
physics/9710036;physics/9710036;3;0;3
gr-qc/9707058;gr-qc/9707058;4;1;5
0712.2743;0712.2743;2;34;36
hep-th/0601194;hep-th/0601194;32;13;45
0807.1905;0807.1905;0;9;9
hep-lat/0410012;hep-lat/0410012;25;69;94
hep-lat/0602007;hep-lat/0602007;31;66;97
hep-th/0407207;hep-th/0407207;10;9;19
hep-lat/0507016;hep-lat/0507016;11;16;27
hep-lat/9804010;hep-lat/9804010;11;0;11
hep-lat/0108024;hep-lat/0108024;51;2;53
hep-th/9910241;hep-th/9910241;6;16;22
hep-th/9801192;hep-th/9801192;7;14;21
0805.0656;0805.0656;0;6;6
math-ph/0202041;math-ph/0202041;11;0;11
hep-th/9902008;hep-th/9902008;34;8;42
hep-th/0502137;hep-th/0502137;31;13;44
hep-th/0412181;hep-th/0412181;8;17;25
hep-th/0412140;hep-th/0412140;7;18;25
hep-th/9110056;hep-th/9110056;20;0;20
hep-th/0006178;hep-th/0006178;2;2;4
hep-th/9904102;hep-th/9904102;10;7;17
astro-ph/0306279;astro-ph/0306279;11;14;25
astro-ph/0210299;astro-ph/0210299;13;3;16
hep-ph/0305026;hep-ph/0305026;5;37;42
hep-ph/0112279;hep-ph/0112279;17;19;36
gr-qc/0204094;gr-qc/0204094;35;6;41
hep-th/0106123;hep-th/0106123;4;6;10
math-ph/9806014;math-ph/9806014;4;2;6
math-ph/0008014;math-ph/0008014;2;2;4
math-ph/9812014;math-ph/9812014;4;3;7
q-alg/9709039;q-alg/9709039;7;6;13
hep-th/9808158;hep-th/9808158;1;4;5
0812.3633;0812.3633;0;19;19
hep-th/0302107;hep-th/0302107;9;16;25
hep-th/0111017;hep-th/0111017;14;23;37
hep-th/0404150;hep-th/0404150;7;9;16
hep-th/9901021;hep-th/9901021;46;8;54
hep-th/0310037;hep-th/0310037;4;3;7
hep-th/9312176;hep-th/9312176;3;1;4
hep-th/9605201;hep-th/9605201;35;28;63
hep-th/0404153;hep-th/0404153;5;3;8
hep-th/0303069;hep-th/0303069;5;13;18
hep-th/0404106;hep-th/0404106;5;0;5
cond-mat/9704191;cond-mat/9704191;15;20;35
cond-mat/9602146;cond-mat/9602146;15;3;18
hep-ph/9609491;hep-ph/9609491;15;5;20
hep-ph/9606329;hep-ph/9606329;16;9;25
hep-th/9307116;hep-th/9307116;17;7;24
hep-lat/9604003;hep-lat/9604003;74;4;78
cond-mat/9606173;cond-mat/9606173;42;2;44
cond-mat/9703152;cond-mat/9703152;32;2;34
hep-th/9409009;hep-th/9409009;17;14;31
cond-mat/9612240;cond-mat/9612240;17;22;39
cond-mat/9609190;cond-mat/9609190;3;0;3
hep-th/9112037;hep-th/9112037;10;0;10
hep-ph/9604235;hep-ph/9604235;8;7;15
hep-ph/9603348;hep-ph/9603348;13;6;19
hep-ph/9603308;hep-ph/9603308;29;7;36
hep-th/0404155;hep-th/0404155;4;5;9
hep-th/9810085;hep-th/9810085;3;0;3
hep-th/9909113;hep-th/9909113;1;2;3
math-ph/0007001;math-ph/0007001;8;11;19
hep-th/0104052;hep-th/0104052;5;1;6
hep-th/0203214;hep-th/0203214;3;0;3
hep-th/0304270;hep-th/0304270;32;0;32
hep-th/0204031;hep-th/0204031;10;19;29
hep-th/0110204;hep-th/0110204;25;13;38
hep-th/0305010;hep-th/0305010;4;16;20
hep-th/0404157;hep-th/0404157;7;14;21
hep-th/9905190;hep-th/9905190;12;5;17
hep-th/0108070;hep-th/0108070;33;18;51
hep-th/0308194;hep-th/0308194;2;8;10
hep-lat/9709007;hep-lat/9709007;13;12;25
hep-lat/0007013;hep-lat/0007013;26;10;36
hep-th/0404158;hep-th/0404158;0;14;14
hep-th/0007025;hep-th/0007025;7;11;18
0905.0540;0905.0540;0;70;70
hep-th/0212042;hep-th/0212042;18;10;28
hep-th/0210229;hep-th/0210229;8;40;48
hep-th/0112130;hep-th/0112130;5;9;14
hep-th/0111221;hep-th/0111221;18;15;33
hep-th/0310017;hep-th/0310017;9;50;59
hep-th/0310177;hep-th/0310177;8;29;37
hep-th/0306282;hep-th/0306282;9;22;31
hep-th/0409185;hep-th/0409185;2;40;42
hep-th/0308151;hep-th/0308151;3;39;42
hep-th/0310228;hep-th/0310228;13;87;100
hep-th/0410123;hep-th/0410123;27;45;72
hep-th/0411103;hep-th/0411103;4;84;88
hep-th/0205097;hep-th/0205097;12;21;33
0905.0547;0905.0547;0;38;38
hep-th/9910201;hep-th/9910201;15;14;29
hep-th/0310083;hep-th/0310083;13;15;28
hep-th/0011120;hep-th/0011120;6;28;34
hep-th/9509047;hep-th/9509047;9;0;9
hep-th/0306127;hep-th/0306127;5;14;19
math/0105223;math/0105223;1;1;2
math/0102108;math/0102108;39;9;48
hep-th/9302122;hep-th/9302122;15;0;15
physics/0312107;physics/0312107;0;1;1
physics/0112005;physics/0112005;5;0;5
cond-mat/0505563;cond-mat/0505563;21;13;34
hep-th/0405111;hep-th/0405111;42;20;62
hep-th/9408089;hep-th/9408089;22;7;29
quant-ph/0311017;quant-ph/0311017;6;10;16
hep-ph/9803386;hep-ph/9803386;2;1;3
gr-qc/0005118;gr-qc/0005118;9;10;19
hep-th/0510115;hep-th/0510115;18;19;37
hep-th/0404241;hep-th/0404241;14;23;37
hep-th/0402003;hep-th/0402003;4;12;16
hep-th/0504105;hep-th/0504105;7;12;19
hep-th/0604060;hep-th/0604060;23;32;55
hep-th/0608065;hep-th/0608065;8;20;28
hep-th/0211056;hep-th/0211056;9;27;36
hep-th/0302122;hep-th/0302122;3;0;3
hep-th/0305028;hep-th/0305028;7;25;32
hep-th/0009021;hep-th/0009021;11;37;48
hep-th/0412075;hep-th/0412075;6;13;19
hep-th/0110297;hep-th/0110297;16;9;25
hep-th/0508156;hep-th/0508156;10;18;28
hep-th/0306122;hep-th/0306122;11;13;24
hep-th/0106126;hep-th/0106126;22;19;41
hep-ph/0105280;hep-ph/0105280;5;16;21
hep-th/0606166;hep-th/0606166;26;28;54
hep-th/0608062;hep-th/0608062;5;6;11
hep-th/9812229;hep-th/9812229;20;29;49
math-ph/0406061;math-ph/0406061;1;6;7
math-ph/0007036;math-ph/0007036;5;12;17
hep-th/9407047;hep-th/9407047;13;7;20
hep-th/9403168;hep-th/9403168;8;2;10
hep-th/9604049;hep-th/9604049;0;2;2
hep-th/9408145;hep-th/9408145;1;0;1
hep-th/9408105;hep-th/9408105;1;0;1
0705.4381;0705.4381;0;58;58
hep-th/0512048;hep-th/0512048;22;61;83
hep-th/0501153;hep-th/0501153;9;5;14
hep-th/0403089;hep-th/0403089;16;30;46
hep-th/0307059;hep-th/0307059;17;21;38
hep-th/0402113;hep-th/0402113;33;33;66
hep-th/0512312;hep-th/0512312;11;31;42
hep-th/0507260;hep-th/0507260;18;24;42
hep-th/0505084;hep-th/0505084;17;25;42
hep-th/0510114;hep-th/0510114;15;55;70
hep-th/0506059;hep-th/0506059;10;31;41
hep-th/0411145;hep-th/0411145;52;36;88
hep-th/0509164;hep-th/0509164;19;36;55
hep-th/9207011;hep-th/9207011;46;3;49
hep-th/0412043;hep-th/0412043;33;17;50
hep-th/0008089;hep-th/0008089;24;0;24
hep-th/0406128;hep-th/0406128;13;19;32
hep-th/0111028;hep-th/0111028;10;9;19
hep-th/0402168;hep-th/0402168;2;13;15
hep-th/0308092;hep-th/0308092;13;20;33
hep-th/0406026;hep-th/0406026;8;12;20
hep-th/0406232;hep-th/0406232;5;8;13
hep-th/0404004;hep-th/0404004;17;43;60
hep-th/9202035;hep-th/9202035;9;0;9
hep-th/9207108;hep-th/9207108;18;1;19
hep-th/9307140;hep-th/9307140;6;7;13
gr-qc/9412040;gr-qc/9412040;8;9;17
gr-qc/9207004;gr-qc/9207004;11;0;11
hep-th/9505160;hep-th/9505160;5;3;8
hep-th/9503133;hep-th/9503133;13;8;21
hep-th/9501097;hep-th/9501097;5;0;5
hep-th/9501052;hep-th/9501052;14;0;14
hep-th/9505163;hep-th/9505163;0;3;3
hep-th/9410200;hep-th/9410200;3;1;4
hep-th/9406012;hep-th/9406012;13;0;13
hep-th/9505165;hep-th/9505165;2;1;3
hep-th/9505164;hep-th/9505164;7;6;13
hep-th/9406091;hep-th/9406091;12;4;16
hep-th/9503150;hep-th/9503150;4;4;8
hep-th/9505167;hep-th/9505167;5;12;17
hep-th/9502054;hep-th/9502054;9;0;9
gr-qc/9403013;gr-qc/9403013;3;0;3
hep-th/9411076;hep-th/9411076;4;9;13
hep-th/9505151;hep-th/9505151;3;10;13
alg-geom/9609020;alg-geom/9609020;7;2;9
hep-th/9505168;hep-th/9505168;3;2;5
hep-th/9407007;hep-th/9407007;18;2;20
hep-lat/9906015;hep-lat/9906015;30;26;56
hep-lat/0001029;hep-lat/0001029;8;7;15
hep-lat/9909081;hep-lat/9909081;9;5;14
hep-lat/9808002;hep-lat/9808002;25;5;30
hep-lat/9901014;hep-lat/9901014;15;7;22
hep-lat/9901012;hep-lat/9901012;19;9;28
hep-th/9602163;hep-th/9602163;20;2;22
hep-lat/9909150;hep-lat/9909150;15;26;41
hep-lat/9509027;hep-lat/9509027;5;4;9
hep-lat/9912013;hep-lat/9912013;7;12;19
math/9809004;math/9809004;1;14;15
alg-geom/9712011;alg-geom/9712011;11;0;11
hep-th/0503084;hep-th/0503084;2;54;56
hep-th/0307081;hep-th/0307081;16;44;60
hep-th/0312228;hep-th/0312228;25;75;100
0912.1930;0912.1930;0;22;22
hep-th/0508019;hep-th/0508019;6;15;21
hep-th/0405117;hep-th/0405117;6;0;6
hep-th/0507114;hep-th/0507114;23;12;35
hep-th/0608104;hep-th/0608104;2;32;34
math-ph/0012013;math-ph/0012013;18;0;18
0902.4871;0902.4871;0;10;10
hep-th/0201043;hep-th/0201043;1;5;6
gr-qc/0306035;gr-qc/0306035;9;0;9
0705.2150;0705.2150;0;18;18
hep-th/0506080;hep-th/0506080;31;92;123
hep-th/0612234;hep-th/0612234;13;101;114
hep-th/9912185;hep-th/9912185;15;18;33
0711.3781;0711.3781;0;30;30
hep-th/0308088;hep-th/0308088;23;83;106
hep-th/9706194;hep-th/9706194;19;34;53
hep-ph/9609486;hep-ph/9609486;8;9;17
hep-ph/9601261;hep-ph/9601261;4;10;14
hep-ph/9705391;hep-ph/9705391;25;0;25
0812.1433;0812.1433;0;16;16
hep-th/0410235;hep-th/0410235;1;10;11
hep-th/0312312;hep-th/0312312;3;14;17
hep-ph/0505125;hep-ph/0505125;32;40;72
hep-th/0505124;hep-th/0505124;4;23;27
hep-th/0311034;hep-th/0311034;6;10;16
hep-th/0411022;hep-th/0411022;18;27;45
hep-th/0311239;hep-th/0311239;3;12;15
0712.4348;0712.4348;0;7;7
hep-th/0311178;hep-th/0311178;1;3;4
0709.4448;0709.4448;0;16;16
hep-th/0603082;hep-th/0603082;16;40;56
hep-th/9711171;hep-th/9711171;3;8;11
hep-th/9711173;hep-th/9711173;5;2;7
hep-th/9711172;hep-th/9711172;3;7;10
hep-th/9610163;hep-th/9610163;9;10;19
hep-th/9301034;hep-th/9301034;11;0;11
hep-th/9602017;hep-th/9602017;15;8;23
hep-th/9502107;hep-th/9502107;59;1;60
hep-th/9604069;hep-th/9604069;3;1;4
hep-th/9403173;hep-th/9403173;33;4;37
hep-th/9508070;hep-th/9508070;2;1;3
hep-th/9711174;hep-th/9711174;3;3;6
hep-lat/9305001;hep-lat/9305001;2;0;2
hep-lat/9710082;hep-lat/9710082;3;2;5
hep-th/9707258;hep-th/9707258;27;15;42
hep-th/9711176;hep-th/9711176;0;2;2
hep-th/9702137;hep-th/9702137;2;2;4
hep-ph/9312334;hep-ph/9312334;4;0;4
hep-th/9211129;hep-th/9211129;1;1;2
hep-th/9211128;hep-th/9211128;1;3;4
hep-th/0401133;hep-th/0401133;25;12;37
hep-th/9505107;hep-th/9505107;27;12;39
hep-th/0212196;hep-th/0212196;22;5;27
hep-th/0302123;hep-th/0302123;10;0;10
hep-th/0312226;hep-th/0312226;26;10;36
hep-th/9412095;hep-th/9412095;29;7;36
hep-th/0503005;hep-th/0503005;20;6;26
hep-th/9210105;hep-th/9210105;16;0;16
hep-th/9112066;hep-th/9112066;2;1;3
hep-th/9211126;hep-th/9211126;7;1;8
0807.3696;0807.3696;0;23;23
hep-ph/0512314;hep-ph/0512314;0;5;5
cond-mat/0404480;cond-mat/0404480;3;4;7
hep-ph/0008315;hep-ph/0008315;8;14;22
gr-qc/9712016;gr-qc/9712016;18;23;41
hep-th/0206222;hep-th/0206222;1;17;18
gr-qc/0104054;gr-qc/0104054;4;16;20
gr-qc/0011043;gr-qc/0011043;6;11;17
hep-th/9905030;hep-th/9905030;27;37;64
hep-th/9906147;hep-th/9906147;10;11;21
hep-th/0202147;hep-th/0202147;8;16;24
hep-th/9805115;hep-th/9805115;27;7;34
hep-th/9807200;hep-th/9807200;20;18;38
hep-th/0202091;hep-th/0202091;7;20;27
hep-th/0206227;hep-th/0206227;2;2;4
hep-lat/9410017;hep-lat/9410017;9;0;9
hep-th/0206226;hep-th/0206226;18;62;80
hep-th/9609216;hep-th/9609216;7;9;16
hep-th/0007022;hep-th/0007022;39;21;60
hep-th/0005190;hep-th/0005190;7;4;11
hep-th/0003064;hep-th/0003064;8;15;23
hep-th/9601139;hep-th/9601139;11;10;21
hep-th/0205253;hep-th/0205253;20;28;48
hep-th/9911023;hep-th/9911023;16;15;31
hep-th/0109160;hep-th/0109160;4;29;33
hep-th/9204082;hep-th/9204082;31;0;31
cond-mat/9909250;cond-mat/9909250;4;9;13
cond-mat/9710199;cond-mat/9710199;14;9;23
cond-mat/9902082;cond-mat/9902082;6;13;19
cond-mat/9801075;cond-mat/9801075;17;2;19
hep-th/9605013;hep-th/9605013;17;8;25
nlin/0112006;nlin/0112006;3;5;8
hep-th/0108128;hep-th/0108128;13;36;49
cond-mat/9812169;cond-mat/9812169;1;12;13
hep-th/0004076;hep-th/0004076;24;15;39
hep-th/9808043;hep-th/9808043;23;11;34
cond-mat/9711050;cond-mat/9711050;8;8;16
hep-th/0006234;hep-th/0006234;15;15;30
cond-mat/9801281;cond-mat/9801281;7;9;16
hep-th/9512052;hep-th/9512052;32;4;36
hep-th/9904058;hep-th/9904058;3;11;14
math-ph/0106006;math-ph/0106006;21;4;25
hep-th/9211038;hep-th/9211038;8;0;8
hep-th/9911170;hep-th/9911170;16;15;31
hep-th/9902113;hep-th/9902113;40;11;51
hep-th/9609008;hep-th/9609008;11;19;30
hep-th/0206225;hep-th/0206225;5;7;12
hep-th/0206224;hep-th/0206224;3;14;17
q-alg/9507034;q-alg/9507034;37;5;42
hep-th/9405058;hep-th/9405058;17;3;20
hep-th/9403094;hep-th/9403094;28;4;32
hep-th/0104018;hep-th/0104018;1;12;13
hep-th/0103144;hep-th/0103144;4;11;15
hep-lat/0203016;hep-lat/0203016;6;30;36
hep-th/0205038;hep-th/0205038;14;8;22
hep-th/0006026;hep-th/0006026;10;0;10
hep-th/0105310;hep-th/0105310;9;2;11
hep-th/0006154;hep-th/0006154;11;4;15
0906.4393;0906.4393;0;20;20
hep-th/9903013;hep-th/9903013;22;2;24
hep-th/0612174;hep-th/0612174;15;17;32
hep-th/0602277;hep-th/0602277;13;60;73
0711.0576;0711.0576;0;2;2
0812.1431;0812.1431;0;113;113
hep-th/0703012;hep-th/0703012;23;31;54
hep-th/0608166;hep-th/0608166;5;46;51
hep-th/0502077;hep-th/0502077;22;0;22
gr-qc/0612108;gr-qc/0612108;8;0;8
hep-th/0607145;hep-th/0607145;10;17;27
hep-th/0504193;hep-th/0504193;14;24;38
hep-th/0311262;hep-th/0311262;11;28;39
hep-th/0602068;hep-th/0602068;8;16;24
gr-qc/0410129;gr-qc/0410129;10;30;40
astro-ph/0406129;astro-ph/0406129;11;4;15
hep-th/0505256;hep-th/0505256;10;25;35
hep-th/0512104;hep-th/0512104;15;14;29
0804.4878;0804.4878;0;155;155
hep-th/0605260;hep-th/0605260;13;24;37
hep-th/0311088;hep-th/0311088;16;44;60
hep-th/0507155;hep-th/0507155;7;52;59
hep-th/0210249;hep-th/0210249;4;108;112
hep-th/0703081;hep-th/0703081;2;51;53
hep-th/0210068;hep-th/0210068;26;37;63
hep-th/0207076;hep-th/0207076;16;35;51
hep-th/0207125;hep-th/0207125;36;27;63
cond-mat/9505127;cond-mat/9505127;22;3;25
hep-th/0305075;hep-th/0305075;12;33;45
hep-th/0606203;hep-th/0606203;18;46;64
hep-th/0207039;hep-th/0207039;14;8;22
hep-th/0301231;hep-th/0301231;20;14;34
hep-th/0407013;hep-th/0407013;9;115;124
hep-th/0502043;hep-th/0502043;34;41;75
hep-th/0101202;hep-th/0101202;26;11;37
hep-th/0605286;hep-th/0605286;3;55;58
hep-th/0212203;hep-th/0212203;6;10;16
math-ph/0505077;math-ph/0505077;0;6;6
math-ph/0505027;math-ph/0505027;2;10;12
physics/9709043;physics/9709043;5;3;8
quant-ph/0105044;quant-ph/0105044;12;0;12
math-ph/0410015;math-ph/0410015;2;2;4
0712.4371;0712.4371;0;4;4
0712.4375;0712.4375;0;8;8
hep-th/0201076;hep-th/0201076;10;45;55
hep-th/0402056;hep-th/0402056;3;0;3
hep-th/0402039;hep-th/0402039;4;0;4
hep-th/9405150;hep-th/9405150;8;0;8
0910.2730;0910.2730;0;30;30
hep-th/0408223;hep-th/0408223;6;4;10
hep-th/0409048;hep-th/0409048;5;1;6
gr-qc/0603088;gr-qc/0603088;8;8;16
hep-th/0306108;hep-th/0306108;37;6;43
gr-qc/0702075;gr-qc/0702075;19;0;19
hep-th/0206011;hep-th/0206011;50;25;75
hep-th/0309021;hep-th/0309021;16;12;28
hep-th/0308122;hep-th/0308122;15;3;18
hep-th/0306099;hep-th/0306099;7;14;21
hep-th/9311026;hep-th/9311026;23;5;28
hep-th/0406056;hep-th/0406056;8;52;60
hep-th/0406171;hep-th/0406171;4;36;40
hep-th/0102046;hep-th/0102046;29;35;64
hep-th/0101049;hep-th/0101049;49;28;77
hep-th/0003256;hep-th/0003256;29;38;67
hep-th/0109173;hep-th/0109173;19;32;51
hep-th/0207281;hep-th/0207281;10;20;30
hep-th/0406170;hep-th/0406170;11;65;76
hep-th/0312198;hep-th/0312198;7;18;25
hep-th/0105007;hep-th/0105007;21;36;57
hep-th/0405249;hep-th/0405249;8;35;43
hep-th/0305164;hep-th/0305164;5;11;16
hep-th/0012144;hep-th/0012144;14;20;34
hep-th/9704056;hep-th/9704056;22;17;39
hep-th/9903096;hep-th/9903096;13;25;38
cond-mat/9909152;cond-mat/9909152;14;6;20
hep-th/0011072;hep-th/0011072;14;31;45
hep-th/0406179;hep-th/0406179;21;27;48
hep-th/0007049;hep-th/0007049;17;22;39
hep-th/9912281;hep-th/9912281;13;10;23
hep-th/0406178;hep-th/0406178;13;30;43
hep-ph/0112003;hep-ph/0112003;16;27;43
hep-th/0102045;hep-th/0102045;35;23;58
hep-th/0105187;hep-th/0105187;21;23;44
hep-th/0107055;hep-th/0107055;66;45;111
hep-th/0308008;hep-th/0308008;5;44;49
0807.2419;0807.2419;0;23;23
hep-th/9510138;hep-th/9510138;15;5;20
hep-th/0702141;hep-th/0702141;47;21;68
hep-th/0102169;hep-th/0102169;1;0;1
hep-th/0102121;hep-th/0102121;6;58;64
hep-th/0101114;hep-th/0101114;14;57;71
hep-th/0005275;hep-th/0005275;23;38;61
hep-th/0005056;hep-th/0005056;5;10;15
hep-th/9912082;hep-th/9912082;29;0;29
hep-th/0512315;hep-th/0512315;1;3;4
hep-ph/0409052;hep-ph/0409052;4;3;7
hep-ph/0307272;hep-ph/0307272;4;1;5
hep-th/9608147;hep-th/9608147;16;18;34
hep-th/9205085;hep-th/9205085;15;0;15
hep-th/9306115;hep-th/9306115;4;1;5
hep-th/9306114;hep-th/9306114;0;2;2
hep-th/9306112;hep-th/9306112;2;2;4
hep-th/9305181;hep-th/9305181;23;4;27
hep-th/9306110;hep-th/9306110;3;4;7
hep-th/0005264;hep-th/0005264;0;1;1
hep-th/0005126;hep-th/0005126;16;8;24
hep-th/9812051;hep-th/9812051;18;0;18
gr-qc/9611050;gr-qc/9611050;2;0;2
hep-th/0005267;hep-th/0005267;5;3;8
hep-th/9407019;hep-th/9407019;4;0;4
hep-th/0005260;hep-th/0005260;3;3;6
gr-qc/9605068;gr-qc/9605068;22;0;22
hep-th/9802087;hep-th/9802087;1;0;1
hep-th/9903059;hep-th/9903059;33;13;46
hep-th/9905005;hep-th/9905005;22;9;31
hep-th/0005262;hep-th/0005262;4;20;24
hep-th/9503105;hep-th/9503105;20;12;32
hep-th/9508162;hep-th/9508162;14;13;27
hep-th/9907123;hep-th/9907123;13;96;109
hep-th/9812055;hep-th/9812055;13;33;46
hep-th/0005263;hep-th/0005263;1;8;9
hep-th/9504134;hep-th/9504134;12;1;13
hep-th/9408077;hep-th/9408077;26;8;34
hep-th/9408146;hep-th/9408146;15;2;17
hep-th/9408176;hep-th/9408176;15;3;18
hep-th/9611068;hep-th/9611068;16;15;31
0709.0872;0709.0872;0;25;25
hep-th/9803065;hep-th/9803065;17;18;35
gr-qc/0702064;gr-qc/0702064;3;30;33
hep-th/0503160;hep-th/0503160;10;53;63
hep-th/0012142;hep-th/0012142;4;22;26
hep-th/0005021;hep-th/0005021;28;39;67
hep-th/0005047;hep-th/0005047;27;40;67
hep-th/0008073;hep-th/0008073;13;28;41
hep-th/9710014;hep-th/9710014;96;15;111
hep-th/0010169;hep-th/0010169;9;26;35
hep-ph/9308273;hep-ph/9308273;23;0;23
hep-th/9910165;hep-th/9910165;5;9;14
hep-th/9905201;hep-th/9905201;1;7;8
hep-th/9805150;hep-th/9805150;22;4;26
hep-th/0512314;hep-th/0512314;7;18;25
hep-th/0410138;hep-th/0410138;11;53;64
hep-th/0205064;hep-th/0205064;11;26;37
hep-th/0604038;hep-th/0604038;4;15;19
hep-th/0604039;hep-th/0604039;2;78;80
hep-th/0405109;hep-th/0405109;6;38;44
hep-th/0506091;hep-th/0506091;6;56;62
hep-th/0208029;hep-th/0208029;48;34;82
hep-th/0410139;hep-th/0410139;19;81;100
hep-th/9904118;hep-th/9904118;10;10;20
hep-th/0608099;hep-th/0608099;4;21;25
hep-th/0301221;hep-th/0301221;12;20;32
hep-th/9812022;hep-th/9812022;18;15;33
hep-th/0208074;hep-th/0208074;42;32;74
hep-th/0310035;hep-th/0310035;10;23;33
hep-th/9705107;hep-th/9705107;10;52;62
hep-th/0408208;hep-th/0408208;4;24;28
hep-th/0403243;hep-th/0403243;8;31;39
hep-th/9905031;hep-th/9905031;31;7;38
hep-th/0306213;hep-th/0306213;13;48;61
hep-th/0501088;hep-th/0501088;7;42;49
hep-th/0306186;hep-th/0306186;25;43;68
cond-mat/9801307;cond-mat/9801307;4;2;6
hep-th/0010258;hep-th/0010258;5;29;34
gr-qc/9902060;gr-qc/9902060;12;0;12
hep-th/0004094;hep-th/0004094;6;17;23
gr-qc/9802001;gr-qc/9802001;20;11;31
hep-th/9908024;hep-th/9908024;9;41;50
hep-th/9606066;hep-th/9606066;28;21;49
hep-th/9810057;hep-th/9810057;5;5;10
hep-th/0002173;hep-th/0002173;9;5;14
hep-th/9803122;hep-th/9803122;12;3;15
hep-th/0007116;hep-th/0007116;14;10;24
hep-th/0010256;hep-th/0010256;20;46;66
hep-th/0005007;hep-th/0005007;13;47;60
hep-th/9711191;hep-th/9711191;14;7;21
hep-th/0010255;hep-th/0010255;9;14;23
hep-th/9901137;hep-th/9901137;18;22;40
hep-th/9904196;hep-th/9904196;5;11;16
hep-th/0009187;hep-th/0009187;6;26;32
hep-th/0010254;hep-th/0010254;1;17;18
hep-th/9904089;hep-th/9904089;4;24;28
hep-th/9605228;hep-th/9605228;10;1;11
hep-th/9701067;hep-th/9701067;4;0;4
hep-th/9406013;hep-th/9406013;17;2;19
hep-th/9902165;hep-th/9902165;13;8;21
hep-th/9905222;hep-th/9905222;22;13;35
hep-th/9408152;hep-th/9408152;1;1;2
hep-th/9702172;hep-th/9702172;11;3;14
hep-th/9804161;hep-th/9804161;4;6;10
hep-th/9804138;hep-th/9804138;11;5;16
hep-th/9512215;hep-th/9512215;13;2;15
hep-th/0010253;hep-th/0010253;3;9;12
hep-th/9605001;hep-th/9605001;74;18;92
hep-th/9602146;hep-th/9602146;6;1;7
hep-th/9312186;hep-th/9312186;19;3;22
hep-th/9509163;hep-th/9509163;10;4;14
hep-th/9909026;hep-th/9909026;1;22;23
hep-th/0007217;hep-th/0007217;33;17;50
hep-th/9808185;hep-th/9808185;13;31;44
hep-th/9309089;hep-th/9309089;15;0;15
hep-th/9308130;hep-th/9308130;4;0;4
hep-th/9407125;hep-th/9407125;6;0;6
hep-th/9406209;hep-th/9406209;12;8;20
hep-th/9611052;hep-th/9611052;3;7;10
gr-qc/9503022;gr-qc/9503022;14;8;22
hep-th/9512184;hep-th/9512184;30;0;30
hep-th/9303044;hep-th/9303044;20;4;24
hep-th/9404080;hep-th/9404080;5;3;8
hep-th/9710222;hep-th/9710222;4;10;14
hep-th/9710221;hep-th/9710221;2;9;11
hep-th/9306027;hep-th/9306027;20;1;21
hep-th/9408091;hep-th/9408091;13;2;15
hep-th/9611046;hep-th/9611046;2;8;10
hep-th/9506093;hep-th/9506093;5;6;11
hep-th/9411062;hep-th/9411062;16;5;21
gr-qc/9812076;gr-qc/9812076;8;9;17
hep-th/9710228;hep-th/9710228;2;21;23
hep-th/9707256;hep-th/9707256;1;11;12
hep-th/9710229;hep-th/9710229;2;4;6
hep-th/9608040;hep-th/9608040;7;6;13
hep-th/9405136;hep-th/9405136;27;6;33
gr-qc/0002001;gr-qc/0002001;11;3;14
hep-th/0205044;hep-th/0205044;3;8;11
hep-th/0205045;hep-th/0205045;2;10;12
hep-th/0201011;hep-th/0201011;2;8;10
hep-th/9909123;hep-th/9909123;8;5;13
hep-th/0205042;hep-th/0205042;11;12;23
hep-th/9902097;hep-th/9902097;11;42;53
hep-th/0212344;hep-th/0212344;10;38;48
hep-th/0205041;hep-th/0205041;7;49;56
hep-th/0110250;hep-th/0110250;19;54;73
hep-th/0108065;hep-th/0108065;18;24;42
hep-th/0010183;hep-th/0010183;22;10;32
0909.1601;0909.1601;0;17;17
hep-th/0511125;hep-th/0511125;6;36;42
hep-th/9811179;hep-th/9811179;21;18;39
hep-th/0312180;hep-th/0312180;5;9;14
math/0608597;math/0608597;4;10;14
hep-th/0311215;hep-th/0311215;8;8;16
0906.2587;0906.2587;0;36;36
astro-ph/0403268;astro-ph/0403268;33;15;48
hep-th/0405269;hep-th/0405269;5;39;44
hep-th/9901121;hep-th/9901121;35;36;71
hep-th/0107094;hep-th/0107094;32;0;32
0707.2081;0707.2081;0;49;49
hep-th/0602072;hep-th/0602072;30;45;75
hep-th/0508034;hep-th/0508034;1;4;5
gr-qc/9609067;gr-qc/9609067;12;5;17
hep-th/0204212;hep-th/0204212;19;10;29
hep-th/0602266;hep-th/0602266;8;2;10
hep-th/0610121;hep-th/0610121;4;0;4
astro-ph/9610077;astro-ph/9610077;4;9;13
hep-th/0005252;hep-th/0005252;3;3;6
hep-lat/9703009;hep-lat/9703009;8;2;10
hep-th/9709115;hep-th/9709115;5;5;10
0910.5153;0910.5153;0;13;13
astro-ph/0702627;astro-ph/0702627;5;6;11
hep-th/0006134;hep-th/0006134;8;22;30
astro-ph/0507595;astro-ph/0507595;17;6;23
hep-th/0701211;hep-th/0701211;3;20;23
hep-th/0309205;hep-th/0309205;4;25;29
quant-ph/9704035;quant-ph/9704035;3;1;4
hep-th/9408172;hep-th/9408172;3;0;3
hep-th/0005254;hep-th/0005254;15;16;31
hep-th/0001097;hep-th/0001097;9;0;9
cond-mat/9911452;cond-mat/9911452;11;14;25
hep-th/0003140;hep-th/0003140;5;10;15
hep-th/0003049;hep-th/0003049;14;4;18
hep-lat/9809041;hep-lat/9809041;7;0;7
cond-mat/9904038;cond-mat/9904038;13;20;33
cond-mat/9908068;cond-mat/9908068;5;6;11
cond-mat/9705086;cond-mat/9705086;14;4;18
hep-lat/9903036;hep-lat/9903036;6;7;13
hep-th/9911216;hep-th/9911216;28;11;39
hep-th/0002136;hep-th/0002136;6;12;18
hep-th/0110164;hep-th/0110164;11;18;29
hep-th/0105220;hep-th/0105220;11;16;27
hep-th/0108196;hep-th/0108196;24;0;24
hep-th/0106206;hep-th/0106206;26;31;57
gr-qc/0104014;gr-qc/0104014;33;5;38
hep-th/9908133;hep-th/9908133;4;7;11
hep-th/9908132;hep-th/9908132;20;4;24
hep-th/0107116;hep-th/0107116;18;37;55
0809.0464;0809.0464;0;16;16
hep-th/0411031;hep-th/0411031;5;25;30
hep-th/0411282;hep-th/0411282;5;46;51
0706.0890;0706.0890;0;22;22
hep-th/0610218;hep-th/0610218;2;20;22
hep-th/0611305;hep-th/0611305;3;23;26
gr-qc/9907004;gr-qc/9907004;8;8;16
gr-qc/0407114;gr-qc/0407114;3;16;19
gr-qc/0511058;gr-qc/0511058;5;35;40
0907.5542;0907.5542;0;8;8
gr-qc/0604016;gr-qc/0604016;4;17;21
gr-qc/0502048;gr-qc/0502048;7;5;12
gr-qc/0412107;gr-qc/0412107;5;3;8
gr-qc/0402111;gr-qc/0402111;10;9;19
gr-qc/0410141;gr-qc/0410141;15;15;30
hep-th/0209134;hep-th/0209134;25;7;32
q-alg/9712042;q-alg/9712042;13;5;18
hep-ph/9505357;hep-ph/9505357;10;1;11
hep-th/9312034;hep-th/9312034;12;0;12
hep-th/0406067;hep-th/0406067;5;1;6
cond-mat/0403678;cond-mat/0403678;0;7;7
cond-mat/0308377;cond-mat/0308377;2;0;2
hep-th/0107250;hep-th/0107250;35;24;59
hep-th/0106189;hep-th/0106189;2;31;33
hep-th/0103209;hep-th/0103209;26;25;51
hep-th/0107252;hep-th/0107252;1;11;12
hep-th/9911001;hep-th/9911001;47;0;47
hep-th/0004017;hep-th/0004017;17;14;31
hep-th/9810230;hep-th/9810230;49;1;50
hep-th/0107254;hep-th/0107254;11;8;19
hep-th/0003275;hep-th/0003275;10;12;22
hep-th/9911191;hep-th/9911191;6;19;25
hep-th/0009162;hep-th/0009162;6;11;17
astro-ph/9901049;astro-ph/9901049;16;7;23
hep-th/9807063;hep-th/9807063;21;5;26
hep-th/0107256;hep-th/0107256;2;5;7
hep-ph/0103151;hep-ph/0103151;27;4;31
hep-th/0202061;hep-th/0202061;0;1;1
hep-ph/0008240;hep-ph/0008240;2;1;3
hep-th/0101160;hep-th/0101160;7;10;17
hep-th/0202063;hep-th/0202063;2;25;27
hep-th/9705099;hep-th/9705099;9;8;17
hep-th/0109033;hep-th/0109033;10;3;13
astro-ph/0107256;astro-ph/0107256;23;29;52
hep-th/9902127;hep-th/9902127;3;0;3
hep-th/0202062;hep-th/0202062;12;11;23
hep-th/0202065;hep-th/0202065;14;52;66
hep-th/0005156;hep-th/0005156;8;8;16
hep-ph/9911525;hep-ph/9911525;19;55;74
hep-th/0107225;hep-th/0107225;12;13;25
hep-lat/0009030;hep-lat/0009030;6;11;17
hep-th/0104076;hep-th/0104076;6;29;35
hep-th/0007127;hep-th/0007127;19;14;33
hep-th/0010264;hep-th/0010264;45;8;53
hep-th/0012262;hep-th/0012262;8;18;26
hep-th/9910075;hep-th/9910075;5;2;7
hep-th/0111097;hep-th/0111097;3;0;3
math/0103044;math/0103044;18;0;18
hep-th/0106105;hep-th/0106105;25;20;45
hep-th/0108236;hep-th/0108236;11;10;21
hep-ph/9910290;hep-ph/9910290;3;6;9
hep-ph/0112078;hep-ph/0112078;2;8;10
hep-ph/9307258;hep-ph/9307258;22;0;22
hep-th/0202068;hep-th/0202068;8;6;14
hep-th/9512188;hep-th/9512188;20;22;42
hep-th/0002134;hep-th/0002134;2;13;15
hep-ph/0612359;hep-ph/0612359;3;12;15
hep-th/0602096;hep-th/0602096;32;21;53
hep-th/9706131;hep-th/9706131;6;28;34
hep-th/9703036;hep-th/9703036;3;9;12
hep-th/9705022;hep-th/9705022;37;17;54
hep-th/9512017;hep-th/9512017;11;20;31
hep-th/9706130;hep-th/9706130;6;27;33
hep-th/9612096;hep-th/9612096;12;40;52
hep-th/9706133;hep-th/9706133;9;35;44
hep-th/9305148;hep-th/9305148;18;0;18
hep-th/9611056;hep-th/9611056;4;4;8
hep-th/9307169;hep-th/9307169;12;2;14
hep-th/9312087;hep-th/9312087;7;3;10
hep-th/9611113;hep-th/9611113;2;2;4
hep-th/9503192;hep-th/9503192;3;8;11
hep-th/9610220;hep-th/9610220;2;18;20
hep-th/9611116;hep-th/9611116;8;0;8
hep-th/9611114;hep-th/9611114;8;0;8
hep-th/9510089;hep-th/9510089;3;0;3
hep-th/9611115;hep-th/9611115;6;0;6
hep-th/9511056;hep-th/9511056;4;12;16
hep-th/9405133;hep-th/9405133;6;8;14
hep-th/9310179;hep-th/9310179;13;6;19
hep-th/9412141;hep-th/9412141;4;8;12
hep-th/9509048;hep-th/9509048;3;5;8
hep-th/9409046;hep-th/9409046;4;8;12
hep-th/9304007;hep-th/9304007;7;1;8
hep-th/9409081;hep-th/9409081;2;10;12
hep-th/9504036;hep-th/9504036;4;9;13
hep-th/9302123;hep-th/9302123;10;0;10
hep-th/9311097;hep-th/9311097;8;1;9
hep-th/9612205;hep-th/9612205;19;6;25
hep-th/9706135;hep-th/9706135;0;5;5
hep-th/9408150;hep-th/9408150;1;1;2
hep-th/9505048;hep-th/9505048;2;3;5
hep-th/9402071;hep-th/9402071;3;1;4
hep-th/9605122;hep-th/9605122;1;6;7
hep-th/9706134;hep-th/9706134;0;9;9
hep-th/9303076;hep-th/9303076;6;1;7
dg-ga/9509005;dg-ga/9509005;8;9;17
hep-th/9709015;hep-th/9709015;15;35;50
hep-th/9708083;hep-th/9708083;13;17;30
hep-th/9706136;hep-th/9706136;0;5;5
hep-th/9603144;hep-th/9603144;3;8;11
hep-th/9605138;hep-th/9605138;1;6;7
hep-th/9402108;hep-th/9402108;7;3;10
hep-th/9706138;hep-th/9706138;1;6;7
hep-th/9709114;hep-th/9709114;7;37;44
hep-th/9703077;hep-th/9703077;13;12;25
hep-th/9703016;hep-th/9703016;15;31;46
hep-th/9602047;hep-th/9602047;13;2;15
hep-ph/9703398;hep-ph/9703398;4;2;6
hep-th/9412143;hep-th/9412143;17;1;18
hep-th/9709112;hep-th/9709112;1;1;2
hep-th/9709051;hep-th/9709051;2;0;2
hep-th/9705212;hep-th/9705212;36;10;46
hep-th/9611163;hep-th/9611163;28;0;28
hep-th/9701152;hep-th/9701152;20;48;68
hep-th/9709110;hep-th/9709110;2;2;4
quant-ph/9509016;quant-ph/9509016;10;3;13
hep-ph/9706471;hep-ph/9706471;2;4;6
hep-th/0212195;hep-th/0212195;2;9;11
math/0104189;math/0104189;23;8;31
alg-geom/9704009;alg-geom/9704009;4;0;4
math/0107133;math/0107133;16;6;22
hep-th/0010043;hep-th/0010043;12;6;18
hep-th/0212197;hep-th/0212197;1;3;4
hep-th/0203057;hep-th/0203057;15;32;47
hep-th/0209064;hep-th/0209064;25;0;25
hep-th/0207026;hep-th/0207026;17;13;30
hep-th/0212192;hep-th/0212192;10;8;18
quant-ph/0210084;quant-ph/0210084;7;1;8
quant-ph/0008123;quant-ph/0008123;12;1;13
hep-th/0003194;hep-th/0003194;4;7;11
hep-th/0008141;hep-th/0008141;14;44;58
quant-ph/0412130;quant-ph/0412130;0;1;1
quant-ph/0112105;quant-ph/0112105;9;0;9
hep-th/0212199;hep-th/0212199;5;24;29
hep-th/0206218;hep-th/0206218;3;0;3
hep-th/0104043;hep-th/0104043;13;20;33
hep-th/0108095;hep-th/0108095;4;18;22
hep-th/0205161;hep-th/0205161;14;21;35
hep-th/0112078;hep-th/0112078;12;0;12
hep-th/0108044;hep-th/0108044;45;11;56
hep-th/0108142;hep-th/0108142;31;15;46
hep-th/0205011;hep-th/0205011;19;0;19
0810.2809;0810.2809;0;15;15
hep-th/0605230;hep-th/0605230;6;17;23
hep-th/0607037;hep-th/0607037;11;25;36
hep-th/0610127;hep-th/0610127;3;15;18
hep-th/0702147;hep-th/0702147;4;12;16
0807.0622;0807.0622;0;2;2
hep-ph/0302055;hep-ph/0302055;10;18;28
hep-ph/9909508;hep-ph/9909508;14;13;27
0910.4136;0910.4136;0;5;5
hep-th/0107231;hep-th/0107231;7;6;13
0801.1845;0801.1845;0;18;18
astro-ph/0311422;astro-ph/0311422;11;2;13
astro-ph/0409406;astro-ph/0409406;15;16;31
astro-ph/0503669;astro-ph/0503669;28;5;33
astro-ph/0412134;astro-ph/0412134;7;1;8
astro-ph/0412135;astro-ph/0412135;5;5;10
hep-th/0304234;hep-th/0304234;20;23;43
cond-mat/0511674;cond-mat/0511674;1;4;5
hep-th/0111064;hep-th/0111064;6;23;29
0811.1741;0811.1741;0;22;22
hep-th/0606141;hep-th/0606141;9;19;28
0806.0634;0806.0634;0;55;55
hep-ph/0103251;hep-ph/0103251;11;20;31
hep-ph/0402160;hep-ph/0402160;8;45;53
hep-th/0602238;hep-th/0602238;23;75;98
hep-th/0703211;hep-th/0703211;9;15;24
0711.3430;0711.3430;0;33;33
hep-th/9405167;hep-th/9405167;9;1;10
hep-th/0612040;hep-th/0612040;10;16;26
hep-th/9405168;hep-th/9405168;6;0;6
hep-th/0606196;hep-th/0606196;35;21;56
hep-th/0207181;hep-th/0207181;12;20;32
hep-th/0509075;hep-th/0509075;30;50;80
hep-th/0701279;hep-th/0701279;6;37;43
math/0606506;math/0606506;18;15;33
hep-th/0407143;hep-th/0407143;12;11;23
hep-th/9402017;hep-th/9402017;12;1;13
hep-th/0608184;hep-th/0608184;27;51;78
cond-mat/0609284;cond-mat/0609284;9;12;21
0908.1344;0908.1344;0;5;5
hep-ph/0207199;hep-ph/0207199;9;2;11
cond-mat/0109448;cond-mat/0109448;12;0;12
cond-mat/0103310;cond-mat/0103310;14;0;14
0905.2612;0905.2612;0;17;17
hep-th/0311237;hep-th/0311237;17;72;89
hep-th/0701039;hep-th/0701039;16;24;40
hep-th/0504231;hep-th/0504231;19;34;53
gr-qc/0509076;gr-qc/0509076;13;2;15
0806.2880;0806.2880;0;4;4
hep-th/9507157;hep-th/9507157;0;4;4
hep-th/9207051;hep-th/9207051;8;0;8
hep-th/9507154;hep-th/9507154;2;1;3
hep-th/9507151;hep-th/9507151;33;13;46
hep-th/9505192;hep-th/9505192;6;5;11
hep-th/9506044;hep-th/9506044;10;8;18
hep-lat/9608023;hep-lat/9608023;8;1;9
hep-th/9212076;hep-th/9212076;8;3;11
q-alg/9505025;q-alg/9505025;17;0;17
hep-th/9405085;hep-th/9405085;1;2;3
hep-th/0010246;hep-th/0010246;24;14;38
cond-mat/9611118;cond-mat/9611118;20;6;26
cond-mat/9911476;cond-mat/9911476;10;5;15
hep-th/9906021;hep-th/9906021;4;3;7
cond-mat/9809294;cond-mat/9809294;10;6;16
cond-mat/9810334;cond-mat/9810334;6;0;6
cond-mat/0002228;cond-mat/0002228;8;11;19
cond-mat/9805171;cond-mat/9805171;14;1;15
q-alg/9506006;q-alg/9506006;8;9;17
hep-th/9406192;hep-th/9406192;23;6;29
hep-th/9305017;hep-th/9305017;4;3;7
0903.2859;0903.2859;0;22;22
hep-lat/0506034;hep-lat/0506034;18;7;25
hep-ph/0609254;hep-ph/0609254;26;47;73
0710.1675;0710.1675;0;8;8
gr-qc/0503057;gr-qc/0503057;4;7;11
gr-qc/0508109;gr-qc/0508109;8;7;15
0808.2473;0808.2473;0;11;11
0907.4798;0907.4798;0;2;2
0803.0321;0803.0321;0;23;23
hep-th/0410130;hep-th/0410130;1;0;1
hep-ph/9804453;hep-ph/9804453;12;14;26
hep-ph/0507096;hep-ph/0507096;30;28;58
quant-ph/9903028;quant-ph/9903028;1;1;2
quant-ph/9810045;quant-ph/9810045;8;0;8
0812.2244;0812.2244;0;30;30
astro-ph/0401166;astro-ph/0401166;5;3;8
astro-ph/0605135;astro-ph/0605135;30;6;36
astro-ph/0606285;astro-ph/0606285;12;15;27
0804.4586;0804.4586;0;36;36
hep-th/0608219;hep-th/0608219;8;0;8
hep-th/0512229;hep-th/0512229;6;29;35
hep-th/0411072;hep-th/0411072;26;33;59
hep-th/0411268;hep-th/0411268;24;23;47
hep-th/0508150;hep-th/0508150;6;63;69
hep-th/0406040;hep-th/0406040;15;45;60
gr-qc/0405034;gr-qc/0405034;27;22;49
hep-th/0512013;hep-th/0512013;4;33;37
hep-th/0512228;hep-th/0512228;0;3;3
hep-th/0508166;hep-th/0508166;1;1;2
hep-th/0211078;hep-th/0211078;2;3;5
math/0412503;math/0412503;3;0;3
hep-th/9907165;hep-th/9907165;3;26;29
hep-th/0410018;hep-th/0410018;26;88;114
alg-geom/9609022;alg-geom/9609022;24;0;24
hep-th/9804104;hep-th/9804104;16;11;27
hep-th/9803072;hep-th/9803072;19;124;143
math/0601395;math/0601395;6;9;15
hep-th/0512226;hep-th/0512226;2;19;21
hep-th/0310242;hep-th/0310242;25;21;46
hep-th/9305028;hep-th/9305028;15;1;16
hep-lat/0406029;hep-lat/0406029;45;38;83
hep-th/9112051;hep-th/9112051;32;0;32
hep-th/0502119;hep-th/0502119;17;33;50
hep-ph/0405279;hep-ph/0405279;1;1;2
hep-th/0512224;hep-th/0512224;6;34;40
hep-th/9604048;hep-th/9604048;8;1;9
hep-th/9705083;hep-th/9705083;3;2;5
hep-th/9710169;hep-th/9710169;2;3;5
hep-th/0411088;hep-th/0411088;25;43;68
hep-th/0106140;hep-th/0106140;53;47;100
hep-th/0507277;hep-th/0507277;22;41;63
hep-th/0010144;hep-th/0010144;8;36;44
gr-qc/0205020;gr-qc/0205020;3;9;12
hep-th/9606166;hep-th/9606166;2;1;3
hep-th/0206002;hep-th/0206002;6;23;29
hep-th/9608105;hep-th/9608105;41;0;41
hep-th/9703228;hep-th/9703228;48;11;59
hep-th/9601044;hep-th/9601044;5;12;17
hep-th/9603191;hep-th/9603191;30;20;50
hep-th/9608135;hep-th/9608135;33;9;42
hep-th/9609021;hep-th/9609021;22;10;32
hep-th/9707261;hep-th/9707261;12;33;45
hep-th/9612004;hep-th/9612004;6;14;20
hep-th/9706090;hep-th/9706090;20;7;27
hep-th/9706027;hep-th/9706027;13;8;21
hep-th/9706002;hep-th/9706002;8;6;14
hep-th/9610018;hep-th/9610018;22;6;28
0711.4982;0711.4982;0;34;34
hep-th/9808179;hep-th/9808179;11;23;34
hep-th/0007176;hep-th/0007176;13;6;19
hep-th/9301115;hep-th/9301115;9;0;9
hep-th/0106011;hep-th/0106011;49;30;79
cond-mat/0406716;cond-mat/0406716;4;13;17
cond-mat/0205653;cond-mat/0205653;14;6;20
hep-th/9903010;hep-th/9903010;11;22;33
hep-th/0408002;hep-th/0408002;4;18;22
cond-mat/0603622;cond-mat/0603622;2;15;17
hep-ph/0305050;hep-ph/0305050;4;2;6
hep-th/0204048;hep-th/0204048;9;1;10
hep-ph/0604004;hep-ph/0604004;2;5;7
hep-ph/0502078;hep-ph/0502078;1;4;5
hep-th/0308191;hep-th/0308191;6;26;32
hep-th/0212047;hep-th/0212047;21;47;68
hep-th/0210272;hep-th/0210272;22;47;69
hep-th/0308106;hep-th/0308106;7;82;89
hep-th/0112140;hep-th/0112140;20;45;65
hep-th/0102184;hep-th/0102184;26;20;46
hep-th/0306252;hep-th/0306252;14;24;38
hep-th/0204239;hep-th/0204239;17;25;42
hep-th/0204164;hep-th/0204164;29;13;42
hep-th/0201149;hep-th/0201149;24;14;38
hep-th/0408244;hep-th/0408244;8;12;20
hep-th/0404003;hep-th/0404003;10;7;17
q-alg/9508012;q-alg/9508012;6;7;13
hep-th/0101034;hep-th/0101034;13;11;24
cond-mat/0008372;cond-mat/0008372;12;8;20
hep-th/9307071;hep-th/9307071;9;2;11
hep-th/0101231;hep-th/0101231;9;7;16
hep-th/0211114;hep-th/0211114;4;10;14
hep-lat/0509118;hep-lat/0509118;1;2;3
cond-mat/0204151;cond-mat/0204151;8;5;13
hep-th/0408241;hep-th/0408241;7;24;31
hep-th/0405131;hep-th/0405131;11;12;23
cond-mat/9512014;cond-mat/9512014;10;2;12
hep-th/9110064;hep-th/9110064;5;0;5
cond-mat/0304363;cond-mat/0304363;13;0;13
hep-th/9806189;hep-th/9806189;10;0;10
hep-th/0405132;hep-th/0405132;8;9;17
math-ph/0201061;math-ph/0201061;10;22;32
hep-th/0107053;hep-th/0107053;16;9;25
hep-th/0307126;hep-th/0307126;13;15;28
hep-th/9612242;hep-th/9612242;6;7;13
hep-th/0304071;hep-th/0304071;2;12;14
hep-th/0203094;hep-th/0203094;6;15;21
hep-th/0204137;hep-th/0204137;14;24;38
hep-th/9907131;hep-th/9907131;66;22;88
hep-th/0208039;hep-th/0208039;49;54;103
hep-th/0211141;hep-th/0211141;11;26;37
0901.1213;0901.1213;0;11;11
hep-th/0502115;hep-th/0502115;31;48;79
hep-th/9707004;hep-th/9707004;9;6;15
0901.1215;0901.1215;0;19;19
hep-th/9510094;hep-th/9510094;24;10;34
gr-qc/9908022;gr-qc/9908022;2;5;7
hep-th/9410201;hep-th/9410201;16;7;23
gr-qc/9808023;gr-qc/9808023;9;9;18
hep-th/9601024;hep-th/9601024;8;1;9
gr-qc/9908023;gr-qc/9908023;7;8;15
gr-qc/9908024;gr-qc/9908024;0;2;2
gr-qc/9906008;gr-qc/9906008;1;2;3
hep-th/9707177;hep-th/9707177;4;3;7
hep-th/0308195;hep-th/0308195;5;22;27
hep-ph/0201018;hep-ph/0201018;59;19;78
hep-th/0305078;hep-th/0305078;20;21;41
hep-th/9607027;hep-th/9607027;19;19;38
0904.1294;0904.1294;0;6;6
hep-th/0611134;hep-th/0611134;3;0;3
hep-th/9208049;hep-th/9208049;2;0;2
hep-th/0304055;hep-th/0304055;4;0;4
math-ph/0507027;math-ph/0507027;1;3;4
hep-th/0409027;hep-th/0409027;2;1;3
0901.4035;0901.4035;0;5;5
hep-th/0001162;hep-th/0001162;4;5;9
hep-th/0008175;hep-th/0008175;14;25;39
hep-th/9910082;hep-th/9910082;26;22;48
hep-th/0101133;hep-th/0101133;30;5;35
0806.2705;0806.2705;0;25;25
hep-th/0609039;hep-th/0609039;8;18;26
0904.2869;0904.2869;0;3;3
hep-th/0609091;hep-th/0609091;7;1;8
gr-qc/0110098;gr-qc/0110098;7;7;14
hep-th/9511202;hep-th/9511202;4;0;4
hep-th/9703105;hep-th/9703105;2;0;2
hep-th/9810166;hep-th/9810166;0;2;2
hep-th/9311113;hep-th/9311113;8;0;8
hep-th/9602130;hep-th/9602130;4;1;5
hep-lat/9807025;hep-lat/9807025;5;6;11
hep-th/9810161;hep-th/9810161;4;23;27
hep-ph/9807288;hep-ph/9807288;2;12;14
hep-th/9512142;hep-th/9512142;30;4;34
hep-th/9510036;hep-th/9510036;28;8;36
hep-th/9509005;hep-th/9509005;9;8;17
hep-th/9710067;hep-th/9710067;11;18;29
hep-th/9502125;hep-th/9502125;38;7;45
hep-th/9806138;hep-th/9806138;11;12;23
hep-th/9810162;hep-th/9810162;1;4;5
hep-th/9607147;hep-th/9607147;10;3;13
hep-th/9601039;hep-th/9601039;17;0;17
hep-th/9706222;hep-th/9706222;5;8;13
hep-th/9201063;hep-th/9201063;11;0;11
hep-ph/9511238;hep-ph/9511238;5;0;5
dg-ga/9408003;dg-ga/9408003;6;0;6
hep-th/9810169;hep-th/9810169;29;4;33
0910.0934;0910.0934;0;1;1
hep-th/0307061;hep-th/0307061;3;6;9
hep-th/0312298;hep-th/0312298;14;0;14
hep-th/0307028;hep-th/0307028;3;52;55
hep-th/0207273;hep-th/0207273;13;49;62
hep-th/0107124;hep-th/0107124;35;27;62
hep-th/0210079;hep-th/0210079;14;48;62
hep-th/9610024;hep-th/9610024;22;51;73
hep-th/0105206;hep-th/0105206;24;18;42
hep-th/0305109;hep-th/0305109;4;53;57
hep-th/0108203;hep-th/0108203;7;17;24
gr-qc/0207072;gr-qc/0207072;15;18;33
hep-th/0205172;hep-th/0205172;9;13;22
hep-th/0307023;hep-th/0307023;2;24;26
hep-th/0012076;hep-th/0012076;33;39;72
hep-th/0306140;hep-th/0306140;10;14;24
hep-th/0307025;hep-th/0307025;3;3;6
hep-th/9810180;hep-th/9810180;4;23;27
hep-th/0212099;hep-th/0212099;8;16;24
hep-th/9609207;hep-th/9609207;6;9;15
hep-th/9704190;hep-th/9704190;13;18;31
hep-th/0212061;hep-th/0212061;42;40;82
hep-th/0305228;hep-th/0305228;2;0;2
hep-th/0212017;hep-th/0212017;12;19;31
hep-th/0210078;hep-th/0210078;11;21;32
hep-th/0209011;hep-th/0209011;18;23;41
hep-th/0211178;hep-th/0211178;17;170;187
hep-th/0212165;hep-th/0212165;6;27;33
hep-th/0206167;hep-th/0206167;26;33;59
hep-th/0204027;hep-th/0204027;31;20;51
hep-th/0302218;hep-th/0302218;21;47;68
hep-th/0210265;hep-th/0210265;7;35;42
hep-th/0106092;hep-th/0106092;17;25;42
hep-th/0104156;hep-th/0104156;36;23;59
hep-th/0207128;hep-th/0207128;14;28;42
0809.4102;0809.4102;0;20;20
hep-th/0611262;hep-th/0611262;8;10;18
hep-th/0402176;hep-th/0402176;10;23;33
astro-ph/0408448;astro-ph/0408448;3;28;31
hep-th/0402019;hep-th/0402019;5;33;38
hep-th/0409193;hep-th/0409193;5;25;30
hep-ph/0005235;hep-ph/0005235;25;48;73
hep-th/0609171;hep-th/0609171;6;83;89
hep-th/0103071;hep-th/0103071;15;27;42
hep-th/0510113;hep-th/0510113;21;109;130
hep-th/0506039;hep-th/0506039;5;11;16
hep-th/0302211;hep-th/0302211;0;14;14
hep-th/0202051;hep-th/0202051;2;17;19
hep-th/9605105;hep-th/9605105;6;9;15
hep-th/9403013;hep-th/9403013;12;1;13
hep-th/9706180;hep-th/9706180;8;3;11
hep-th/9403026;hep-th/9403026;26;2;28
hep-th/0302210;hep-th/0302210;0;5;5
hep-th/0208106;hep-th/0208106;7;7;14
hep-th/9906072;hep-th/9906072;18;0;18
hep-th/0003010;hep-th/0003010;12;2;14
hep-th/9909039;hep-th/9909039;7;4;11
hep-th/0205243;hep-th/0205243;3;2;5
hep-th/0302213;hep-th/0302213;4;18;22
hep-th/0002114;hep-th/0002114;4;9;13
hep-th/9912269;hep-th/9912269;4;14;18
hep-th/9707100;hep-th/9707100;18;10;28
hep-th/9901051;hep-th/9901051;7;3;10
hep-th/0004043;hep-th/0004043;13;3;16
hep-th/0302214;hep-th/0302214;4;4;8
hep-th/9904073;hep-th/9904073;34;34;68
hep-th/0302216;hep-th/0302216;3;9;12
hep-th/9809189;hep-th/9809189;2;5;7
hep-th/9409080;hep-th/9409080;9;0;9
hep-th/0102034;hep-th/0102034;1;5;6
hep-th/9406004;hep-th/9406004;9;1;10
hep-th/9901108;hep-th/9901108;1;6;7
hep-th/9904023;hep-th/9904023;5;5;10
hep-th/9609042;hep-th/9609042;1;1;2
hep-th/9907080;hep-th/9907080;40;13;53
hep-th/0201041;hep-th/0201041;18;46;64
0810.0250;0810.0250;0;25;25
hep-th/0604128;hep-th/0604128;10;61;71
hep-th/0608117;hep-th/0608117;3;10;13
hep-th/0601143;hep-th/0601143;2;5;7
hep-th/0604051;hep-th/0604051;4;17;21
hep-th/0410242;hep-th/0410242;6;1;7
hep-th/0411241;hep-th/0411241;6;0;6
hep-th/0702205;hep-th/0702205;7;29;36
hep-th/0502231;hep-th/0502231;6;0;6
hep-th/0404181;hep-th/0404181;3;21;24
hep-th/0110266;hep-th/0110266;7;10;17
hep-th/0512111;hep-th/0512111;25;20;45
hep-th/0209154;hep-th/0209154;3;15;18
hep-th/0203063;hep-th/0203063;5;7;12
hep-th/9703055;hep-th/9703055;8;3;11
hep-th/9510137;hep-th/9510137;11;15;26
hep-th/0111280;hep-th/0111280;6;8;14
hep-th/0207200;hep-th/0207200;9;7;16
hep-th/0209156;hep-th/0209156;2;16;18
hep-th/0203219;hep-th/0203219;11;24;35
hep-th/0207177;hep-th/0207177;10;26;36
hep-th/0109200;hep-th/0109200;13;24;37
hep-th/0007086;hep-th/0007086;10;10;20
hep-th/0209150;hep-th/0209150;23;62;85
hep-th/0205099;hep-th/0205099;18;0;18
hep-th/0207163;hep-th/0207163;10;24;34
hep-th/0207091;hep-th/0207091;13;49;62
hep-th/0105083;hep-th/0105083;9;47;56
hep-th/0105250;hep-th/0105250;39;28;67
hep-th/0202135;hep-th/0202135;26;57;83
hep-th/0105166;hep-th/0105166;4;58;62
hep-th/0206141;hep-th/0206141;16;68;84
hep-th/0109039;hep-th/0109039;31;24;55
hep-th/9806239;hep-th/9806239;15;0;15
hep-th/0011205;hep-th/0011205;27;17;44
hep-th/0101150;hep-th/0101150;5;13;18
hep-th/0201025;hep-th/0201025;5;33;38
math-ph/9903017;math-ph/9903017;2;0;2
0707.4181;0707.4181;0;47;47
hep-th/0702165;hep-th/0702165;40;29;69
hep-th/0702001;hep-th/0702001;21;16;37
hep-th/0307068;hep-th/0307068;20;20;40
hep-th/0702154;hep-th/0702154;54;70;124
gr-qc/0506040;gr-qc/0506040;13;39;52
hep-th/9708015;hep-th/9708015;29;32;61
hep-ph/0202236;hep-ph/0202236;6;3;9
0802.4122;0802.4122;0;23;23
astro-ph/0509890;astro-ph/0509890;12;4;16
astro-ph/0611775;astro-ph/0611775;14;16;30
0903.2777;0903.2777;0;18;18
solv-int/9505004;solv-int/9505004;3;0;3
hep-th/0507256;hep-th/0507256;10;63;73
hep-th/0309237;hep-th/0309237;20;0;20
solv-int/9506005;solv-int/9506005;5;0;5
hep-th/0510156;hep-th/0510156;12;0;12
hep-th/9705095;hep-th/9705095;11;27;38
0806.3794;0806.3794;0;7;7
gr-qc/9504049;gr-qc/9504049;4;10;14
cond-mat/0504595;cond-mat/0504595;1;3;4
hep-th/0210161;hep-th/0210161;7;3;10
cond-mat/0407752;cond-mat/0407752;3;7;10
cond-mat/0307338;cond-mat/0307338;5;12;17
cond-mat/9610221;cond-mat/9610221;0;5;5
hep-th/9312032;hep-th/9312032;2;6;8
cond-mat/9511083;cond-mat/9511083;1;0;1
cond-mat/9507115;cond-mat/9507115;2;0;2
cond-mat/9512130;cond-mat/9512130;1;1;2
cond-mat/9509055;cond-mat/9509055;2;0;2
gr-qc/0212078;gr-qc/0212078;0;3;3
gr-qc/0003100;gr-qc/0003100;19;4;23
gr-qc/0212079;gr-qc/0212079;4;12;16
hep-th/0108170;hep-th/0108170;16;9;25
hep-th/0204081;hep-th/0204081;11;19;30
0909.0426;0909.0426;0;2;2
0809.4264;0809.4264;0;26;26
hep-th/0212096;hep-th/0212096;12;35;47
cond-mat/9502063;cond-mat/9502063;5;1;6
gr-qc/0209068;gr-qc/0209068;5;1;6
hep-th/0211062;hep-th/0211062;15;3;18
hep-th/0101054;hep-th/0101054;2;0;2
hep-th/0208061;hep-th/0208061;4;4;8
gr-qc/0104030;gr-qc/0104030;5;4;9
gr-qc/0105051;gr-qc/0105051;3;1;4
gr-qc/0212077;gr-qc/0212077;19;12;31
gr-qc/0211109;gr-qc/0211109;7;0;7
0907.1625;0907.1625;0;10;10
hep-th/0111118;hep-th/0111118;4;29;33
hep-th/0108237;hep-th/0108237;8;21;29
hep-th/0108073;hep-th/0108073;6;26;32
hep-th/9806243;hep-th/9806243;5;0;5
hep-th/0001023;hep-th/0001023;17;7;24
q-alg/9602003;q-alg/9602003;3;1;4
hep-th/9412083;hep-th/9412083;8;3;11
hep-th/0505138;hep-th/0505138;2;25;27
hep-th/0012122;hep-th/0012122;5;35;40
hep-th/9902162;hep-th/9902162;6;21;27
cond-mat/9812396;cond-mat/9812396;6;5;11
hep-th/9902161;hep-th/9902161;11;31;42
hep-th/0111114;hep-th/0111114;3;11;14
cond-mat/0105537;cond-mat/0105537;12;5;17
cond-mat/0105141;cond-mat/0105141;7;0;7
hep-th/9402126;hep-th/9402126;7;0;7
nlin/0103010;nlin/0103010;3;6;9
hep-th/9310110;hep-th/9310110;27;0;27
hep-th/9307062;hep-th/9307062;24;0;24
cond-mat/0010349;cond-mat/0010349;7;0;7
hep-th/9911078;hep-th/9911078;9;3;12
hep-lat/9604012;hep-lat/9604012;12;10;22
hep-th/9607101;hep-th/9607101;7;0;7
hep-th/9310015;hep-th/9310015;11;0;11
hep-th/9403067;hep-th/9403067;30;0;30
hep-th/9510217;hep-th/9510217;17;4;21
hep-th/0010187;hep-th/0010187;52;12;64
hep-ph/9712411;hep-ph/9712411;6;1;7
hep-ph/9504233;hep-ph/9504233;6;0;6
hep-th/0111117;hep-th/0111117;4;5;9
hep-th/0102041;hep-th/0102041;10;41;51
hep-th/0003142;hep-th/0003142;12;12;24
hep-th/9301009;hep-th/9301009;2;0;2
hep-th/9306021;hep-th/9306021;6;1;7
hep-th/0111111;hep-th/0111111;0;6;6
hep-th/0110119;hep-th/0110119;1;20;21
hep-ph/0012174;hep-ph/0012174;6;17;23
hep-th/0111112;hep-th/0111112;4;6;10
hep-th/0109202;hep-th/0109202;2;11;13
hep-th/0006180;hep-th/0006180;5;12;17
hep-th/0101101;hep-th/0101101;8;25;33
hep-th/9912262;hep-th/9912262;9;13;22
hep-th/0108234;hep-th/0108234;23;31;54
hep-th/9811217;hep-th/9811217;37;59;96
hep-th/0108229;hep-th/0108229;42;50;92
hep-th/0109214;hep-th/0109214;10;20;30
math-ph/0411076;math-ph/0411076;0;5;5
math-ph/0404045;math-ph/0404045;1;2;3
math-ph/0407033;math-ph/0407033;7;0;7
math-ph/0411077;math-ph/0411077;4;22;26
hep-th/0210301;hep-th/0210301;7;16;23
hep-th/9904044;hep-th/9904044;24;10;34
hep-th/9910243;hep-th/9910243;16;4;20
0911.3702;0911.3702;0;12;12
gr-qc/0504054;gr-qc/0504054;10;13;23
astro-ph/0608034;astro-ph/0608034;5;40;45
hep-th/0412030;hep-th/0412030;20;38;58
0802.4129;0802.4129;0;12;12
hep-th/9905167;hep-th/9905167;5;8;13
hep-th/9602009;hep-th/9602009;6;4;10
hep-th/0212240;hep-th/0212240;8;20;28
hep-th/0309245;hep-th/0309245;10;5;15
hep-th/0209136;hep-th/0209136;21;27;48
hep-th/0205135;hep-th/0205135;15;21;36
hep-th/0609201;hep-th/0609201;4;27;31
hep-th/0312154;hep-th/0312154;14;0;14
hep-th/0702039;hep-th/0702039;10;19;29
hep-th/0004145;hep-th/0004145;29;19;48
hep-th/0112240;hep-th/0112240;2;8;10
math-ph/0411078;math-ph/0411078;0;4;4
hep-th/9801054;hep-th/9801054;9;8;17
hep-th/0409164;hep-th/0409164;1;1;2
hep-th/0411223;hep-th/0411223;3;3;6
hep-th/9310053;hep-th/9310053;7;0;7
0801.0331;0801.0331;0;15;15
hep-th/9704189;hep-th/9704189;27;19;46
hep-th/9704187;hep-th/9704187;1;6;7
hep-th/9511215;hep-th/9511215;1;0;1
hep-th/9704184;hep-th/9704184;8;7;15
hep-th/9607158;hep-th/9607158;23;4;27
hep-th/9701179;hep-th/9701179;12;14;26
hep-th/9612228;hep-th/9612228;8;18;26
hep-th/9704183;hep-th/9704183;0;6;6
hep-th/9211083;hep-th/9211083;10;0;10
hep-th/9504071;hep-th/9504071;9;1;10
hep-th/9412134;hep-th/9412134;3;0;3
hep-th/9405196;hep-th/9405196;9;14;23
hep-th/9407156;hep-th/9407156;2;0;2
hep-th/9408019;hep-th/9408019;21;10;31
hep-th/9704180;hep-th/9704180;3;2;5
hep-th/9704033;hep-th/9704033;1;1;2
hep-th/9704181;hep-th/9704181;2;2;4
hep-th/9911173;hep-th/9911173;7;30;37
hep-th/0001171;hep-th/0001171;4;5;9
hep-th/9902192;hep-th/9902192;4;0;4
hep-th/9109019;hep-th/9109019;26;0;26
hep-th/9808023;hep-th/9808023;6;5;11
hep-th/0001174;hep-th/0001174;4;5;9
hep-th/9803177;hep-th/9803177;23;8;31
hep-th/9809209;hep-th/9809209;8;7;15
hep-th/9909004;hep-th/9909004;21;0;21
hep-th/0001176;hep-th/0001176;3;15;18
hep-th/0001177;hep-th/0001177;12;30;42
hep-th/9709066;hep-th/9709066;15;4;19
hep-th/9812202;hep-th/9812202;10;3;13
hep-th/9911135;hep-th/9911135;18;50;68
hep-th/9803109;hep-th/9803109;51;49;100
hep-th/0001179;hep-th/0001179;9;14;23
hep-th/9903054;hep-th/9903054;7;31;38
hep-th/9912073;hep-th/9912073;10;40;50
hep-th/0212163;hep-th/0212163;11;12;23
gr-qc/0306030;gr-qc/0306030;3;2;5
hep-th/9506142;hep-th/9506142;9;4;13
hep-th/0209185;hep-th/0209185;39;9;48
hep-th/9604151;hep-th/9604151;19;0;19
hep-th/9807084;hep-th/9807084;1;2;3
gr-qc/9603023;gr-qc/9603023;1;2;3
gr-qc/0506035;gr-qc/0506035;11;16;27
cond-mat/0104383;cond-mat/0104383;8;6;14
hep-th/0204210;hep-th/0204210;15;0;15
hep-th/0301247;hep-th/0301247;0;14;14
solv-int/9801021;solv-int/9801021;4;18;22
hep-th/0411225;hep-th/0411225;27;25;52
hep-th/0409033;hep-th/0409033;4;0;4
hep-th/0410245;hep-th/0410245;39;19;58
hep-th/0404235;hep-th/0404235;8;89;97
hep-th/0204207;hep-th/0204207;38;8;46
math/0702205;math/0702205;1;37;38
hep-th/0306038;hep-th/0306038;8;7;15
hep-th/0305079;hep-th/0305079;8;27;35
hep-th/0206200;hep-th/0206200;16;48;64
hep-th/0308141;hep-th/0308141;12;14;26
hep-th/0312165;hep-th/0312165;16;25;41
gr-qc/9501006;gr-qc/9501006;23;3;26
hep-th/0101053;hep-th/0101053;4;11;15
hep-th/0206151;hep-th/0206151;17;23;40
hep-th/9607203;hep-th/9607203;11;13;24
hep-th/9511166;hep-th/9511166;16;11;27
hep-th/9901016;hep-th/9901016;12;12;24
hep-th/0201271;hep-th/0201271;2;23;25
hep-th/9901163;hep-th/9901163;7;5;12
hep-th/0102098;hep-th/0102098;56;3;59
hep-th/0304101;hep-th/0304101;44;23;67
math/9803064;math/9803064;6;0;6
hep-th/9402150;hep-th/9402150;13;1;14
hep-th/9910092;hep-th/9910092;48;45;93
hep-th/9909077;hep-th/9909077;14;30;44
hep-th/9810053;hep-th/9810053;19;18;37
hep-th/9910019;hep-th/9910019;23;25;48
hep-th/9903078;hep-th/9903078;22;31;53
hep-th/9909085;hep-th/9909085;41;20;61
hep-th/9901143;hep-th/9901143;20;12;32
hep-th/9905014;hep-th/9905014;24;18;42
hep-th/9809032;hep-th/9809032;31;29;60
0812.4804;0812.4804;0;45;45
hep-th/0410134;hep-th/0410134;15;0;15
gr-qc/9312011;gr-qc/9312011;1;1;2
hep-th/0204066;hep-th/0204066;30;25;55
gr-qc/9312015;gr-qc/9312015;12;2;14
gr-qc/9305003;gr-qc/9305003;5;1;6
gr-qc/9308024;gr-qc/9308024;6;2;8
hep-th/0702197;hep-th/0702197;2;26;28
hep-ph/0305292;hep-ph/0305292;2;2;4
hep-th/0607025;hep-th/0607025;8;15;23
hep-th/0307143;hep-th/0307143;15;10;25
hep-th/0202122;hep-th/0202122;6;3;9
hep-th/0011243;hep-th/0011243;14;12;26
hep-th/9905026;hep-th/9905026;12;9;21
hep-ph/0502193;hep-ph/0502193;4;1;5
hep-th/0005130;hep-th/0005130;7;27;34
hep-th/0209037;hep-th/0209037;10;15;25
hep-th/0409269;hep-th/0409269;6;13;19
hep-th/9512105;hep-th/9512105;31;22;53
hep-th/0404058;hep-th/0404058;7;12;19
hep-th/9207017;hep-th/9207017;35;0;35
hep-ph/0206001;hep-ph/0206001;3;1;4
hep-th/0610107;hep-th/0610107;7;36;43
hep-th/0107248;hep-th/0107248;13;19;32
hep-th/0005037;hep-th/0005037;13;6;19
hep-th/0407020;hep-th/0407020;6;22;28
hep-th/9909118;hep-th/9909118;18;11;29
hep-th/0402179;hep-th/0402179;18;7;25
hep-ph/0510055;hep-ph/0510055;3;2;5
hep-th/0306171;hep-th/0306171;11;26;37
hep-th/0108206;hep-th/0108206;12;12;24
hep-th/0101170;hep-th/0101170;15;18;33
0707.3189;0707.3189;0;5;5
hep-th/0307149;hep-th/0307149;57;17;74
hep-th/0305156;hep-th/0305156;3;35;38
hep-th/0304056;hep-th/0304056;5;18;23
hep-th/0106219;hep-th/0106219;9;1;10
hep-th/0111081;hep-th/0111081;5;13;18
hep-th/0205027;hep-th/0205027;9;14;23
hep-th/0204122;hep-th/0204122;5;24;29
hep-th/0108068;hep-th/0108068;6;26;32
hep-th/9405020;hep-th/9405020;4;1;5
hep-th/0209066;hep-th/0209066;11;22;33
hep-th/0212023;hep-th/0212023;5;9;14
hep-th/0207032;hep-th/0207032;6;15;21
hep-ph/0501076;hep-ph/0501076;31;21;52
hep-ph/0311224;hep-ph/0311224;26;44;70
hep-th/0403044;hep-th/0403044;15;38;53
hep-ph/0105236;hep-ph/0105236;13;16;29
hep-ph/0212265;hep-ph/0212265;16;13;29
hep-th/9510119;hep-th/9510119;82;5;87
hep-ph/0303165;hep-ph/0303165;39;13;52
hep-th/9910094;hep-th/9910094;9;51;60
hep-th/9909010;hep-th/9909010;19;24;43
hep-th/9808095;hep-th/9808095;18;18;36
hep-th/9902032;hep-th/9902032;34;33;67
hep-th/9908137;hep-th/9908137;11;23;34
0805.4443;0805.4443;0;1;1
hep-th/0304220;hep-th/0304220;18;41;59
hep-ph/0201131;hep-ph/0201131;11;15;26
hep-th/0203191;hep-th/0203191;10;53;63
hep-th/0204057;hep-th/0204057;3;17;20
hep-th/9904183;hep-th/9904183;15;14;29
hep-th/0107123;hep-th/0107123;5;15;20
hep-th/0104087;hep-th/0104087;8;9;17
hep-th/0009130;hep-th/0009130;10;3;13
hep-th/9509173;hep-th/9509173;13;15;28
hep-th/9810128;hep-th/9810128;7;11;18
hep-th/0204055;hep-th/0204055;2;26;28
hep-th/0009017;hep-th/0009017;8;10;18
hep-th/0202191;hep-th/0202191;2;39;41
hep-th/0009141;hep-th/0009141;13;43;56
hep-th/0009095;hep-th/0009095;9;40;49
hep-th/0104168;hep-th/0104168;11;27;38
hep-th/0008213;hep-th/0008213;5;30;35
hep-th/0204052;hep-th/0204052;4;11;15
hep-th/0108046;hep-th/0108046;13;12;25
hep-th/0103123;hep-th/0103123;6;10;16
hep-th/9809135;hep-th/9809135;2;28;30
hep-th/0204053;hep-th/0204053;8;6;14
hep-th/9810094;hep-th/9810094;3;2;5
hep-th/9806073;hep-th/9806073;7;1;8
hep-th/0204050;hep-th/0204050;2;16;18
hep-th/0106038;hep-th/0106038;7;41;48
hep-th/0107096;hep-th/0107096;12;22;34
0802.2065;0802.2065;0;19;19
hep-th/0406009;hep-th/0406009;4;0;4
0902.1444;0902.1444;1;25;26
0802.2060;0802.2060;0;4;4
hep-ph/0207075;hep-ph/0207075;4;3;7
hep-ph/0703203;hep-ph/0703203;2;3;5
0809.3015;0809.3015;0;1;1
hep-th/0511228;hep-th/0511228;6;34;40
hep-th/9904142;hep-th/9904142;47;14;61
hep-th/0301059;hep-th/0301059;7;29;36
hep-th/0004011;hep-th/0004011;25;26;51
hep-th/9401064;hep-th/9401064;0;4;4
hep-th/0105028;hep-th/0105028;12;6;18
hep-th/9910116;hep-th/9910116;9;20;29
hep-th/0101153;hep-th/0101153;7;4;11
hep-th/0411226;hep-th/0411226;0;2;2
hep-th/0211057;hep-th/0211057;17;25;42
hep-th/0511223;hep-th/0511223;1;8;9
hep-th/0011231;hep-th/0011231;16;3;19
hep-th/0504055;hep-th/0504055;13;16;29
hep-th/0511220;hep-th/0511220;8;36;44
hep-th/0506141;hep-th/0506141;22;49;71
hep-th/0412294;hep-th/0412294;11;44;55
hep-th/0508132;hep-th/0508132;3;11;14
hep-th/0502156;hep-th/0502156;17;26;43
hep-th/0511221;hep-th/0511221;3;12;15
hep-th/0511226;hep-th/0511226;0;14;14
hep-th/0511227;hep-th/0511227;15;108;123
gr-qc/0508038;gr-qc/0508038;6;12;18
hep-th/0205103;hep-th/0205103;19;46;65
hep-th/0509225;hep-th/0509225;14;33;47
hep-th/0510052;hep-th/0510052;13;8;21
hep-th/0511137;hep-th/0511137;8;5;13
hep-th/0504026;hep-th/0504026;26;36;62
hep-th/0509088;hep-th/0509088;3;30;33
hep-th/0508119;hep-th/0508119;4;35;39
hep-th/0602097;hep-th/0602097;39;64;103
hep-th/0211018;hep-th/0211018;5;20;25
gr-qc/0512085;gr-qc/0512085;5;8;13
hep-th/0512004;hep-th/0512004;3;24;27
hep-th/0602103;hep-th/0602103;7;20;27
hep-th/0511270;hep-th/0511270;3;53;56
astro-ph/0507148;astro-ph/0507148;12;37;49
hep-th/0507055;hep-th/0507055;1;20;21
hep-th/0511224;hep-th/0511224;5;3;8
hep-th/9910068;hep-th/9910068;13;5;18
hep-th/0410016;hep-th/0410016;7;12;19
gr-qc/0303025;gr-qc/0303025;6;0;6
hep-th/9506066;hep-th/9506066;39;15;54
hep-th/0612186;hep-th/0612186;0;14;14
hep-th/0608087;hep-th/0608087;3;17;20
hep-th/0411015;hep-th/0411015;7;17;24
hep-th/0603240;hep-th/0603240;9;25;34
hep-th/0611026;hep-th/0611026;2;8;10
hep-th/0410112;hep-th/0410112;1;16;17
hep-th/0503042;hep-th/0503042;4;28;32
hep-th/0609148;hep-th/0609148;0;6;6
cond-mat/0307698;cond-mat/0307698;1;3;4
hep-th/0303067;hep-th/0303067;16;11;27
hep-th/9206083;hep-th/9206083;24;2;26
hep-th/0009247;hep-th/0009247;17;35;52
0908.0633;0908.0633;0;16;16
gr-qc/0605072;gr-qc/0605072;6;14;20
hep-th/0006106;hep-th/0006106;12;18;30
hep-th/0010059;hep-th/0010059;21;37;58
hep-th/0012057;hep-th/0012057;11;9;20
0707.2583;0707.2583;0;21;21
gr-qc/0504005;gr-qc/0504005;8;17;25
hep-th/0107102;hep-th/0107102;16;16;32
hep-th/0007250;hep-th/0007250;21;36;57
hep-th/0104125;hep-th/0104125;15;24;39
hep-ph/9903407;hep-ph/9903407;8;31;39
hep-ph/9210218;hep-ph/9210218;22;0;22
0909.2256;0909.2256;0;12;12
astro-ph/0509078;astro-ph/0509078;30;8;38
hep-th/9703029;hep-th/9703029;5;18;23
alg-geom/9710032;alg-geom/9710032;13;0;13
math/9801112;math/9801112;1;11;12
q-alg/9708006;q-alg/9708006;9;0;9
math/9801105;math/9801105;6;16;22
q-alg/9710026;q-alg/9710026;4;0;4
hep-th/9701101;hep-th/9701101;4;12;16
hep-th/9607177;hep-th/9607177;10;8;18
hep-th/9304044;hep-th/9304044;0;2;2
hep-th/9202056;hep-th/9202056;13;0;13
hep-th/9304040;hep-th/9304040;4;1;5
hep-th/0005109;hep-th/0005109;17;2;19
hep-lat/9912023;hep-lat/9912023;12;4;16
hep-th/0005104;hep-th/0005104;5;2;7
hep-th/0005107;hep-th/0005107;4;6;10
hep-th/9810107;hep-th/9810107;9;12;21
hep-th/9911111;hep-th/9911111;2;13;15
hep-th/0005100;hep-th/0005100;3;11;14
hep-th/9411009;hep-th/9411009;13;12;25
hep-th/0005103;hep-th/0005103;6;6;12
hep-th/9912086;hep-th/9912086;46;0;46
hep-th/0005102;hep-th/0005102;0;10;10
gr-qc/9901079;gr-qc/9901079;3;6;9
hep-th/9805167;hep-th/9805167;14;18;32
hep-th/0507198;hep-th/0507198;3;33;36
hep-th/0501206;hep-th/0501206;1;19;20
hep-th/0310150;hep-th/0310150;16;13;29
hep-th/0411181;hep-th/0411181;14;38;52
hep-th/0207199;hep-th/0207199;26;24;50
hep-th/0505073;hep-th/0505073;11;46;57
hep-th/0312264;hep-th/0312264;4;24;28
math/0408147;math/0408147;1;13;14
hep-th/0406078;hep-th/0406078;24;15;39
math/0310272;math/0310272;7;6;13
0708.1482;0708.1482;0;10;10
hep-ph/9705202;hep-ph/9705202;10;18;28
hep-th/9701057;hep-th/9701057;22;13;35
hep-ph/9606467;hep-ph/9606467;14;10;24
hep-th/9605221;hep-th/9605221;34;5;39
hep-th/9607144;hep-th/9607144;16;16;32
hep-th/9704113;hep-th/9704113;7;10;17
0905.1030;0905.1030;0;18;18
hep-th/0107260;hep-th/0107260;6;5;11
hep-th/9703202;hep-th/9703202;6;5;11
hep-th/9603168;hep-th/9603168;6;3;9
hep-th/0512152;hep-th/0512152;0;2;2
cond-mat/0202491;cond-mat/0202491;21;10;31
hep-th/0601058;hep-th/0601058;3;9;12
quant-ph/0612091;quant-ph/0612091;1;16;17
hep-th/9403009;hep-th/9403009;10;2;12
hep-th/0312308;hep-th/0312308;9;16;25
hep-th/0411127;hep-th/0411127;5;8;13
hep-th/0310233;hep-th/0310233;7;30;37
quant-ph/0612093;quant-ph/0612093;1;6;7
hep-th/0107262;hep-th/0107262;1;14;15
hep-th/0102082;hep-th/0102082;3;16;19
hep-th/9912032;hep-th/9912032;6;8;14
hep-th/0105068;hep-th/0105068;8;57;65
hep-ph/9906388;hep-ph/9906388;0;6;6
0706.0663;0706.0663;0;30;30
hep-th/0110252;hep-th/0110252;22;23;45
hep-th/0506166;hep-th/0506166;51;32;83
hep-th/0509066;hep-th/0509066;20;37;57
hep-th/0602230;hep-th/0602230;12;17;29
0711.1033;0711.1033;0;4;4
hep-th/9712235;hep-th/9712235;16;4;20
hep-th/0102006;hep-th/0102006;4;33;37
hep-th/0010292;hep-th/0010292;10;17;27
hep-th/9705226;hep-th/9705226;38;7;45
0711.1037;0711.1037;0;11;11
hep-th/0611248;hep-th/0611248;2;17;19
quant-ph/0305027;quant-ph/0305027;9;6;15
cond-mat/0609768;cond-mat/0609768;5;7;12
0710.0974;0710.0974;0;17;17
0708.1489;0708.1489;0;1;1
hep-th/0609164;hep-th/0609164;4;0;4
0710.0978;0710.0978;0;7;7
hep-ph/0510028;hep-ph/0510028;9;6;15
hep-ph/0411281;hep-ph/0411281;11;3;14
hep-ph/0510012;hep-ph/0510012;8;0;8
hep-ph/0701039;hep-ph/0701039;9;9;18
hep-ph/0511081;hep-ph/0511081;4;0;4
hep-ph/0603025;hep-ph/0603025;5;8;13
hep-ph/0605247;hep-ph/0605247;11;8;19
cond-mat/0005218;cond-mat/0005218;3;1;4
cond-mat/0107390;cond-mat/0107390;2;0;2
0811.2157;0811.2157;0;11;11
cond-mat/0111490;cond-mat/0111490;1;1;2
cond-mat/0007395;cond-mat/0007395;2;2;4
hep-th/0202071;hep-th/0202071;0;18;18
hep-th/9803027;hep-th/9803027;33;13;46
hep-th/9808120;hep-th/9808120;26;24;50
hep-th/9806133;hep-th/9806133;26;17;43
hep-th/9811083;hep-th/9811083;21;12;33
hep-th/0011106;hep-th/0011106;2;21;23
hep-th/9809165;hep-th/9809165;9;17;26
hep-th/9904027;hep-th/9904027;5;15;20
hep-th/9911243;hep-th/9911243;24;17;41
hep-th/0112151;hep-th/0112151;10;23;33
hep-th/0206172;hep-th/0206172;11;8;19
solv-int/9509002;solv-int/9509002;9;1;10
hep-th/0305120;hep-th/0305120;9;12;21
hep-th/9702182;hep-th/9702182;13;26;39
hep-th/0204039;hep-th/0204039;14;18;32
0706.2502;0706.2502;0;23;23
hep-th/0612182;hep-th/0612182;1;47;48
hep-th/0506098;hep-th/0506098;10;11;21
math-ph/0209001;math-ph/0209001;1;7;8
hep-th/9911108;hep-th/9911108;11;4;15
math/0411635;math/0411635;5;5;10
hep-th/9904062;hep-th/9904062;7;8;15
hep-th/0511060;hep-th/0511060;9;8;17
hep-th/0301146;hep-th/0301146;15;0;15
math-ph/0412034;math-ph/0412034;8;5;13
hep-th/0212038;hep-th/0212038;5;11;16
math-ph/0203040;math-ph/0203040;8;9;17
gr-qc/9511008;gr-qc/9511008;7;3;10
math/0411070;math/0411070;6;3;9
math-ph/0610061;math-ph/0610061;1;0;1
math-ph/0604066;math-ph/0604066;1;5;6
hep-th/0401080;hep-th/0401080;4;39;43
hep-th/0604003;hep-th/0604003;2;8;10
hep-th/9702176;hep-th/9702176;10;1;11
hep-th/0511014;hep-th/0511014;2;7;9
hep-th/0411005;hep-th/0411005;2;6;8
hep-th/0402057;hep-th/0402057;3;0;3
hep-th/0403263;hep-th/0403263;3;5;8
hep-th/0407185;hep-th/0407185;13;9;22
hep-th/0602213;hep-th/0602213;2;6;8
hep-th/9711180;hep-th/9711180;2;5;7
hep-th/0503181;hep-th/0503181;1;5;6
hep-th/0501254;hep-th/0501254;2;9;11
hep-ph/0401163;hep-ph/0401163;11;4;15
hep-th/9607110;hep-th/9607110;28;0;28
hep-th/9801101;hep-th/9801101;3;5;8
hep-th/0107048;hep-th/0107048;18;15;33
hep-th/0109002;hep-th/0109002;4;0;4
hep-th/9806006;hep-th/9806006;8;4;12
cond-mat/9607170;cond-mat/9607170;2;5;7
hep-th/0112125;hep-th/0112125;2;28;30
hep-th/0112120;hep-th/0112120;6;2;8
hep-th/9802141;hep-th/9802141;13;28;41
quant-ph/9710016;quant-ph/9710016;5;10;15
hep-th/0004154;hep-th/0004154;6;12;18
hep-th/9504101;hep-th/9504101;16;4;20
hep-th/9603149;hep-th/9603149;26;8;34
hep-th/9609203;hep-th/9609203;23;12;35
hep-th/0001067;hep-th/0001067;7;9;16
hep-th/0101190;hep-th/0101190;7;17;24
hep-th/9606188;hep-th/9606188;16;9;25
quant-ph/9804046;quant-ph/9804046;12;5;17
hep-th/0007013;hep-th/0007013;10;17;27
hep-ph/0012311;hep-ph/0012311;3;3;6
hep-th/0203007;hep-th/0203007;4;11;15
hep-th/0202173;hep-th/0202173;21;28;49
hep-th/0202074;hep-th/0202074;5;22;27
q-alg/9703016;q-alg/9703016;31;3;34
math/0106027;math/0106027;1;3;4
hep-th/9907007;hep-th/9907007;5;0;5
hep-th/9905078;hep-th/9905078;13;22;35
hep-th/0101143;hep-th/0101143;18;35;53
0711.3895;0711.3895;0;9;9
hep-th/0602220;hep-th/0602220;14;10;24
hep-ph/0104305;hep-ph/0104305;1;10;11
hep-ph/0603248;hep-ph/0603248;7;17;24
hep-ph/0302103;hep-ph/0302103;19;0;19
hep-th/0605284;hep-th/0605284;18;13;31
0804.0051;0804.0051;0;20;20
hep-th/9808125;hep-th/9808125;18;13;31
hep-th/0610025;hep-th/0610025;35;22;57
hep-th/0701145;hep-th/0701145;27;42;69
hep-th/0608160;hep-th/0608160;48;28;76
hep-th/0702038;hep-th/0702038;24;36;60
hep-th/0703015;hep-th/0703015;22;41;63
hep-th/9707027;hep-th/9707027;33;46;79
nucl-th/0401009;nucl-th/0401009;0;2;2
cond-mat/0301521;cond-mat/0301521;2;2;4
hep-th/0105152;hep-th/0105152;9;0;9
0809.3981;0809.3981;0;26;26
hep-th/9802092;hep-th/9802092;15;17;32
hep-ph/9701244;hep-ph/9701244;29;8;37
0811.3919;0811.3919;0;122;122
astro-ph/0507455;astro-ph/0507455;24;7;31
hep-ph/9411206;hep-ph/9411206;69;0;69
hep-th/0608200;hep-th/0608200;28;32;60
astro-ph/9901135;astro-ph/9901135;27;9;36
gr-qc/9611019;gr-qc/9611019;35;2;37
astro-ph/0603587;astro-ph/0603587;25;12;37
astro-ph/0506326;astro-ph/0506326;7;6;13
astro-ph/0603406;astro-ph/0603406;7;4;11
astro-ph/0401417;astro-ph/0401417;8;0;8
gr-qc/0604081;gr-qc/0604081;8;7;15
hep-th/0608186;hep-th/0608186;34;67;101
hep-th/0505085;hep-th/0505085;2;0;2
hep-th/9908179;hep-th/9908179;14;4;18
hep-th/0110081;hep-th/0110081;6;10;16
hep-th/9604016;hep-th/9604016;4;15;19
math-ph/0207004;math-ph/0207004;14;10;24
hep-th/9603105;hep-th/9603105;15;3;18
hep-th/0205312;hep-th/0205312;1;3;4
hep-th/0108153;hep-th/0108153;19;12;31
hep-th/0612181;hep-th/0612181;5;31;36
gr-qc/0505007;gr-qc/0505007;3;8;11
hep-th/0306126;hep-th/0306126;5;5;10
hep-th/0208011;hep-th/0208011;14;24;38
hep-th/9605166;hep-th/9605166;15;4;19
hep-th/9605089;hep-th/9605089;24;1;25
hep-th/0003098;hep-th/0003098;9;6;15
hep-th/9906035;hep-th/9906035;4;5;9
0903.0066;0903.0066;0;44;44
gr-qc/0702061;gr-qc/0702061;6;43;49
gr-qc/0401047;gr-qc/0401047;13;33;46
hep-th/0302030;hep-th/0302030;14;125;139
0912.0231;0912.0231;0;23;23
hep-th/0507063;hep-th/0507063;27;33;60
hep-th/0107200;hep-th/0107200;33;15;48
gr-qc/9909025;gr-qc/9909025;3;15;18
hep-th/9412014;hep-th/9412014;6;0;6
hep-th/0108146;hep-th/0108146;0;1;1
hep-th/0008003;hep-th/0008003;4;0;4
hep-th/0108141;hep-th/0108141;2;19;21
nucl-th/9812037;nucl-th/9812037;2;1;3
hep-lat/9307016;hep-lat/9307016;6;8;14
hep-lat/9912004;hep-lat/9912004;7;9;16
hep-th/0101035;hep-th/0101035;7;22;29
hep-th/9810248;hep-th/9810248;8;0;8
hep-th/9912146;hep-th/9912146;19;26;45
hep-th/0006132;hep-th/0006132;36;0;36
hep-th/0108143;hep-th/0108143;10;18;28
hep-th/0003094;hep-th/0003094;0;1;1
math/0505432;math/0505432;8;7;15
hep-th/0108149;hep-th/0108149;3;9;12
hep-th/9806002;hep-th/9806002;10;13;23
hep-th/0003097;hep-th/0003097;3;8;11
hep-th/9708061;hep-th/9708061;8;2;10
cond-mat/0004247;cond-mat/0004247;1;1;2
hep-th/9409116;hep-th/9409116;17;1;18
hep-th/9611074;hep-th/9611074;36;4;40
hep-th/0410239;hep-th/0410239;7;41;48
hep-th/0207253;hep-th/0207253;11;5;16
hep-th/9908208;hep-th/9908208;12;1;13
hep-th/0409107;hep-th/0409107;19;43;62
hep-th/0205272;hep-th/0205272;9;8;17
hep-th/9705048;hep-th/9705048;9;0;9
hep-th/9808190;hep-th/9808190;17;5;22
hep-th/0111128;hep-th/0111128;12;37;49
gr-qc/9911073;gr-qc/9911073;7;3;10
hep-th/9805205;hep-th/9805205;7;0;7
hep-th/0203008;hep-th/0203008;2;0;2
quant-ph/0305128;quant-ph/0305128;1;1;2
quant-ph/0402101;quant-ph/0402101;1;0;1
astro-ph/0311412;astro-ph/0311412;7;6;13
hep-th/0310034;hep-th/0310034;15;24;39
hep-th/0003091;hep-th/0003091;0;5;5
hep-th/9703074;hep-th/9703074;2;1;3
hep-th/0410237;hep-th/0410237;0;50;50
hep-th/0012169;hep-th/0012169;4;37;41
hep-th/9610176;hep-th/9610176;2;10;12
hep-th/9302049;hep-th/9302049;25;6;31
hep-th/9904157;hep-th/9904157;7;1;8
hep-th/0301212;hep-th/0301212;1;12;13
hep-th/9507092;hep-th/9507092;10;2;12
hep-th/9803203;hep-th/9803203;18;6;24
hep-th/0401213;hep-th/0401213;11;32;43
hep-th/0406053;hep-th/0406053;13;40;53
cond-mat/9603132;cond-mat/9603132;8;5;13
hep-th/9303159;hep-th/9303159;22;5;27
hep-th/9311130;hep-th/9311130;43;13;56
hep-th/0410231;hep-th/0410231;0;1;1
hep-th/0410230;hep-th/0410230;16;15;31
hep-th/0403069;hep-th/0403069;25;2;27
hep-ph/0310368;hep-ph/0310368;6;4;10
hep-th/0409014;hep-th/0409014;20;7;27
hep-th/0410233;hep-th/0410233;3;18;21
hep-th/0206243;hep-th/0206243;12;0;12
hep-th/0003090;hep-th/0003090;0;7;7
0909.0959;0909.0959;0;34;34
hep-th/9411220;hep-th/9411220;2;8;10
hep-th/9703114;hep-th/9703114;13;5;18
hep-th/9406073;hep-th/9406073;9;4;13
hep-th/0607005;hep-th/0607005;10;53;63
hep-th/9903005;hep-th/9903005;48;4;52
math-ph/0503014;math-ph/0503014;4;15;19
hep-th/9807189;hep-th/9807189;13;23;36
hep-th/9608068;hep-th/9608068;12;36;48
hep-th/0504202;hep-th/0504202;2;33;35
hep-lat/0606013;hep-lat/0606013;20;56;76
hep-th/0302195;hep-th/0302195;5;39;44
alg-geom/9608029;alg-geom/9608029;4;0;4
hep-th/0411277;hep-th/0411277;6;67;73
hep-th/0606206;hep-th/0606206;7;55;62
hep-th/0307169;hep-th/0307169;3;95;98
hep-th/0505129;hep-th/0505129;33;34;67
hep-th/0509160;hep-th/0509160;9;42;51
hep-th/0303183;hep-th/0303183;20;27;47
hep-th/0409115;hep-th/0409115;19;23;42
hep-th/0701040;hep-th/0701040;16;26;42
hep-lat/0512041;hep-lat/0512041;2;12;14
hep-th/0610042;hep-th/0610042;21;35;56
hep-ph/0509033;hep-ph/0509033;5;7;12
hep-th/0405175;hep-th/0405175;13;53;66
physics/9611008;physics/9611008;2;2;4
physics/9611002;physics/9611002;8;1;9
0907.4139;0907.4139;0;14;14
hep-th/0305142;hep-th/0305142;4;1;5
gr-qc/0208023;gr-qc/0208023;4;3;7
gr-qc/0205055;gr-qc/0205055;4;2;6
gr-qc/0611136;gr-qc/0611136;10;27;37
hep-th/0604050;hep-th/0604050;28;6;34
hep-th/0511007;hep-th/0511007;2;16;18
hep-th/9905121;hep-th/9905121;1;29;30
hep-th/9802103;hep-th/9802103;34;22;56
hep-ph/9804236;hep-ph/9804236;5;106;111
hep-th/9801114;hep-th/9801114;24;19;43
hep-th/9903212;hep-th/9903212;11;34;45
0904.4320;0904.4320;0;32;32
hep-th/0605076;hep-th/0605076;32;21;53
hep-th/0608177;hep-th/0608177;31;34;65
hep-th/0701001;hep-th/0701001;40;40;80
hep-th/0608149;hep-th/0608149;32;13;45
gr-qc/0604114;gr-qc/0604114;21;12;33
hep-th/0701042;hep-th/0701042;4;7;11
cond-mat/0412182;cond-mat/0412182;5;7;12
q-alg/9612012;q-alg/9612012;18;1;19
nlin/0002027;nlin/0002027;7;4;11
hep-th/0511028;hep-th/0511028;3;11;14
hep-th/0503003;hep-th/0503003;3;6;9
hep-th/9604072;hep-th/9604072;16;3;19
cond-mat/9604082;cond-mat/9604082;17;2;19
hep-th/0102084;hep-th/0102084;1;16;17
hep-th/0003240;hep-th/0003240;3;26;29
physics/9611006;physics/9611006;0;6;6
hep-th/9502151;hep-th/9502151;3;0;3
hep-th/9504078;hep-th/9504078;2;0;2
hep-th/9605181;hep-th/9605181;13;0;13
0712.2237;0712.2237;0;27;27
hep-th/0603206;hep-th/0603206;10;44;54
0708.3511;0708.3511;0;6;6
hep-th/0701021;hep-th/0701021;1;5;6
hep-th/0503218;hep-th/0503218;6;4;10
hep-th/0509222;hep-th/0509222;5;6;11
hep-th/0506187;hep-th/0506187;6;6;12
hep-th/0610082;hep-th/0610082;2;19;21
0704.1613;0704.1613;0;2;2
quant-ph/0606186;quant-ph/0606186;2;3;5
quant-ph/0110165;quant-ph/0110165;3;2;5
hep-th/0012150;hep-th/0012150;7;0;7
hep-th/0007235;hep-th/0007235;25;23;48
hep-th/0101213;hep-th/0101213;6;13;19
hep-th/0101125;hep-th/0101125;5;24;29
hep-th/0008214;hep-th/0008214;14;12;26
0907.1134;0907.1134;0;2;2
hep-th/0602040;hep-th/0602040;5;10;15
cond-mat/0012501;cond-mat/0012501;13;4;17
hep-th/9403107;hep-th/9403107;7;0;7
cond-mat/9912141;cond-mat/9912141;24;0;24
gr-qc/0504040;gr-qc/0504040;2;12;14
hep-th/0103036;hep-th/0103036;3;0;3
gr-qc/0409107;gr-qc/0409107;7;5;12
hep-th/0412076;hep-th/0412076;5;18;23
hep-th/9809159;hep-th/9809159;28;9;37
hep-th/0404010;hep-th/0404010;9;10;19
hep-th/0006109;hep-th/0006109;3;0;3
0810.0615;0810.0615;0;3;3
hep-th/0306141;hep-th/0306141;4;1;5
hep-th/0512089;hep-th/0512089;3;2;5
hep-th/0208223;hep-th/0208223;5;0;5
cond-mat/9804093;cond-mat/9804093;1;2;3
cond-mat/9710040;cond-mat/9710040;3;8;11
hep-th/9912259;hep-th/9912259;35;6;41
hep-th/0601147;hep-th/0601147;9;14;23
gr-qc/0604051;gr-qc/0604051;14;15;29
0911.5316;0911.5316;0;3;3
cond-mat/0701501;cond-mat/0701501;7;5;12
cond-mat/0006462;cond-mat/0006462;6;1;7
0907.2917;0907.2917;0;13;13
gr-qc/0310086;gr-qc/0310086;14;9;23
hep-th/0212150;hep-th/0212150;20;38;58
hep-th/0207089;hep-th/0207089;29;27;56
hep-th/0505059;hep-th/0505059;1;6;7
0705.1982;0705.1982;0;34;34
0712.1820;0712.1820;0;35;35
hep-th/0702220;hep-th/0702220;15;45;60
hep-th/9206067;hep-th/9206067;5;8;13
0910.5896;0910.5896;0;19;19
math-ph/0611087;math-ph/0611087;10;27;37
hep-th/0308132;hep-th/0308132;5;9;14
0708.1917;0708.1917;0;4;4
hep-th/0011078;hep-th/0011078;1;1;2
hep-th/0007118;hep-th/0007118;3;0;3
hep-th/0007117;hep-th/0007117;1;0;1
hep-th/0004040;hep-th/0004040;3;30;33
hep-th/9911253;hep-th/9911253;28;38;66
hep-th/0011041;hep-th/0011041;16;0;16
0708.1915;0708.1915;0;12;12
hep-th/9903192;hep-th/9903192;19;6;25
gr-qc/0608131;gr-qc/0608131;16;8;24
gr-qc/0608135;gr-qc/0608135;5;11;16
0904.1218;0904.1218;0;15;15
0708.1911;0708.1911;0;5;5
hep-th/0405188;hep-th/0405188;5;2;7
hep-th/0608113;hep-th/0608113;2;10;12
hep-th/0307012;hep-th/0307012;8;5;13
hep-th/0101042;hep-th/0101042;4;48;52
hep-th/0009117;hep-th/0009117;12;27;39
hep-th/0010276;hep-th/0010276;4;4;8
hep-th/0010208;hep-th/0010208;3;15;18
cond-mat/9307009;cond-mat/9307009;7;0;7
hep-th/9602121;hep-th/9602121;18;1;19
cond-mat/9508063;cond-mat/9508063;8;0;8
hep-ph/9611229;hep-ph/9611229;8;2;10
0804.1219;0804.1219;0;13;13
hep-ph/0010288;hep-ph/0010288;55;16;71
hep-th/0602050;hep-th/0602050;10;17;27
hep-th/0104113;hep-th/0104113;36;21;57
hep-th/9903231;hep-th/9903231;5;18;23
hep-th/9905070;hep-th/9905070;8;7;15
hep-th/9906103;hep-th/9906103;11;15;26
hep-th/9806161;hep-th/9806161;11;23;34
hep-th/9712067;hep-th/9712067;11;3;14
hep-th/9806160;hep-th/9806160;10;8;18
hep-th/9906100;hep-th/9906100;0;1;1
hep-th/9803142;hep-th/9803142;51;45;96
hep-th/9701185;hep-th/9701185;14;26;40
hep-th/9610111;hep-th/9610111;22;20;42
hep-th/9712180;hep-th/9712180;15;18;33
hep-th/9802033;hep-th/9802033;45;24;69
hep-th/9805076;hep-th/9805076;8;34;42
hep-th/9805220;hep-th/9805220;28;26;54
hep-th/9806011;hep-th/9806011;17;31;48
hep-th/9802189;hep-th/9802189;20;8;28
hep-th/9906106;hep-th/9906106;4;10;14
hep-th/9709227;hep-th/9709227;12;8;20
hep-th/9906107;hep-th/9906107;0;3;3
hep-th/9609044;hep-th/9609044;2;1;3
cond-mat/9711156;cond-mat/9711156;1;0;1
hep-th/9405003;hep-th/9405003;7;0;7
hep-th/9906104;hep-th/9906104;0;6;6
hep-th/9810139;hep-th/9810139;6;6;12
hep-th/9505178;hep-th/9505178;3;0;3
hep-th/9710140;hep-th/9710140;6;2;8
hep-th/9603092;hep-th/9603092;14;4;18
hep-th/9706080;hep-th/9706080;2;6;8
hep-th/9812047;hep-th/9812047;15;11;26
hep-th/9906108;hep-th/9906108;6;10;16
hep-th/0101046;hep-th/0101046;6;4;10
hep-th/0011261;hep-th/0011261;5;21;26
hep-th/0003114;hep-th/0003114;21;6;27
hep-th/9310149;hep-th/9310149;6;4;10
hep-th/9309096;hep-th/9309096;9;1;10
hep-th/9306150;hep-th/9306150;28;5;33
hep-th/9403079;hep-th/9403079;6;3;9
hep-ph/9609431;hep-ph/9609431;7;22;29
hep-ph/9608256;hep-ph/9608256;22;0;22
astro-ph/9612141;astro-ph/9612141;7;8;15
hep-th/0605274;hep-th/0605274;4;11;15
hep-th/0605273;hep-th/0605273;6;10;16
hep-th/9310143;hep-th/9310143;0;5;5
hep-th/9310141;hep-th/9310141;4;3;7
hep-th/9310140;hep-th/9310140;11;1;12
hep-th/9310145;hep-th/9310145;4;3;7
hep-th/9206002;hep-th/9206002;36;0;36
hep-th/9111043;hep-th/9111043;17;0;17
hep-th/9201036;hep-th/9201036;19;1;20
gr-qc/0205123;gr-qc/0205123;8;7;15
gr-qc/0008053;gr-qc/0008053;34;8;42
gr-qc/9910104;gr-qc/9910104;28;8;36
hep-th/9401148;hep-th/9401148;4;3;7
hep-th/9305038;hep-th/9305038;10;3;13
hep-th/9212134;hep-th/9212134;7;0;7
hep-th/9304005;hep-th/9304005;32;0;32
hep-th/9401144;hep-th/9401144;1;4;5
hep-th/9205100;hep-th/9205100;7;0;7
hep-th/9401145;hep-th/9401145;16;2;18
hep-th/9401147;hep-th/9401147;3;13;16
hep-th/9205016;hep-th/9205016;8;3;11
hep-th/9401143;hep-th/9401143;5;7;12
hep-ph/0003001;hep-ph/0003001;2;8;10
hep-ph/0001184;hep-ph/0001184;2;6;8
hep-ph/9704216;hep-ph/9704216;5;3;8
hep-ph/9912519;hep-ph/9912519;4;3;7
hep-th/9611166;hep-th/9611166;4;0;4
hep-th/9802044;hep-th/9802044;2;5;7
hep-th/9908087;hep-th/9908087;4;4;8
hep-th/9711167;hep-th/9711167;6;5;11
gr-qc/0312014;gr-qc/0312014;4;22;26
hep-th/9907056;hep-th/9907056;4;4;8
hep-th/9305088;hep-th/9305088;11;0;11
quant-ph/9908079;quant-ph/9908079;8;7;15
hep-th/9706178;hep-th/9706178;6;4;10
hep-th/9510019;hep-th/9510019;4;0;4
gr-qc/9902069;gr-qc/9902069;14;6;20
hep-th/9701112;hep-th/9701112;3;1;4
hep-th/9401110;hep-th/9401110;20;1;21
hep-th/0111270;hep-th/0111270;9;8;17
quant-ph/0307069;quant-ph/0307069;9;0;9
hep-th/9806156;hep-th/9806156;16;12;28
hep-th/9211076;hep-th/9211076;14;0;14
hep-ph/9407356;hep-ph/9407356;5;1;6
hep-th/9305004;hep-th/9305004;21;0;21
hep-th/9306148;hep-th/9306148;9;0;9
hep-th/0605272;hep-th/0605272;1;13;14
hep-th/0312220;hep-th/0312220;13;13;26
hep-th/0402098;hep-th/0402098;1;28;29
hep-th/9201072;hep-th/9201072;18;0;18
hep-th/9204049;hep-th/9204049;14;3;17
hep-th/9309115;hep-th/9309115;40;17;57
hep-th/9110068;hep-th/9110068;5;0;5
hep-th/9208064;hep-th/9208064;7;6;13
hep-th/9309040;hep-th/9309040;3;13;16
hep-th/0312301;hep-th/0312301;17;53;70
hep-ph/9804214;hep-ph/9804214;11;0;11
hep-ph/9710347;hep-ph/9710347;9;10;19
hep-ph/9703232;hep-ph/9703232;20;9;29
hep-ph/9606241;hep-ph/9606241;22;5;27
hep-th/0103131;hep-th/0103131;7;10;17
hep-th/0102101;hep-th/0102101;29;26;55
hep-th/0103130;hep-th/0103130;4;5;9
gr-qc/0101040;gr-qc/0101040;1;3;4
hep-th/0103132;hep-th/0103132;0;18;18
hep-th/9712216;hep-th/9712216;3;0;3
hep-th/9712191;hep-th/9712191;4;6;10
hep-th/0007020;hep-th/0007020;10;27;37
hep-ph/9708251;hep-ph/9708251;16;11;27
hep-ph/0007350;hep-ph/0007350;33;6;39
hep-th/0011020;hep-th/0011020;10;13;23
hep-th/0007231;hep-th/0007231;27;28;55
hep-th/0101195;hep-th/0101195;20;15;35
hep-th/0103152;hep-th/0103152;10;32;42
hep-th/9711203;hep-th/9711203;20;30;50
hep-th/0012236;hep-th/0012236;17;13;30
hep-th/0012087;hep-th/0012087;5;6;11
hep-th/0009236;hep-th/0009236;7;4;11
hep-th/0102016;hep-th/0102016;28;28;56
hep-th/9511060;hep-th/9511060;23;10;33
0912.1166;0912.1166;0;25;25
hep-th/0603202;hep-th/0603202;8;22;30
hep-th/0609119;hep-th/0609119;2;10;12
hep-th/0703218;hep-th/0703218;4;0;4
0708.1151;0708.1151;0;17;17
hep-th/0209221;hep-th/0209221;21;15;36
hep-th/9211099;hep-th/9211099;6;0;6
hep-th/0502012;hep-th/0502012;19;35;54
hep-th/9601005;hep-th/9601005;3;0;3
0808.1115;0808.1115;0;71;71
0801.2253;0801.2253;0;15;15
hep-th/0203144;hep-th/0203144;4;28;32
hep-th/0402129;hep-th/0402129;3;26;29
hep-th/0701013;hep-th/0701013;3;55;58
hep-th/0111158;hep-th/0111158;3;16;19
hep-th/9911200;hep-th/9911200;6;71;77
hep-th/0207043;hep-th/0207043;2;8;10
hep-ph/9310370;hep-ph/9310370;7;2;9
hep-th/9909226;hep-th/9909226;17;7;24
0710.5040;0710.5040;0;8;8
hep-th/0511012;hep-th/0511012;5;6;11
hep-th/0304083;hep-th/0304083;11;8;19
hep-th/0208006;hep-th/0208006;13;0;13
hep-th/0407201;hep-th/0407201;7;7;14
hep-th/0608042;hep-th/0608042;4;8;12
hep-th/0603030;hep-th/0603030;5;0;5
hep-th/0305128;hep-th/0305128;10;6;16
hep-th/0303146;hep-th/0303146;4;9;13
hep-th/0105118;hep-th/0105118;7;5;12
hep-th/9803160;hep-th/9803160;11;6;17
math/0210081;math/0210081;2;1;3
hep-th/0207196;hep-th/0207196;7;6;13
hep-th/0003239;hep-th/0003239;11;1;12
hep-th/0109141;hep-th/0109141;7;10;17
math/0207169;math/0207169;5;14;19
hep-th/9810209;hep-th/9810209;0;2;2
hep-th/9506047;hep-th/9506047;2;7;9
hep-th/9810208;hep-th/9810208;0;4;4
hep-th/9404113;hep-th/9404113;26;12;38
hep-th/9302124;hep-th/9302124;20;8;28
hep-th/0609183;hep-th/0609183;5;23;28
hep-th/0602148;hep-th/0602148;2;43;45
hep-ph/9609322;hep-ph/9609322;8;9;17
hep-ph/9601263;hep-ph/9601263;1;0;1
hep-ph/9501278;hep-ph/9501278;2;0;2
hep-ph/9607249;hep-ph/9607249;6;1;7
hep-ph/9401268;hep-ph/9401268;1;0;1
hep-ph/9406312;hep-ph/9406312;13;0;13
hep-ph/9603429;hep-ph/9603429;12;2;14
hep-ph/9401293;hep-ph/9401293;1;0;1
hep-ph/9410221;hep-ph/9410221;2;0;2
hep-th/9610046;hep-th/9610046;4;26;30
hep-th/9804060;hep-th/9804060;14;58;72
hep-th/9803193;hep-th/9803193;24;0;24
hep-th/9803060;hep-th/9803060;41;28;69
hep-th/9802195;hep-th/9802195;41;15;56
hep-th/9809162;hep-th/9809162;27;18;45
hep-th/9806041;hep-th/9806041;18;40;58
hep-th/9808143;hep-th/9808143;10;38;48
hep-th/9804093;hep-th/9804093;15;17;32
hep-th/9808182;hep-th/9808182;9;40;49
hep-th/9803119;hep-th/9803119;29;33;62
gr-qc/9511053;gr-qc/9511053;8;6;14
hep-th/9810203;hep-th/9810203;4;18;22
hep-th/9709005;hep-th/9709005;8;6;14
hep-th/9801051;hep-th/9801051;11;8;19
hep-th/9710030;hep-th/9710030;10;19;29
hep-th/9802152;hep-th/9802152;7;15;22
hep-th/9810136;hep-th/9810136;6;33;39
hep-th/9801085;hep-th/9801085;6;11;17
hep-th/9806096;hep-th/9806096;6;20;26
hep-th/9810202;hep-th/9810202;2;4;6
hep-th/9802014;hep-th/9802014;1;0;1
hep-th/9707159;hep-th/9707159;10;8;18
quant-ph/0311159;quant-ph/0311159;8;4;12
hep-th/0401223;hep-th/0401223;5;0;5
gr-qc/0007044;gr-qc/0007044;22;28;50
hep-th/0008103;hep-th/0008103;2;26;28
hep-th/0008198;hep-th/0008198;1;7;8
hep-th/0007216;hep-th/0007216;1;10;11
hep-th/9911177;hep-th/9911177;6;16;22
hep-th/9812166;hep-th/9812166;10;22;32
hep-th/0008195;hep-th/0008195;5;1;6
hep-th/0008194;hep-th/0008194;31;43;74
hep-th/0001132;hep-th/0001132;44;31;75
q-alg/9511026;q-alg/9511026;4;5;9
hep-ph/9612202;hep-ph/9612202;3;2;5
hep-ph/9503411;hep-ph/9503411;8;1;9
hep-ph/9812350;hep-ph/9812350;2;9;11
hep-th/0008196;hep-th/0008196;1;19;20
hep-th/9907059;hep-th/9907059;3;0;3
hep-th/0006198;hep-th/0006198;1;22;23
hep-th/9612195;hep-th/9612195;16;19;35
hep-th/9905069;hep-th/9905069;5;5;10
hep-th/9608084;hep-th/9608084;12;15;27
hep-th/9905194;hep-th/9905194;3;6;9
hep-th/9706179;hep-th/9706179;14;4;18
hep-th/0008134;hep-th/0008134;9;23;32
hep-th/0007205;hep-th/0007205;14;40;54
hep-th/0008193;hep-th/0008193;3;24;27
hep-th/0002033;hep-th/0002033;16;10;26
hep-th/0002229;hep-th/0002229;2;8;10
hep-th/9903149;hep-th/9903149;5;23;28
hep-th/0103049;hep-th/0103049;5;16;21
hep-th/9210008;hep-th/9210008;22;2;24
hep-th/0104003;hep-th/0104003;5;10;15
hep-th/0403281;hep-th/0403281;4;30;34
hep-th/0007222;hep-th/0007222;8;32;40
hep-th/0106220;hep-th/0106220;40;7;47
hep-th/0305001;hep-th/0305001;8;14;22
hep-th/0401225;hep-th/0401225;16;15;31
hep-th/0403282;hep-th/0403282;0;3;3
hep-th/9812124;hep-th/9812124;9;1;10
hep-th/0403283;hep-th/0403283;1;39;40
hep-th/0209210;hep-th/0209210;16;32;48
hep-th/0203188;hep-th/0203188;21;39;60
hep-th/0302177;hep-th/0302177;2;11;13
hep-th/0201060;hep-th/0201060;22;22;44
hep-lat/9911005;hep-lat/9911005;4;12;16
hep-th/0306280;hep-th/0306280;8;7;15
hep-th/0212050;hep-th/0212050;9;8;17
hep-th/0203070;hep-th/0203070;28;15;43
hep-th/0312251;hep-th/0312251;13;20;33
hep-lat/9809158;hep-lat/9809158;13;2;15
hep-th/0302157;hep-th/0302157;3;11;14
hep-th/0008096;hep-th/0008096;23;27;50
gr-qc/0204092;gr-qc/0204092;36;40;76
hep-th/0103227;hep-th/0103227;8;7;15
hep-th/0302154;hep-th/0302154;3;11;14
hep-th/9810018;hep-th/9810018;4;0;4
hep-th/0108078;hep-th/0108078;12;12;24
hep-th/0103117;hep-th/0103117;2;23;25
hep-th/9712005;hep-th/9712005;19;74;93
hep-th/0301071;hep-th/0301071;43;76;119
hep-th/0212079;hep-th/0212079;23;49;72
hep-th/0301171;hep-th/0301171;8;38;46
hep-th/0211245;hep-th/0211245;61;0;61
hep-th/9712149;hep-th/9712149;15;64;79
hep-th/0212010;hep-th/0212010;43;61;104
hep-th/9705069;hep-th/9705069;16;15;31
hep-th/0211274;hep-th/0211274;21;31;52
hep-th/0301011;hep-th/0301011;21;65;86
hep-th/9712172;hep-th/9712172;15;39;54
hep-th/0212083;hep-th/0212083;27;35;62
hep-th/9701009;hep-th/9701009;20;20;40
hep-th/0212253;hep-th/0212253;25;105;130
hep-th/0301135;hep-th/0301135;23;62;85
hep-th/9607151;hep-th/9607151;22;19;41
hep-th/0212025;hep-th/0212025;29;35;64
hep-th/0212231;hep-th/0212231;19;53;72
hep-th/0301217;hep-th/0301217;28;79;107
hep-th/0011189;hep-th/0011189;11;9;20
cond-mat/0011413;cond-mat/0011413;9;15;24
cond-mat/0009166;cond-mat/0009166;5;2;7
gr-qc/0407073;gr-qc/0407073;22;16;38
0907.1567;0907.1567;0;37;37
hep-th/0307210;hep-th/0307210;17;46;63
hep-th/0409261;hep-th/0409261;11;56;67
hep-th/0407140;hep-th/0407140;16;76;92
hep-th/0603165;hep-th/0603165;28;44;72
hep-th/9809178;hep-th/9809178;8;6;14
gr-qc/0507020;gr-qc/0507020;8;9;17
hep-th/0208080;hep-th/0208080;18;44;62
gr-qc/0504023;gr-qc/0504023;6;5;11
gr-qc/0502053;gr-qc/0502053;2;12;14
hep-th/0112038;hep-th/0112038;9;46;55
hep-th/9406069;hep-th/9406069;30;9;39
hep-th/0210185;hep-th/0210185;10;8;18
hep-th/0211120;hep-th/0211120;10;24;34
gr-qc/0507022;gr-qc/0507022;0;5;5
gr-qc/0507026;gr-qc/0507026;0;3;3
hep-th/9705191;hep-th/9705191;3;1;4
hep-ph/0010207;hep-ph/0010207;5;4;9
hep-ph/9906445;hep-ph/9906445;3;5;8
math-ph/0610024;math-ph/0610024;5;43;48
math-ph/0610022;math-ph/0610022;3;5;8
hep-th/0407077;hep-th/0407077;24;50;74
hep-th/0407237;hep-th/0407237;6;5;11
hep-th/0108124;hep-th/0108124;7;16;23
hep-th/0607125;hep-th/0607125;1;19;20
hep-ph/0408222;hep-ph/0408222;0;1;1
hep-ph/0408221;hep-ph/0408221;1;0;1
physics/0703037;physics/0703037;0;1;1
hep-th/0011180;hep-th/0011180;0;1;1
0805.4520;0805.4520;0;19;19
0912.2257;0912.2257;0;14;14
hep-th/9312168;hep-th/9312168;20;6;26
hep-ph/0508286;hep-ph/0508286;1;24;25
hep-ph/0308110;hep-ph/0308110;5;31;36
hep-ph/0212258;hep-ph/0212258;10;23;33
0910.4110;0910.4110;0;13;13
hep-th/9502152;hep-th/9502152;7;1;8
gr-qc/9611018;gr-qc/9611018;21;2;23
hep-th/9901156;hep-th/9901156;5;4;9
hep-th/0410097;hep-th/0410097;3;31;34
gr-qc/0503033;gr-qc/0503033;7;11;18
hep-th/9809169;hep-th/9809169;1;8;9
hep-th/9911065;hep-th/9911065;6;23;29
hep-th/9904186;hep-th/9904186;11;10;21
hep-th/9906164;hep-th/9906164;9;15;24
0905.2541;0905.2541;0;2;2
gr-qc/0304106;gr-qc/0304106;10;2;12
hep-th/0111116;hep-th/0111116;3;3;6
hep-th/9911064;hep-th/9911064;4;11;15
hep-th/9705105;hep-th/9705105;15;4;19
hep-th/9704157;hep-th/9704157;22;10;32
hep-th/9708110;hep-th/9708110;6;10;16
hep-th/0010194;hep-th/0010194;7;22;29
hep-th/0112176;hep-th/0112176;6;43;49
hep-th/0110215;hep-th/0110215;22;30;52
hep-th/0111145;hep-th/0111145;8;28;36
hep-th/0110066;hep-th/0110066;20;34;54
hep-th/0101089;hep-th/0101089;17;3;20
hep-th/9609107;hep-th/9609107;9;8;17
hep-th/0105099;hep-th/0105099;5;0;5
hep-th/9706044;hep-th/9706044;2;0;2
hep-th/0106087;hep-th/0106087;8;3;11
hep-th/0111004;hep-th/0111004;33;15;48
hep-th/0111199;hep-th/0111199;25;44;69
hep-th/0111155;hep-th/0111155;40;11;51
hep-ph/9908518;hep-ph/9908518;2;12;14
gr-qc/9905075;gr-qc/9905075;12;5;17
hep-th/9907207;hep-th/9907207;1;3;4
hep-th/9707014;hep-th/9707014;17;20;37
hep-th/9712166;hep-th/9712166;33;16;49
hep-ph/9906427;hep-ph/9906427;1;7;8
hep-th/0112171;hep-th/0112171;0;1;1
hep-th/0003079;hep-th/0003079;4;0;4
hep-th/0112170;hep-th/0112170;9;19;28
hep-th/0105109;hep-th/0105109;7;7;14
hep-th/0009243;hep-th/0009243;9;11;20
quant-ph/9906081;quant-ph/9906081;3;7;10
hep-th/9605084;hep-th/9605084;5;0;5
hep-th/9611077;hep-th/9611077;17;5;22
hep-th/9403188;hep-th/9403188;32;2;34
hep-th/0006227;hep-th/0006227;5;10;15
hep-th/0109089;hep-th/0109089;6;7;13
hep-th/9907217;hep-th/9907217;22;1;23
hep-th/9906019;hep-th/9906019;9;11;20
hep-th/9612106;hep-th/9612106;0;1;1
hep-th/9510046;hep-th/9510046;2;0;2
hep-th/9612104;hep-th/9612104;2;21;23
hep-th/9605040;hep-th/9605040;4;2;6
hep-th/9605050;hep-th/9605050;3;8;11
hep-th/9205072;hep-th/9205072;33;1;34
hep-th/9605223;hep-th/9605223;2;24;26
hep-th/9110075;hep-th/9110075;6;0;6
hep-th/9511160;hep-th/9511160;1;2;3
hep-th/9601030;hep-th/9601030;11;2;13
hep-th/9911061;hep-th/9911061;1;11;12
hep-ph/9909551;hep-ph/9909551;4;8;12
hep-th/9906062;hep-th/9906062;3;3;6
0707.1270;0707.1270;0;13;13
hep-th/0703166;hep-th/0703166;5;13;18
hep-th/0201050;hep-th/0201050;5;6;11
hep-th/0605111;hep-th/0605111;2;2;4
hep-th/0502025;hep-th/0502025;8;6;14
gr-qc/0111049;gr-qc/0111049;10;2;12
hep-th/0110158;hep-th/0110158;7;8;15
hep-th/9911063;hep-th/9911063;14;6;20
hep-th/9502157;hep-th/9502157;8;0;8
hep-th/9809069;hep-th/9809069;2;2;4
0911.3461;0911.3461;0;19;19
hep-th/0408204;hep-th/0408204;16;7;23
hep-th/0201144;hep-th/0201144;46;39;85
hep-th/0409127;hep-th/0409127;3;24;27
hep-th/0206077;hep-th/0206077;9;23;32
hep-th/0203197;hep-th/0203197;6;5;11
hep-th/9911062;hep-th/9911062;6;14;20
hep-th/9605114;hep-th/9605114;4;4;8
hep-th/9610008;hep-th/9610008;7;7;14
hep-th/9706170;hep-th/9706170;7;11;18
hep-th/9810245;hep-th/9810245;6;0;6
hep-th/9611169;hep-th/9611169;16;0;16
astro-ph/9801115;astro-ph/9801115;0;6;6
hep-th/9605185;hep-th/9605185;6;9;15
math-ph/0511025;math-ph/0511025;1;2;3
hep-th/9911126;hep-th/9911126;6;5;11
hep-th/9707175;hep-th/9707175;18;6;24
hep-th/9811198;hep-th/9811198;8;16;24
hep-th/0001007;hep-th/0001007;1;5;6
nlin/0004021;nlin/0004021;8;2;10
0804.2778;0804.2778;0;10;10
hep-th/0703055;hep-th/0703055;8;49;57
gr-qc/0702144;gr-qc/0702144;14;0;14
hep-ph/0211425;hep-ph/0211425;9;33;42
hep-ph/0108136;hep-ph/0108136;5;15;20
0906.4319;0906.4319;0;7;7
hep-th/9601105;hep-th/9601105;13;8;21
hep-th/9305045;hep-th/9305045;26;3;29
gr-qc/9603019;gr-qc/9603019;5;3;8
hep-th/0605185;hep-th/0605185;1;6;7
hep-th/0605184;hep-th/0605184;13;19;32
hep-th/0501164;hep-th/0501164;10;19;29
hep-th/9705139;hep-th/9705139;32;35;67
hep-th/0406083;hep-th/0406083;1;16;17
hep-th/0605183;hep-th/0605183;12;20;32
hep-th/0502222;hep-th/0502222;10;6;16
hep-th/0510245;hep-th/0510245;19;40;59
hep-ph/0401185;hep-ph/0401185;12;31;43
hep-th/0305251;hep-th/0305251;14;7;21
hep-ph/0503179;hep-ph/0503179;10;29;39
hep-ph/0410383;hep-ph/0410383;3;3;6
0708.1001;0708.1001;0;36;36
hep-th/0611062;hep-th/0611062;17;41;58
hep-th/9202061;hep-th/9202061;15;0;15
hep-th/0203021;hep-th/0203021;8;45;53
hep-th/9207035;hep-th/9207035;2;0;2
hep-th/9203045;hep-th/9203045;17;0;17
hep-th/9808094;hep-th/9808094;2;11;13
hep-th/9403192;hep-th/9403192;35;10;45
hep-th/0703087;hep-th/0703087;32;89;121
hep-th/0404023;hep-th/0404023;8;0;8
hep-th/0702072;hep-th/0702072;28;53;81
0905.3183;0905.3183;0;28;28
gr-qc/9606083;gr-qc/9606083;11;4;15
gr-qc/9606070;gr-qc/9606070;6;4;10
hep-th/9601064;hep-th/9601064;28;14;42
0708.1002;0708.1002;0;24;24
hep-th/0107022;hep-th/0107022;21;28;49
hep-th/0109222;hep-th/0109222;28;20;48
hep-th/0402013;hep-th/0402013;7;17;24
hep-th/0309154;hep-th/0309154;12;27;39
hep-th/0309193;hep-th/0309193;9;26;35
gr-qc/9606084;gr-qc/9606084;0;8;8
hep-th/9602034;hep-th/9602034;1;0;1
hep-th/9410076;hep-th/9410076;3;3;6
gr-qc/9604030;gr-qc/9604030;12;11;23
gr-qc/9506068;gr-qc/9506068;17;5;22
hep-th/9512213;hep-th/9512213;1;4;5
hep-th/9402115;hep-th/9402115;44;0;44
hep-th/0407138;hep-th/0407138;9;34;43
hep-th/0302174;hep-th/0302174;40;51;91
hep-th/0409050;hep-th/0409050;13;27;40
hep-th/0601013;hep-th/0601013;7;17;24
hep-th/0509232;hep-th/0509232;4;11;15
hep-th/9403091;hep-th/9403091;5;0;5
cond-mat/0503545;cond-mat/0503545;2;4;6
cond-mat/0302448;cond-mat/0302448;1;0;1
0907.1691;0907.1691;0;5;5
0911.0593;0911.0593;0;4;4
hep-th/9211028;hep-th/9211028;6;0;6
0710.1746;0710.1746;0;36;36
hep-th/0510133;hep-th/0510133;15;26;41
hep-th/0009060;hep-th/0009060;10;34;44
hep-th/9709001;hep-th/9709001;11;28;39
hep-th/0006113;hep-th/0006113;9;27;36
solv-int/9808018;solv-int/9808018;3;0;3
hep-th/9912124;hep-th/9912124;4;28;32
hep-th/0305111;hep-th/0305111;1;3;4
hep-th/0207010;hep-th/0207010;3;2;5
hep-th/0108227;hep-th/0108227;2;0;2
hep-th/0207182;hep-th/0207182;1;1;2
hep-th/0102038;hep-th/0102038;5;17;22
hep-th/9903215;hep-th/9903215;16;36;52
hep-th/9806238;hep-th/9806238;33;0;33
hep-th/9610076;hep-th/9610076;42;14;56
hep-th/9812028;hep-th/9812028;32;31;63
cond-mat/9606104;cond-mat/9606104;18;9;27
hep-ph/0211395;hep-ph/0211395;10;40;50
hep-th/9711116;hep-th/9711116;25;8;33
hep-th/9902134;hep-th/9902134;37;26;63
hep-th/9807166;hep-th/9807166;8;14;22
hep-th/9909014;hep-th/9909014;1;1;2
hep-th/9907210;hep-th/9907210;12;27;39
hep-th/9802154;hep-th/9802154;6;3;9
hep-th/9712181;hep-th/9712181;10;3;13
hep-th/9905109;hep-th/9905109;4;2;6
hep-th/9909012;hep-th/9909012;1;7;8
hep-th/9803073;hep-th/9803073;4;1;5
gr-qc/9301012;gr-qc/9301012;14;0;14
hep-th/9708097;hep-th/9708097;9;0;9
gr-qc/9809069;gr-qc/9809069;1;2;3
0804.1072;0804.1072;0;13;13
hep-th/0703167;hep-th/0703167;7;9;16
hep-th/0212302;hep-th/0212302;12;3;15
hep-th/9802196;hep-th/9802196;18;12;30
hep-th/0612294;hep-th/0612294;8;3;11
0807.2114;0807.2114;0;58;58
hep-th/0508169;hep-th/0508169;23;13;36
hep-th/0405061;hep-th/0405061;23;6;29
gr-qc/0404035;gr-qc/0404035;7;5;12
hep-th/0407058;hep-th/0407058;41;16;57
hep-th/0606213;hep-th/0606213;22;10;32
hep-th/0602084;hep-th/0602084;10;10;20
hep-th/0611285;hep-th/0611285;30;0;30
hep-th/0602118;hep-th/0602118;11;13;24
gr-qc/0312021;gr-qc/0312021;7;3;10
hep-th/0504158;hep-th/0504158;15;25;40
gr-qc/0507080;gr-qc/0507080;12;33;45
hep-th/0607065;hep-th/0607065;4;21;25
hep-th/0406196;hep-th/0406196;56;14;70
gr-qc/0610144;gr-qc/0610144;33;15;48
gr-qc/0304017;gr-qc/0304017;16;15;31
hep-th/0302100;hep-th/0302100;4;11;15
hep-th/0212317;hep-th/0212317;30;34;64
astro-ph/0211036;astro-ph/0211036;8;0;8
hep-ph/0302159;hep-ph/0302159;11;11;22
hep-th/0210258;hep-th/0210258;2;0;2
hep-th/0206100;hep-th/0206100;47;17;64
astro-ph/0210321;astro-ph/0210321;21;5;26
0907.1967;0907.1967;0;2;2
gr-qc/0701106;gr-qc/0701106;8;4;12
hep-th/9302117;hep-th/9302117;12;0;12
0708.2673;0708.2673;0;8;8
hep-ph/0205302;hep-ph/0205302;3;6;9
hep-ph/9707423;hep-ph/9707423;32;4;36
0812.1596;0812.1596;0;20;20
0811.3353;0811.3353;0;20;20
hep-th/0604037;hep-th/0604037;17;40;57
hep-th/0601149;hep-th/0601149;9;15;24
hep-th/0510161;hep-th/0510161;11;10;21
hep-th/0405166;hep-th/0405166;18;7;25
hep-th/0606245;hep-th/0606245;10;13;23
hep-th/0606222;hep-th/0606222;4;32;36
hep-th/0307106;hep-th/0307106;23;67;90
hep-th/0510266;hep-th/0510266;5;8;13
hep-th/0009068;hep-th/0009068;12;9;21
hep-th/9911140;hep-th/9911140;35;40;75
0708.3984;0708.3984;0;112;112
hep-th/0412270;hep-th/0412270;11;120;131
hep-th/0608171;hep-th/0608171;13;48;61
hep-th/0606278;hep-th/0606278;4;17;21
hep-th/0409176;hep-th/0409176;25;10;35
hep-th/0409073;hep-th/0409073;25;17;42
hep-th/0503122;hep-th/0503122;27;13;40
hep-th/0607020;hep-th/0607020;10;27;37
hep-th/0511158;hep-th/0511158;14;41;55
nucl-th/9907037;nucl-th/9907037;0;5;5
hep-ph/9812404;hep-ph/9812404;3;1;4
hep-th/9803062;hep-th/9803062;2;1;3
hep-ph/9806365;hep-ph/9806365;10;1;11
0708.3983;0708.3983;0;20;20
hep-ph/0505050;hep-ph/0505050;16;25;41
hep-ph/0311336;hep-ph/0311336;8;12;20
hep-ph/0610243;hep-ph/0610243;10;0;10
hep-th/0309033;hep-th/0309033;5;29;34
quant-ph/0303146;quant-ph/0303146;1;2;3
hep-th/9812092;hep-th/9812092;16;33;49
math-ph/0611043;math-ph/0611043;3;6;9
math/0510572;math/0510572;6;14;20
hep-th/0611187;hep-th/0611187;1;7;8
0710.4992;0710.4992;0;15;15
hep-th/9411018;hep-th/9411018;18;1;19
gr-qc/0305049;gr-qc/0305049;8;2;10
hep-th/0003073;hep-th/0003073;6;13;19
hep-th/0401093;hep-th/0401093;4;3;7
gr-qc/0612019;gr-qc/0612019;9;7;16
gr-qc/0012101;gr-qc/0012101;7;2;9
gr-qc/0612020;gr-qc/0612020;6;4;10
hep-th/9203014;hep-th/9203014;9;0;9
hep-lat/9601010;hep-lat/9601010;1;2;3
hep-lat/9411044;hep-lat/9411044;3;0;3
hep-th/9409082;hep-th/9409082;0;3;3
hep-ph/9212296;hep-ph/9212296;24;2;26
hep-ph/9207266;hep-ph/9207266;13;1;14
hep-th/9409087;hep-th/9409087;3;3;6
hep-th/9307044;hep-th/9307044;6;0;6
hep-th/9303010;hep-th/9303010;3;0;3
hep-th/9409086;hep-th/9409086;0;1;1
hep-th/9901133;hep-th/9901133;2;1;3
hep-th/9401001;hep-th/9401001;11;0;11
0808.2623;0808.2623;0;4;4
hep-th/9805040;hep-th/9805040;8;1;9
hep-th/9901130;hep-th/9901130;6;14;20
hep-th/9712200;hep-th/9712200;16;9;25
hep-th/9702039;hep-th/9702039;5;14;19
hep-th/9612229;hep-th/9612229;59;35;94
0705.4120;0705.4120;0;1;1
hep-th/0110042;hep-th/0110042;0;2;2
hep-th/9906050;hep-th/9906050;3;0;3
hep-th/9704084;hep-th/9704084;5;3;8
0710.0696;0710.0696;0;26;26
hep-th/0506192;hep-th/0506192;9;13;22
hep-th/0511154;hep-th/0511154;6;13;19
hep-th/0606066;hep-th/0606066;6;26;32
gr-qc/0506067;gr-qc/0506067;9;0;9
0807.4722;0807.4722;0;195;195
hep-th/0609182;hep-th/0609182;4;29;33
hep-th/0406242;hep-th/0406242;7;13;20
hep-th/0501011;hep-th/0501011;5;47;52
hep-th/0611110;hep-th/0611110;40;23;63
hep-th/0611200;hep-th/0611200;30;21;51
hep-th/9202087;hep-th/9202087;8;0;8
hep-th/9902178;hep-th/9902178;10;2;12
hep-th/0503068;hep-th/0503068;7;40;47
hep-th/0202200;hep-th/0202200;3;56;59
hep-th/0602015;hep-th/0602015;4;54;58
hep-th/0509129;hep-th/0509129;9;13;22
hep-th/0609209;hep-th/0609209;8;12;20
hep-th/0612050;hep-th/0612050;28;15;43
hep-th/9201041;hep-th/9201041;16;0;16
hep-th/0307173;hep-th/0307173;8;19;27
hep-th/0109100;hep-th/0109100;25;0;25
hep-th/0307057;hep-th/0307057;7;16;23
hep-th/0409249;hep-th/0409249;13;17;30
hep-th/0506240;hep-th/0506240;15;46;61
hep-th/0406023;hep-th/0406023;8;30;38
hep-th/9901131;hep-th/9901131;2;10;12
hep-th/9807223;hep-th/9807223;4;23;27
hep-th/0408089;hep-th/0408089;1;19;20
hep-th/0309259;hep-th/0309259;9;25;34
hep-th/0407234;hep-th/0407234;2;24;26
hep-th/0202054;hep-th/0202054;11;9;20
hep-th/0408088;hep-th/0408088;4;2;6
0801.4349;0801.4349;0;13;13
hep-ph/9503259;hep-ph/9503259;16;0;16
hep-ph/0112360;hep-ph/0112360;10;24;34
hep-th/9403157;hep-th/9403157;3;7;10
hep-th/9209105;hep-th/9209105;18;3;21
hep-th/9206075;hep-th/9206075;14;0;14
hep-th/9110025;hep-th/9110025;9;0;9
hep-th/9111062;hep-th/9111062;25;0;25
hep-th/9403156;hep-th/9403156;1;1;2
hep-th/9210103;hep-th/9210103;7;0;7
hep-th/9403151;hep-th/9403151;0;4;4
hep-ph/0109132;hep-ph/0109132;0;3;3
hep-ph/0007356;hep-ph/0007356;2;2;4
hep-lat/9912054;hep-lat/9912054;5;2;7
hep-th/0101184;hep-th/0101184;6;11;17
hep-lat/9604005;hep-lat/9604005;2;0;2
hep-th/0101092;hep-th/0101092;4;12;16
hep-lat/9711019;hep-lat/9711019;2;0;2
hep-lat/9611013;hep-lat/9611013;1;6;7
hep-th/0101111;hep-th/0101111;2;10;12
hep-th/0101130;hep-th/0101130;6;11;17
hep-th/9706189;hep-th/9706189;5;4;9
hep-th/0101185;hep-th/0101185;4;18;22
hep-th/0012013;hep-th/0012013;13;14;27
hep-th/0101182;hep-th/0101182;2;18;20
hep-th/9910264;hep-th/9910264;3;10;13
hep-th/0002209;hep-th/0002209;4;18;22
0912.1624;0912.1624;0;19;19
quant-ph/0507271;quant-ph/0507271;3;11;14
hep-th/9701022;hep-th/9701022;5;5;10
hep-ph/0009283;hep-ph/0009283;9;15;24
hep-ph/0309257;hep-ph/0309257;1;3;4
quant-ph/0205007;quant-ph/0205007;3;1;4
hep-ph/0103239;hep-ph/0103239;8;17;25
hep-th/9706150;hep-th/9706150;4;5;9
hep-ph/0105303;hep-ph/0105303;16;23;39
hep-ph/0109136;hep-ph/0109136;4;5;9
hep-ph/0205337;hep-ph/0205337;4;11;15
hep-ph/9705243;hep-ph/9705243;15;5;20
hep-ph/9912448;hep-ph/9912448;11;11;22
hep-th/9605048;hep-th/9605048;29;13;42
hep-th/9410159;hep-th/9410159;12;1;13
hep-th/9508052;hep-th/9508052;25;3;28
hep-ph/9803284;hep-ph/9803284;11;11;22
astro-ph/0401579;astro-ph/0401579;18;34;52
0807.0977;0807.0977;0;18;18
hep-th/9309079;hep-th/9309079;1;0;1
hep-th/9404132;hep-th/9404132;7;17;24
astro-ph/0403579;astro-ph/0403579;4;14;18
gr-qc/0501003;gr-qc/0501003;13;8;21
hep-th/9806017;hep-th/9806017;10;19;29
gr-qc/0609046;gr-qc/0609046;9;33;42
hep-th/0503152;hep-th/0503152;13;16;29
hep-th/0506019;hep-th/0506019;20;35;55
hep-th/0505009;hep-th/0505009;24;19;43
hep-th/0602001;hep-th/0602001;9;35;44
gr-qc/0407058;gr-qc/0407058;35;25;60
hep-th/0407094;hep-th/0407094;34;55;89
gr-qc/0412014;gr-qc/0412014;10;11;21
hep-th/0411257;hep-th/0411257;15;17;32
0712.1718;0712.1718;0;6;6
hep-th/0402172;hep-th/0402172;6;2;8
hep-th/0511151;hep-th/0511151;6;4;10
gr-qc/0611024;gr-qc/0611024;17;28;45
gr-qc/0603030;gr-qc/0603030;29;60;89
math/0406121;math/0406121;1;2;3
hep-th/0305218;hep-th/0305218;6;9;15
math/0401229;math/0401229;2;4;6
math-ph/0411081;math-ph/0411081;0;10;10
hep-th/9511120;hep-th/9511120;8;2;10
hep-th/9607083;hep-th/9607083;10;10;20
math-ph/0407050;math-ph/0407050;2;8;10
hep-th/9411051;hep-th/9411051;20;6;26
hep-th/9604158;hep-th/9604158;7;13;20
math/0009244;math/0009244;3;1;4
0706.3746;0706.3746;0;4;4
hep-th/0409028;hep-th/0409028;1;17;18
hep-th/0002195;hep-th/0002195;4;6;10
hep-ph/0501234;hep-ph/0501234;18;9;27
hep-th/0308073;hep-th/0308073;14;16;30
hep-th/0304010;hep-th/0304010;3;2;5
hep-th/0407067;hep-th/0407067;6;9;15
hep-th/0110126;hep-th/0110126;5;2;7
0705.0319;0705.0319;0;19;19
hep-th/0207268;hep-th/0207268;12;7;19
hep-th/9111022;hep-th/9111022;1;0;1
hep-th/9206048;hep-th/9206048;39;0;39
hep-th/9409019;hep-th/9409019;41;2;43
hep-th/9504026;hep-th/9504026;6;13;19
hep-th/9307080;hep-th/9307080;7;1;8
0705.3475;0705.3475;0;5;5
gr-qc/0512100;gr-qc/0512100;1;8;9
gr-qc/0312066;gr-qc/0312066;2;2;4
hep-ph/0306067;hep-ph/0306067;1;5;6
hep-th/9504159;hep-th/9504159;14;9;23
hep-th/9307118;hep-th/9307118;13;0;13
hep-th/9410174;hep-th/9410174;13;10;23
hep-th/9404100;hep-th/9404100;4;0;4
hep-th/9411230;hep-th/9411230;4;1;5
hep-th/9410079;hep-th/9410079;5;1;6
astro-ph/0602519;astro-ph/0602519;3;6;9
gr-qc/0604086;gr-qc/0604086;10;26;36
hep-ph/0105083;hep-ph/0105083;10;20;30
astro-ph/0512048;astro-ph/0512048;5;1;6
gr-qc/0604120;gr-qc/0604120;14;34;48
0804.3910;0804.3910;0;7;7
hep-th/9501048;hep-th/9501048;8;1;9
hep-th/9402155;hep-th/9402155;14;0;14
hep-th/9608139;hep-th/9608139;2;1;3
hep-th/0003254;hep-th/0003254;5;1;6
0804.3913;0804.3913;0;48;48
hep-th/0502083;hep-th/0502083;34;50;84
hep-th/0509052;hep-th/0509052;35;46;81
hep-ph/9510329;hep-ph/9510329;5;6;11
hep-ph/9503294;hep-ph/9503294;7;1;8
hep-ph/9411379;hep-ph/9411379;6;1;7
hep-ph/9404284;hep-ph/9404284;10;1;11
0804.3915;0804.3915;0;15;15
hep-th/0003126;hep-th/0003126;2;2;4
gr-qc/9402003;gr-qc/9402003;20;0;20
hep-ph/0210170;hep-ph/0210170;34;19;53
quant-ph/0410231;quant-ph/0410231;20;7;27
quant-ph/0611030;quant-ph/0611030;6;8;14
quant-ph/0511037;quant-ph/0511037;5;0;5
quant-ph/0605005;quant-ph/0605005;21;15;36
0804.3916;0804.3916;0;16;16
hep-th/0003274;hep-th/0003274;8;0;8
hep-th/0309075;hep-th/0309075;11;21;32
hep-th/0201148;hep-th/0201148;48;20;68
hep-th/0510238;hep-th/0510238;5;1;6
math-ph/0410019;math-ph/0410019;4;5;9
hep-th/0309130;hep-th/0309130;64;12;76
math-ph/0510056;math-ph/0510056;22;12;34
0804.3917;0804.3917;0;6;6
hep-th/0602199;hep-th/0602199;15;0;15
hep-th/0410276;hep-th/0410276;15;15;30
hep-th/0512165;hep-th/0512165;7;18;25
hep-th/0604056;hep-th/0604056;11;23;34
hep-th/0610009;hep-th/0610009;3;11;14
math/0701223;math/0701223;6;16;22
math/0504311;math/0504311;5;2;7
math/0511590;math/0511590;4;18;22
hep-th/0503194;hep-th/0503194;23;11;34
math/0309174;math/0309174;3;14;17
hep-ph/9907331;hep-ph/9907331;8;32;40
hep-ph/9906345;hep-ph/9906345;7;21;28
hep-ph/9807341;hep-ph/9807341;2;13;15
hep-ph/9510308;hep-ph/9510308;6;0;6
hep-ph/9907337;hep-ph/9907337;9;16;25
hep-ph/9712506;hep-ph/9712506;15;10;25
hep-th/9603068;hep-th/9603068;10;1;11
hep-th/9709151;hep-th/9709151;9;0;9
hep-ph/9902231;hep-ph/9902231;2;3;5
hep-ph/9802277;hep-ph/9802277;14;17;31
hep-ph/9812413;hep-ph/9812413;11;9;20
hep-th/0611241;hep-th/0611241;12;23;35
hep-th/0404120;hep-th/0404120;5;13;18
hep-th/0603141;hep-th/0603141;2;14;16
hep-th/0007228;hep-th/0007228;22;7;29
hep-th/0604021;hep-th/0604021;20;52;72
hep-th/0608182;hep-th/0608182;43;30;73
hep-th/0008183;hep-th/0008183;4;2;6
astro-ph/0512582;astro-ph/0512582;18;21;39
hep-th/0410234;hep-th/0410234;31;7;38
hep-th/0408148;hep-th/0408148;2;3;5
hep-th/0110152;hep-th/0110152;9;13;22
hep-th/0104112;hep-th/0104112;15;41;56
hep-th/0301035;hep-th/0301035;17;38;55
hep-th/0604093;hep-th/0604093;13;112;125
hep-th/0412303;hep-th/0412303;10;41;51
hep-th/0404130;hep-th/0404130;21;31;52
hep-th/0405096;hep-th/0405096;14;59;73
hep-th/9903217;hep-th/9903217;29;56;85
hep-th/0412194;hep-th/0412194;16;32;48
hep-th/0312199;hep-th/0312199;28;43;71
hep-th/0503078;hep-th/0503078;11;37;48
hep-th/0412052;hep-th/0412052;19;40;59
hep-th/0602078;hep-th/0602078;9;120;129
hep-th/0301242;hep-th/0301242;46;28;74
hep-th/0602244;hep-th/0602244;11;12;23
hep-th/0309182;hep-th/0309182;12;7;19
hep-th/0209223;hep-th/0209223;34;41;75
hep-lat/9706010;hep-lat/9706010;10;5;15
hep-th/0212284;hep-th/0212284;24;54;78
hep-th/0509034;hep-th/0509034;6;24;30
hep-th/0410263;hep-th/0410263;21;63;84
hep-th/0310072;hep-th/0310072;29;37;66
hep-lat/0509146;hep-lat/0509146;5;39;44
hep-th/0611244;hep-th/0611244;3;17;20
hep-th/0408014;hep-th/0408014;30;73;103
hep-th/0412242;hep-th/0412242;18;10;28
hep-ph/0309313;hep-ph/0309313;9;15;24
hep-th/0611247;hep-th/0611247;15;16;31
hep-th/0310122;hep-th/0310122;22;38;60
hep-th/0509136;hep-th/0509136;3;13;16
hep-th/0207280;hep-th/0207280;12;13;25
hep-th/0609092;hep-th/0609092;3;30;33
gr-qc/0508100;gr-qc/0508100;7;5;12
hep-th/9408068;hep-th/9408068;40;8;48
hep-th/9401076;hep-th/9401076;5;0;5
hep-th/9408069;hep-th/9408069;0;7;7
hep-th/9406150;hep-th/9406150;4;3;7
0912.3396;0912.3396;0;10;10
hep-th/0609219;hep-th/0609219;6;5;11
hep-th/0507074;hep-th/0507074;13;11;24
hep-th/0501204;hep-th/0501204;12;1;13
gr-qc/9709068;gr-qc/9709068;5;0;5
hep-th/0110125;hep-th/0110125;1;6;7
hep-th/9802070;hep-th/9802070;2;6;8
solv-int/9706005;solv-int/9706005;14;0;14
hep-th/0110097;hep-th/0110097;2;5;7
quant-ph/0506113;quant-ph/0506113;5;4;9
quant-ph/0203033;quant-ph/0203033;18;0;18
hep-th/9511185;hep-th/9511185;10;3;13
gr-qc/0504084;gr-qc/0504084;15;6;21
0810.4554;0810.4554;0;2;2
0707.1122;0707.1122;0;1;1
gr-qc/0603129;gr-qc/0603129;15;72;87
astro-ph/0411501;astro-ph/0411501;40;16;56
hep-th/0502099;hep-th/0502099;6;11;17
astro-ph/0404086;astro-ph/0404086;14;11;25
gr-qc/0512038;gr-qc/0512038;6;58;64
0803.0315;0803.0315;0;27;27
cond-mat/9509126;cond-mat/9509126;5;0;5
hep-th/0511156;hep-th/0511156;15;0;15
quant-ph/0702111;quant-ph/0702111;0;1;1
gr-qc/0603121;gr-qc/0603121;5;15;20
gr-qc/0505068;gr-qc/0505068;6;9;15
hep-th/0607081;hep-th/0607081;5;28;33
0903.2123;0903.2123;0;12;12
astro-ph/0307423;astro-ph/0307423;1;0;1
0905.1548;0905.1548;0;15;15
hep-ph/0611309;hep-ph/0611309;3;18;21
hep-ph/0210257;hep-ph/0210257;48;20;68
hep-ph/0606070;hep-ph/0606070;7;18;25
0910.5479;0910.5479;0;18;18
hep-th/0602087;hep-th/0602087;23;16;39
math-ph/0411084;math-ph/0411084;0;1;1
math-ph/9904003;math-ph/9904003;2;0;2
gr-qc/9803047;gr-qc/9803047;18;22;40
hep-th/9612014;hep-th/9612014;6;13;19
hep-ph/0611304;hep-ph/0611304;8;15;23
hep-th/0607038;hep-th/0607038;19;29;48
hep-th/0610135;hep-th/0610135;2;67;69
hep-th/9807093;hep-th/9807093;15;15;30
0903.2128;0903.2128;0;3;3
hep-th/0403227;hep-th/0403227;7;11;18
gr-qc/0408067;gr-qc/0408067;7;3;10
hep-ph/0405267;hep-ph/0405267;9;10;19
hep-th/0108089;hep-th/0108089;27;9;36
hep-th/9804068;hep-th/9804068;22;21;43
0812.0884;0812.0884;0;19;19
hep-th/0103153;hep-th/0103153;44;33;77
hep-th/0207204;hep-th/0207204;0;13;13
hep-th/0011184;hep-th/0011184;1;11;12
0802.0711;0802.0711;0;8;8
hep-th/0602132;hep-th/0602132;1;1;2
hep-th/0110120;hep-th/0110120;1;2;3
hep-th/9902114;hep-th/9902114;4;5;9
0907.2358;0907.2358;0;8;8
hep-th/0406144;hep-th/0406144;1;6;7
hep-th/0305252;hep-th/0305252;4;7;11
hep-th/0607246;hep-th/0607246;5;5;10
hep-th/9910207;hep-th/9910207;7;51;58
hep-th/0101187;hep-th/0101187;15;0;15
hep-th/0002218;hep-th/0002218;4;6;10
hep-th/9606177;hep-th/9606177;11;2;13
hep-th/9803129;hep-th/9803129;5;4;9
hep-th/0512283;hep-th/0512283;10;14;24
hep-th/9904100;hep-th/9904100;10;5;15
hep-th/0106182;hep-th/0106182;14;12;26
cond-mat/0504758;cond-mat/0504758;2;8;10
math/0502558;math/0502558;2;0;2
hep-th/0607242;hep-th/0607242;0;19;19
hep-th/0508177;hep-th/0508177;12;38;50
hep-th/0607243;hep-th/0607243;5;32;37
hep-th/0405072;hep-th/0405072;28;82;110
hep-th/0409181;hep-th/0409181;42;27;69
hep-th/0511015;hep-th/0511015;7;49;56
hep-th/0605021;hep-th/0605021;9;36;45
hep-th/0511284;hep-th/0511284;13;40;53
hep-th/0410081;hep-th/0410081;14;4;18
hep-th/0509211;hep-th/0509211;9;15;24
hep-th/0606253;hep-th/0606253;31;29;60
hep-th/0110121;hep-th/0110121;6;25;31
hep-th/0002169;hep-th/0002169;15;35;50
hep-th/0007243;hep-th/0007243;14;45;59
hep-th/9910054;hep-th/9910054;14;45;59
hep-th/9812209;hep-th/9812209;33;0;33
hep-th/9909122;hep-th/9909122;7;23;30
0911.4555;0911.4555;0;20;20
hep-th/0411113;hep-th/0411113;8;16;24
hep-th/9801075;hep-th/9801075;17;2;19
hep-th/0105053;hep-th/0105053;14;4;18
hep-th/0205173;hep-th/0205173;13;6;19
0805.0079;0805.0079;0;11;11
hep-th/0307202;hep-th/0307202;17;0;17
hep-th/0407222;hep-th/0407222;8;7;15
0709.0869;0709.0869;0;24;24
hep-th/0504135;hep-th/0504135;31;46;77
hep-th/0603094;hep-th/0603094;26;36;62
hep-th/0610143;hep-th/0610143;5;28;33
hep-th/0604046;hep-th/0604046;5;14;19
hep-th/0703276;hep-th/0703276;8;15;23
quant-ph/0510054;quant-ph/0510054;9;8;17
quant-ph/0506120;quant-ph/0506120;7;5;12
quant-ph/0507042;quant-ph/0507042;19;9;28
hep-th/0505200;hep-th/0505200;9;5;14
hep-th/0612116;hep-th/0612116;23;16;39
hep-th/0409071;hep-th/0409071;22;7;29
hep-th/0411019;hep-th/0411019;13;68;81
hep-th/0210012;hep-th/0210012;3;0;3
hep-th/0410246;hep-th/0410246;2;5;7
hep-th/9503154;hep-th/9503154;12;8;20
math/0602258;math/0602258;2;1;3
hep-th/0412189;hep-th/0412189;11;24;35
hep-ph/9602308;hep-ph/9602308;1;2;3
hep-ph/0301086;hep-ph/0301086;5;5;10
hep-th/0110137;hep-th/0110137;16;6;22
hep-th/0501095;hep-th/0501095;2;4;6
hep-th/0410216;hep-th/0410216;8;2;10
hep-th/0410218;hep-th/0410218;8;2;10
hep-th/0312302;hep-th/0312302;12;1;13
hep-th/9808108;hep-th/9808108;11;2;13
gr-qc/0407101;gr-qc/0407101;19;6;25
hep-th/9410112;hep-th/9410112;4;0;4
hep-th/9408095;hep-th/9408095;5;0;5
hep-th/0411007;hep-th/0411007;1;6;7
hep-th/0409112;hep-th/0409112;14;89;103
hep-th/0501097;hep-th/0501097;5;8;13
hep-th/0407113;hep-th/0407113;7;8;15
math/0309180;math/0309180;20;8;28
hep-th/0501090;hep-th/0501090;5;29;34
hep-th/0407218;hep-th/0407218;18;52;70
hep-th/0001222;hep-th/0001222;21;10;31
hep-th/9603190;hep-th/9603190;8;11;19
physics/9802012;physics/9802012;1;0;1
hep-th/0307009;hep-th/0307009;2;20;22
hep-th/0501091;hep-th/0501091;17;31;48
hep-th/0003285;hep-th/0003285;20;40;60
hep-th/9703174;hep-th/9703174;9;0;9
gr-qc/9307018;gr-qc/9307018;8;3;11
gr-qc/0412079;gr-qc/0412079;10;14;24
gr-qc/0109046;gr-qc/0109046;12;13;25
hep-th/0409101;hep-th/0409101;12;28;40
hep-th/0501093;hep-th/0501093;3;29;32
hep-th/0306052;hep-th/0306052;8;15;23
hep-th/0304229;hep-th/0304229;13;17;30
0902.0569;0902.0569;0;38;38
hep-th/0702003;hep-th/0702003;8;27;35
hep-th/9303024;hep-th/9303024;4;0;4
hep-th/0607226;hep-th/0607226;10;23;33
hep-th/0510227;hep-th/0510227;4;24;28
hep-ph/0412143;hep-ph/0412143;28;7;35
hep-ph/0410349;hep-ph/0410349;25;26;51
hep-th/0412267;hep-th/0412267;1;4;5
hep-th/0401087;hep-th/0401087;5;20;25
cond-mat/9706149;cond-mat/9706149;1;5;6
cond-mat/9509157;cond-mat/9509157;6;0;6
cond-mat/9706082;cond-mat/9706082;2;0;2
cond-mat/9510065;cond-mat/9510065;16;7;23
0912.2924;0912.2924;0;5;5
hep-th/0204035;hep-th/0204035;2;7;9
hep-th/0501079;hep-th/0501079;17;5;22
hep-ph/0107250;hep-ph/0107250;11;36;47
hep-th/0105300;hep-th/0105300;8;25;33
hep-th/0701004;hep-th/0701004;18;49;67
hep-th/9302065;hep-th/9302065;2;2;4
hep-th/0607083;hep-th/0607083;11;31;42
gr-qc/9502009;gr-qc/9502009;68;9;77
hep-th/0605001;hep-th/0605001;17;29;46
gr-qc/9706066;gr-qc/9706066;3;15;18
hep-th/0502046;hep-th/0502046;1;18;19
hep-th/0207203;hep-th/0207203;1;4;5
hep-th/0203193;hep-th/0203193;16;25;41
0807.2428;0807.2428;0;38;38
hep-th/0309270;hep-th/0309270;11;14;25
0812.4267;0812.4267;0;44;44
hep-th/0504002;hep-th/0504002;15;23;38
hep-th/0608058;hep-th/0608058;9;42;51
hep-th/0612071;hep-th/0612071;7;38;45
hep-th/0310190;hep-th/0310190;15;44;59
hep-th/0311063;hep-th/0311063;7;14;21
hep-th/0502045;hep-th/0502045;0;1;1
hep-th/0502042;hep-th/0502042;5;14;19
hep-th/0405097;hep-th/0405097;5;22;27
hep-th/0205257;hep-th/0205257;3;22;25
0905.3337;0905.3337;0;23;23
gr-qc/0409040;gr-qc/0409040;5;0;5
hep-th/0111177;hep-th/0111177;32;32;64
0801.0503;0801.0503;0;3;3
hep-th/0401141;hep-th/0401141;12;36;48
hep-th/0406147;hep-th/0406147;11;20;31
hep-th/0205141;hep-th/0205141;12;10;22
hep-th/0411163;hep-th/0411163;22;31;53
hep-th/0412279;hep-th/0412279;34;22;56
hep-th/0411057;hep-th/0411057;11;19;30
hep-th/0110184;hep-th/0110184;11;38;49
gr-qc/0511131;gr-qc/0511131;7;8;15
hep-th/0507109;hep-th/0507109;11;10;21
hep-th/9812058;hep-th/9812058;1;8;9
hep-th/9511129;hep-th/9511129;23;1;24
hep-th/9804022;hep-th/9804022;5;4;9
hep-th/9503002;hep-th/9503002;38;32;70
hep-th/9612118;hep-th/9612118;8;8;16
hep-th/9607186;hep-th/9607186;39;3;42
hep-th/9811054;hep-th/9811054;2;12;14
hep-th/9511074;hep-th/9511074;1;4;5
hep-th/9306017;hep-th/9306017;20;0;20
hep-th/9811122;hep-th/9811122;7;11;18
hep-th/9712054;hep-th/9712054;9;32;41
math/9812042;math/9812042;6;10;16
hep-th/9702054;hep-th/9702054;12;0;12
hep-th/9603169;hep-th/9603169;14;20;34
hep-th/9701128;hep-th/9701128;25;41;66
hep-th/9801061;hep-th/9801061;34;19;53
hep-th/9806015;hep-th/9806015;5;29;34
hep-th/0507005;hep-th/0507005;0;4;4
hep-th/0507004;hep-th/0507004;2;7;9
hep-th/0412014;hep-th/0412014;14;38;52
hep-th/9403017;hep-th/9403017;8;0;8
hep-th/0305181;hep-th/0305181;8;23;31
hep-th/0008186;hep-th/0008186;13;37;50
hep-th/0505145;hep-th/0505145;5;19;24
hep-th/0507003;hep-th/0507003;3;15;18
hep-th/9512021;hep-th/9512021;5;5;10
hep-th/0310237;hep-th/0310237;3;22;25
hep-th/0109159;hep-th/0109159;12;8;20
hep-th/0012242;hep-th/0012242;9;0;9
hep-th/0507002;hep-th/0507002;6;24;30
hep-th/0310197;hep-th/0310197;23;81;104
hep-th/0506144;hep-th/0506144;26;36;62
hep-th/0507009;hep-th/0507009;0;4;4
hep-th/0410086;hep-th/0410086;1;5;6
gr-qc/0511134;gr-qc/0511134;0;2;2
gr-qc/0505159;gr-qc/0505159;2;5;7
hep-lat/0207010;hep-lat/0207010;7;5;12
hep-th/0004203;hep-th/0004203;8;9;17
hep-th/0102088;hep-th/0102088;5;4;9
0910.4581;0910.4581;0;37;37
hep-th/0407152;hep-th/0407152;12;36;48
hep-th/0309011;hep-th/0309011;25;38;63
hep-th/0301118;hep-th/0301118;15;46;61
hep-th/0508104;hep-th/0508104;2;1;3
0906.2413;0906.2413;0;8;8
hep-th/9112040;hep-th/9112040;15;0;15
math/0401409;math/0401409;11;0;11
gr-qc/0110037;gr-qc/0110037;2;14;16
gr-qc/0012069;gr-qc/0012069;7;20;27
hep-th/9601118;hep-th/9601118;8;10;18
gr-qc/0004061;gr-qc/0004061;8;0;8
hep-th/9911070;hep-th/9911070;4;6;10
hep-th/0508107;hep-th/0508107;3;23;26
hep-th/0407038;hep-th/0407038;16;32;48
hep-th/0303230;hep-th/0303230;10;27;37
gr-qc/9311028;gr-qc/9311028;14;0;14
gr-qc/0108072;gr-qc/0108072;2;1;3
hep-th/0106111;hep-th/0106111;28;11;39
gr-qc/9912028;gr-qc/9912028;5;2;7
hep-th/0012015;hep-th/0012015;2;6;8
gr-qc/9906063;gr-qc/9906063;4;6;10
hep-th/9911069;hep-th/9911069;3;0;3
0712.2568;0712.2568;0;19;19
hep-th/0508106;hep-th/0508106;1;18;19
hep-th/9505119;hep-th/9505119;7;3;10
math/0111276;math/0111276;3;7;10
hep-th/9504070;hep-th/9504070;11;8;19
hep-th/9709048;hep-th/9709048;3;5;8
math/0211427;math/0211427;1;3;4
math/0201159;math/0201159;5;5;10
hep-th/0609169;hep-th/0609169;0;19;19
hep-th/0509001;hep-th/0509001;4;58;62
hep-th/0502130;hep-th/0502130;6;54;60
hep-th/0609168;hep-th/0609168;0;58;58
hep-lat/0210017;hep-lat/0210017;14;59;73
hep-th/0304090;hep-th/0304090;5;33;38
hep-th/0410151;hep-th/0410151;10;38;48
hep-th/0407012;hep-th/0407012;3;16;19
hep-ph/9607451;hep-ph/9607451;6;4;10
hep-th/0409109;hep-th/0409109;3;15;18
hep-th/0511127;hep-th/0511127;6;49;55
hep-th/0511059;hep-th/0511059;2;16;18
hep-th/0607035;hep-th/0607035;19;2;21
gr-qc/9307014;gr-qc/9307014;24;1;25
hep-th/0605030;hep-th/0605030;26;6;32
hep-th/0302209;hep-th/0302209;6;1;7
gr-qc/0503107;gr-qc/0503107;17;47;64
hep-th/0505012;hep-th/0505012;14;27;41
hep-lat/9310028;hep-lat/9310028;3;1;4
hep-th/9204022;hep-th/9204022;3;0;3
hep-th/9305026;hep-th/9305026;27;14;41
gr-qc/0002083;gr-qc/0002083;20;24;44
gr-qc/0008031;gr-qc/0008031;6;15;21
gr-qc/0008032;gr-qc/0008032;10;16;26
hep-th/9908170;hep-th/9908170;3;4;7
hep-th/0101141;hep-th/0101141;1;7;8
gr-qc/9703033;gr-qc/9703033;6;5;11
gr-qc/9910068;gr-qc/9910068;14;4;18
gr-qc/9511049;gr-qc/9511049;8;6;14
math-ph/0107002;math-ph/0107002;7;15;22
hep-th/9511122;hep-th/9511122;6;0;6
gr-qc/0001040;gr-qc/0001040;8;14;22
quant-ph/9904094;quant-ph/9904094;9;9;18
gr-qc/0006061;gr-qc/0006061;36;13;49
gr-qc/9712053;gr-qc/9712053;2;6;8
gr-qc/9910103;gr-qc/9910103;29;13;42
gr-qc/0011081;gr-qc/0011081;16;6;22
gr-qc/0011089;gr-qc/0011089;15;29;44
gr-qc/9604003;gr-qc/9604003;8;1;9
gr-qc/9612068;gr-qc/9612068;11;7;18
hep-th/9210033;hep-th/9210033;9;4;13
gr-qc/9506014;gr-qc/9506014;36;0;36
hep-th/9906178;hep-th/9906178;2;3;5
hep-th/9703177;hep-th/9703177;10;0;10
hep-th/9910074;hep-th/9910074;8;5;13
gr-qc/0008052;gr-qc/0008052;30;18;48
hep-th/9904033;hep-th/9904033;7;43;50
hep-th/0006199;hep-th/0006199;17;20;37
hep-th/0609161;hep-th/0609161;10;11;21
hep-th/0604115;hep-th/0604115;11;13;24
hep-th/0401226;hep-th/0401226;19;0;19
hep-th/0105149;hep-th/0105149;42;2;44
gr-qc/0102004;gr-qc/0102004;1;2;3
gr-qc/9909036;gr-qc/9909036;1;0;1
gr-qc/9810073;gr-qc/9810073;9;5;14
hep-th/0211130;hep-th/0211130;6;39;45
hep-th/0508103;hep-th/0508103;1;4;5
hep-th/0408198;hep-th/0408198;8;32;40
hep-th/0405056;hep-th/0405056;8;8;16
cond-mat/0605638;cond-mat/0605638;0;5;5
hep-lat/9608072;hep-lat/9608072;10;1;11
hep-ph/0311240;hep-ph/0311240;11;13;24
hep-th/9707059;hep-th/9707059;6;5;11
hep-ph/0002214;hep-ph/0002214;5;22;27
0806.0536;0806.0536;0;35;35
hep-th/9311085;hep-th/9311085;26;3;29
hep-th/0508247;hep-th/0508247;4;10;14
cond-mat/9908451;cond-mat/9908451;3;0;3
hep-th/0412297;hep-th/0412297;4;13;17
hep-th/0508102;hep-th/0508102;4;23;27
0803.3194;0803.3194;0;50;50
hep-th/0506095;hep-th/0506095;13;53;66
q-alg/9602030;q-alg/9602030;7;2;9
hep-th/0610283;hep-th/0610283;17;24;41
hep-th/9406194;hep-th/9406194;10;1;11
hep-th/9404036;hep-th/9404036;11;0;11
hep-th/0302106;hep-th/0302106;29;29;58
cond-mat/0208037;cond-mat/0208037;14;12;26
hep-th/0107247;hep-th/0107247;22;24;46
hep-th/0403116;hep-th/0403116;9;35;44
hep-th/9308062;hep-th/9308062;7;14;21
hep-th/9110013;hep-th/9110013;30;0;30
hep-th/0403152;hep-th/0403152;24;47;71
hep-th/9110031;hep-th/9110031;10;0;10
hep-th/0208034;hep-th/0208034;20;17;37
0706.1338;0706.1338;0;4;4
cond-mat/9410101;cond-mat/9410101;3;0;3
0705.4527;0705.4527;1;4;5
0909.1692;0909.1692;0;12;12
hep-th/0212103;hep-th/0212103;4;19;23
hep-th/0109147;hep-th/0109147;13;46;59
astro-ph/9905363;astro-ph/9905363;0;2;2
hep-ph/9705246;hep-ph/9705246;8;3;11
hep-ph/9707221;hep-ph/9707221;6;3;9
hep-th/0403188;hep-th/0403188;12;53;65
hep-ph/9306225;hep-ph/9306225;5;0;5
hep-th/9307058;hep-th/9307058;0;3;3
hep-th/9112015;hep-th/9112015;16;0;16
hep-th/9110052;hep-th/9110052;10;0;10
hep-th/9109001;hep-th/9109001;22;0;22
0707.3420;0707.3420;0;5;5
hep-th/0203225;hep-th/0203225;8;0;8
hep-th/9307054;hep-th/9307054;3;9;12
hep-th/9307056;hep-th/9307056;5;5;10
hep-th/9307053;hep-th/9307053;0;4;4
hep-th/9301006;hep-th/9301006;4;1;5
hep-th/9307052;hep-th/9307052;1;12;13
hep-th/9303002;hep-th/9303002;1;4;5
hep-th/0211138;hep-th/0211138;12;36;48
hep-th/0210049;hep-th/0210049;2;11;13
hep-th/0206132;hep-th/0206132;33;14;47
hep-th/0207264;hep-th/0207264;18;33;51
hep-th/0207190;hep-th/0207190;28;22;50
hep-th/0209009;hep-th/0209009;12;24;36
0810.1684;0810.1684;0;1;1
0911.4208;0911.4208;0;41;41
hep-th/0506197;hep-th/0506197;1;14;15
hep-th/9511217;hep-th/9511217;19;8;27
hep-th/9610052;hep-th/9610052;10;5;15
hep-th/9301004;hep-th/9301004;25;0;25
hep-th/9205073;hep-th/9205073;12;0;12
0706.2829;0706.2829;0;3;3
hep-th/0703192;hep-th/0703192;9;42;51
0902.2082;0902.2082;0;15;15
hep-th/0603092;hep-th/0603092;14;29;43
hep-th/0610230;hep-th/0610230;24;36;60
0909.1698;0909.1698;0;33;33
hep-th/0609010;hep-th/0609010;8;19;27
hep-th/9710076;hep-th/9710076;19;1;20
hep-th/9705017;hep-th/9705017;9;13;22
hep-th/9709166;hep-th/9709166;19;4;23
hep-th/9710074;hep-th/9710074;5;1;6
hep-th/9705028;hep-th/9705028;8;11;19
hep-th/9710073;hep-th/9710073;6;14;20
hep-th/9611106;hep-th/9611106;14;19;33
hep-th/9705041;hep-th/9705041;6;19;25
hep-th/9710071;hep-th/9710071;2;3;5
funct-an/9604010;funct-an/9604010;3;2;5
cond-mat/9312088;cond-mat/9312088;23;0;23
hep-th/9710070;hep-th/9710070;5;14;19
0810.2596;0810.2596;0;33;33
hep-th/9902120;hep-th/9902120;28;35;63
hep-th/9910108;hep-th/9910108;4;9;13
hep-th/9903101;hep-th/9903101;6;0;6
hep-ph/9704408;hep-ph/9704408;14;13;27
hep-th/9908173;hep-th/9908173;4;4;8
hep-th/9802037;hep-th/9802037;23;17;40
hep-th/9710079;hep-th/9710079;6;5;11
hep-th/0612204;hep-th/0612204;1;17;18
hep-th/0407168;hep-th/0407168;9;15;24
hep-th/0612205;hep-th/0612205;1;45;46
hep-th/0203243;hep-th/0203243;11;51;62
hep-th/0604048;hep-th/0604048;2;23;25
hep-th/0610264;hep-th/0610264;3;18;21
hep-th/0612206;hep-th/0612206;2;7;9
hep-th/9608130;hep-th/9608130;4;4;8
hep-th/0612207;hep-th/0612207;4;9;13
hep-th/0601175;hep-th/0601175;4;60;64
hep-th/0612200;hep-th/0612200;0;4;4
hep-th/9901068;hep-th/9901068;17;1;18
hep-th/0503018;hep-th/0503018;5;13;18
hep-th/9506155;hep-th/9506155;2;9;11
hep-th/0612235;hep-th/0612235;2;53;55
hep-th/0601229;hep-th/0601229;3;12;15
hep-th/0209141;hep-th/0209141;7;0;7
hep-th/0307297;hep-th/0307297;19;63;82
hep-th/0403090;hep-th/0403090;15;74;89
hep-th/0503088;hep-th/0503088;5;31;36
hep-th/0612202;hep-th/0612202;7;25;32
hep-th/0412067;hep-th/0412067;6;13;19
gr-qc/0505145;gr-qc/0505145;2;26;28
hep-th/0504201;hep-th/0504201;10;14;24
hep-th/0506102;hep-th/0506102;15;21;36
gr-qc/0104033;gr-qc/0104033;37;37;74
hep-th/0602194;hep-th/0602194;7;24;31
hep-th/0607068;hep-th/0607068;8;33;41
hep-th/9507058;hep-th/9507058;7;0;7
0902.1427;0902.1427;0;26;26
0807.0643;0807.0643;1;58;59
0905.2280;0905.2280;0;2;2
hep-th/0012118;hep-th/0012118;8;54;62
hep-th/9907075;hep-th/9907075;16;32;48
hep-th/9908125;hep-th/9908125;21;30;51
hep-th/9812215;hep-th/9812215;1;0;1
hep-th/0006176;hep-th/0006176;18;51;69
hep-th/9712221;hep-th/9712221;14;0;14
hep-th/9910118;hep-th/9910118;13;0;13
hep-th/9912101;hep-th/9912101;15;18;33
hep-th/0612209;hep-th/0612209;0;3;3
hep-th/0507212;hep-th/0507212;1;14;15
hep-th/9309126;hep-th/9309126;9;1;10
hep-th/9702023;hep-th/9702023;4;1;5
hep-ph/9402207;hep-ph/9402207;9;0;9
hep-th/9702022;hep-th/9702022;2;2;4
hep-ph/9507365;hep-ph/9507365;4;0;4
hep-th/9702021;hep-th/9702021;3;1;4
hep-th/9202085;hep-th/9202085;21;0;21
hep-th/9702020;hep-th/9702020;3;6;9
hep-th/9601170;hep-th/9601170;4;12;16
solv-int/9611006;solv-int/9611006;3;0;3
hep-th/9606012;hep-th/9606012;2;14;16
hep-th/9409104;hep-th/9409104;9;5;14
hep-th/9702026;hep-th/9702026;4;17;21
hep-th/9607168;hep-th/9607168;5;21;26
hep-th/9512182;hep-th/9512182;8;0;8
hep-th/9702024;hep-th/9702024;2;15;17
hep-th/9604171;hep-th/9604171;22;9;31
hep-th/9610226;hep-th/9610226;17;8;25
hep-th/9605087;hep-th/9605087;13;18;31
hep-th/9612191;hep-th/9612191;7;5;12
hep-th/9702029;hep-th/9702029;5;1;6
hep-th/9702028;hep-th/9702028;3;5;8
cond-mat/9403066;cond-mat/9403066;26;0;26
0712.1396;0712.1396;0;28;28
hep-th/0607223;hep-th/0607223;31;21;52
hep-th/0507202;hep-th/0507202;26;62;88
0905.4534;0905.4534;0;10;10
hep-th/0702139;hep-th/0702139;3;1;4
gr-qc/9906087;gr-qc/9906087;11;3;14
hep-ph/0108113;hep-ph/0108113;2;29;31
hep-ph/0106113;hep-ph/0106113;8;6;14
hep-ph/0004024;hep-ph/0004024;8;13;21
hep-th/9502020;hep-th/9502020;1;0;1
hep-ph/0011268;hep-ph/0011268;1;2;3
0806.2371;0806.2371;0;5;5
math/0702188;math/0702188;3;8;11
math/0305103;math/0305103;5;6;11
cond-mat/0510458;cond-mat/0510458;8;12;20
math/0601584;math/0601584;4;3;7
hep-ph/9810298;hep-ph/9810298;0;2;2
hep-th/9807116;hep-th/9807116;1;2;3
hep-ph/0012141;hep-ph/0012141;15;41;56
astro-ph/0310643;astro-ph/0310643;8;21;29
astro-ph/0306343;astro-ph/0306343;21;24;45
gr-qc/9807075;gr-qc/9807075;6;10;16
hep-th/9807148;hep-th/9807148;17;8;25
astro-ph/0310127;astro-ph/0310127;1;4;5
0909.1589;0909.1589;0;10;10
hep-th/0506068;hep-th/0506068;43;43;86
hep-th/0502028;hep-th/0502028;38;47;85
hep-th/0501240;hep-th/0501240;59;50;109
hep-ph/0503132;hep-ph/0503132;45;31;76
hep-th/0506064;hep-th/0506064;10;217;227
hep-th/0310123;hep-th/0310123;8;19;27
hep-th/0403290;hep-th/0403290;14;60;74
hep-th/0004104;hep-th/0004104;17;30;47
hep-th/0001213;hep-th/0001213;38;53;91
hep-th/0011054;hep-th/0011054;5;12;17
hep-th/0405244;hep-th/0405244;13;32;45
hep-th/0302070;hep-th/0302070;5;24;29
hep-th/0405062;hep-th/0405062;2;18;20
hep-th/0206216;hep-th/0206216;32;0;32
hep-th/0012268;hep-th/0012268;6;13;19
hep-th/0201151;hep-th/0201151;56;21;77
hep-th/0111027;hep-th/0111027;6;29;35
hep-th/9611067;hep-th/9611067;9;2;11
hep-th/0109015;hep-th/0109015;8;9;17
hep-th/0402068;hep-th/0402068;9;18;27
hep-th/9910251;hep-th/9910251;10;14;24
hep-th/9712007;hep-th/9712007;11;10;21
hep-th/9607086;hep-th/9607086;5;7;12
hep-th/0407145;hep-th/0407145;6;31;37
hep-th/0402122;hep-th/0402122;14;17;31
hep-th/0205217;hep-th/0205217;10;10;20
hep-th/0007106;hep-th/0007106;34;31;65
hep-th/0404206;hep-th/0404206;2;37;39
hep-th/0009196;hep-th/0009196;36;22;58
hep-th/0109051;hep-th/0109051;42;7;49
hep-th/0503179;hep-th/0503179;18;62;80
hep-th/0308046;hep-th/0308046;33;24;57
hep-th/0506060;hep-th/0506060;0;10;10
hep-th/0406052;hep-th/0406052;11;6;17
hep-th/0308173;hep-th/0308173;23;7;30
gr-qc/0309061;gr-qc/0309061;13;19;32
hep-th/0410289;hep-th/0410289;3;5;8
hep-th/0506061;hep-th/0506061;0;25;25
hep-th/0402028;hep-th/0402028;1;24;25
hep-th/9509143;hep-th/9509143;8;15;23
hep-th/0212202;hep-th/0212202;5;10;15
hep-th/0309025;hep-th/0309025;4;26;30
hep-th/0309082;hep-th/0309082;11;0;11
hep-th/0309153;hep-th/0309153;9;21;30
hep-th/0403242;hep-th/0403242;12;30;42
hep-th/0412312;hep-th/0412312;8;41;49
hep-lat/0310019;hep-lat/0310019;10;49;59
hep-th/0401200;hep-th/0401200;14;1;15
hep-th/0211209;hep-th/0211209;23;25;48
hep-th/0310170;hep-th/0310170;8;34;42
hep-th/0301055;hep-th/0301055;21;42;63
hep-th/0209137;hep-th/0209137;28;46;74
hep-th/0410262;hep-th/0410262;5;37;42
hep-th/0403180;hep-th/0403180;15;52;67
hep-th/0501072;hep-th/0501072;16;34;50
hep-th/0309161;hep-th/0309161;23;61;84
hep-th/0307113;hep-th/0307113;13;27;40
hep-th/0303237;hep-th/0303237;11;30;41
hep-th/0308087;hep-th/0308087;13;27;40
hep-th/0402202;hep-th/0402202;7;25;32
hep-th/0503026;hep-th/0503026;2;0;2
hep-th/0411023;hep-th/0411023;10;16;26
hep-th/0404122;hep-th/0404122;4;22;26
0710.3040;0710.3040;0;9;9
hep-th/0111101;hep-th/0111101;14;20;34
math-ph/0511014;math-ph/0511014;2;5;7
hep-th/0401008;hep-th/0401008;3;12;15
hep-th/0211242;hep-th/0211242;20;10;30
hep-th/0509208;hep-th/0509208;3;0;3
0707.0601;0707.0601;0;32;32
hep-th/0512171;hep-th/0512171;7;0;7
hep-th/0201067;hep-th/0201067;6;10;16
hep-th/0012110;hep-th/0012110;11;19;30
0806.0668;0806.0668;0;16;16
hep-th/9905027;hep-th/9905027;14;3;17
hep-th/0204250;hep-th/0204250;9;15;24
0704.3413;0704.3413;0;37;37
hep-th/0606171;hep-th/0606171;9;31;40
hep-th/0012159;hep-th/0012159;8;8;16
math-ph/0211008;math-ph/0211008;1;19;20
math/0006152;math/0006152;9;3;12
hep-th/0201223;hep-th/0201223;7;16;23
hep-th/9212141;hep-th/9212141;17;1;18
hep-th/0210237;hep-th/0210237;3;9;12
math/0107216;math/0107216;8;4;12
math-ph/0207014;math-ph/0207014;5;23;28
hep-th/0006162;hep-th/0006162;3;7;10
hep-th/9509135;hep-th/9509135;7;7;14
hep-th/9802024;hep-th/9802024;5;1;6
hep-th/9906197;hep-th/9906197;6;15;21
hep-th/0006163;hep-th/0006163;6;18;24
hep-th/9802101;hep-th/9802101;6;9;15
hep-th/9207039;hep-th/9207039;10;0;10
hep-th/9204075;hep-th/9204075;4;0;4
hep-th/9505113;hep-th/9505113;16;9;25
hep-th/9508113;hep-th/9508113;9;6;15
hep-th/9812041;hep-th/9812041;1;21;22
hep-th/0006161;hep-th/0006161;1;6;7
hep-th/9906124;hep-th/9906124;10;9;19
hep-th/9202045;hep-th/9202045;6;0;6
hep-th/9906146;hep-th/9906146;8;11;19
hep-th/0006166;hep-th/0006166;3;13;16
hep-th/9706031;hep-th/9706031;21;10;31
hep-th/9409058;hep-th/9409058;6;3;9
hep-th/0006167;hep-th/0006167;12;12;24
hep-th/0006164;hep-th/0006164;7;19;26
hep-ph/0005146;hep-ph/0005146;30;39;69
hep-th/0003026;hep-th/0003026;8;13;21
hep-th/0101197;hep-th/0101197;10;1;11
hep-th/9410047;hep-th/9410047;6;3;9
hep-th/9706092;hep-th/9706092;18;4;22
hep-th/9410072;hep-th/9410072;6;2;8
hep-th/9803048;hep-th/9803048;13;27;40
hep-th/0006169;hep-th/0006169;3;8;11
hep-th/9904001;hep-th/9904001;4;4;8
hep-th/9206021;hep-th/9206021;20;0;20
gr-qc/0410107;gr-qc/0410107;4;10;14
gr-qc/0410074;gr-qc/0410074;6;17;23
gr-qc/0404093;gr-qc/0404093;7;119;126
math-ph/0609064;math-ph/0609064;1;14;15
hep-th/0409201;hep-th/0409201;3;10;13
0807.2508;0807.2508;0;20;20
hep-th/0611160;hep-th/0611160;4;22;26
hep-th/0702113;hep-th/0702113;7;25;32
hep-th/0701014;hep-th/0701014;4;20;24
math/0402199;math/0402199;2;4;6
math-ph/0211004;math-ph/0211004;0;5;5
gr-qc/0011064;gr-qc/0011064;2;0;2
gr-qc/9701054;gr-qc/9701054;2;0;2
0901.4941;0901.4941;0;25;25
hep-th/9802094;hep-th/9802094;8;4;12
0804.2846;0804.2846;0;10;10
astro-ph/0509015;astro-ph/0509015;8;36;44
astro-ph/0103244;astro-ph/0103244;19;5;24
hep-th/0610054;hep-th/0610054;19;21;40
hep-ph/9509313;hep-ph/9509313;5;2;7
hep-th/9408117;hep-th/9408117;2;0;2
math/0406445;math/0406445;9;12;21
0711.2278;0711.2278;0;6;6
hep-th/0112111;hep-th/0112111;8;9;17
hep-th/9710159;hep-th/9710159;8;6;14
physics/9804010;physics/9804010;12;10;22
0709.4126;0709.4126;0;13;13
hep-th/0701095;hep-th/0701095;5;8;13
cond-mat/9208004;cond-mat/9208004;15;0;15
cond-mat/0612269;cond-mat/0612269;5;10;15
hep-th/0304207;hep-th/0304207;4;11;15
0711.2276;0711.2276;0;1;1
0806.0407;0806.0407;0;19;19
0708.2359;0708.2359;0;2;2
hep-th/0401031;hep-th/0401031;15;58;73
hep-th/0307055;hep-th/0307055;20;31;51
hep-th/0011171;hep-th/0011171;10;11;21
math/0005256;math/0005256;13;7;20
gr-qc/0111088;gr-qc/0111088;4;3;7
hep-th/0206129;hep-th/0206129;6;21;27
hep-th/0111215;hep-th/0111215;3;24;27
astro-ph/9505125;astro-ph/9505125;15;0;15
hep-th/0410132;hep-th/0410132;11;4;15
hep-th/9610228;hep-th/9610228;5;1;6
hep-th/0312111;hep-th/0312111;8;23;31
hep-th/0212263;hep-th/0212263;17;15;32
hep-th/0202084;hep-th/0202084;38;51;89
hep-th/0212137;hep-th/0212137;2;9;11
hep-th/0111227;hep-th/0111227;8;7;15
hep-th/0208036;hep-th/0208036;3;8;11
hep-th/0005094;hep-th/0005094;8;9;17
hep-th/0208122;hep-th/0208122;10;13;23
astro-ph/0208103;astro-ph/0208103;4;11;15
gr-qc/0202012;gr-qc/0202012;14;33;47
astro-ph/0203164;astro-ph/0203164;10;0;10
gr-qc/9911122;gr-qc/9911122;7;3;10
hep-th/0110188;hep-th/0110188;23;60;83
hep-ph/0201056;hep-ph/0201056;22;15;37
gr-qc/9911120;gr-qc/9911120;0;3;3
gr-qc/9805062;gr-qc/9805062;2;4;6
hep-th/0208107;hep-th/0208107;23;69;92
hep-th/0008245;hep-th/0008245;11;18;29
hep-th/0112244;hep-th/0112244;7;23;30
hep-th/0208125;hep-th/0208125;9;99;108
hep-ph/0107094;hep-ph/0107094;19;27;46
hep-th/0003156;hep-th/0003156;4;27;31
hep-th/9805177;hep-th/9805177;15;0;15
hep-ph/9612400;hep-ph/9612400;5;8;13
hep-ph/9404210;hep-ph/9404210;3;6;9
hep-th/9303060;hep-th/9303060;19;0;19
hep-th/0201032;hep-th/0201032;14;91;105
hep-th/9604112;hep-th/9604112;35;30;65
hep-ph/0109162;hep-ph/0109162;9;22;31
hep-th/9509115;hep-th/9509115;31;4;35
hep-ph/9907355;hep-ph/9907355;30;11;41
hep-ph/0011310;hep-ph/0011310;2;15;17
hep-th/0208128;hep-th/0208128;1;4;5
gr-qc/9908036;gr-qc/9908036;3;4;7
gr-qc/0101056;gr-qc/0101056;2;1;3
hep-th/0208129;hep-th/0208129;0;4;4
0809.4603;0809.4603;0;22;22
hep-th/0608078;hep-th/0608078;4;0;4
hep-th/0110235;hep-th/0110235;10;18;28
hep-th/9904098;hep-th/9904098;13;28;41
0804.4261;0804.4261;0;18;18
hep-th/0703234;hep-th/0703234;6;15;21
gr-qc/0306116;gr-qc/0306116;20;43;63
hep-th/0612008;hep-th/0612008;3;73;76
0901.3752;0901.3752;0;4;4
0902.2066;0902.2066;0;8;8
hep-th/0305008;hep-th/0305008;3;1;4
hep-lat/9904007;hep-lat/9904007;18;14;32
0910.2570;0910.2570;0;14;14
astro-ph/0505379;astro-ph/0505379;7;9;16
hep-th/0012269;hep-th/0012269;4;1;5
hep-th/9706159;hep-th/9706159;11;5;16
hep-th/0103096;hep-th/0103096;13;4;17
hep-th/0003072;hep-th/0003072;11;18;29
hep-th/9902179;hep-th/9902179;12;25;37
hep-th/9810153;hep-th/9810153;8;10;18
hep-th/9703088;hep-th/9703088;0;4;4
hep-th/9703089;hep-th/9703089;5;1;6
hep-th/9511167;hep-th/9511167;3;11;14
hep-th/0003077;hep-th/0003077;3;4;7
hep-th/0003104;hep-th/0003104;9;2;11
hep-th/0002130;hep-th/0002130;20;113;133
gr-qc/0001019;gr-qc/0001019;17;26;43
hep-th/0001003;hep-th/0001003;15;1;16
hep-ph/0001017;hep-ph/0001017;11;23;34
hep-th/9910081;hep-th/9910081;27;42;69
hep-th/0305043;hep-th/0305043;7;9;16
hep-th/9611112;hep-th/9611112;6;6;12
hep-th/9606073;hep-th/9606073;12;6;18
hep-th/9611188;hep-th/9611188;4;32;36
hep-th/9703083;hep-th/9703083;6;1;7
funct-an/9701002;funct-an/9701002;2;0;2
hep-th/9703081;hep-th/9703081;11;7;18
hep-th/9610001;hep-th/9610001;4;8;12
hep-th/9612196;hep-th/9612196;16;1;17
hep-th/9209007;hep-th/9209007;13;1;14
hep-th/9605225;hep-th/9605225;25;13;38
alg-geom/9601005;alg-geom/9601005;3;1;4
hep-th/9412226;hep-th/9412226;6;2;8
hep-th/9703084;hep-th/9703084;8;10;18
hep-th/9610182;hep-th/9610182;5;4;9
gr-qc/9508033;gr-qc/9508033;5;3;8
gr-qc/9508031;gr-qc/9508031;1;3;4
hep-th/0512059;hep-th/0512059;5;4;9
astro-ph/0401269;astro-ph/0401269;3;7;10
hep-th/0504068;hep-th/0504068;5;24;29
hep-th/0512050;hep-th/0512050;6;42;48
hep-th/0511102;hep-th/0511102;20;38;58
hep-th/0402218;hep-th/0402218;12;15;27
hep-th/0407042;hep-th/0407042;9;13;22
solv-int/9509007;solv-int/9509007;4;3;7
hep-th/0512052;hep-th/0512052;24;20;44
hep-th/0501197;hep-th/0501197;34;37;71
hep-th/0509234;hep-th/0509234;34;18;52
hep-th/0012260;hep-th/0012260;5;9;14
hep-th/0101138;hep-th/0101138;6;4;10
cond-mat/9510088;cond-mat/9510088;4;1;5
hep-th/9501087;hep-th/9501087;6;2;8
math/0509161;math/0509161;3;6;9
hep-th/0106110;hep-th/0106110;15;9;24
math/0211262;math/0211262;11;2;13
hep-th/0011090;hep-th/0011090;4;17;21
hep-th/0005091;hep-th/0005091;35;14;49
hep-th/0012263;hep-th/0012263;5;28;33
gr-qc/9806102;gr-qc/9806102;5;25;30
hep-th/9910077;hep-th/9910077;15;18;33
hep-th/9910086;hep-th/9910086;13;8;21
quant-ph/0212044;quant-ph/0212044;5;0;5
quant-ph/0311049;quant-ph/0311049;9;20;29
hep-th/9309050;hep-th/9309050;33;3;36
hep-th/9804103;hep-th/9804103;2;5;7
hep-th/0211181;hep-th/0211181;15;77;92
hep-th/0411210;hep-th/0411210;19;61;80
hep-th/0410225;hep-th/0410225;4;10;14
gr-qc/0402047;gr-qc/0402047;10;14;24
hep-th/0405050;hep-th/0405050;8;24;32
hep-th/0311059;hep-th/0311059;13;8;21
gr-qc/0409074;gr-qc/0409074;12;40;52
hep-th/0409130;hep-th/0409130;6;14;20
hep-th/0201051;hep-th/0201051;33;23;56
hep-th/0411062;hep-th/0411062;17;82;99
hep-th/0406195;hep-th/0406195;20;66;86
astro-ph/0405544;astro-ph/0405544;19;13;32
astro-ph/0406447;astro-ph/0406447;6;27;33
hep-th/0412002;hep-th/0412002;14;81;95
hep-th/0409088;hep-th/0409088;1;15;16
astro-ph/0411773;astro-ph/0411773;14;29;43
hep-th/0409015;hep-th/0409015;7;59;66
astro-ph/0312022;astro-ph/0312022;6;15;21
hep-th/0404242;hep-th/0404242;20;70;90
gr-qc/0303108;gr-qc/0303108;9;46;55
gr-qc/0402065;gr-qc/0402065;2;14;16
hep-th/0404118;hep-th/0404118;13;25;38
hep-th/0411056;hep-th/0411056;11;30;41
hep-th/0411221;hep-th/0411221;14;14;28
gr-qc/0306072;gr-qc/0306072;17;39;56
hep-th/0407184;hep-th/0407184;8;27;35
hep-th/0408071;hep-th/0408071;7;41;48
gr-qc/0302054;gr-qc/0302054;7;18;25
hep-th/0403155;hep-th/0403155;1;32;33
hep-th/0303131;hep-th/0303131;3;21;24
hep-th/0012265;hep-th/0012265;0;45;45
hep-th/0508212;hep-th/0508212;4;7;11
hep-th/0507122;hep-th/0507122;3;10;13
hep-th/0006098;hep-th/0006098;11;14;25
hep-th/9503091;hep-th/9503091;2;3;5
hep-th/0012155;hep-th/0012155;33;0;33
0811.4253;0811.4253;0;51;51
hep-th/0609143;hep-th/0609143;7;22;29
hep-th/0409025;hep-th/0409025;12;30;42
gr-qc/0002091;gr-qc/0002091;28;6;34
hep-ph/9807204;hep-ph/9807204;4;2;6
hep-ph/9512370;hep-ph/9512370;7;3;10
hep-th/0012267;hep-th/0012267;1;53;54
hep-th/9801106;hep-th/9801106;9;10;19
hep-th/0001022;hep-th/0001022;1;3;4
hep-th/9610022;hep-th/9610022;8;7;15
hep-ph/9807202;hep-ph/9807202;0;1;1
gr-qc/0612065;gr-qc/0612065;13;17;30
hep-th/0606040;hep-th/0606040;12;73;85
0907.4405;0907.4405;0;1;1
hep-th/0110205;hep-th/0110205;7;4;11
quant-ph/0102043;quant-ph/0102043;9;1;10
gr-qc/9302018;gr-qc/9302018;7;0;7
0712.4144;0712.4144;0;36;36
hep-th/0307031;hep-th/0307031;9;10;19
0908.3439;0908.3439;0;3;3
gr-qc/0605060;gr-qc/0605060;4;17;21
0910.3790;0910.3790;0;12;12
0712.3589;0712.3589;0;14;14
hep-th/0602175;hep-th/0602175;10;12;22
hep-th/0507246;hep-th/0507246;10;4;14
cond-mat/0411031;cond-mat/0411031;7;4;11
hep-th/9811062;hep-th/9811062;6;5;11
hep-th/9807162;hep-th/9807162;1;0;1
hep-ph/9804303;hep-ph/9804303;7;3;10
hep-th/9811060;hep-th/9811060;9;49;58
hep-th/9810154;hep-th/9810154;9;15;24
hep-th/9811061;hep-th/9811061;0;3;3
hep-th/9701156;hep-th/9701156;8;1;9
hep-lat/9703015;hep-lat/9703015;6;0;6
hep-th/9811064;hep-th/9811064;5;22;27
hep-th/9807117;hep-th/9807117;7;0;7
hep-th/9611147;hep-th/9611147;5;8;13
hep-th/9307047;hep-th/9307047;1;0;1
hep-th/9708098;hep-th/9708098;19;0;19
0909.1580;0909.1580;0;12;12
hep-th/9910033;hep-th/9910033;22;22;44
0807.0513;0807.0513;0;7;7
hep-th/0512233;hep-th/0512233;4;7;11
0902.2869;0902.2869;0;7;7
hep-th/0507208;hep-th/0507208;1;37;38
hep-th/0512203;hep-th/0512203;17;19;36
hep-th/0606030;hep-th/0606030;9;31;40
0707.0555;0707.0555;0;7;7
hep-th/0604116;hep-th/0604116;6;40;46
hep-th/0011161;hep-th/0011161;7;9;16
hep-th/0008185;hep-th/0008185;31;16;47
hep-th/0005139;hep-th/0005139;22;27;49
hep-th/0011143;hep-th/0011143;1;20;21
quant-ph/0406188;quant-ph/0406188;10;1;11
hep-th/0102022;hep-th/0102022;20;64;84
hep-th/0006073;hep-th/0006073;7;17;24
hep-th/9911251;hep-th/9911251;6;26;32
hep-th/0009067;hep-th/0009067;14;18;32
hep-th/0101109;hep-th/0101109;26;34;60
math-ph/0606060;math-ph/0606060;4;20;24
hep-th/0402177;hep-th/0402177;12;23;35
hep-lat/0603004;hep-lat/0603004;8;13;21
hep-th/0003009;hep-th/0003009;7;26;33
hep-th/0005077;hep-th/0005077;9;20;29
hep-th/0507156;hep-th/0507156;9;22;31
hep-th/0404063;hep-th/0404063;15;39;54
cond-mat/0109287;cond-mat/0109287;7;0;7
hep-th/0411030;hep-th/0411030;25;44;69
hep-th/0403131;hep-th/0403131;29;14;43
hep-th/0703013;hep-th/0703013;6;8;14
hep-th/9708127;hep-th/9708127;22;0;22
hep-th/0306119;hep-th/0306119;21;43;64
hep-th/9809181;hep-th/9809181;3;40;43
hep-th/9709096;hep-th/9709096;20;51;71
hep-th/9805142;hep-th/9805142;12;29;41
hep-th/9810253;hep-th/9810253;14;6;20
0805.3427;0805.3427;0;10;10
hep-th/0504017;hep-th/0504017;3;26;29
hep-th/9905047;hep-th/9905047;5;5;10
hep-th/9706200;hep-th/9706200;4;0;4
0811.4074;0811.4074;0;44;44
hep-th/0502109;hep-th/0502109;11;38;49
hep-th/9907002;hep-th/9907002;5;14;19
hep-th/0405186;hep-th/0405186;19;81;100
gr-qc/0406044;gr-qc/0406044;14;38;52
gr-qc/0212130;gr-qc/0212130;1;1;2
hep-th/0703017;hep-th/0703017;5;33;38
hep-th/0606215;hep-th/0606215;6;26;32
hep-th/9312126;hep-th/9312126;2;0;2
hep-th/0605186;hep-th/0605186;6;33;39
hep-th/0606225;hep-th/0606225;3;23;26
hep-th/0612277;hep-th/0612277;2;30;32
hep-th/0612130;hep-th/0612130;1;22;23
hep-th/0502193;hep-th/0502193;29;34;63
hep-th/0106023;hep-th/0106023;13;11;24
hep-th/9210099;hep-th/9210099;44;0;44
hep-th/0010042;hep-th/0010042;30;18;48
hep-th/0103224;hep-th/0103224;10;14;24
quant-ph/0009071;quant-ph/0009071;1;1;2
hep-th/0212060;hep-th/0212060;15;48;63
hep-th/0401032;hep-th/0401032;9;19;28
hep-th/0207013;hep-th/0207013;4;2;6
hep-ph/0306049;hep-ph/0306049;23;19;42
hep-ph/0409223;hep-ph/0409223;4;29;33
hep-ph/0305129;hep-ph/0305129;7;60;67
hep-th/9905169;hep-th/9905169;10;5;15
hep-th/0409082;hep-th/0409082;3;15;18
hep-ph/9807493;hep-ph/9807493;16;16;32
astro-ph/0207199;astro-ph/0207199;3;2;5
hep-th/0703011;hep-th/0703011;15;29;44
hep-th/0601053;hep-th/0601053;21;140;161
hep-th/0610319;hep-th/0610319;14;40;54
hep-th/0603172;hep-th/0603172;12;27;39
hep-th/0512190;hep-th/0512190;19;0;19
hep-th/0007087;hep-th/0007087;16;28;44
0709.0293;0709.0293;0;27;27
hep-th/0604186;hep-th/0604186;8;26;34
hep-ph/0601108;hep-ph/0601108;2;0;2
astro-ph/0509029;astro-ph/0509029;20;6;26
0709.0294;0709.0294;0;29;29
hep-th/0505065;hep-th/0505065;11;51;62
hep-th/0602168;hep-th/0602168;9;25;34
hep-th/0409287;hep-th/0409287;6;20;26
hep-th/0702109;hep-th/0702109;15;23;38
0709.0297;0709.0297;0;3;3
0709.0299;0709.0299;0;1;1
hep-th/9407070;hep-th/9407070;8;1;9
hep-th/9401055;hep-th/9401055;1;3;4
hep-th/9407071;hep-th/9407071;8;2;10
hep-th/9211029;hep-th/9211029;8;0;8
hep-th/9305122;hep-th/9305122;3;0;3
hep-th/9210124;hep-th/9210124;16;0;16
hep-th/9307190;hep-th/9307190;10;6;16
hep-th/9210040;hep-th/9210040;7;1;8
0810.0771;0810.0771;0;20;20
math/0703231;math/0703231;0;41;41
hep-th/0610092;hep-th/0610092;9;38;47
hep-th/0503177;hep-th/0503177;29;43;72
hep-th/0407114;hep-th/0407114;18;7;25
hep-th/0606175;hep-th/0606175;21;53;74
math/0105119;math/0105119;19;4;23
math/0607586;math/0607586;8;11;19
math/0602160;math/0602160;2;1;3
math/0311355;math/0311355;4;0;4
math/9910002;math/9910002;10;0;10
0901.1194;0901.1194;0;51;51
hep-th/0306219;hep-th/0306219;12;8;20
hep-th/0406076;hep-th/0406076;7;0;7
hep-th/0212318;hep-th/0212318;15;10;25
hep-th/0101033;hep-th/0101033;9;20;29
cond-mat/0204575;cond-mat/0204575;14;13;27
hep-th/0404048;hep-th/0404048;11;7;18
cond-mat/9912287;cond-mat/9912287;15;15;30
hep-th/0510034;hep-th/0510034;11;31;42
hep-th/0111054;hep-th/0111054;4;18;22
0905.2041;0905.2041;0;2;2
hep-ph/0205099;hep-ph/0205099;3;29;32
physics/0611241;physics/0611241;3;20;23
hep-th/0102210;hep-th/0102210;9;25;34
hep-th/0205139;hep-th/0205139;17;21;38
0811.3708;0811.3708;0;6;6
hep-th/0511004;hep-th/0511004;7;18;25
hep-th/0612092;hep-th/0612092;2;0;2
hep-th/9608157;hep-th/9608157;6;17;23
0710.2333;0710.2333;0;9;9
gr-qc/9809077;gr-qc/9809077;17;8;25
gr-qc/0306016;gr-qc/0306016;6;2;8
astro-ph/0411786;astro-ph/0411786;17;32;49
gr-qc/0611110;gr-qc/0611110;6;7;13
astro-ph/9801174;astro-ph/9801174;6;3;9
astro-ph/9904193;astro-ph/9904193;16;1;17
0909.2920;0909.2920;0;2;2
hep-ph/0104200;hep-ph/0104200;9;3;12
hep-lat/0109033;hep-lat/0109033;3;1;4
hep-ph/0003183;hep-ph/0003183;13;2;15
hep-th/9210123;hep-th/9210123;15;6;21
hep-th/9204011;hep-th/9204011;11;3;14
hep-th/0504039;hep-th/0504039;11;35;46
hep-th/0405288;hep-th/0405288;12;48;60
hep-th/0212296;hep-th/0212296;11;21;32
hep-th/0504038;hep-th/0504038;11;46;57
hep-ph/0301063;hep-ph/0301063;17;0;17
0807.3745;0807.3745;0;16;16
astro-ph/0601276;astro-ph/0601276;6;26;32
hep-ph/9409419;hep-ph/9409419;15;1;16
astro-ph/0703417;astro-ph/0703417;15;16;31
hep-th/0504035;hep-th/0504035;20;34;54
hep-th/0411178;hep-th/0411178;6;24;30
hep-th/0411020;hep-th/0411020;19;60;79
hep-th/0502097;hep-th/0502097;9;23;32
hep-th/9703167;hep-th/9703167;26;16;42
hep-th/0407221;hep-th/0407221;8;37;45
hep-th/0211019;hep-th/0211019;14;26;40
hep-ph/0502106;hep-ph/0502106;4;14;18
astro-ph/0310344;astro-ph/0310344;33;30;63
hep-th/0406197;hep-th/0406197;4;22;26
astro-ph/0402371;astro-ph/0402371;7;36;43
hep-th/0305193;hep-th/0305193;13;23;36
quant-ph/0101010;quant-ph/0101010;1;0;1
gr-qc/0307070;gr-qc/0307070;2;7;9
quant-ph/0402035;quant-ph/0402035;0;8;8
hep-th/0012018;hep-th/0012018;4;9;13
0904.4506;0904.4506;0;37;37
hep-th/9502119;hep-th/9502119;7;10;17
hep-th/9505045;hep-th/9505045;20;20;40
0909.3348;0909.3348;0;1;1
hep-th/0603151;hep-th/0603151;2;1;3
hep-th/9704174;hep-th/9704174;24;63;87
hep-th/9803123;hep-th/9803123;15;19;34
hep-th/9901124;hep-th/9901124;16;13;29
hep-th/9805051;hep-th/9805051;17;80;97
hep-th/0212064;hep-th/0212064;6;14;20
hep-ph/0110323;hep-ph/0110323;14;12;26
hep-th/9910007;hep-th/9910007;2;5;7
hep-th/0301153;hep-th/0301153;13;14;27
hep-ph/0211094;hep-ph/0211094;5;14;19
math-ph/0301014;math-ph/0301014;3;4;7
hep-ph/9905430;hep-ph/9905430;9;1;10
hep-th/0301152;hep-th/0301152;0;5;5
hep-th/9501095;hep-th/9501095;3;1;4
hep-th/0108214;hep-th/0108214;3;5;8
hep-th/0208189;hep-th/0208189;1;0;1
hep-th/0212297;hep-th/0212297;4;24;28
hep-th/9811234;hep-th/9811234;2;3;5
hep-th/9501140;hep-th/9501140;6;4;10
hep-th/9902166;hep-th/9902166;12;28;40
hep-th/9904076;hep-th/9904076;5;9;14
hep-th/9702121;hep-th/9702121;6;0;6
gr-qc/0106022;gr-qc/0106022;2;9;11
hep-th/9812104;hep-th/9812104;11;9;20
gr-qc/9903045;gr-qc/9903045;10;0;10
gr-qc/9511063;gr-qc/9511063;5;0;5
0811.1948;0811.1948;0;25;25
hep-th/0611053;hep-th/0611053;3;47;50
0706.0375;0706.0375;0;10;10
gr-qc/0604124;gr-qc/0604124;3;8;11
hep-th/9211046;hep-th/9211046;3;0;3
hep-th/9510100;hep-th/9510100;5;0;5
0805.4409;0805.4409;0;6;6
0710.1904;0710.1904;0;1;1
0710.1906;0710.1906;0;13;13
astro-ph/0612378;astro-ph/0612378;10;32;42
0812.4892;0812.4892;0;3;3
cond-mat/0311465;cond-mat/0311465;3;3;6
cond-mat/0106028;cond-mat/0106028;25;0;25
hep-th/0404244;hep-th/0404244;0;5;5
astro-ph/9507035;astro-ph/9507035;15;0;15
0911.0012;0911.0012;0;32;32
hep-th/0509082;hep-th/0509082;28;30;58
hep-th/0507197;hep-th/0507197;4;39;43
hep-th/0409149;hep-th/0409149;25;12;37
gr-qc/9701011;gr-qc/9701011;1;1;2
gr-qc/9701013;gr-qc/9701013;4;1;5
hep-th/9204055;hep-th/9204055;2;0;2
hep-th/0006069;hep-th/0006069;17;33;50
hep-th/9305090;hep-th/9305090;22;0;22
cond-mat/9905192;cond-mat/9905192;5;5;10
hep-th/9111017;hep-th/9111017;8;0;8
cond-mat/9309021;cond-mat/9309021;1;0;1
hep-th/9210084;hep-th/9210084;2;0;2
hep-th/9511195;hep-th/9511195;6;17;23
0707.3395;0707.3395;0;1;1
gr-qc/0610014;gr-qc/0610014;3;0;3
0810.1427;0810.1427;0;36;36
0812.2942;0812.2942;0;59;59
hep-th/0612227;hep-th/0612227;20;53;73
hep-th/0505044;hep-th/0505044;7;0;7
hep-th/0612085;hep-th/0612085;1;34;35
hep-th/0611156;hep-th/0611156;15;36;51
0911.0264;0911.0264;0;6;6
hep-th/9511143;hep-th/9511143;7;2;9
0805.2837;0805.2837;0;6;6
hep-th/0611051;hep-th/0611051;13;6;19
hep-ph/0110188;hep-ph/0110188;1;18;19
hep-ph/0003007;hep-ph/0003007;1;6;7
hep-ph/0105278;hep-ph/0105278;1;0;1
0904.3002;0904.3002;0;8;8
hep-th/0509093;hep-th/0509093;3;10;13
0808.3803;0808.3803;0;6;6
0807.2222;0807.2222;0;4;4
hep-th/0609102;hep-th/0609102;2;4;6
hep-th/0407192;hep-th/0407192;22;21;43
hep-th/9707243;hep-th/9707243;14;14;28
hep-th/9805073;hep-th/9805073;28;16;44
hep-th/0703150;hep-th/0703150;6;35;41
hep-th/0010180;hep-th/0010180;7;16;23
hep-ph/9806453;hep-ph/9806453;6;12;18
hep-th/9812050;hep-th/9812050;10;0;10
hep-ph/9904246;hep-ph/9904246;4;9;13
hep-th/9201075;hep-th/9201075;6;0;6
0808.3808;0808.3808;0;6;6
hep-th/9311165;hep-th/9311165;7;0;7
hep-th/0404136;hep-th/0404136;5;5;10
0903.1273;0903.1273;0;19;19
0912.1423;0912.1423;0;26;26
hep-th/0509079;hep-th/0509079;10;28;38
hep-th/0407157;hep-th/0407157;8;28;36
astro-ph/0201511;astro-ph/0201511;11;44;55
hep-th/9711017;hep-th/9711017;18;13;31
hep-ph/0110094;hep-ph/0110094;8;0;8
astro-ph/0111479;astro-ph/0111479;6;12;18
hep-th/9908099;hep-th/9908099;21;8;29
hep-th/9504146;hep-th/9504146;4;4;8
hep-th/9503020;hep-th/9503020;5;21;26
hep-th/9901160;hep-th/9901160;3;3;6
hep-th/9702081;hep-th/9702081;8;5;13
hep-th/9901162;hep-th/9901162;8;26;34
hep-th/9709004;hep-th/9709004;13;17;30
alg-geom/9711031;alg-geom/9711031;7;0;7
hep-th/9804176;hep-th/9804176;35;0;35
hep-th/9901165;hep-th/9901165;5;2;7
hep-th/9705009;hep-th/9705009;6;6;12
hep-th/9804133;hep-th/9804133;9;2;11
hep-th/9712182;hep-th/9712182;10;12;22
hep-th/9204052;hep-th/9204052;12;2;14
hep-th/0002056;hep-th/0002056;15;15;30
hep-th/9702139;hep-th/9702139;3;3;6
hep-th/0112074;hep-th/0112074;5;14;19
math/0204079;math/0204079;3;1;4
hep-th/0304123;hep-th/0304123;14;22;36
hep-th/0111247;hep-th/0111247;31;21;52
hep-th/0002007;hep-th/0002007;38;19;57
hep-th/9901139;hep-th/9901139;15;11;26
hep-th/0204108;hep-th/0204108;5;14;19
hep-th/0101017;hep-th/0101017;2;14;16
hep-th/0206126;hep-th/0206126;25;26;51
hep-th/9902007;hep-th/9902007;21;9;30
hep-ph/0104273;hep-ph/0104273;9;14;23
hep-th/9906067;hep-th/9906067;8;3;11
hep-th/0001063;hep-th/0001063;18;17;35
hep-th/9109029;hep-th/9109029;44;0;44
hep-th/0304259;hep-th/0304259;12;48;60
hep-th/0105312;hep-th/0105312;15;0;15
hep-th/9212085;hep-th/9212085;15;2;17
hep-th/0210139;hep-th/0210139;2;19;21
hep-th/0201249;hep-th/0201249;9;18;27
hep-th/0109032;hep-th/0109032;14;32;46
cond-mat/9802091;cond-mat/9802091;4;0;4
hep-th/9905009;hep-th/9905009;2;5;7
hep-th/9906063;hep-th/9906063;3;8;11
hep-th/0104039;hep-th/0104039;12;23;35
hep-th/9512170;hep-th/9512170;6;8;14
gr-qc/9510038;gr-qc/9510038;0;2;2
0810.2852;0810.2852;0;13;13
hep-th/9511024;hep-th/9511024;13;12;25
hep-th/9411003;hep-th/9411003;12;5;17
hep-th/9511027;hep-th/9511027;0;1;1
hep-th/9511021;hep-th/9511021;1;8;9
hep-th/9409037;hep-th/9409037;20;2;22
hep-th/9506213;hep-th/9506213;3;22;25
hep-th/9511020;hep-th/9511020;1;7;8
hep-th/9508034;hep-th/9508034;10;10;20
hep-th/9502030;hep-th/9502030;26;3;29
hep-th/9302050;hep-th/9302050;20;2;22
hep-th/9303027;hep-th/9303027;9;0;9
hep-th/9511022;hep-th/9511022;2;2;4
hep-th/0312113;hep-th/0312113;17;51;68
hep-th/0301058;hep-th/0301058;11;36;47
hep-th/0307204;hep-th/0307204;7;32;39
hep-th/9301084;hep-th/9301084;11;2;13
hep-th/9311013;hep-th/9311013;2;1;3
hep-th/9511028;hep-th/9511028;3;6;9
hep-th/0401051;hep-th/0401051;1;1;2
math-ph/0401002;math-ph/0401002;6;0;6
hep-th/0401050;hep-th/0401050;5;25;30
hep-th/0305215;hep-th/0305215;10;32;42
hep-th/0310062;hep-th/0310062;6;41;47
hep-th/0206166;hep-th/0206166;32;0;32
hep-th/9403081;hep-th/9403081;5;0;5
hep-th/0109055;hep-th/0109055;24;50;74
hep-th/0010207;hep-th/0010207;17;31;48
hep-th/9905003;hep-th/9905003;2;2;4
hep-th/9209072;hep-th/9209072;6;0;6
hep-th/0005180;hep-th/0005180;3;23;26
hep-th/9810149;hep-th/9810149;6;0;6
0809.2253;0809.2253;0;1;1
hep-th/9905001;hep-th/9905001;6;10;16
hep-th/9805090;hep-th/9805090;10;7;17
hep-th/9606174;hep-th/9606174;9;11;20
hep-th/9306067;hep-th/9306067;16;0;16
hep-th/9603062;hep-th/9603062;8;4;12
hep-th/9702171;hep-th/9702171;4;10;14
hep-th/9710247;hep-th/9710247;14;17;31
hep-th/9902093;hep-th/9902093;4;8;12
gr-qc/9511012;gr-qc/9511012;9;6;15
hep-th/9308077;hep-th/9308077;22;12;34
hep-th/9610201;hep-th/9610201;15;18;33
hep-th/0109056;hep-th/0109056;2;2;4
hep-th/0009071;hep-th/0009071;5;5;10
hep-th/9902039;hep-th/9902039;7;0;7
hep-th/9709044;hep-th/9709044;9;16;25
hep-th/9805071;hep-th/9805071;30;14;44
hep-th/9901093;hep-th/9901093;27;18;45
hep-th/9705029;hep-th/9705029;22;10;32
hep-th/9705137;hep-th/9705137;10;21;31
hep-th/9807232;hep-th/9807232;37;18;55
0711.3916;0711.3916;0;1;1
astro-ph/0411463;astro-ph/0411463;16;6;22
hep-th/9808004;hep-th/9808004;31;11;42
hep-lat/0601023;hep-lat/0601023;10;18;28
hep-lat/0510107;hep-lat/0510107;14;14;28
hep-th/0206074;hep-th/0206074;4;7;11
hep-lat/0503024;hep-lat/0503024;20;13;33
hep-th/0505201;hep-th/0505201;13;23;36
hep-lat/0505025;hep-lat/0505025;5;10;15
hep-th/9501104;hep-th/9501104;4;3;7
0804.3170;0804.3170;0;7;7
hep-th/0510253;hep-th/0510253;39;52;91
hep-th/9308007;hep-th/9308007;11;1;12
hep-th/9308003;hep-th/9308003;5;1;6
hep-th/9308001;hep-th/9308001;4;6;10
quant-ph/0112032;quant-ph/0112032;5;6;11
quant-ph/0110108;quant-ph/0110108;5;1;6
hep-th/0110151;hep-th/0110151;8;15;23
quant-ph/0112010;quant-ph/0112010;5;0;5
0711.1209;0711.1209;0;20;20
hep-th/0411172;hep-th/0411172;49;35;84
hep-th/9308008;hep-th/9308008;0;1;1
hep-th/0602218;hep-th/0602218;10;22;32
hep-th/0403273;hep-th/0403273;3;0;3
hep-th/0308051;hep-th/0308051;5;0;5
gr-qc/0511039;gr-qc/0511039;4;12;16
hep-th/0602219;hep-th/0602219;0;7;7
hep-th/0507288;hep-th/0507288;2;2;4
hep-th/0012235;hep-th/0012235;13;0;13
0902.2055;0902.2055;0;11;11
gr-qc/0605014;gr-qc/0605014;16;5;21
gr-qc/0702036;gr-qc/0702036;9;25;34
hep-th/9411128;hep-th/9411128;25;6;31
0811.2730;0811.2730;0;9;9
hep-lat/0612024;hep-lat/0612024;7;6;13
hep-th/0610011;hep-th/0610011;2;11;13
astro-ph/0509163;astro-ph/0509163;1;1;2
hep-th/0602211;hep-th/0602211;1;32;33
hep-th/0508071;hep-th/0508071;3;17;20
hep-th/0107189;hep-th/0107189;20;33;53
hep-th/0507059;hep-th/0507059;5;23;28
hep-th/0308069;hep-th/0308069;4;45;49
hep-th/0602216;hep-th/0602216;2;22;24
hep-th/0301022;hep-th/0301022;12;14;26
hep-th/0308136;hep-th/0308136;23;23;46
hep-th/0205004;hep-th/0205004;25;22;47
hep-th/0205005;hep-th/0205005;17;8;25
hep-th/0403082;hep-th/0403082;9;18;27
hep-ph/9603267;hep-ph/9603267;10;1;11
hep-th/0311167;hep-th/0311167;11;43;54
hep-th/0111134;hep-th/0111134;16;13;29
hep-th/0510080;hep-th/0510080;20;37;57
hep-th/9311131;hep-th/9311131;1;3;4
hep-th/9310160;hep-th/9310160;3;7;10
hep-th/9205113;hep-th/9205113;11;1;12
hep-th/9310131;hep-th/9310131;3;9;12
hep-th/9311133;hep-th/9311133;4;6;10
hep-th/9209034;hep-th/9209034;6;3;9
hep-th/9311138;hep-th/9311138;2;17;19
hep-th/9309118;hep-th/9309118;9;2;11
hep-th/9309007;hep-th/9309007;1;4;5
quant-ph/0204125;quant-ph/0204125;13;3;16
quant-ph/0209097;quant-ph/0209097;15;4;19
hep-lat/0201002;hep-lat/0201002;5;10;15
hep-th/0210081;hep-th/0210081;30;19;49
hep-ph/0204288;hep-ph/0204288;1;5;6
hep-th/9712250;hep-th/9712250;3;1;4
hep-th/9707124;hep-th/9707124;6;18;24
hep-th/9608137;hep-th/9608137;26;12;38
hep-th/9704204;hep-th/9704204;13;29;42
hep-th/9712012;hep-th/9712012;4;40;44
hep-th/9707102;hep-th/9707102;14;19;33
hep-th/9708136;hep-th/9708136;3;0;3
hep-th/9709123;hep-th/9709123;8;52;60
hep-th/9805154;hep-th/9805154;6;27;33
hep-th/9711072;hep-th/9711072;13;10;23
hep-th/9606016;hep-th/9606016;8;20;28
hep-th/9710158;hep-th/9710158;8;10;18
hep-th/9606026;hep-th/9606026;4;0;4
hep-th/9611151;hep-th/9611151;6;36;42
hep-th/9711010;hep-th/9711010;9;36;45
hep-th/9710027;hep-th/9710027;8;46;54
hep-th/9708099;hep-th/9708099;23;26;49
hep-th/9610157;hep-th/9610157;29;0;29
hep-th/9712252;hep-th/9712252;5;13;18
hep-th/9602057;hep-th/9602057;7;14;21
hep-th/9512157;hep-th/9512157;10;14;24
hep-th/9704201;hep-th/9704201;5;6;11
hep-th/9712255;hep-th/9712255;1;4;5
hep-th/9412072;hep-th/9412072;14;0;14
hep-th/9611064;hep-th/9611064;4;1;5
hep-th/9711029;hep-th/9711029;8;26;34
q-alg/9706028;q-alg/9706028;2;2;4
hep-th/9309105;hep-th/9309105;13;2;15
hep-th/9702195;hep-th/9702195;2;5;7
hep-th/9702194;hep-th/9702194;8;47;55
hep-th/9509171;hep-th/9509171;18;14;32
hep-ph/9705281;hep-ph/9705281;5;17;22
hep-th/9610007;hep-th/9610007;3;8;11
hep-th/9612030;hep-th/9612030;10;24;34
hep-th/9704020;hep-th/9704020;1;6;7
0808.2866;0808.2866;0;19;19
hep-th/0701268;hep-th/0701268;18;14;32
hep-th/0612170;hep-th/0612170;37;20;57
hep-th/0607221;hep-th/0607221;32;17;49
gr-qc/0506122;gr-qc/0506122;12;32;44
hep-th/0701054;hep-th/0701054;10;20;30
hep-th/0412131;hep-th/0412131;12;11;23
hep-th/0306089;hep-th/0306089;10;15;25
0808.2864;0808.2864;0;12;12
hep-th/9801012;hep-th/9801012;6;5;11
math-ph/0009008;math-ph/0009008;12;3;15
hep-th/0210312;hep-th/0210312;4;8;12
hep-th/9611037;hep-th/9611037;0;2;2
hep-th/9607224;hep-th/9607224;6;0;6
hep-th/9611036;hep-th/9611036;8;32;40
hep-th/9611035;hep-th/9611035;1;5;6
hep-ph/9608323;hep-ph/9608323;2;12;14
hep-th/9611034;hep-th/9611034;12;8;20
gr-qc/9602010;gr-qc/9602010;9;0;9
gr-qc/9604016;gr-qc/9604016;13;0;13
hep-th/9607194;hep-th/9607194;8;4;12
hep-th/9607196;hep-th/9607196;7;2;9
hep-th/9607195;hep-th/9607195;7;1;8
hep-th/9411089;hep-th/9411089;10;1;11
hep-th/9301024;hep-th/9301024;28;0;28
hep-th/9609191;hep-th/9609191;17;9;26
hep-th/9611032;hep-th/9611032;0;4;4
0904.1212;0904.1212;0;16;16
hep-th/0607181;hep-th/0607181;14;47;61
hep-th/9607126;hep-th/9607126;39;23;62
hep-th/9611038;hep-th/9611038;13;13;26
hep-ph/9601375;hep-ph/9601375;20;6;26
0907.5336;0907.5336;0;8;8
hep-th/9702011;hep-th/9702011;2;5;7
0903.0882;0903.0882;0;8;8
hep-th/0611233;hep-th/0611233;13;31;44
hep-th/0502230;hep-th/0502230;0;4;4
hep-th/9606121;hep-th/9606121;8;0;8
0810.5397;0810.5397;0;2;2
gr-qc/0607131;gr-qc/0607131;1;12;13
gr-qc/0607130;gr-qc/0607130;2;47;49
gr-qc/0506126;gr-qc/0506126;17;5;22
gr-qc/0505017;gr-qc/0505017;9;19;28
gr-qc/0505030;gr-qc/0505030;5;18;23
hep-th/9510048;hep-th/9510048;0;2;2
hep-th/9311017;hep-th/9311017;4;2;6
hep-th/9510049;hep-th/9510049;0;2;2
hep-th/9510045;hep-th/9510045;2;3;5
hep-th/9510040;hep-th/9510040;2;7;9
hep-th/9405140;hep-th/9405140;10;0;10
hep-th/9412089;hep-th/9412089;4;1;5
hep-lat/9509020;hep-lat/9509020;5;3;8
hep-th/9503181;hep-th/9503181;17;6;23
hep-th/9505194;hep-th/9505194;8;4;12
hep-th/9409114;hep-th/9409114;10;3;13
hep-th/9510042;hep-th/9510042;1;3;4
hep-th/9504149;hep-th/9504149;3;35;38
hep-th/9510043;hep-th/9510043;0;4;4
0808.3474;0808.3474;0;8;8
0809.1198;0809.1198;0;3;3
hep-ph/0612277;hep-ph/0612277;14;29;43
hep-ph/0602178;hep-ph/0602178;23;61;84
hep-ph/0604195;hep-ph/0604195;36;67;103
hep-ph/0612089;hep-ph/0612089;13;25;38
hep-th/0611091;hep-th/0611091;12;29;41
hep-ph/0609191;hep-ph/0609191;20;26;46
hep-ph/0607017;hep-ph/0607017;14;37;51
hep-ph/0607016;hep-ph/0607016;13;33;46
hep-ph/0607015;hep-ph/0607015;18;73;91
hep-ph/0507005;hep-ph/0507005;47;62;109
0705.3064;0705.3064;0;39;39
hep-th/0605194;hep-th/0605194;8;18;26
hep-th/0502245;hep-th/0502245;12;17;29
hep-th/0410073;hep-th/0410073;10;15;25
hep-th/0402041;hep-th/0402041;10;12;22
hep-th/0511054;hep-th/0511054;11;19;30
hep-th/0209187;hep-th/0209187;13;14;27
hep-th/0605165;hep-th/0605165;7;27;34
hep-th/0610180;hep-th/0610180;10;13;23
hep-th/9912083;hep-th/9912083;23;0;23
hep-th/0410029;hep-th/0410029;17;18;35
hep-th/0408004;hep-th/0408004;29;7;36
quant-ph/0401098;quant-ph/0401098;0;3;3
quant-ph/0003044;quant-ph/0003044;7;1;8
quant-ph/0408181;quant-ph/0408181;7;0;7
math-ph/0303019;math-ph/0303019;6;1;7
hep-th/9903097;hep-th/9903097;1;1;2
hep-th/9303117;hep-th/9303117;6;1;7
hep-th/9807026;hep-th/9807026;9;23;32
hep-ph/9901390;hep-ph/9901390;4;6;10
hep-th/9809194;hep-th/9809194;12;0;12
hep-th/9903095;hep-th/9903095;3;18;21
hep-th/9901107;hep-th/9901107;20;21;41
hep-th/9709080;hep-th/9709080;8;7;15
hep-th/9611133;hep-th/9611133;13;8;21
hep-th/9903092;hep-th/9903092;0;41;41
nucl-th/9901080;nucl-th/9901080;6;12;18
hep-th/9711157;hep-th/9711157;7;44;51
hep-th/9808054;hep-th/9808054;5;17;22
hep-ph/9604216;hep-ph/9604216;13;19;32
hep-th/9602021;hep-th/9602021;14;10;24
hep-th/9604076;hep-th/9604076;4;2;6
hep-th/9709186;hep-th/9709186;3;17;20
hep-th/9511014;hep-th/9511014;8;7;15
hep-th/9503221;hep-th/9503221;4;0;4
hep-th/9611003;hep-th/9611003;16;11;27
hep-th/9606045;hep-th/9606045;6;3;9
hep-th/9804074;hep-th/9804074;5;16;21
hep-th/9511006;hep-th/9511006;12;3;15
hep-th/9710175;hep-th/9710175;6;10;16
hep-th/9806082;hep-th/9806082;14;12;26
0902.0665;0902.0665;0;4;4
hep-th/0701197;hep-th/0701197;10;14;24
hep-th/0506220;hep-th/0506220;13;3;16
hep-th/0504023;hep-th/0504023;14;3;17
hep-th/0511032;hep-th/0511032;11;2;13
0911.4870;0911.4870;0;23;23
hep-th/0512200;hep-th/0512200;45;29;74
gr-qc/9305013;gr-qc/9305013;27;0;27
gr-qc/0212031;gr-qc/0212031;8;4;12
hep-ph/9602316;hep-ph/9602316;52;1;53
hep-ph/0011056;hep-ph/0011056;9;6;15
hep-ph/0007032;hep-ph/0007032;10;0;10
hep-ph/9912329;hep-ph/9912329;12;7;19
hep-th/9711188;hep-th/9711188;12;0;12
hep-ph/0011057;hep-ph/0011057;3;6;9
hep-th/9603143;hep-th/9603143;6;9;15
0907.5418;0907.5418;0;33;33
hep-th/0603101;hep-th/0603101;11;6;17
hep-th/0503060;hep-th/0503060;18;4;22
hep-th/0512336;hep-th/0512336;14;6;20
0805.1840;0805.1840;0;10;10
hep-th/0507154;hep-th/0507154;26;39;65
0803.1591;0803.1591;0;6;6
0708.2181;0708.2181;0;50;50
hep-th/0609001;hep-th/0609001;7;1;8
gr-qc/0608115;gr-qc/0608115;12;25;37
hep-th/0608001;hep-th/0608001;10;10;20
hep-th/0508208;hep-th/0508208;21;16;37
0710.5633;0710.5633;0;12;12
hep-th/0304201;hep-th/0304201;5;21;26
gr-qc/9602016;gr-qc/9602016;3;6;9
cond-mat/0405374;cond-mat/0405374;2;2;4
hep-th/9803146;hep-th/9803146;10;25;35
hep-th/9801157;hep-th/9801157;14;21;35
hep-th/9804097;hep-th/9804097;5;27;32
hep-th/9312041;hep-th/9312041;2;0;2
cond-mat/9806238;cond-mat/9806238;3;11;14
hep-th/9612078;hep-th/9612078;26;11;37
hep-th/9609022;hep-th/9609022;16;20;36
hep-th/0107027;hep-th/0107027;2;3;5
hep-th/0006089;hep-th/0006089;4;2;6
hep-th/9908003;hep-th/9908003;2;1;3
hep-th/9808172;hep-th/9808172;4;50;54
hep-th/9502149;hep-th/9502149;6;2;8
hep-lat/9808004;hep-lat/9808004;3;1;4
hep-th/9710080;hep-th/9710080;5;4;9
gr-qc/9704079;gr-qc/9704079;7;8;15
hep-th/9311032;hep-th/9311032;3;0;3
hep-th/9303081;hep-th/9303081;2;1;3
hep-th/9805215;hep-th/9805215;9;4;13
hep-th/9205053;hep-th/9205053;1;0;1
hep-th/9808170;hep-th/9808170;0;3;3
hep-th/9510194;hep-th/9510194;2;12;14
hep-th/9704138;hep-th/9704138;1;2;3
cond-mat/9611070;cond-mat/9611070;4;1;5
cond-mat/9705216;cond-mat/9705216;3;3;6
cond-mat/9709298;cond-mat/9709298;1;0;1
hep-th/9705147;hep-th/9705147;9;12;21
hep-th/9803206;hep-th/9803206;16;5;21
hep-th/9808175;hep-th/9808175;13;30;43
hep-th/9411059;hep-th/9411059;0;3;3
hep-th/9305149;hep-th/9305149;1;0;1
hep-th/9309099;hep-th/9309099;3;1;4
hep-th/9206037;hep-th/9206037;17;0;17
hep-th/9405071;hep-th/9405071;2;3;5
hep-th/9411055;hep-th/9411055;6;10;16
hep-th/9405074;hep-th/9405074;1;12;13
hep-th/9310126;hep-th/9310126;6;5;11
hep-th/9402001;hep-th/9402001;15;4;19
hep-th/9312192;hep-th/9312192;11;7;18
hep-th/9406111;hep-th/9406111;5;8;13
hep-th/9312208;hep-th/9312208;19;4;23
hep-th/9405093;hep-th/9405093;12;14;26
hep-th/9404041;hep-th/9404041;5;12;17
hep-th/9912158;hep-th/9912158;12;24;36
hep-th/9903027;hep-th/9903027;8;10;18
hep-ph/9706396;hep-ph/9706396;8;9;17
hep-th/9912183;hep-th/9912183;14;21;35
hep-th/9312053;hep-th/9312053;1;0;1
hep-th/9808164;hep-th/9808164;5;4;9
hep-th/9804032;hep-th/9804032;9;8;17
hep-th/9912159;hep-th/9912159;2;13;15
hep-th/9802080;hep-th/9802080;15;13;28
hep-th/9404035;hep-th/9404035;20;14;34
hep-th/0305095;hep-th/0305095;25;54;79
hep-th/0107063;hep-th/0107063;14;31;45
hep-th/0112228;hep-th/0112228;14;33;47
hep-th/0002004;hep-th/0002004;13;34;47
hep-th/0211121;hep-th/0211121;8;39;47
hep-th/0105063;hep-th/0105063;29;25;54
math/0104197;math/0104197;8;2;10
hep-th/0112029;hep-th/0112029;14;27;41
hep-th/0111239;hep-th/0111239;6;22;28
math/0011041;math/0011041;36;0;36
hep-th/9401023;hep-th/9401023;4;1;5
hep-th/9811201;hep-th/9811201;29;41;70
hep-th/0110288;hep-th/0110288;16;33;49
math/0105237;math/0105237;7;1;8
0810.4989;0810.4989;0;26;26
hep-th/0702031;hep-th/0702031;3;24;27
0901.4214;0901.4214;0;12;12
hep-th/0110044;hep-th/0110044;14;6;20
hep-th/0202089;hep-th/0202089;10;0;10
hep-th/0504207;hep-th/0504207;14;9;23
quant-ph/0101114;quant-ph/0101114;9;0;9
hep-th/0601211;hep-th/0601211;9;23;32
hep-th/0511171;hep-th/0511171;8;11;19
hep-th/0412135;hep-th/0412135;16;13;29
quant-ph/0202114;quant-ph/0202114;19;3;22
0903.0435;0903.0435;0;29;29
hep-th/9908120;hep-th/9908120;22;21;43
hep-th/9401053;hep-th/9401053;11;1;12
hep-th/0209252;hep-th/0209252;2;13;15
hep-th/9506170;hep-th/9506170;39;9;48
alg-geom/9312009;alg-geom/9312009;3;0;3
math/9903034;math/9903034;4;0;4
hep-th/9808053;hep-th/9808053;3;15;18
hep-th/9506118;hep-th/9506118;5;15;20
hep-th/9701113;hep-th/9701113;2;10;12
hep-th/9909222;hep-th/9909222;7;17;24
gr-qc/0207112;gr-qc/0207112;22;10;32
hep-th/0508041;hep-th/0508041;0;7;7
gr-qc/9506041;gr-qc/9506041;29;9;38
hep-th/9508144;hep-th/9508144;53;15;68
hep-th/0302136;hep-th/0302136;17;0;17
hep-th/0508044;hep-th/0508044;7;9;16
hep-th/0109078;hep-th/0109078;5;3;8
hep-th/0508045;hep-th/0508045;5;22;27
hep-th/0508046;hep-th/0508046;1;17;18
hep-th/0501245;hep-th/0501245;6;15;21
hep-th/9908209;hep-th/9908209;5;15;20
hep-th/0508047;hep-th/0508047;1;18;19
math-ph/0305061;math-ph/0305061;16;4;20
math-ph/0503024;math-ph/0503024;6;7;13
hep-th/0301064;hep-th/0301064;17;3;20
math-ph/0206028;math-ph/0206028;23;1;24
hep-th/9303050;hep-th/9303050;11;6;17
math-ph/0307058;math-ph/0307058;7;3;10
hep-th/0505068;hep-th/0505068;11;28;39
hep-th/0009073;hep-th/0009073;8;4;12
hep-th/0107080;hep-th/0107080;6;4;10
hep-th/0111074;hep-th/0111074;3;3;6
hep-th/0201246;hep-th/0201246;4;5;9
hep-ph/9501206;hep-ph/9501206;2;1;3
0801.4942;0801.4942;0;15;15
0708.4285;0708.4285;0;27;27
0812.3273;0812.3273;0;15;15
hep-th/0405127;hep-th/0405127;23;50;73
0712.1130;0712.1130;0;30;30
hep-th/0612061;hep-th/0612061;6;22;28
gr-qc/9710034;gr-qc/9710034;1;7;8
gr-qc/0609024;gr-qc/0609024;18;6;24
gr-qc/0102014;gr-qc/0102014;15;7;22
0704.4001;0704.4001;0;36;36
hep-th/0510061;hep-th/0510061;12;26;38
hep-th/0211097;hep-th/0211097;17;26;43
hep-th/0403252;hep-th/0403252;18;21;39
hep-th/0504098;hep-th/0504098;12;37;49
hep-th/0503057;hep-th/0503057;12;28;40
hep-th/0506104;hep-th/0506104;3;26;29
hep-th/0506247;hep-th/0506247;4;10;14
hep-th/0005098;hep-th/0005098;11;30;41
hep-th/0409271;hep-th/0409271;25;17;42
0705.3930;0705.3930;0;15;15
hep-th/0606236;hep-th/0606236;4;80;84
cond-mat/0305121;cond-mat/0305121;8;1;9
hep-th/0512219;hep-th/0512219;5;24;29
gr-qc/0701025;gr-qc/0701025;0;4;4
math/0412514;math/0412514;3;15;18
math/0209044;math/0209044;7;44;51
hep-th/0408167;hep-th/0408167;3;16;19
gr-qc/0701020;gr-qc/0701020;8;17;25
hep-th/0510232;hep-th/0510232;2;18;20
gr-qc/9805096;gr-qc/9805096;14;0;14
hep-th/0304176;hep-th/0304176;4;8;12
hep-th/0109166;hep-th/0109166;5;5;10
hep-th/9902006;hep-th/9902006;8;3;11
hep-th/0607137;hep-th/0607137;1;3;4
gr-qc/0610118;gr-qc/0610118;11;11;22
gr-qc/0501105;gr-qc/0501105;6;4;10
gr-qc/0701019;gr-qc/0701019;4;7;11
0911.2393;0911.2393;0;12;12
hep-th/0404185;hep-th/0404185;3;12;15
gr-qc/0409016;gr-qc/0409016;12;16;28
hep-th/0206245;hep-th/0206245;17;0;17
gr-qc/0510061;gr-qc/0510061;6;10;16
gr-qc/0510062;gr-qc/0510062;8;19;27
gr-qc/0502026;gr-qc/0502026;4;24;28
hep-th/0405016;hep-th/0405016;11;78;89
gr-qc/0509110;gr-qc/0509110;3;3;6
astro-ph/0312274;astro-ph/0312274;18;3;21
0901.4040;0901.4040;0;8;8
hep-th/0405182;hep-th/0405182;2;33;35
hep-th/0409171;hep-th/0409171;5;16;21
hep-th/9505047;hep-th/9505047;14;14;28
nlin/0507028;nlin/0507028;3;10;13
hep-th/9710084;hep-th/9710084;2;8;10
hep-th/0012215;hep-th/0012215;24;4;28
hep-th/9804142;hep-th/9804142;18;8;26
hep-th/0210310;hep-th/0210310;18;0;18
0808.0295;0808.0295;0;3;3
0707.3978;0707.3978;0;51;51
hep-th/0607024;hep-th/0607024;13;35;48
hep-th/0701052;hep-th/0701052;7;24;31
hep-th/0604031;hep-th/0604031;13;28;41
hep-th/9701008;hep-th/9701008;45;3;48
hep-th/0508196;hep-th/0508196;0;26;26
hep-th/0506083;hep-th/0506083;5;17;22
hep-th/0502161;hep-th/0502161;11;21;32
hep-th/9701158;hep-th/9701158;8;6;14
hep-th/9605149;hep-th/9605149;48;0;48
hep-th/0703054;hep-th/0703054;13;14;27
hep-ph/0509358;hep-ph/0509358;13;19;32
math/0204323;math/0204323;5;1;6
hep-ph/0212112;hep-ph/0212112;14;19;33
gr-qc/0002080;gr-qc/0002080;2;9;11
hep-th/0511039;hep-th/0511039;3;11;14
alg-geom/9505029;alg-geom/9505029;6;0;6
hep-th/0505121;hep-th/0505121;1;4;5
hep-th/9605146;hep-th/9605146;30;10;40
hep-th/9701153;hep-th/9701153;0;15;15
hep-th/9701157;hep-th/9701157;8;3;11
hep-th/9607182;hep-th/9607182;10;2;12
hep-th/9510027;hep-th/9510027;8;11;19
hep-th/9701155;hep-th/9701155;6;28;34
hep-th/9407106;hep-th/9407106;84;0;84
hep-th/9505005;hep-th/9505005;7;5;12
nlin/0003029;nlin/0003029;10;13;23
cond-mat/9611058;cond-mat/9611058;3;0;3
solv-int/9905007;solv-int/9905007;25;10;35
math/0311314;math/0311314;16;23;39
cond-mat/9902063;cond-mat/9902063;23;0;23
hep-th/0302144;hep-th/0302144;5;26;31
cond-mat/9806106;cond-mat/9806106;1;0;1
gr-qc/0403005;gr-qc/0403005;0;3;3
hep-th/0302051;hep-th/0302051;2;0;2
hep-th/0409231;hep-th/0409231;13;78;91
gr-qc/9803013;gr-qc/9803013;10;3;13
hep-th/0310077;hep-th/0310077;4;0;4
hep-th/0309260;hep-th/0309260;3;4;7
hep-th/0502165;hep-th/0502165;1;2;3
gr-qc/0006021;gr-qc/0006021;17;14;31
hep-th/0503141;hep-th/0503141;5;30;35
hep-th/0102134;hep-th/0102134;7;6;13
gr-qc/0410049;gr-qc/0410049;17;0;17
gr-qc/0004079;gr-qc/0004079;5;1;6
hep-th/9510112;hep-th/9510112;8;0;8
gr-qc/0011062;gr-qc/0011062;2;2;4
cond-mat/0110072;cond-mat/0110072;3;1;4
cond-mat/0104448;cond-mat/0104448;6;0;6
hep-th/0409184;hep-th/0409184;8;37;45
hep-th/0503129;hep-th/0503129;5;69;74
hep-ph/0507315;hep-ph/0507315;5;14;19
astro-ph/0403258;astro-ph/0403258;20;5;25
hep-ph/0208241;hep-ph/0208241;10;22;32
hep-ph/9806202;hep-ph/9806202;7;15;22
hep-th/0505126;hep-th/0505126;0;4;4
hep-th/0410061;hep-th/0410061;6;22;28
hep-th/0409122;hep-th/0409122;12;17;29
hep-th/0312106;hep-th/0312106;16;19;35
0801.0688;0801.0688;0;15;15
gr-qc/9507057;gr-qc/9507057;14;1;15
gr-qc/9902051;gr-qc/9902051;6;6;12
hep-th/9307019;hep-th/9307019;2;0;2
quant-ph/9807001;quant-ph/9807001;2;0;2
hep-th/0505127;hep-th/0505127;6;13;19
hep-th/0409234;hep-th/0409234;11;26;37
hep-th/0212259;hep-th/0212259;27;12;39
hep-th/0401005;hep-th/0401005;4;40;44
gr-qc/0112055;gr-qc/0112055;4;1;5
0706.3410;0706.3410;0;3;3
hep-th/0505128;hep-th/0505128;3;14;17
hep-th/0106141;hep-th/0106141;14;9;23
cond-mat/0101449;cond-mat/0101449;13;3;16
0912.3256;0912.3256;0;23;23
hep-th/0401173;hep-th/0401173;23;22;45
hep-lat/9504009;hep-lat/9504009;29;0;29
hep-th/9501058;hep-th/9501058;14;16;30
hep-th/9506174;hep-th/9506174;24;1;25
hep-th/0106083;hep-th/0106083;6;22;28
hep-th/0102142;hep-th/0102142;13;0;13
hep-th/0002053;hep-th/0002053;2;12;14
hep-th/0106080;hep-th/0106080;1;18;19
gr-qc/0008043;gr-qc/0008043;5;5;10
hep-th/0010290;hep-th/0010290;1;4;5
gr-qc/0008060;gr-qc/0008060;16;7;23
hep-th/0106081;hep-th/0106081;4;62;66
hep-th/0004021;hep-th/0004021;7;13;20
gr-qc/9911066;gr-qc/9911066;16;18;34
hep-th/0007014;hep-th/0007014;6;49;55
hep-th/9702205;hep-th/9702205;31;17;48
hep-th/0010163;hep-th/0010163;11;30;41
hep-th/0106084;hep-th/0106084;29;0;29
solv-int/9612003;solv-int/9612003;0;2;2
hep-th/9506068;hep-th/9506068;2;1;3
cond-mat/9502005;cond-mat/9502005;1;0;1
hep-th/0502232;hep-th/0502232;10;10;20
hep-th/0404141;hep-th/0404141;23;41;64
0804.1234;0804.1234;0;1;1
0708.2426;0708.2426;0;55;55
hep-th/0701160;hep-th/0701160;5;26;31
hep-th/0606021;hep-th/0606021;21;22;43
nlin/0410043;nlin/0410043;1;0;1
hep-th/0404126;hep-th/0404126;13;7;20
0808.0831;0808.0831;0;22;22
gr-qc/0703025;gr-qc/0703025;15;13;28
astro-ph/0410139;astro-ph/0410139;18;23;41
hep-th/0701174;hep-th/0701174;0;11;11
hep-th/0505170;hep-th/0505170;5;14;19
0707.1128;0707.1128;0;38;38
astro-ph/0209456;astro-ph/0209456;7;2;9
math/0306138;math/0306138;0;7;7
math/0107168;math/0107168;8;2;10
hep-th/0201010;hep-th/0201010;14;21;35
0801.1489;0801.1489;0;2;2
hep-ph/0502028;hep-ph/0502028;5;1;6
0910.0395;0910.0395;0;23;23
cond-mat/0703366;cond-mat/0703366;6;0;6
0708.4159;0708.4159;0;54;54
hep-th/0506191;hep-th/0506191;18;46;64
hep-th/0511234;hep-th/0511234;9;49;58
math/0002194;math/0002194;0;3;3
math/9801031;math/9801031;3;3;6
math/0002191;math/0002191;0;5;5
q-alg/9702030;q-alg/9702030;5;0;5
hep-th/0410064;hep-th/0410064;2;14;16
hep-th/0405079;hep-th/0405079;8;14;22
quant-ph/0308062;quant-ph/0308062;2;2;4
nlin/0401030;nlin/0401030;6;0;6
hep-th/0404078;hep-th/0404078;10;13;23
hep-ph/0211211;hep-ph/0211211;2;14;16
hep-ph/0209126;hep-ph/0209126;2;7;9
gr-qc/9307024;gr-qc/9307024;23;2;25
hep-th/0208095;hep-th/0208095;8;37;45
hep-th/9801108;hep-th/9801108;21;12;33
hep-th/9708168;hep-th/9708168;22;0;22
hep-ph/0203033;hep-ph/0203033;10;36;46
hep-th/9707119;hep-th/9707119;3;30;33
hep-th/0204195;hep-th/0204195;9;23;32
hep-th/0109175;hep-th/0109175;29;22;51
0901.1814;0901.1814;0;7;7
0705.1570;0705.1570;0;2;2
hep-th/0409134;hep-th/0409134;0;9;9
hep-th/0105130;hep-th/0105130;2;3;5
hep-th/0012244;hep-th/0012244;3;1;4
hep-th/0203054;hep-th/0203054;3;0;3
hep-th/9306098;hep-th/9306098;9;0;9
hep-ph/9505435;hep-ph/9505435;3;2;5
hep-ph/9403271;hep-ph/9403271;2;1;3
0706.0595;0706.0595;0;26;26
hep-th/9709009;hep-th/9709009;9;7;16
hep-th/0610097;hep-th/0610097;8;8;16
hep-th/0610040;hep-th/0610040;8;5;13
hep-th/0503190;hep-th/0503190;14;8;22
hep-th/0503085;hep-th/0503085;9;13;22
hep-th/0509213;hep-th/0509213;9;10;19
math/0610418;math/0610418;8;0;8
hep-th/9908207;hep-th/9908207;2;0;2
0706.2379;0706.2379;0;5;5
hep-th/0511161;hep-th/0511161;2;6;8
hep-th/0407171;hep-th/0407171;2;0;2
hep-ph/0506043;hep-ph/0506043;2;9;11
hep-th/0405035;hep-th/0405035;4;3;7
gr-qc/0402059;gr-qc/0402059;9;48;57
gr-qc/9510017;gr-qc/9510017;13;0;13
hep-th/0405037;hep-th/0405037;4;28;32
hep-th/0212048;hep-th/0212048;5;10;15
hep-th/0210261;hep-th/0210261;6;9;15
hep-th/0210243;hep-th/0210243;6;14;20
hep-th/0108176;hep-th/0108176;31;22;53
hep-th/0107103;hep-th/0107103;7;8;15
hep-th/0210152;hep-th/0210152;9;22;31
hep-th/0312028;hep-th/0312028;7;40;47
hep-th/0402201;hep-th/0402201;4;24;28
hep-th/0401227;hep-th/0401227;3;26;29
hep-th/0402012;hep-th/0402012;5;16;21
hep-th/0312303;hep-th/0312303;3;31;34
hep-th/0207209;hep-th/0207209;8;11;19
hep-ph/9710230;hep-ph/9710230;6;10;16
hep-th/0405030;hep-th/0405030;6;16;22
hep-ph/0108057;hep-ph/0108057;3;10;13
hep-th/0405039;hep-th/0405039;2;25;27
hep-th/9503057;hep-th/9503057;47;35;82
hep-th/0207059;hep-th/0207059;2;18;20
hep-th/9701115;hep-th/9701115;19;18;37
hep-th/9502001;hep-th/9502001;29;11;40
hep-th/9506078;hep-th/9506078;2;1;3
hep-th/0204017;hep-th/0204017;3;25;28
math/0503456;math/0503456;0;2;2
math/0409441;math/0409441;10;3;13
math-ph/0104027;math-ph/0104027;2;3;5
hep-th/0403238;hep-th/0403238;13;45;58
hep-th/0312175;hep-th/0312175;6;11;17
hep-th/0308015;hep-th/0308015;7;25;32
hep-th/0307248;hep-th/0307248;19;0;19
hep-th/0403016;hep-th/0403016;23;0;23
hep-th/0206109;hep-th/0206109;13;20;33
hep-th/0309171;hep-th/0309171;3;22;25
hep-th/0211110;hep-th/0211110;3;35;38
hep-th/0702017;hep-th/0702017;3;3;6
hep-th/9312112;hep-th/9312112;3;0;3
hep-th/9312113;hep-th/9312113;1;0;1
hep-th/0512129;hep-th/0512129;3;0;3
hep-th/0412334;hep-th/0412334;2;25;27
gr-qc/9612067;gr-qc/9612067;15;4;19
hep-th/0301044;hep-th/0301044;2;8;10
hep-th/0110117;hep-th/0110117;26;34;60
gr-qc/9610026;gr-qc/9610026;3;1;4
hep-ph/0512211;hep-ph/0512211;5;40;45
hep-th/0605083;hep-th/0605083;6;39;45
hep-th/0505208;hep-th/0505208;21;37;58
hep-th/0603103;hep-th/0603103;13;20;33
math-ph/0512007;math-ph/0512007;5;15;20
hep-th/0405180;hep-th/0405180;9;49;58
hep-th/9401116;hep-th/9401116;7;0;7
hep-th/0209184;hep-th/0209184;2;10;12
hep-th/0211252;hep-th/0211252;18;31;49
hep-th/0303056;hep-th/0303056;16;16;32
hep-ph/0003317;hep-ph/0003317;7;7;14
hep-ph/9811273;hep-ph/9811273;21;22;43
0809.2324;0809.2324;0;3;3
0710.0713;0710.0713;0;3;3
hep-th/0606208;hep-th/0606208;14;3;17
hep-th/9605196;hep-th/9605196;4;3;7
hep-th/9411136;hep-th/9411136;18;2;20
cond-mat/9605131;cond-mat/9605131;0;2;2
0709.3638;0709.3638;0;1;1
gr-qc/0103061;gr-qc/0103061;6;9;15
hep-th/0412333;hep-th/0412333;1;21;22
hep-th/0410199;hep-th/0410199;7;6;13
hep-th/0410067;hep-th/0410067;18;6;24
hep-th/9503025;hep-th/9503025;7;5;12
hep-th/0406071;hep-th/0406071;4;0;4
hep-th/0409285;hep-th/0409285;2;25;27
hep-th/9410173;hep-th/9410173;9;5;14
hep-th/0303071;hep-th/0303071;14;1;15
hep-th/0407167;hep-th/0407167;5;22;27
0809.3820;0809.3820;0;18;18
hep-th/0105235;hep-th/0105235;14;34;48
hep-th/0107153;hep-th/0107153;11;37;48
hep-th/9511226;hep-th/9511226;10;0;10
hep-th/9606079;hep-th/9606079;12;1;13
hep-th/9510050;hep-th/9510050;4;2;6
hep-th/9707136;hep-th/9707136;13;3;16
hep-th/9412145;hep-th/9412145;6;3;9
hep-th/9808044;hep-th/9808044;2;7;9
gr-qc/9906026;gr-qc/9906026;2;1;3
hep-ph/0306150;hep-ph/0306150;2;21;23
hep-th/9808099;hep-th/9808099;4;1;5
hep-ph/0203115;hep-ph/0203115;2;17;19
hep-th/0003106;hep-th/0003106;9;22;31
hep-th/0005167;hep-th/0005167;8;42;50
hep-th/0006201;hep-th/0006201;11;32;43
cond-mat/9808330;cond-mat/9808330;0;3;3
cond-mat/9602125;cond-mat/9602125;6;0;6
cond-mat/9702136;cond-mat/9702136;6;0;6
cond-mat/9803389;cond-mat/9803389;2;4;6
hep-th/0006206;hep-th/0006206;0;2;2
hep-th/0006205;hep-th/0006205;0;1;1
hep-th/9901007;hep-th/9901007;3;3;6
hep-th/9904114;hep-th/9904114;12;16;28
hep-th/9910268;hep-th/9910268;7;27;34
quant-ph/0208067;quant-ph/0208067;2;15;17
hep-th/0104234;hep-th/0104234;4;19;23
hep-th/9810143;hep-th/9810143;1;6;7
hep-th/0006208;hep-th/0006208;3;8;11
hep-th/9512173;hep-th/9512173;31;31;62
hep-th/9503106;hep-th/9503106;24;15;39
hep-th/9906227;hep-th/9906227;2;6;8
0909.0905;0909.0905;0;2;2
hep-th/0701177;hep-th/0701177;3;12;15
hep-th/0604111;hep-th/0604111;9;22;31
hep-th/0606053;hep-th/0606053;10;13;23
0807.0214;0807.0214;0;3;3
hep-th/0605238;hep-th/0605238;11;12;23
gr-qc/0105038;gr-qc/0105038;6;1;7
0808.2478;0808.2478;0;6;6
astro-ph/0405623;astro-ph/0405623;2;6;8
astro-ph/0505131;astro-ph/0505131;4;7;11
hep-th/0108060;hep-th/0108060;1;2;3
0705.3075;0705.3075;0;30;30
hep-th/9311166;hep-th/9311166;3;7;10
hep-ph/0512163;hep-ph/0512163;15;14;29
hep-th/0409209;hep-th/0409209;11;29;40
hep-ph/0610026;hep-ph/0610026;5;11;16
hep-ph/0208263;hep-ph/0208263;2;1;3
quant-ph/0703160;quant-ph/0703160;0;1;1
hep-th/0107072;hep-th/0107072;5;24;29
hep-th/0001036;hep-th/0001036;26;16;42
hep-th/0009149;hep-th/0009149;1;11;12
hep-th/9805123;hep-th/9805123;4;38;42
hep-th/9202032;hep-th/9202032;8;0;8
hep-th/9110007;hep-th/9110007;5;0;5
hep-th/9307037;hep-th/9307037;14;0;14
hep-th/0211076;hep-th/0211076;8;39;47
hep-th/0304159;hep-th/0304159;7;7;14
hep-th/0401103;hep-th/0401103;15;26;41
hep-lat/0111057;hep-lat/0111057;1;1;2
hep-th/0102028;hep-th/0102028;28;34;62
hep-th/0012103;hep-th/0012103;5;2;7
hep-th/9909006;hep-th/9909006;11;0;11
0812.0351;0812.0351;0;7;7
hep-th/0003293;hep-th/0003293;3;1;4
hep-th/0003172;hep-th/0003172;3;2;5
0812.1642;0812.1642;0;19;19
hep-th/9504155;hep-th/9504155;14;0;14
hep-th/9501015;hep-th/9501015;4;26;30
hep-th/9909160;hep-th/9909160;3;8;11
hep-th/9511163;hep-th/9511163;3;3;6
hep-th/9811191;hep-th/9811191;8;14;22
hep-th/0203200;hep-th/0203200;4;8;12
hep-th/0001121;hep-th/0001121;11;18;29
hep-th/0110101;hep-th/0110101;15;8;23
hep-ph/9907393;hep-ph/9907393;22;5;27
hep-ph/0007134;hep-ph/0007134;9;8;17
hep-th/9411049;hep-th/9411049;13;10;23
hep-th/0107075;hep-th/0107075;1;20;21
hep-th/0102173;hep-th/0102173;15;54;69
hep-th/0102174;hep-th/0102174;23;43;66
hep-th/0605177;hep-th/0605177;5;17;22
hep-th/0510047;hep-th/0510047;5;38;43
math/0604617;math/0604617;7;4;11
hep-th/0602165;hep-th/0602165;4;30;34
math/0001045;math/0001045;10;0;10
hep-th/9610006;hep-th/9610006;11;6;17
alg-geom/9510003;alg-geom/9510003;18;4;22
hep-th/9610129;hep-th/9610129;4;12;16
hep-th/9712198;hep-th/9712198;3;0;3
hep-th/9805138;hep-th/9805138;7;3;10
math/9912017;math/9912017;8;5;13
hep-th/9310148;hep-th/9310148;7;0;7
0807.1844;0807.1844;0;6;6
0907.1846;0907.1846;0;8;8
0807.1847;0807.1847;0;7;7
hep-th/0505006;hep-th/0505006;10;24;34
cond-mat/0605551;cond-mat/0605551;6;3;9
0908.2246;0908.2246;0;9;9
hep-th/0606220;hep-th/0606220;30;37;67
hep-th/0211229;hep-th/0211229;8;13;21
hep-th/0211228;hep-th/0211228;2;5;7
hep-th/0211223;hep-th/0211223;3;1;4
hep-th/9910098;hep-th/9910098;9;35;44
hep-th/0211196;hep-th/0211196;7;29;36
hep-th/0207003;hep-th/0207003;18;17;35
hep-th/0207171;hep-th/0207171;12;31;43
hep-th/0207136;hep-th/0207136;12;15;27
hep-th/0109017;hep-th/0109017;31;32;63
hep-th/0211227;hep-th/0211227;3;9;12
hep-th/9702117;hep-th/9702117;15;1;16
hep-th/0211226;hep-th/0211226;3;4;7
hep-th/0211224;hep-th/0211224;7;14;21
hep-th/0003138;hep-th/0003138;14;12;26
hep-th/0109023;hep-th/0109023;8;4;12
hep-th/0307094;hep-th/0307094;12;22;34
hep-th/0306174;hep-th/0306174;6;33;39
hep-th/0210003;hep-th/0210003;1;3;4
0909.2879;0909.2879;0;7;7
hep-th/0408142;hep-th/0408142;9;91;100
hep-th/0511062;hep-th/0511062;10;12;22
solv-int/9912015;solv-int/9912015;1;7;8
hep-th/9412127;hep-th/9412127;28;17;45
solv-int/9902010;solv-int/9902010;1;0;1
solv-int/9912012;solv-int/9912012;2;9;11
solv-int/9912010;solv-int/9912010;1;16;17
hep-th/9611148;hep-th/9611148;8;7;15
hep-th/9710118;hep-th/9710118;4;13;17
solv-int/9701020;solv-int/9701020;8;11;19
hep-th/9704130;hep-th/9704130;7;12;19
hep-th/0007150;hep-th/0007150;6;15;21
hep-th/0007151;hep-th/0007151;2;2;4
hep-th/9507118;hep-th/9507118;15;23;38
hep-th/9908050;hep-th/9908050;9;9;18
hep-th/9905057;hep-th/9905057;23;35;58
hep-th/9502088;hep-th/9502088;5;1;6
hep-th/9812105;hep-th/9812105;5;18;23
hep-th/9807155;hep-th/9807155;8;15;23
hep-th/9403053;hep-th/9403053;9;1;10
hep-th/9712206;hep-th/9712206;19;21;40
hep-th/9808166;hep-th/9808166;3;10;13
hep-th/9707030;hep-th/9707030;4;1;5
hep-th/9903022;hep-th/9903022;22;25;47
hep-th/0005153;hep-th/0005153;13;43;56
hep-th/0005114;hep-th/0005114;12;37;49
hep-th/0003124;hep-th/0003124;34;28;62
hep-th/0007126;hep-th/0007126;13;25;38
gr-qc/9901062;gr-qc/9901062;10;33;43
0910.2661;0910.2661;0;29;29
hep-th/0605138;hep-th/0605138;22;39;61
hep-th/0403254;hep-th/0403254;27;45;72
0904.2065;0904.2065;0;7;7
0901.1642;0901.1642;0;10;10
hep-th/0406100;hep-th/0406100;6;21;27
gr-qc/0212093;gr-qc/0212093;3;6;9
0906.2996;0906.2996;0;19;19
hep-th/9403128;hep-th/9403128;4;1;5
hep-th/9203023;hep-th/9203023;33;0;33
0803.3226;0803.3226;0;14;14
0905.4725;0905.4725;0;13;13
hep-th/0410055;hep-th/0410055;35;38;73
gr-qc/0404009;gr-qc/0404009;1;24;25
hep-th/0211262;hep-th/0211262;3;36;39
hep-th/0211207;hep-th/0211207;4;31;35
gr-qc/0310090;gr-qc/0310090;3;0;3
hep-th/0310268;hep-th/0310268;2;16;18
gr-qc/0102111;gr-qc/0102111;3;4;7
hep-th/0401187;hep-th/0401187;20;33;53
hep-th/0310160;hep-th/0310160;3;20;23
hep-th/0408091;hep-th/0408091;6;17;23
hep-th/0409262;hep-th/0409262;2;16;18
hep-th/0110064;hep-th/0110064;37;35;72
cond-mat/9707177;cond-mat/9707177;0;10;10
gr-qc/9603049;gr-qc/9603049;3;14;17
hep-th/9311050;hep-th/9311050;14;0;14
cond-mat/9608113;cond-mat/9608113;2;2;4
0809.0704;0809.0704;0;19;19
hep-th/0703042;hep-th/0703042;12;23;35
hep-th/0507258;hep-th/0507258;22;13;35
hep-th/0611225;hep-th/0611225;6;34;40
0910.3949;0910.3949;0;15;15
hep-th/0404038;hep-th/0404038;2;20;22
hep-th/0309060;hep-th/0309060;5;21;26
0806.2032;0806.2032;0;52;52
hep-th/0104244;hep-th/0104244;21;21;42
hep-th/0412069;hep-th/0412069;10;31;41
0804.2857;0804.2857;0;25;25
0804.2854;0804.2854;0;39;39
hep-th/9112039;hep-th/9112039;23;0;23
hep-th/9902123;hep-th/9902123;13;12;25
hep-th/0208228;hep-th/0208228;12;1;13
hep-th/0205232;hep-th/0205232;5;3;8
hep-th/0410053;hep-th/0410053;9;10;19
hep-th/0410052;hep-th/0410052;1;23;24
hep-th/0405266;hep-th/0405266;5;8;13
hep-th/0204104;hep-th/0204104;1;3;4
hep-th/0206082;hep-th/0206082;3;6;9
hep-th/9707210;hep-th/9707210;5;6;11
hep-th/9904175;hep-th/9904175;9;12;21
hep-th/9801021;hep-th/9801021;19;13;32
hep-th/9211070;hep-th/9211070;2;5;7
hep-th/9409067;hep-th/9409067;1;0;1
hep-th/9410045;hep-th/9410045;0;2;2
hep-th/9410044;hep-th/9410044;0;2;2
hep-th/9404028;hep-th/9404028;3;1;4
hep-th/9304142;hep-th/9304142;6;0;6
hep-th/9410042;hep-th/9410042;20;8;28
hep-ph/0402205;hep-ph/0402205;2;23;25
hep-th/0210287;hep-th/0210287;10;7;17
hep-th/9608011;hep-th/9608011;8;12;20
hep-th/0302215;hep-th/0302215;3;12;15
hep-lat/9810063;hep-lat/9810063;18;0;18
hep-lat/9805015;hep-lat/9805015;16;5;21
hep-ph/0307156;hep-ph/0307156;2;4;6
hep-th/9902076;hep-th/9902076;4;1;5
hep-ph/0312289;hep-ph/0312289;7;9;16
hep-th/9912194;hep-th/9912194;7;5;12
hep-ph/0307274;hep-ph/0307274;3;10;13
hep-th/0010185;hep-th/0010185;5;4;9
hep-ph/0306203;hep-ph/0306203;3;10;13
hep-th/0403030;hep-th/0403030;10;19;29
hep-th/0405172;hep-th/0405172;28;35;63
hep-th/0509059;hep-th/0509059;18;69;87
hep-th/0508149;hep-th/0508149;4;42;46
hep-th/0411080;hep-th/0411080;18;0;18
hep-ph/0402201;hep-ph/0402201;4;9;13
hep-ph/0204315;hep-ph/0204315;6;45;51
hep-th/0301177;hep-th/0301177;13;9;22
hep-th/0411156;hep-th/0411156;39;50;89
hep-th/0505041;hep-th/0505041;30;55;85
hep-th/0508190;hep-th/0508190;1;34;35
hep-th/0410200;hep-th/0410200;9;57;66
hep-th/0306121;hep-th/0306121;13;0;13
hep-th/0412182;hep-th/0412182;11;21;32
hep-th/0305123;hep-th/0305123;15;31;46
hep-th/0504108;hep-th/0504108;16;21;37
hep-th/0401019;hep-th/0401019;10;34;44
hep-th/0507225;hep-th/0507225;11;36;47
hep-th/0502200;hep-th/0502200;9;17;26
math/0205149;math/0205149;3;6;9
hep-th/0307153;hep-th/0307153;13;53;66
hep-th/0312002;hep-th/0312002;15;11;26
hep-ph/0402200;hep-ph/0402200;3;21;24
hep-ph/0307332;hep-ph/0307332;5;16;21
hep-ph/0311315;hep-ph/0311315;3;20;23
hep-ph/9811255;hep-ph/9811255;6;4;10
hep-th/0509055;hep-th/0509055;2;10;12
hep-th/0506005;hep-th/0506005;1;25;26
hep-th/9706177;hep-th/9706177;9;0;9
hep-th/0404221;hep-th/0404221;2;7;9
hep-th/0509056;hep-th/0509056;2;11;13
hep-th/0509014;hep-th/0509014;3;7;10
hep-th/9806088;hep-th/9806088;7;2;9
hep-th/0109011;hep-th/0109011;1;3;4
hep-th/9709189;hep-th/9709189;6;7;13
hep-th/0109034;hep-th/0109034;3;4;7
hep-th/0509057;hep-th/0509057;6;10;16
hep-th/9711042;hep-th/9711042;26;24;50
hep-th/0410157;hep-th/0410157;6;0;6
hep-th/0507178;hep-th/0507178;3;28;31
0809.5286;0809.5286;0;3;3
hep-th/0205025;hep-th/0205025;23;21;44
hep-th/9401020;hep-th/9401020;16;2;18
0706.4006;0706.4006;0;8;8
hep-th/0608020;hep-th/0608020;8;12;20
nlin/0210047;nlin/0210047;2;5;7
0904.4311;0904.4311;0;18;18
hep-th/9502146;hep-th/9502146;13;0;13
hep-th/0702148;hep-th/0702148;13;12;25
0704.1290;0704.1290;0;41;41
hep-ph/0309224;hep-ph/0309224;9;10;19
hep-th/0502224;hep-th/0502224;25;42;67
hep-th/0610247;hep-th/0610247;34;30;64
hep-th/0703158;hep-th/0703158;25;11;36
hep-th/0612155;hep-th/0612155;17;13;30
hep-th/0610173;hep-th/0610173;30;0;30
hep-th/0104025;hep-th/0104025;9;2;11
hep-th/0512221;hep-th/0512221;11;20;31
hep-th/0206012;hep-th/0206012;4;9;13
hep-th/0005166;hep-th/0005166;13;0;13
math/0502197;math/0502197;3;3;6
hep-th/0107217;hep-th/0107217;7;18;25
0711.0809;0711.0809;0;1;1
hep-th/0002232;hep-th/0002232;1;7;8
hep-th/0201247;hep-th/0201247;10;45;55
hep-th/0107238;hep-th/0107238;16;22;38
0711.0805;0711.0805;0;23;23
hep-th/0612246;hep-th/0612246;9;47;56
hep-th/0604195;hep-th/0604195;13;47;60
0708.3572;0708.3572;0;5;5
hep-th/9812249;hep-th/9812249;2;7;9
hep-th/9604186;hep-th/9604186;10;9;19
hep-th/9804167;hep-th/9804167;13;7;20
hep-th/9812248;hep-th/9812248;0;2;2
hep-th/9803089;hep-th/9803089;2;2;4
hep-th/0104258;hep-th/0104258;1;3;4
hep-th/0210242;hep-th/0210242;4;0;4
hep-th/9506189;hep-th/9506189;11;1;12
hep-th/9310005;hep-th/9310005;3;4;7
hep-th/9307015;hep-th/9307015;4;11;15
hep-th/9405146;hep-th/9405146;9;3;12
hep-th/9812243;hep-th/9812243;4;2;6
hep-th/9212102;hep-th/9212102;5;0;5
hep-th/9310052;hep-th/9310052;3;2;5
hep-th/9609034;hep-th/9609034;6;0;6
hep-th/9812241;hep-th/9812241;1;2;3
hep-th/0008039;hep-th/0008039;18;19;37
hep-th/9812091;hep-th/9812091;15;3;18
hep-th/9704176;hep-th/9704176;23;4;27
hep-th/9812244;hep-th/9812244;0;7;7
hep-th/9112010;hep-th/9112010;7;0;7
gr-qc/9902017;gr-qc/9902017;5;8;13
hep-th/9701173;hep-th/9701173;10;11;21
hep-th/0111150;hep-th/0111150;7;0;7
hep-th/0205282;hep-th/0205282;1;5;6
hep-th/0108097;hep-th/0108097;7;11;18
hep-th/9408164;hep-th/9408164;34;2;36
hep-th/9704206;hep-th/9704206;6;8;14
hep-th/0204109;hep-th/0204109;5;14;19
hep-th/9910003;hep-th/9910003;6;8;14
hep-th/0109217;hep-th/0109217;6;39;45
hep-th/0205284;hep-th/0205284;1;6;7
hep-th/9903102;hep-th/9903102;2;7;9
hep-th/9812077;hep-th/9812077;5;2;7
hep-th/9807143;hep-th/9807143;6;2;8
hep-th/9912061;hep-th/9912061;3;6;9
hep-th/9608124;hep-th/9608124;11;0;11
hep-th/0205285;hep-th/0205285;1;7;8
hep-th/0205286;hep-th/0205286;4;23;27
hep-th/0110147;hep-th/0110147;12;22;34
hep-th/0105307;hep-th/0105307;5;46;51
hep-th/0011137;hep-th/0011137;27;9;36
hep-th/9307068;hep-th/9307068;1;0;1
hep-th/0205289;hep-th/0205289;1;3;4
0808.1569;0808.1569;0;86;86
math/0405061;math/0405061;1;6;7
hep-th/0512045;hep-th/0512045;3;0;3
hep-th/0702195;hep-th/0702195;2;43;45
math/0011179;math/0011179;3;0;3
hep-th/0012050;hep-th/0012050;14;33;47
hep-th/9506060;hep-th/9506060;1;0;1
hep-th/9809059;hep-th/9809059;4;23;27
hep-th/9805050;hep-th/9805050;14;35;49
hep-th/9810135;hep-th/9810135;14;0;14
hep-th/9803080;hep-th/9803080;15;23;38
0709.0502;0709.0502;0;4;4
astro-ph/0607227;astro-ph/0607227;4;6;10
hep-ph/0301275;hep-ph/0301275;1;3;4
hep-ph/0107229;hep-ph/0107229;3;6;9
gr-qc/9912052;gr-qc/9912052;0;18;18
gr-qc/9912059;gr-qc/9912059;9;8;17
hep-th/9707082;hep-th/9707082;15;4;19
hep-th/9708010;hep-th/9708010;4;5;9
hep-th/9806135;hep-th/9806135;10;13;23
gr-qc/9902031;gr-qc/9902031;1;8;9
hep-th/9801199;hep-th/9801199;8;9;17
hep-th/0208210;hep-th/0208210;5;0;5
hep-th/0403146;hep-th/0403146;1;9;10
hep-th/0402226;hep-th/0402226;3;0;3
0905.0709;0905.0709;0;12;12
hep-th/9110006;hep-th/9110006;9;0;9
hep-ph/0006069;hep-ph/0006069;2;6;8
hep-ph/9609233;hep-ph/9609233;6;4;10
hep-ph/9905375;hep-ph/9905375;6;3;9
hep-ph/0006063;hep-ph/0006063;2;7;9
hep-lat/9705009;hep-lat/9705009;25;7;32
hep-ph/9710402;hep-ph/9710402;23;4;27
hep-ph/0001162;hep-ph/0001162;2;5;7
hep-th/0206187;hep-th/0206187;18;17;35
gr-qc/0205004;gr-qc/0205004;6;11;17
hep-th/0106165;hep-th/0106165;5;21;26
hep-th/0510271;hep-th/0510271;6;21;27
hep-th/0005181;hep-th/0005181;8;10;18
hep-th/0510145;hep-th/0510145;10;4;14
cond-mat/9912307;cond-mat/9912307;4;0;4
0806.4710;0806.4710;0;23;23
hep-th/0607032;hep-th/0607032;9;13;22
hep-th/0510163;hep-th/0510163;4;5;9
hep-th/0607010;hep-th/0607010;22;22;44
gr-qc/0110080;gr-qc/0110080;5;1;6
hep-th/0608163;hep-th/0608163;3;17;20
hep-th/0501229;hep-th/0501229;15;63;78
hep-th/0506224;hep-th/0506224;13;19;32
gr-qc/0602093;gr-qc/0602093;1;6;7
gr-qc/0503115;gr-qc/0503115;1;12;13
alg-geom/9706003;alg-geom/9706003;2;4;6
hep-th/0606241;hep-th/0606241;24;57;81
hep-th/0608161;hep-th/0608161;5;79;84
hep-th/0604143;hep-th/0604143;14;23;37
hep-th/0407055;hep-th/0407055;16;13;29
hep-th/0404191;hep-th/0404191;5;0;5
hep-th/0401196;hep-th/0401196;18;24;42
hep-th/0309106;hep-th/0309106;15;26;41
hep-th/0506009;hep-th/0506009;17;44;61
hep-th/0504230;hep-th/0504230;8;14;22
hep-th/0410274;hep-th/0410274;3;35;38
0811.3984;0811.3984;0;12;12
hep-th/0512083;hep-th/0512083;5;20;25
gr-qc/0504027;gr-qc/0504027;7;36;43
0805.4234;0805.4234;0;55;55
hep-th/0306253;hep-th/0306253;20;9;29
hep-th/0311274;hep-th/0311274;6;30;36
hep-th/9205031;hep-th/9205031;14;0;14
hep-th/0608089;hep-th/0608089;10;31;41
hep-th/0608167;hep-th/0608167;9;7;16
hep-th/0507272;hep-th/0507272;1;12;13
cond-mat/0203460;cond-mat/0203460;1;0;1
cond-mat/9807175;cond-mat/9807175;1;0;1
quant-ph/0110135;quant-ph/0110135;1;2;3
hep-th/0507273;hep-th/0507273;13;33;46
hep-th/0504148;hep-th/0504148;22;24;46
hep-th/0506174;hep-th/0506174;15;29;44
hep-th/0411075;hep-th/0411075;15;32;47
hep-th/9807140;hep-th/9807140;23;34;57
hep-th/0301144;hep-th/0301144;15;0;15
hep-th/0405077;hep-th/0405077;4;27;31
hep-th/0111085;hep-th/0111085;41;27;68
gr-qc/9905096;gr-qc/9905096;0;1;1
gr-qc/9901008;gr-qc/9901008;5;2;7
hep-th/0402102;hep-th/0402102;2;27;29
hep-th/0503171;hep-th/0503171;59;40;99
hep-ph/0503163;hep-ph/0503163;17;0;17
astro-ph/0501437;astro-ph/0501437;4;19;23
hep-ph/0311365;hep-ph/0311365;16;24;40
hep-th/0503027;hep-th/0503027;15;28;43
hep-ph/0507140;hep-ph/0507140;9;55;64
hep-th/0507275;hep-th/0507275;13;39;52
gr-qc/0410032;gr-qc/0410032;6;43;49
gr-qc/0401062;gr-qc/0401062;9;3;12
hep-th/0503243;hep-th/0503243;9;38;47
hep-th/0507279;hep-th/0507279;19;6;25
hep-ph/0410157;hep-ph/0410157;21;10;31
hep-th/0407002;hep-th/0407002;7;15;22
hep-ph/9308236;hep-ph/9308236;9;1;10
0903.1292;0903.1292;0;25;25
astro-ph/0412586;astro-ph/0412586;15;10;25
hep-ph/0410387;hep-ph/0410387;8;8;16
hep-ph/9905358;hep-ph/9905358;16;0;16
hep-th/9706201;hep-th/9706201;19;19;38
hep-ph/9906241;hep-ph/9906241;17;10;27
astro-ph/0308129;astro-ph/0308129;2;5;7
math-ph/0405038;math-ph/0405038;1;3;4
hep-th/9411174;hep-th/9411174;7;0;7
hep-th/9712052;hep-th/9712052;2;2;4
math-ph/9812022;math-ph/9812022;4;0;4
hep-th/0311043;hep-th/0311043;6;4;10
math-ph/0405037;math-ph/0405037;3;20;23
math/0309366;math/0309366;9;9;18
math/0312512;math/0312512;1;6;7
math-ph/0011049;math-ph/0011049;2;0;2
math-ph/0304022;math-ph/0304022;10;9;19
math/0406291;math/0406291;9;5;14
math/0407190;math/0407190;3;4;7
math-ph/0405036;math-ph/0405036;1;8;9
hep-th/0007161;hep-th/0007161;19;12;31
math-ph/0209030;math-ph/0209030;9;7;16
0711.0115;0711.0115;0;12;12
gr-qc/9906017;gr-qc/9906017;8;0;8
astro-ph/0412601;astro-ph/0412601;18;0;18
hep-ph/0405218;hep-ph/0405218;18;38;56
gr-qc/0211045;gr-qc/0211045;3;9;12
0707.0357;0707.0357;0;24;24
hep-th/0612285;hep-th/0612285;4;61;65
hep-th/0703144;hep-th/0703144;2;50;52
0907.5593;0907.5593;0;2;2
hep-th/0603155;hep-th/0603155;9;14;23
hep-th/0205149;hep-th/0205149;5;17;22
hep-th/0005251;hep-th/0005251;22;15;37
hep-th/0010087;hep-th/0010087;14;23;37
hep-th/0206195;hep-th/0206195;53;25;78
hep-th/0212062;hep-th/0212062;6;13;19
hep-th/0303128;hep-th/0303128;1;12;13
hep-th/0212270;hep-th/0212270;11;28;39
hep-th/0112114;hep-th/0112114;25;23;48
hep-th/0301014;hep-th/0301014;13;5;18
hep-th/9402046;hep-th/9402046;23;1;24
hep-th/0211084;hep-th/0211084;2;8;10
hep-ph/0201247;hep-ph/0201247;3;14;17
hep-th/0212065;hep-th/0212065;16;21;37
hep-th/9608013;hep-th/9608013;12;4;16
hep-th/0206051;hep-th/0206051;7;23;30
hep-th/9607170;hep-th/9607170;8;9;17
hep-th/0212066;hep-th/0212066;2;32;34
gr-qc/0208006;gr-qc/0208006;4;6;10
hep-ph/9801303;hep-ph/9801303;0;5;5
hep-th/9209020;hep-th/9209020;14;1;15
0810.4660;0810.4660;0;30;30
0802.1167;0802.1167;0;19;19
0911.4660;0911.4660;0;3;3
0909.2237;0909.2237;0;16;16
hep-th/0303142;hep-th/0303142;8;1;9
hep-th/0610120;hep-th/0610120;3;16;19
math/0606241;math/0606241;8;0;8
hep-th/0507222;hep-th/0507222;6;24;30
0906.4961;0906.4961;0;13;13
hep-th/0603173;hep-th/0603173;2;1;3
hep-th/0308086;hep-th/0308086;26;36;62
hep-ph/0605107;hep-ph/0605107;3;2;5
0904.0012;0904.0012;0;22;22
hep-th/0607219;hep-th/0607219;21;67;88
0804.3153;0804.3153;0;2;2
hep-th/0304091;hep-th/0304091;3;3;6
hep-th/0110083;hep-th/0110083;8;0;8
hep-th/0610125;hep-th/0610125;10;47;57
hep-lat/0208057;hep-lat/0208057;17;16;33
0711.1992;0711.1992;0;2;2
hep-th/0612015;hep-th/0612015;4;2;6
hep-th/0601212;hep-th/0601212;4;33;37
hep-th/0611065;hep-th/0611065;22;35;57
hep-th/0602007;hep-th/0602007;4;68;72
hep-th/0601214;hep-th/0601214;3;68;71
nlin/0506065;nlin/0506065;1;4;5
hep-th/0612017;hep-th/0612017;5;11;16
hep-th/0612011;hep-th/0612011;27;24;51
hep-th/0605210;hep-th/0605210;57;37;94
hep-th/0609109;hep-th/0609109;33;30;63
hep-th/0603066;hep-th/0603066;32;33;65
hep-th/0607155;hep-th/0607155;26;34;60
hep-th/0602254;hep-th/0602254;35;24;59
hep-th/0612010;hep-th/0612010;2;4;6
hep-th/0612013;hep-th/0612013;6;10;16
hep-th/0612012;hep-th/0612012;10;40;50
hep-th/0409313;hep-th/0409313;1;7;8
gr-qc/0512049;gr-qc/0512049;6;2;8
hep-th/0405252;hep-th/0405252;10;31;41
gr-qc/0610143;gr-qc/0610143;7;11;18
hep-th/9906154;hep-th/9906154;5;28;33
hep-th/9802063;hep-th/9802063;15;10;25
hep-th/9507040;hep-th/9507040;15;0;15
gr-qc/9906078;gr-qc/9906078;6;18;24
hep-th/9711115;hep-th/9711115;14;21;35
hep-th/9812175;hep-th/9812175;13;23;36
hep-th/9804147;hep-th/9804147;6;5;11
hep-th/9807188;hep-th/9807188;3;0;3
hep-th/9901066;hep-th/9901066;1;17;18
hep-th/9507036;hep-th/9507036;27;15;42
hep-th/9806113;hep-th/9806113;11;34;45
hep-th/9805182;hep-th/9805182;5;28;33
0911.2877;0911.2877;0;10;10
hep-th/9606037;hep-th/9606037;12;6;18
hep-th/9812236;hep-th/9812236;2;5;7
hep-th/0210099;hep-th/0210099;1;0;1
hep-th/0409166;hep-th/0409166;3;5;8
hep-th/0408195;hep-th/0408195;3;1;4
hep-th/0408046;hep-th/0408046;1;2;3
hep-th/0306019;hep-th/0306019;3;2;5
hep-th/0305143;hep-th/0305143;3;0;3
hep-th/0412327;hep-th/0412327;15;0;15
hep-th/9908204;hep-th/9908204;16;20;36
math/0302211;math/0302211;3;1;4
hep-th/9303100;hep-th/9303100;25;3;28
hep-th/0211236;hep-th/0211236;65;36;101
math/0311058;math/0311058;20;29;49
nlin/0605006;nlin/0605006;3;0;3
hep-th/0401199;hep-th/0401199;1;51;52
hep-th/0412329;hep-th/0412329;14;0;14
hep-th/9111033;hep-th/9111033;10;0;10
hep-th/9911099;hep-th/9911099;9;13;22
hep-th/9210072;hep-th/9210072;11;2;13
hep-th/0612018;hep-th/0612018;1;40;41
hep-th/9806165;hep-th/9806165;7;5;12
hep-th/0602019;hep-th/0602019;5;45;50
0911.2872;0911.2872;0;1;1
hep-th/0504169;hep-th/0504169;6;16;22
0805.0203;0805.0203;0;39;39
hep-th/9903046;hep-th/9903046;24;20;44
hep-th/0310105;hep-th/0310105;2;156;158
hep-th/0004077;hep-th/0004077;11;42;53
hep-th/0111178;hep-th/0111178;13;15;28
astro-ph/9802221;astro-ph/9802221;1;5;6
0805.0207;0805.0207;0;14;14
0907.1246;0907.1246;0;4;4
0810.3011;0810.3011;1;41;42
hep-th/0002255;hep-th/0002255;4;16;20
hep-th/0306051;hep-th/0306051;7;34;41
math-ph/0410040;math-ph/0410040;1;41;42
hep-th/0007115;hep-th/0007115;6;22;28
hep-th/9804181;hep-th/9804181;5;2;7
hep-th/9702147;hep-th/9702147;5;0;5
hep-th/0206013;hep-th/0206013;18;36;54
math/0307212;math/0307212;7;8;15
q-alg/9505023;q-alg/9505023;7;12;19
gr-qc/9509037;gr-qc/9509037;8;0;8
hep-th/9705161;hep-th/9705161;11;1;12
hep-th/0111109;hep-th/0111109;7;0;7
quant-ph/9910069;quant-ph/9910069;10;0;10
quant-ph/9803084;quant-ph/9803084;11;3;14
quant-ph/0007110;quant-ph/0007110;4;0;4
quant-ph/9804062;quant-ph/9804062;9;2;11
hep-th/9401085;hep-th/9401085;6;0;6
hep-th/9508170;hep-th/9508170;11;1;12
hep-th/9207080;hep-th/9207080;9;0;9
quant-ph/9806046;quant-ph/9806046;7;2;9
0806.0369;0806.0369;0;17;17
hep-th/0206047;hep-th/0206047;5;10;15
hep-th/0212073;hep-th/0212073;1;3;4
hep-th/0211087;hep-th/0211087;4;16;20
hep-th/0211149;hep-th/0211149;6;15;21
gr-qc/9503038;gr-qc/9503038;8;3;11
gr-qc/9503001;gr-qc/9503001;7;3;10
gr-qc/9412041;gr-qc/9412041;1;3;4
hep-th/9510199;hep-th/9510199;12;29;41
hep-lat/0703018;hep-lat/0703018;10;5;15
hep-lat/0202009;hep-lat/0202009;10;8;18
hep-lat/0605018;hep-lat/0605018;13;12;25
hep-lat/0612020;hep-lat/0612020;12;4;16
hep-th/9309046;hep-th/9309046;1;0;1
gr-qc/9506020;gr-qc/9506020;29;0;29
gr-qc/9506025;gr-qc/9506025;24;0;24
hep-th/9510203;hep-th/9510203;4;2;6
hep-th/9503072;hep-th/9503072;18;0;18
hep-th/9508174;hep-th/9508174;6;14;20
hep-th/9510206;hep-th/9510206;5;8;13
hep-th/9509079;hep-th/9509079;18;2;20
hep-th/9509075;hep-th/9509075;6;7;13
gr-qc/9403036;gr-qc/9403036;14;0;14
hep-th/9306102;hep-th/9306102;16;1;17
hep-th/9510143;hep-th/9510143;14;8;22
0901.2955;0901.2955;0;7;7
hep-th/9508014;hep-th/9508014;2;3;5
astro-ph/0503349;astro-ph/0503349;18;8;26
hep-th/0409241;hep-th/0409241;13;20;33
hep-th/0409224;hep-th/0409224;14;21;35
math/9908165;math/9908165;16;3;19
math/0008148;math/0008148;8;10;18
hep-th/9811203;hep-th/9811203;12;3;15
hep-th/9811090;hep-th/9811090;10;8;18
math/9912078;math/9912078;19;9;28
cond-mat/9603155;cond-mat/9603155;10;1;11
hep-th/0012165;hep-th/0012165;17;0;17
hep-th/0102207;hep-th/0102207;9;92;101
hep-th/0012049;hep-th/0012049;10;46;56
hep-th/0101027;hep-th/0101027;27;29;56
hep-th/0012129;hep-th/0012129;21;60;81
hep-th/0104157;hep-th/0104157;0;1;1
hep-th/0005142;hep-th/0005142;11;15;26
hep-th/9804182;hep-th/9804182;20;44;64
hep-th/0512134;hep-th/0512134;2;4;6
gr-qc/9911080;gr-qc/9911080;3;3;6
gr-qc/9805104;gr-qc/9805104;8;1;9
hep-th/9603104;hep-th/9603104;24;12;36
hep-th/0012071;hep-th/0012071;28;19;47
hep-th/9912218;hep-th/9912218;32;39;71
hep-th/0107090;hep-th/0107090;18;60;78
hep-th/0512133;hep-th/0512133;4;24;28
hep-th/0512132;hep-th/0512132;8;10;18
hep-th/0205307;hep-th/0205307;22;5;27
hep-th/0507286;hep-th/0507286;8;36;44
gr-qc/9911088;gr-qc/9911088;1;2;3
gr-qc/9706081;gr-qc/9706081;17;3;20
hep-ph/0509019;hep-ph/0509019;0;4;4
hep-th/9911198;hep-th/9911198;4;1;5
hep-ph/0506123;hep-ph/0506123;2;3;5
hep-th/0011280;hep-th/0011280;2;5;7
hep-ph/0101149;hep-ph/0101149;3;6;9
hep-lat/0105002;hep-lat/0105002;0;6;6
hep-th/9503108;hep-th/9503108;15;17;32
hep-th/9711008;hep-th/9711008;3;15;18
hep-lat/9701006;hep-lat/9701006;24;18;42
hep-th/9605169;hep-th/9605169;6;7;13
hep-th/9310136;hep-th/9310136;8;8;16
hep-lat/0105005;hep-lat/0105005;0;5;5
hep-th/9401150;hep-th/9401150;3;0;3
0710.5438;0710.5438;0;13;13
hep-th/0406166;hep-th/0406166;3;12;15
hep-th/0511023;hep-th/0511023;2;12;14
0909.1842;0909.1842;0;57;57
hep-th/0307167;hep-th/0307167;9;11;20
hep-th/0312326;hep-th/0312326;12;46;58
0708.1281;0708.1281;0;8;8
hep-th/0603060;hep-th/0603060;14;12;26
astro-ph/0702653;astro-ph/0702653;9;1;10
hep-th/9910250;hep-th/9910250;6;19;25
hep-th/9909213;hep-th/9909213;6;0;6
hep-th/0003134;hep-th/0003134;3;3;6
hep-th/0003135;hep-th/0003135;3;9;12
hep-th/0003132;hep-th/0003132;1;4;5
hep-th/0003133;hep-th/0003133;0;11;11
hep-th/9501045;hep-th/9501045;2;15;17
hep-th/9504109;hep-th/9504109;1;10;11
hep-th/0001135;hep-th/0001135;10;18;28
hep-th/0002138;hep-th/0002138;20;26;46
hep-th/9804120;hep-th/9804120;28;6;34
hep-th/0001105;hep-th/0001105;9;9;18
hep-th/9812143;hep-th/9812143;8;35;43
hep-th/9802129;hep-th/9802129;8;4;12
0805.0019;0805.0019;0;11;11
math-ph/0011006;math-ph/0011006;3;0;3
hep-th/9404185;hep-th/9404185;16;11;27
hep-th/9312209;hep-th/9312209;13;4;17
hep-th/0412102;hep-th/0412102;2;11;13
hep-th/0309068;hep-th/0309068;2;6;8
math/9805116;math/9805116;3;0;3
hep-ph/9809351;hep-ph/9809351;33;13;46
hep-lat/9706007;hep-lat/9706007;19;2;21
hep-ph/0003006;hep-ph/0003006;15;7;22
hep-th/9703121;hep-th/9703121;14;18;32
hep-th/9607208;hep-th/9607208;7;9;16
hep-th/9509109;hep-th/9509109;3;1;4
hep-th/9505146;hep-th/9505146;7;2;9
hep-th/9606149;hep-th/9606149;6;8;14
hep-th/9605194;hep-th/9605194;4;6;10
hep-th/9607233;hep-th/9607233;16;16;32
hep-th/9410064;hep-th/9410064;15;1;16
hep-th/9604087;hep-th/9604087;3;4;7
hep-th/9611180;hep-th/9611180;5;11;16
hep-th/9510090;hep-th/9510090;22;5;27
hep-th/9206076;hep-th/9206076;6;0;6
hep-th/9511098;hep-th/9511098;13;28;41
hep-th/9703122;hep-th/9703122;1;10;11
hep-th/9703125;hep-th/9703125;1;13;14
hep-th/9605153;hep-th/9605153;18;22;40
hep-th/9610011;hep-th/9610011;10;23;33
hep-th/9606118;hep-th/9606118;43;17;60
hep-th/9703126;hep-th/9703126;3;11;14
hep-th/9701034;hep-th/9701034;6;7;13
hep-th/9308053;hep-th/9308053;6;2;8
hep-th/9610097;hep-th/9610097;1;6;7
hep-th/9610051;hep-th/9610051;6;5;11
hep-th/9703128;hep-th/9703128;1;3;4
hep-th/0009203;hep-th/0009203;1;20;21
0810.4193;0810.4193;0;45;45
gr-qc/0603050;gr-qc/0603050;8;20;28
hep-th/0606032;hep-th/0606032;10;46;56
hep-th/0512120;hep-th/0512120;5;0;5
hep-th/0610188;hep-th/0610188;9;67;76
0811.0263;0811.0263;0;105;105
hep-th/0703223;hep-th/0703223;5;31;36
hep-th/0510235;hep-th/0510235;9;51;60
hep-th/0304007;hep-th/0304007;8;44;52
hep-th/0703063;hep-th/0703063;2;15;17
hep-th/0703184;hep-th/0703184;2;34;36
hep-th/0512017;hep-th/0512017;9;43;52
hep-th/0701119;hep-th/0701119;1;7;8
0805.0325;0805.0325;0;3;3
cond-mat/0109073;cond-mat/0109073;2;9;11
hep-th/9811247;hep-th/9811247;5;3;8
cond-mat/0111523;cond-mat/0111523;2;3;5
hep-th/9503199;hep-th/9503199;2;5;7
0911.2123;0911.2123;0;30;30
hep-th/0604094;hep-th/0604094;12;27;39
hep-th/0606051;hep-th/0606051;3;1;4
gr-qc/0410071;gr-qc/0410071;12;37;49
gr-qc/0612035;gr-qc/0612035;27;19;46
hep-th/0511257;hep-th/0511257;1;20;21
hep-th/0407112;hep-th/0407112;4;17;21
0709.1225;0709.1225;0;45;45
hep-lat/0612008;hep-lat/0612008;17;17;34
hep-lat/0703008;hep-lat/0703008;10;4;14
hep-ph/0207150;hep-ph/0207150;1;1;2
hep-th/0104159;hep-th/0104159;21;30;51
hep-th/0101100;hep-th/0101100;6;19;25
hep-th/0103241;hep-th/0103241;33;0;33
hep-th/0102032;hep-th/0102032;7;38;45
hep-th/0104141;hep-th/0104141;37;31;68
hep-th/0101003;hep-th/0101003;18;56;74
hep-th/9709010;hep-th/9709010;18;0;18
hep-th/9804210;hep-th/9804210;41;36;77
hep-th/9809026;hep-th/9809026;20;22;42
hep-th/9801067;hep-th/9801067;24;37;61
0808.1672;0808.1672;0;11;11
hep-lat/0701020;hep-lat/0701020;5;3;8
hep-lat/0412036;hep-lat/0412036;6;3;9
hep-th/0105161;hep-th/0105161;3;8;11
hep-th/9806038;hep-th/9806038;8;3;11
hep-th/9407119;hep-th/9407119;5;3;8
hep-th/9401039;hep-th/9401039;8;2;10
hep-th/9812098;hep-th/9812098;4;5;9
hep-th/9610023;hep-th/9610023;6;3;9
hep-th/9510151;hep-th/9510151;35;0;35
hep-th/9810255;hep-th/9810255;1;3;4
hep-th/9902177;hep-th/9902177;6;12;18
hep-th/9612068;hep-th/9612068;6;6;12
hep-th/9609083;hep-th/9609083;5;1;6
physics/9710002;physics/9710002;3;2;5
hep-th/9902174;hep-th/9902174;0;1;1
hep-th/0505194;hep-th/0505194;5;5;10
hep-th/9611021;hep-th/9611021;5;1;6
hep-th/9611141;hep-th/9611141;7;3;10
hep-th/9509144;hep-th/9509144;6;0;6
hep-th/0105164;hep-th/0105164;7;13;20
cond-mat/9602105;cond-mat/9602105;3;6;9
quant-ph/9804018;quant-ph/9804018;5;1;6
gr-qc/0306094;gr-qc/0306094;0;4;4
gr-qc/0306095;gr-qc/0306095;3;7;10
gr-qc/0212033;gr-qc/0212033;11;3;14
hep-ph/0305158;hep-ph/0305158;3;4;7
gr-qc/0309042;gr-qc/0309042;2;2;4
gr-qc/0304078;gr-qc/0304078;2;1;3
gr-qc/0202009;gr-qc/0202009;2;0;2
gr-qc/9506037;gr-qc/9506037;2;8;10
hep-th/0105167;hep-th/0105167;0;12;12
0810.1321;0810.1321;0;5;5
hep-th/0012240;hep-th/0012240;31;0;31
gr-qc/0412029;gr-qc/0412029;14;18;32
hep-th/0403087;hep-th/0403087;20;21;41
hep-th/0204179;hep-th/0204179;18;43;61
0812.1681;0812.1681;0;2;2
hep-lat/0003005;hep-lat/0003005;11;7;18
hep-th/0505192;hep-th/0505192;7;20;27
math/0210122;math/0210122;1;13;14
hep-th/9509032;hep-th/9509032;0;1;1
hep-th/9509037;hep-th/9509037;19;6;25
hep-th/9509036;hep-th/9509036;11;12;23
hep-th/9509020;hep-th/9509020;23;12;35
hep-th/9509027;hep-th/9509027;14;10;24
hep-th/9308115;hep-th/9308115;15;3;18
hep-th/9210011;hep-th/9210011;23;0;23
hep-th/9509035;hep-th/9509035;15;19;34
gr-qc/9411014;gr-qc/9411014;8;0;8
hep-th/9504037;hep-th/9504037;2;6;8
hep-th/9502087;hep-th/9502087;2;2;4
hep-th/9510195;hep-th/9510195;8;12;20
hep-th/9509002;hep-th/9509002;3;5;8
hep-th/9402098;hep-th/9402098;8;1;9
hep-th/9305014;hep-th/9305014;5;0;5
solv-int/9702007;solv-int/9702007;4;0;4
hep-ph/0609214;hep-ph/0609214;2;2;4
hep-ph/0510389;hep-ph/0510389;3;27;30
hep-ph/0605086;hep-ph/0605086;1;5;6
0707.0295;0707.0295;0;31;31
hep-th/0605201;hep-th/0605201;18;204;222
hep-th/0605283;hep-th/0605283;5;168;173
0707.0293;0707.0293;0;3;3
cond-mat/0609740;cond-mat/0609740;11;1;12
hep-th/9911025;hep-th/9911025;5;0;5
cond-mat/0701760;cond-mat/0701760;8;0;8
gr-qc/0303115;gr-qc/0303115;3;37;40
hep-th/0108056;hep-th/0108056;4;22;26
hep-th/9503073;hep-th/9503073;8;1;9
hep-th/0208086;hep-th/0208086;15;38;53
gr-qc/9701022;gr-qc/9701022;5;8;13
gr-qc/0302037;gr-qc/0302037;3;27;30
hep-th/0205251;hep-th/0205251;12;71;83
gr-qc/9910024;gr-qc/9910024;0;10;10
gr-qc/9801012;gr-qc/9801012;3;1;4
gr-qc/9910020;gr-qc/9910020;5;2;7
gr-qc/9905008;gr-qc/9905008;6;1;7
hep-th/9507162;hep-th/9507162;10;6;16
hep-th/9512155;hep-th/9512155;19;26;45
0801.0444;0801.0444;0;13;13
cond-mat/0701259;cond-mat/0701259;10;10;20
hep-th/9311046;hep-th/9311046;1;0;1
hep-th/0208212;hep-th/0208212;1;3;4
gr-qc/9411031;gr-qc/9411031;9;6;15
astro-ph/0608403;astro-ph/0608403;5;3;8
0912.3584;0912.3584;0;7;7
hep-th/0504175;hep-th/0504175;3;14;17
hep-th/9812206;hep-th/9812206;8;13;21
gr-qc/9906073;gr-qc/9906073;8;10;18
hep-th/9704173;hep-th/9704173;24;22;46
gr-qc/9905035;gr-qc/9905035;4;23;27
gr-qc/9901061;gr-qc/9901061;5;7;12
0801.4538;0801.4538;0;1;1
hep-th/9807133;hep-th/9807133;0;15;15
hep-th/9807132;hep-th/9807132;1;2;3
hep-th/9807212;hep-th/9807212;9;0;9
hep-th/9807165;hep-th/9807165;5;3;8
hep-th/9807131;hep-th/9807131;0;3;3
hep-th/9807130;hep-th/9807130;1;3;4
hep-th/9807135;hep-th/9807135;13;28;41
hep-th/9807134;hep-th/9807134;0;1;1
hep-ph/9404312;hep-ph/9404312;7;1;8
0901.4428;0901.4428;0;4;4
hep-th/9807139;hep-th/9807139;4;18;22
hep-th/9805180;hep-th/9805180;13;21;34
0711.1697;0711.1697;0;50;50
hep-th/0508036;hep-th/0508036;7;11;18
hep-th/0107029;hep-th/0107029;5;11;16
hep-th/0005124;hep-th/0005124;4;0;4
hep-th/0510189;hep-th/0510189;7;64;71
hep-th/9703023;hep-th/9703023;13;10;23
hep-th/0106068;hep-th/0106068;7;48;55
hep-th/9412215;hep-th/9412215;2;4;6
hep-th/9309123;hep-th/9309123;7;2;9
hep-th/9406123;hep-th/9406123;3;2;5
hep-th/9410090;hep-th/9410090;2;3;5
hep-th/9404107;hep-th/9404107;10;0;10
hep-th/9412217;hep-th/9412217;1;1;2
hep-th/9406152;hep-th/9406152;6;0;6
hep-th/9412211;hep-th/9412211;2;5;7
hep-th/9412212;hep-th/9412212;7;6;13
hep-th/9212086;hep-th/9212086;40;2;42
hep-th/9307175;hep-th/9307175;13;6;19
hep-th/9312039;hep-th/9312039;11;2;13
hep-th/9411176;hep-th/9411176;14;21;35
0803.2681;0803.2681;0;60;60
hep-th/9806179;hep-th/9806179;3;32;35
hep-th/0408180;hep-th/0408180;19;0;19
hep-th/0701098;hep-th/0701098;4;12;16
hep-th/9509001;hep-th/9509001;9;11;20
hep-th/9305019;hep-th/9305019;2;5;7
hep-th/0607146;hep-th/0607146;5;14;19
hep-th/0610080;hep-th/0610080;5;30;35
hep-th/0703141;hep-th/0703141;10;54;64
hep-th/0608228;hep-th/0608228;21;64;85
0809.1913;0809.1913;0;10;10
hep-th/9508073;hep-th/9508073;28;8;36
hep-th/9412219;hep-th/9412219;0;1;1
hep-th/0703201;hep-th/0703201;7;47;54
hep-th/9812015;hep-th/9812015;13;2;15
hep-th/0506123;hep-th/0506123;10;31;41
hep-th/0609056;hep-th/0609056;19;16;35
astro-ph/0404510;astro-ph/0404510;1;0;1
astro-ph/0106143;astro-ph/0106143;19;10;29
hep-th/0410058;hep-th/0410058;20;0;20
hep-th/0103127;hep-th/0103127;17;9;26
hep-th/0703203;hep-th/0703203;2;6;8
hep-th/0611276;hep-th/0611276;4;8;12
hep-th/0509125;hep-th/0509125;7;4;11
hep-th/0610148;hep-th/0610148;9;5;14
hep-th/0702056;hep-th/0702056;6;4;10
hep-th/0603182;hep-th/0603182;5;4;9
hep-th/0511068;hep-th/0511068;16;6;22
0910.5852;0910.5852;0;4;4
0712.1582;0712.1582;0;17;17
hep-th/0407166;hep-th/0407166;1;0;1
gr-qc/0401081;gr-qc/0401081;4;3;7
math/0105243;math/0105243;7;5;12
hep-th/0611290;hep-th/0611290;17;55;72
gr-qc/0401087;gr-qc/0401087;1;4;5
gr-qc/0306007;gr-qc/0306007;13;3;16
gr-qc/0212047;gr-qc/0212047;9;12;21
hep-th/0306025;hep-th/0306025;21;3;24
hep-th/0606008;hep-th/0606008;2;9;11
hep-th/0602133;hep-th/0602133;5;33;38
math-ph/0504064;math-ph/0504064;1;3;4
quant-ph/0501026;quant-ph/0501026;3;2;5
quant-ph/9812036;quant-ph/9812036;4;0;4
quant-ph/0407162;quant-ph/0407162;4;1;5
hep-th/9503234;hep-th/9503234;4;0;4
hep-th/9512171;hep-th/9512171;5;6;11
hep-th/9304023;hep-th/9304023;21;1;22
hep-th/9402047;hep-th/9402047;12;3;15
hep-th/9402048;hep-th/9402048;12;3;15
hep-th/9512176;hep-th/9512176;2;1;3
hep-th/9411141;hep-th/9411141;6;1;7
hep-th/9511218;hep-th/9511218;13;10;23
hep-th/9508045;hep-th/9508045;21;13;34
hep-th/9510098;hep-th/9510098;15;18;33
hep-th/9211033;hep-th/9211033;1;4;5
hep-th/9512011;hep-th/9512011;5;17;22
hep-th/9207018;hep-th/9207018;6;1;7
q-alg/9511011;q-alg/9511011;14;4;18
hep-th/9306137;hep-th/9306137;3;0;3
hep-th/9502165;hep-th/9502165;8;0;8
hep-th/9407180;hep-th/9407180;10;3;13
hep-th/9306139;hep-th/9306139;4;0;4
hep-th/9510059;hep-th/9510059;6;8;14
hep-th/9310004;hep-th/9310004;18;0;18
hep-th/9512179;hep-th/9512179;18;14;32
hep-th/9311108;hep-th/9311108;11;2;13
hep-th/0305005;hep-th/0305005;3;12;15
hep-th/0305004;hep-th/0305004;3;4;7
hep-th/0304208;hep-th/0304208;13;29;42
hep-th/0009252;hep-th/0009252;12;44;56
0803.2242;0803.2242;0;27;27
hep-th/0210065;hep-th/0210065;20;11;31
hep-th/0507191;hep-th/0507191;10;45;55
hep-th/0512001;hep-th/0512001;14;26;40
hep-th/0011271;hep-th/0011271;4;23;27
hep-th/0606006;hep-th/0606006;24;72;96
hep-th/0104009;hep-th/0104009;23;28;51
0706.3064;0706.3064;0;7;7
0803.2246;0803.2246;0;24;24
hep-th/0602033;hep-th/0602033;13;33;46
hep-ph/0608306;hep-ph/0608306;1;1;2
0910.2880;0910.2880;0;10;10
hep-th/0012085;hep-th/0012085;23;10;33
astro-ph/0509727;astro-ph/0509727;7;61;68
astro-ph/0611948;astro-ph/0611948;5;11;16
hep-ph/0403129;hep-ph/0403129;13;7;20
hep-th/9304070;hep-th/9304070;6;0;6
hep-th/0210186;hep-th/0210186;16;31;47
hep-th/9406110;hep-th/9406110;16;0;16
hep-th/0211002;hep-th/0211002;2;0;2
quant-ph/0204094;quant-ph/0204094;3;13;16
gr-qc/0201022;gr-qc/0201022;9;0;9
hep-th/9603202;hep-th/9603202;4;0;4
astro-ph/0202443;astro-ph/0202443;3;0;3
quant-ph/0208164;quant-ph/0208164;3;14;17
hep-ph/0010152;hep-ph/0010152;12;9;21
gr-qc/0304032;gr-qc/0304032;1;20;21
gr-qc/0301128;gr-qc/0301128;14;18;32
hep-th/0207072;hep-th/0207072;15;31;46
gr-qc/9411037;gr-qc/9411037;5;9;14
hep-th/0011284;hep-th/0011284;8;14;22
gr-qc/9907066;gr-qc/9907066;13;0;13
hep-th/0110198;hep-th/0110198;14;14;28
hep-th/0202076;hep-th/0202076;14;19;33
hep-th/0210017;hep-th/0210017;8;45;53
hep-th/0302170;hep-th/0302170;6;19;25
gr-qc/0210108;gr-qc/0210108;6;16;22
gr-qc/0003023;gr-qc/0003023;10;18;28
gr-qc/0211004;gr-qc/0211004;5;27;32
0705.3606;0705.3606;0;10;10
hep-th/0603076;hep-th/0603076;8;52;60
hep-th/0310103;hep-th/0310103;9;13;22
gr-qc/0702138;gr-qc/0702138;6;13;19
hep-th/0610286;hep-th/0610286;9;39;48
gr-qc/0305013;gr-qc/0305013;3;8;11
0911.1585;0911.1585;0;4;4
0801.1315;0801.1315;0;33;33
hep-th/0702064;hep-th/0702064;7;8;15
hep-th/0703162;hep-th/0703162;11;3;14
0901.0949;0901.0949;0;9;9
0801.1313;0801.1313;0;11;11
hep-th/0303121;hep-th/0303121;4;16;20
hep-th/0510216;hep-th/0510216;4;33;37
0705.4644;0705.4644;0;9;9
0812.4440;0812.4440;0;10;10
0711.2081;0711.2081;0;5;5
hep-th/0612062;hep-th/0612062;5;1;6
0901.0944;0901.0944;0;3;3
quant-ph/9905034;quant-ph/9905034;12;9;21
gr-qc/0703117;gr-qc/0703117;9;7;16
0712.0188;0712.0188;0;40;40
hep-th/0108052;hep-th/0108052;8;41;49
hep-th/0702036;hep-th/0702036;5;34;39
0906.0036;0906.0036;0;81;81
cond-mat/0303207;cond-mat/0303207;9;20;29
hep-th/0506158;hep-th/0506158;12;16;28
hep-th/0602294;hep-th/0602294;6;51;57
hep-th/9201010;hep-th/9201010;23;0;23
hep-th/0412205;hep-th/0412205;23;25;48
hep-th/0304184;hep-th/0304184;12;43;55
hep-th/0602267;hep-th/0602267;11;25;36
hep-th/9203043;hep-th/9203043;43;1;44
hep-th/0605171;hep-th/0605171;21;66;87
hep-th/0211259;hep-th/0211259;39;82;121
hep-th/9401165;hep-th/9401165;7;3;10
math-ph/0504058;math-ph/0504058;18;23;41
hep-th/0412099;hep-th/0412099;21;63;84
hep-th/0410141;hep-th/0410141;15;36;51
hep-th/0312306;hep-th/0312306;14;49;63
hep-th/0404041;hep-th/0404041;16;0;16
hep-th/9206090;hep-th/9206090;17;0;17
hep-th/0502010;hep-th/0502010;21;214;235
hep-th/9310020;hep-th/9310020;2;21;23
0707.0121;0707.0121;0;2;2
math-ph/0401016;math-ph/0401016;0;1;1
math-ph/0209034;math-ph/0209034;1;1;2
math-ph/0401019;math-ph/0401019;6;8;14
math-ph/0310032;math-ph/0310032;5;4;9
math-ph/0303034;math-ph/0303034;11;9;20
0901.2540;0901.2540;0;52;52
hep-th/9809047;hep-th/9809047;2;0;2
hep-lat/9807001;hep-lat/9807001;2;4;6
hep-th/9808186;hep-th/9808186;1;7;8
hep-lat/9210028;hep-lat/9210028;7;0;7
gr-qc/0307083;gr-qc/0307083;13;11;24
hep-th/9502049;hep-th/9502049;8;0;8
hep-th/0601007;hep-th/0601007;11;15;26
hep-th/0412104;hep-th/0412104;4;27;31
hep-th/0403262;hep-th/0403262;22;47;69
hep-th/0404228;hep-th/0404228;6;10;16
hep-th/0404227;hep-th/0404227;3;12;15
hep-th/0304015;hep-th/0304015;10;19;29
hep-th/9703161;hep-th/9703161;1;2;3
hep-th/0404224;hep-th/0404224;20;16;36
hep-th/0402117;hep-th/0402117;5;17;22
hep-th/0310116;hep-th/0310116;30;15;45
hep-th/9411033;hep-th/9411033;13;2;15
hep-th/0307038;hep-th/0307038;22;27;49
hep-th/9412114;hep-th/9412114;20;4;24
hep-th/0211022;hep-th/0211022;24;13;37
hep-th/0103010;hep-th/0103010;24;7;31
hep-th/0311057;hep-th/0311057;2;14;16
hep-ph/0402091;hep-ph/0402091;2;12;14
hep-th/0102131;hep-th/0102131;1;3;4
hep-th/0404222;hep-th/0404222;4;16;20
hep-th/9801062;hep-th/9801062;11;13;24
hep-th/0009192;hep-th/0009192;9;4;13
hep-th/9712137;hep-th/9712137;7;8;15
hep-th/9710166;hep-th/9710166;9;7;16
hep-th/9205114;hep-th/9205114;9;1;10
hep-th/9606065;hep-th/9606065;0;8;8
hep-th/9410035;hep-th/9410035;8;2;10
hep-th/9503075;hep-th/9503075;3;0;3
hep-th/9502063;hep-th/9502063;1;1;2
hep-th/9509096;hep-th/9509096;14;12;26
hep-th/9109014;hep-th/9109014;21;0;21
hep-th/9208058;hep-th/9208058;14;1;15
hep-th/9304156;hep-th/9304156;10;3;13
hep-th/9212123;hep-th/9212123;18;1;19
hep-th/9606060;hep-th/9606060;1;6;7
hep-th/9606062;hep-th/9606062;2;2;4
hep-th/9809023;hep-th/9809023;9;2;11
hep-th/9603010;hep-th/9603010;14;0;14
0802.1788;0802.1788;0;17;17
hep-th/0702110;hep-th/0702110;26;25;51
hep-th/0504147;hep-th/0504147;29;27;56
math-ph/0603003;math-ph/0603003;16;30;46
0806.4320;0806.4320;0;28;28
hep-th/0405045;hep-th/0405045;10;23;33
hep-th/0702085;hep-th/0702085;5;13;18
hep-th/0407050;hep-th/0407050;38;37;75
gr-qc/0702069;gr-qc/0702069;3;10;13
gr-qc/0703091;gr-qc/0703091;4;17;21
hep-th/0506230;hep-th/0506230;11;0;11
0804.0381;0804.0381;0;24;24
math/0609016;math/0609016;4;11;15
hep-th/0612127;hep-th/0612127;33;0;33
math/0603728;math/0603728;5;0;5
hep-th/9408115;hep-th/9408115;16;0;16
hep-th/0612192;hep-th/0612192;5;26;31
hep-th/0605212;hep-th/0605212;8;22;30
quant-ph/0112119;quant-ph/0112119;4;1;5
gr-qc/0205056;gr-qc/0205056;3;5;8
gr-qc/0306110;gr-qc/0306110;3;3;6
gr-qc/9912003;gr-qc/9912003;3;1;4
hep-th/0612193;hep-th/0612193;0;12;12
gr-qc/0404038;gr-qc/0404038;15;72;87
0807.4752;0807.4752;0;27;27
gr-qc/9402006;gr-qc/9402006;4;1;5
gr-qc/9806066;gr-qc/9806066;17;6;23
gr-qc/9910065;gr-qc/9910065;21;8;29
gr-qc/0406052;gr-qc/0406052;1;4;5
gr-qc/0310122;gr-qc/0310122;1;0;1
0805.3931;0805.3931;0;19;19
hep-th/0511252;hep-th/0511252;8;42;50
hep-ph/0110102;hep-ph/0110102;25;3;28
hep-th/0005119;hep-th/0005119;10;10;20
hep-th/0005088;hep-th/0005088;13;27;40
gr-qc/0406059;gr-qc/0406059;0;5;5
gr-qc/0305035;gr-qc/0305035;3;0;3
gr-qc/0409086;gr-qc/0409086;0;25;25
cond-mat/9510171;cond-mat/9510171;0;1;1
cond-mat/9301037;cond-mat/9301037;12;1;13
hep-th/0202099;hep-th/0202099;4;4;8
hep-th/0005116;hep-th/0005116;9;8;17
hep-th/0002042;hep-th/0002042;16;18;34
hep-th/9709196;hep-th/9709196;7;7;14
gr-qc/0409068;gr-qc/0409068;4;8;12
hep-th/9807114;hep-th/9807114;6;8;14
hep-th/9605209;hep-th/9605209;8;8;16
hep-th/9608189;hep-th/9608189;15;13;28
hep-th/9502006;hep-th/9502006;19;8;27
hep-th/9204007;hep-th/9204007;3;0;3
hep-th/0001056;hep-th/0001056;32;13;45
hep-th/9610225;hep-th/9610225;2;3;5
hep-th/9610224;hep-th/9610224;10;12;22
hep-th/9205044;hep-th/9205044;1;0;1
hep-th/9109050;hep-th/9109050;13;0;13
hep-th/9606180;hep-th/9606180;9;3;12
hep-th/9508030;hep-th/9508030;5;13;18
hep-th/9610221;hep-th/9610221;7;2;9
chao-dyn/9603015;chao-dyn/9603015;4;0;4
hep-th/9606089;hep-th/9606089;2;3;5
hep-th/9605218;hep-th/9605218;4;0;4
hep-th/0006187;hep-th/0006187;16;1;17
hep-th/9610222;hep-th/9610222;3;13;16
hep-th/9506037;hep-th/9506037;14;21;35
hep-th/9604175;hep-th/9604175;6;7;13
hep-th/9511084;hep-th/9511084;0;1;1
hep-th/9411218;hep-th/9411218;5;3;8
0912.1138;0912.1138;0;2;2
math-ph/0405009;math-ph/0405009;2;0;2
hep-th/0204007;hep-th/0204007;1;0;1
gr-qc/0011076;gr-qc/0011076;5;11;16
gr-qc/0006063;gr-qc/0006063;6;14;20
0810.2008;0810.2008;0;41;41
hep-th/0211021;hep-th/0211021;0;15;15
hep-th/9903259;hep-th/9903259;10;10;20
hep-th/0002010;hep-th/0002010;6;6;12
hep-th/9310040;hep-th/9310040;8;5;13
hep-th/0201094;hep-th/0201094;2;9;11
hep-th/9912096;hep-th/9912096;2;14;16
hep-th/0104082;hep-th/0104082;28;47;75
hep-th/9903081;hep-th/9903081;3;20;23
hep-th/9910124;hep-th/9910124;17;15;32
hep-th/9906054;hep-th/9906054;24;18;42
hep-th/9910113;hep-th/9910113;14;8;22
hep-th/0204257;hep-th/0204257;2;26;28
hep-th/0001041;hep-th/0001041;47;50;97
hep-th/0107054;hep-th/0107054;14;11;25
gr-qc/0111056;gr-qc/0111056;12;17;29
hep-th/0202193;hep-th/0202193;6;0;6
cond-mat/0201088;cond-mat/0201088;7;7;14
cond-mat/0203047;cond-mat/0203047;5;4;9
cond-mat/9610052;cond-mat/9610052;7;2;9
cond-mat/0110188;cond-mat/0110188;23;1;24
hep-th/0411171;hep-th/0411171;22;60;82
hep-th/0409195;hep-th/0409195;13;8;21
hep-th/0410292;hep-th/0410292;18;42;60
hep-th/0407009;hep-th/0407009;20;13;33
0810.4525;0810.4525;0;90;90
hep-th/0702202;hep-th/0702202;5;27;32
quant-ph/0204120;quant-ph/0204120;2;1;3
hep-ph/0304050;hep-ph/0304050;25;31;56
0908.1737;0908.1737;0;3;3
hep-th/0106039;hep-th/0106039;0;7;7
hep-ph/0105051;hep-ph/0105051;11;1;12
hep-th/0004009;hep-th/0004009;7;36;43
hep-th/0003041;hep-th/0003041;3;12;15
0804.1805;0804.1805;0;38;38
hep-th/0703237;hep-th/0703237;22;55;77
astro-ph/0506506;astro-ph/0506506;0;4;4
astro-ph/9910408;astro-ph/9910408;2;1;3
quant-ph/9706018;quant-ph/9706018;5;2;7
0711.2512;0711.2512;0;50;50
hep-th/0612057;hep-th/0612057;7;22;29
0801.2154;0801.2154;0;50;50
hep-th/9809196;hep-th/9809196;14;29;43
0801.2157;0801.2157;0;21;21
hep-th/9806142;hep-th/9806142;2;0;2
hep-ph/9802443;hep-ph/9802443;5;1;6
hep-ph/9705348;hep-ph/9705348;13;9;22
hep-th/0611230;hep-th/0611230;0;13;13
hep-th/9410011;hep-th/9410011;19;3;22
hep-th/9906143;hep-th/9906143;2;10;12
0801.2151;0801.2151;0;8;8
0705.4656;0705.4656;0;21;21
gr-qc/0506042;gr-qc/0506042;5;8;13
hep-th/0605148;hep-th/0605148;23;0;23
physics/0404101;physics/0404101;5;6;11
hep-th/0511157;hep-th/0511157;9;13;22
hep-th/0612133;hep-th/0612133;5;10;15
hep-th/0411174;hep-th/0411174;21;23;44
hep-th/0407136;hep-th/0407136;16;38;54
hep-th/0411100;hep-th/0411100;11;20;31
hep-th/0406029;hep-th/0406029;12;42;54
0801.0940;0801.0940;0;6;6
0711.1954;0711.1954;0;39;39
hep-th/0612067;hep-th/0612067;6;32;38
hep-th/0211054;hep-th/0211054;9;16;25
hep-th/0412201;hep-th/0412201;15;16;31
hep-th/9603038;hep-th/9603038;1;1;2
hep-th/0503199;hep-th/0503199;11;21;32
hep-th/9506103;hep-th/9506103;2;9;11
hep-th/0504115;hep-th/0504115;7;33;40
hep-th/0207046;hep-th/0207046;7;12;19
gr-qc/0311059;gr-qc/0311059;16;2;18
hep-th/9806077;hep-th/9806077;11;0;11
hep-th/0201031;hep-th/0201031;13;12;25
hep-th/0206120;hep-th/0206120;7;18;25
hep-th/0007108;hep-th/0007108;4;2;6
hep-th/0107135;hep-th/0107135;6;6;12
hep-th/9707155;hep-th/9707155;2;2;4
cond-mat/0010061;cond-mat/0010061;3;6;9
hep-th/9912252;hep-th/9912252;6;7;13
hep-lat/0202017;hep-lat/0202017;9;12;21
hep-lat/0009036;hep-lat/0009036;12;39;51
hep-lat/0010070;hep-lat/0010070;4;7;11
hep-lat/0102012;hep-lat/0102012;9;0;9
hep-lat/0008010;hep-lat/0008010;6;6;12
hep-lat/0101006;hep-lat/0101006;20;27;47
hep-lat/0004012;hep-lat/0004012;19;9;28
hep-th/0109156;hep-th/0109156;22;20;42
hep-lat/0005003;hep-lat/0005003;8;13;21
0711.2563;0711.2563;0;24;24
gr-qc/0606056;gr-qc/0606056;3;41;44
gr-qc/0201031;gr-qc/0201031;13;17;30
hep-th/0512096;hep-th/0512096;2;17;19
hep-th/0604183;hep-th/0604183;10;0;10
hep-th/0409237;hep-th/0409237;0;13;13
hep-th/9904194;hep-th/9904194;4;6;10
hep-th/9910128;hep-th/9910128;2;9;11
hep-th/0104205;hep-th/0104205;9;2;11
hep-th/0207261;hep-th/0207261;2;4;6
hep-th/0004181;hep-th/0004181;14;13;27
hep-th/0102024;hep-th/0102024;3;18;21
0710.2978;0710.2978;0;16;16
hep-th/0701220;hep-th/0701220;11;22;33
hep-th/0602249;hep-th/0602249;10;49;59
0905.4795;0905.4795;0;5;5
alg-geom/9511007;alg-geom/9511007;4;0;4
hep-ph/9402263;hep-ph/9402263;4;2;6
hep-th/9304079;hep-th/9304079;1;1;2
hep-ph/9507350;hep-ph/9507350;2;3;5
hep-th/9207074;hep-th/9207074;7;0;7
hep-ph/9501388;hep-ph/9501388;12;2;14
0912.4744;0912.4744;0;8;8
hep-th/0112133;hep-th/0112133;4;0;4
astro-ph/0612611;astro-ph/0612611;1;6;7
cond-mat/0203566;cond-mat/0203566;1;13;14
cond-mat/9904391;cond-mat/9904391;1;2;3
hep-th/9310198;hep-th/9310198;25;0;25
hep-th/9605024;hep-th/9605024;6;13;19
quant-ph/9809084;quant-ph/9809084;2;13;15
hep-th/9603164;hep-th/9603164;9;19;28
0912.4740;0912.4740;0;2;2
quant-ph/0603011;quant-ph/0603011;1;1;2
quant-ph/0101012;quant-ph/0101012;6;0;6
astro-ph/0410543;astro-ph/0410543;16;8;24
gr-qc/0311067;gr-qc/0311067;14;4;18
hep-th/9408092;hep-th/9408092;13;10;23
hep-ph/9803226;hep-ph/9803226;24;7;31
hep-th/9809143;hep-th/9809143;2;11;13
hep-th/9710233;hep-th/9710233;14;10;24
hep-th/9809005;hep-th/9809005;2;18;20
hep-th/9703106;hep-th/9703106;8;1;9
hep-th/9801018;hep-th/9801018;6;4;10
hep-th/9705021;hep-th/9705021;15;6;21
hep-th/9608035;hep-th/9608035;12;7;19
hep-th/9704215;hep-th/9704215;11;10;21
hep-th/9705060;hep-th/9705060;12;14;26
gr-qc/9805091;gr-qc/9805091;15;13;28
gr-qc/9809006;gr-qc/9809006;14;4;18
hep-th/9809146;hep-th/9809146;0;2;2
hep-th/9506129;hep-th/9506129;3;0;3
hep-th/9807240;hep-th/9807240;1;61;62
hep-th/9710149;hep-th/9710149;22;51;73
hep-th/9809148;hep-th/9809148;2;4;6
hep-th/9809149;hep-th/9809149;7;6;13
hep-th/9802105;hep-th/9802105;10;1;11
hep-th/9804004;hep-th/9804004;6;2;8
hep-th/9805094;hep-th/9805094;13;5;18
hep-th/9404057;hep-th/9404057;6;2;8
hep-th/0607003;hep-th/0607003;3;19;22
hep-th/0405190;hep-th/0405190;5;15;20
hep-th/0207131;hep-th/0207131;10;23;33
hep-th/0606127;hep-th/0606127;18;55;73
hep-th/0407265;hep-th/0407265;14;13;27
hep-th/0307140;hep-th/0307140;8;7;15
hep-th/0601045;hep-th/0601045;5;51;56
hep-th/0602009;hep-th/0602009;4;23;27
hep-th/0512107;hep-th/0512107;16;19;35
hep-th/0602008;hep-th/0602008;8;36;44
hep-th/0406244;hep-th/0406244;11;8;19
hep-th/9811238;hep-th/9811238;6;0;6
hep-th/0107187;hep-th/0107187;3;18;21
hep-th/0108047;hep-th/0108047;4;13;17
hep-lat/0111037;hep-lat/0111037;7;10;17
hep-th/0010168;hep-th/0010168;12;10;22
cond-mat/0309499;cond-mat/0309499;7;0;7
hep-th/0503067;hep-th/0503067;9;14;23
hep-th/0203253;hep-th/0203253;6;8;14
hep-th/0303119;hep-th/0303119;4;20;24
hep-th/9707153;hep-th/9707153;7;9;16
math/0507157;math/0507157;3;9;12
gr-qc/9805022;gr-qc/9805022;4;6;10
hep-th/9706190;hep-th/9706190;9;20;29
hep-th/0101134;hep-th/0101134;33;11;44
hep-th/0502111;hep-th/0502111;17;0;17
hep-th/0602002;hep-th/0602002;2;18;20
hep-th/0410227;hep-th/0410227;8;17;25
hep-th/0212166;hep-th/0212166;4;41;45
math/9805120;math/9805120;4;0;4
hep-th/0511147;hep-th/0511147;2;16;18
hep-th/0403140;hep-th/0403140;10;4;14
gr-qc/0408032;gr-qc/0408032;20;5;25
hep-th/0508220;hep-th/0508220;13;18;31
hep-th/0510098;hep-th/0510098;10;47;57
hep-th/0309185;hep-th/0309185;3;4;7
hep-th/0409217;hep-th/0409217;14;70;84
hep-th/0503159;hep-th/0503159;13;49;62
hep-th/0505106;hep-th/0505106;3;26;29
hep-th/0404143;hep-th/0404143;5;22;27
hep-th/0503185;hep-th/0503185;24;45;69
hep-th/0112095;hep-th/0112095;19;0;19
hep-th/9703065;hep-th/9703065;3;13;16
cond-mat/9602073;cond-mat/9602073;1;1;2
hep-th/0406213;hep-th/0406213;2;7;9
hep-th/0007047;hep-th/0007047;9;15;24
hep-th/0403232;hep-th/0403232;20;8;28
0709.2657;0709.2657;0;12;12
0910.0812;0910.0812;0;15;15
hep-ph/0703207;hep-ph/0703207;2;1;3
hep-ph/0605001;hep-ph/0605001;4;4;8
math/0004043;math/0004043;1;4;5
cond-mat/0101044;cond-mat/0101044;2;10;12
cond-mat/0010359;cond-mat/0010359;3;7;10
0910.3697;0910.3697;0;29;29
quant-ph/0608180;quant-ph/0608180;7;14;21
quant-ph/0502098;quant-ph/0502098;6;0;6
math-ph/0207028;math-ph/0207028;3;0;3
hep-th/0405241;hep-th/0405241;15;17;32
math-ph/0212045;math-ph/0212045;4;11;15
quant-ph/0502172;quant-ph/0502172;8;10;18
quant-ph/0302204;quant-ph/0302204;15;4;19
math-ph/0204026;math-ph/0204026;9;4;13
0705.3388;0705.3388;0;42;42
hep-th/0205001;hep-th/0205001;8;6;14
0801.3208;0801.3208;0;13;13
gr-qc/9806121;gr-qc/9806121;21;20;41
gr-qc/9811071;gr-qc/9811071;8;15;23
hep-th/9612009;hep-th/9612009;13;9;22
gr-qc/0002092;gr-qc/0002092;8;35;43
0705.3380;0705.3380;0;26;26
hep-th/0402024;hep-th/0402024;12;0;12
gr-qc/0605015;gr-qc/0605015;2;15;17
hep-th/0308067;hep-th/0308067;7;0;7
gr-qc/0502076;gr-qc/0502076;6;5;11
hep-th/0205078;hep-th/0205078;10;50;60
gr-qc/0012099;gr-qc/0012099;12;10;22
gr-qc/0411133;gr-qc/0411133;2;5;7
hep-th/0501067;hep-th/0501067;5;17;22
hep-th/0303174;hep-th/0303174;2;10;12
gr-qc/0508090;gr-qc/0508090;3;3;6
hep-th/0008102;hep-th/0008102;24;76;100
hep-th/0206092;hep-th/0206092;16;34;50
hep-th/0311235;hep-th/0311235;9;17;26
hep-th/0203218;hep-th/0203218;18;20;38
0907.2773;0907.2773;0;21;21
hep-th/0103137;hep-th/0103137;8;0;8
hep-th/0011216;hep-th/0011216;14;12;26
hep-th/0110079;hep-th/0110079;22;15;37
gr-qc/0507053;gr-qc/0507053;3;43;46
hep-th/0412255;hep-th/0412255;6;18;24
hep-th/9912113;hep-th/9912113;16;18;34
gr-qc/0211085;gr-qc/0211085;10;14;24
hep-th/0203194;hep-th/0203194;10;7;17
hep-th/0208035;hep-th/0208035;3;14;17
hep-th/0310092;hep-th/0310092;5;16;21
hep-th/9207068;hep-th/9207068;4;0;4
0903.3009;0903.3009;0;11;11
hep-th/0009228;hep-th/0009228;5;25;30
cond-mat/0110168;cond-mat/0110168;2;5;7
cond-mat/9901208;cond-mat/9901208;1;0;1
hep-th/0109016;hep-th/0109016;1;2;3
hep-th/0007111;hep-th/0007111;0;3;3
hep-th/9903236;hep-th/9903236;8;2;10
0712.3574;0712.3574;0;22;22
hep-th/0107020;hep-th/0107020;26;21;47
cond-mat/9805317;cond-mat/9805317;9;9;18
hep-th/0111191;hep-th/0111191;26;13;39
hep-ph/0611191;hep-ph/0611191;8;18;26
hep-th/0202188;hep-th/0202188;32;28;60
quant-ph/0608186;quant-ph/0608186;2;1;3
hep-ph/0006087;hep-ph/0006087;6;3;9
hep-th/9309047;hep-th/9309047;6;0;6
hep-th/0503162;hep-th/0503162;9;52;61
hep-th/0606007;hep-th/0606007;5;24;29
hep-th/0607006;hep-th/0607006;0;38;38
gr-qc/0407005;gr-qc/0407005;19;42;61
gr-qc/0407089;gr-qc/0407089;14;58;72
solv-int/9802018;solv-int/9802018;1;0;1
solv-int/9712002;solv-int/9712002;5;8;13
hep-th/9506165;hep-th/9506165;4;0;4
solv-int/9510002;solv-int/9510002;4;4;8
hep-th/9403043;hep-th/9403043;6;1;7
solv-int/9711009;solv-int/9711009;8;23;31
hep-th/9109009;hep-th/9109009;2;0;2
solv-int/9802003;solv-int/9802003;1;0;1
hep-th/9504030;hep-th/9504030;13;14;27
hep-th/9301080;hep-th/9301080;19;0;19
hep-th/9703224;hep-th/9703224;11;15;26
hep-th/9402056;hep-th/9402056;6;0;6
solv-int/9711012;solv-int/9711012;4;0;4
math/0603088;math/0603088;8;1;9
0901.4579;0901.4579;0;11;11
hep-th/0207100;hep-th/0207100;7;13;20
cond-mat/0608424;cond-mat/0608424;5;13;18
astro-ph/0703730;astro-ph/0703730;5;24;29
hep-th/0410094;hep-th/0410094;3;20;23
astro-ph/0412634;astro-ph/0412634;14;11;25
gr-qc/0301119;gr-qc/0301119;5;5;10
hep-th/0610181;hep-th/0610181;3;6;9
hep-th/0505222;hep-th/0505222;6;6;12
0806.2521;0806.2521;0;3;3
hep-th/9408084;hep-th/9408084;1;2;3
hep-th/0012019;hep-th/0012019;0;3;3
0804.0383;0804.0383;0;21;21
hep-th/9508023;hep-th/9508023;0;3;3
hep-th/9508022;hep-th/9508022;0;2;2
hep-th/9310172;hep-th/9310172;4;0;4
hep-th/9508020;hep-th/9508020;4;9;13
hep-th/9312016;hep-th/9312016;5;4;9
hep-th/9303164;hep-th/9303164;6;4;10
hep-th/9302086;hep-th/9302086;15;8;23
hep-th/9203044;hep-th/9203044;3;0;3
hep-th/9302062;hep-th/9302062;5;0;5
hep-th/9302061;hep-th/9302061;8;0;8
hep-th/9508026;hep-th/9508026;0;9;9
hep-th/9508024;hep-th/9508024;0;10;10
hep-th/9406017;hep-th/9406017;11;3;14
hep-th/9311022;hep-th/9311022;15;12;27
hep-th/9410183;hep-th/9410183;2;4;6
hep-th/9410178;hep-th/9410178;4;2;6
hep-th/0203005;hep-th/0203005;25;34;59
hep-th/0403176;hep-th/0403176;4;12;16
hep-th/0112087;hep-th/0112087;6;13;19
hep-th/0012016;hep-th/0012016;18;6;24
hep-th/0006090;hep-th/0006090;13;0;13
0712.1215;0712.1215;0;60;60
hep-th/0512240;hep-th/0512240;20;30;50
hep-th/0612032;hep-th/0612032;11;39;50
0711.4055;0711.4055;0;19;19
astro-ph/0302295;astro-ph/0302295;26;0;26
astro-ph/0612407;astro-ph/0612407;10;0;10
astro-ph/0109414;astro-ph/0109414;26;12;38
hep-ph/0306084;hep-ph/0306084;19;36;55
math/9812040;math/9812040;2;2;4
0704.3121;0704.3121;0;29;29
hep-th/0612183;hep-th/0612183;2;15;17
hep-th/0212316;hep-th/0212316;33;29;62
hep-th/0605118;hep-th/0605118;13;32;45
hep-th/0509165;hep-th/0509165;11;44;55
hep-th/0509140;hep-th/0509140;15;25;40
hep-th/0509185;hep-th/0509185;6;24;30
gr-qc/0312063;gr-qc/0312063;2;1;3
gr-qc/9703078;gr-qc/9703078;3;4;7
gr-qc/0302112;gr-qc/0302112;6;4;10
hep-th/9404170;hep-th/9404170;5;7;12
hep-th/9905113;hep-th/9905113;5;4;9
hep-ph/0102104;hep-ph/0102104;4;9;13
math-ph/0201045;math-ph/0201045;6;9;15
hep-th/0407220;hep-th/0407220;6;17;23
hep-th/0405090;hep-th/0405090;2;17;19
hep-th/0110090;hep-th/0110090;2;10;12
hep-th/0106180;hep-th/0106180;11;47;58
hep-th/0404015;hep-th/0404015;8;31;39
hep-th/0308076;hep-th/0308076;12;23;35
hep-th/0404094;hep-th/0404094;15;41;56
hep-th/0407226;hep-th/0407226;1;13;14
hep-th/0401072;hep-th/0401072;7;59;66
hep-th/0111151;hep-th/0111151;5;46;51
hep-th/0003200;hep-th/0003200;6;57;63
hep-th/0407227;hep-th/0407227;12;21;33
hep-th/0407225;hep-th/0407225;7;17;24
hep-ph/0406314;hep-ph/0406314;8;14;22
hep-ph/0407242;hep-ph/0407242;8;16;24
hep-th/9603183;hep-th/9603183;10;11;21
hep-th/9602071;hep-th/9602071;48;20;68
hep-th/9505190;hep-th/9505190;25;2;27
hep-th/9604037;hep-th/9604037;6;10;16
hep-th/9604032;hep-th/9604032;5;14;19
hep-th/9406046;hep-th/9406046;7;6;13
hep-th/9505126;hep-th/9505126;3;1;4
hep-th/9401115;hep-th/9401115;26;2;28
hep-th/9401086;hep-th/9401086;11;1;12
hep-th/9403050;hep-th/9403050;25;7;32
hep-th/9803151;hep-th/9803151;1;3;4
hep-th/9803150;hep-th/9803150;0;28;28
hep-th/9706024;hep-th/9706024;7;9;16
hep-th/9803153;hep-th/9803153;8;6;14
hep-th/9411224;hep-th/9411224;13;1;14
hep-th/9803152;hep-th/9803152;1;11;12
hep-th/9707225;hep-th/9707225;1;11;12
hep-th/9701021;hep-th/9701021;8;3;11
hep-th/9411130;hep-th/9411130;8;4;12
hep-th/9407036;hep-th/9407036;2;0;2
0812.0876;0812.0876;0;26;26
gr-qc/0611102;gr-qc/0611102;3;41;44
hep-th/9603043;hep-th/9603043;16;12;28
gr-qc/9806118;gr-qc/9806118;10;16;26
hep-th/0103147;hep-th/0103147;5;23;28
hep-th/9603072;hep-th/9603072;7;19;26
0708.4127;0708.4127;0;34;34
hep-th/0003144;hep-th/0003144;26;10;36
hep-th/0108019;hep-th/0108019;8;1;9
hep-th/0512100;hep-th/0512100;5;6;11
hep-th/0511018;hep-th/0511018;5;4;9
hep-th/9406048;hep-th/9406048;51;0;51
hep-th/9901023;hep-th/9901023;33;5;38
0708.4129;0708.4129;0;16;16
hep-th/0603046;hep-th/0603046;26;35;61
hep-lat/0603003;hep-lat/0603003;16;6;22
hep-lat/0301028;hep-lat/0301028;57;6;63
hep-th/0107035;hep-th/0107035;3;18;21
hep-th/0105283;hep-th/0105283;20;47;67
hep-th/0107131;hep-th/0107131;9;0;9
quant-ph/9608014;quant-ph/9608014;1;2;3
gr-qc/9509059;gr-qc/9509059;5;13;18
hep-th/9709197;hep-th/9709197;0;1;1
hep-th/9610150;hep-th/9610150;12;1;13
hep-th/9709194;hep-th/9709194;2;2;4
hep-ph/9606481;hep-ph/9606481;5;0;5
hep-th/9112064;hep-th/9112064;6;0;6
dg-ga/9508005;dg-ga/9508005;1;1;2
hep-th/9704032;hep-th/9704032;2;26;28
hep-th/9405151;hep-th/9405151;6;2;8
hep-th/9511037;hep-th/9511037;8;27;35
hep-th/9408116;hep-th/9408116;8;0;8
hep-th/9607030;hep-th/9607030;12;7;19
gr-qc/9410018;gr-qc/9410018;8;7;15
hep-th/9111063;hep-th/9111063;20;0;20
hep-th/9402093;hep-th/9402093;14;6;20
hep-th/9709190;hep-th/9709190;0;10;10
hep-th/9709191;hep-th/9709191;0;7;7
hep-th/9706210;hep-th/9706210;16;46;62
0709.3069;0709.3069;0;39;39
hep-th/0206032;hep-th/0206032;2;18;20
hep-th/0703082;hep-th/0703082;3;47;50
astro-ph/0006180;astro-ph/0006180;0;1;1
hep-th/0104088;hep-th/0104088;1;0;1
hep-th/0105144;hep-th/0105144;6;8;14
hep-th/9212135;hep-th/9212135;14;0;14
cond-mat/0102247;cond-mat/0102247;12;2;14
hep-th/9701096;hep-th/9701096;11;5;16
hep-th/9705153;hep-th/9705153;10;5;15
hep-th/9706039;hep-th/9706039;21;8;29
hep-ph/0508019;hep-ph/0508019;6;24;30
hep-th/0405168;hep-th/0405168;3;6;9
hep-th/0101222;hep-th/0101222;1;6;7
hep-ph/0204358;hep-ph/0204358;18;7;25
hep-th/0210294;hep-th/0210294;12;56;68
hep-ph/0302038;hep-ph/0302038;3;18;21
hep-ph/0406194;hep-ph/0406194;3;19;22
hep-th/0112046;hep-th/0112046;10;19;29
hep-ph/0111047;hep-ph/0111047;5;21;26
quant-ph/9905019;quant-ph/9905019;2;3;5
hep-ph/9706467;hep-ph/9706467;5;1;6
hep-lat/9707019;hep-lat/9707019;4;0;4
gr-qc/9806083;gr-qc/9806083;0;1;1
0804.3516;0804.3516;0;9;9
hep-th/9701033;hep-th/9701033;12;0;12
hep-th/0307259;hep-th/0307259;9;2;11
gr-qc/0009080;gr-qc/0009080;7;1;8
hep-th/0310109;hep-th/0310109;3;12;15
gr-qc/9711037;gr-qc/9711037;6;7;13
gr-qc/9806085;gr-qc/9806085;35;46;81
hep-th/9512091;hep-th/9512091;10;31;41
gr-qc/9704083;gr-qc/9704083;3;19;22
hep-th/9708008;hep-th/9708008;16;42;58
hep-th/9802197;hep-th/9802197;6;31;37
hep-th/9611122;hep-th/9611122;3;15;18
hep-th/9705061;hep-th/9705061;10;17;27
hep-th/9712091;hep-th/9712091;3;48;51
hep-th/9609003;hep-th/9609003;10;20;30
hep-th/9609048;hep-th/9609048;15;12;27
0812.3792;0812.3792;0;9;9
gr-qc/0512035;gr-qc/0512035;16;16;32
hep-th/0510139;hep-th/0510139;18;10;28
hep-ph/0105183;hep-ph/0105183;5;12;17
hep-th/0412264;hep-th/0412264;0;29;29
hep-th/0009078;hep-th/0009078;4;8;12
hep-th/0303045;hep-th/0303045;5;5;10
hep-th/9706148;hep-th/9706148;24;19;43
hep-th/9909007;hep-th/9909007;9;0;9
hep-th/9805148;hep-th/9805148;5;11;16
hep-th/0308206;hep-th/0308206;3;14;17
math-ph/0404015;math-ph/0404015;4;1;5
0708.4261;0708.4261;0;22;22
hep-th/0411195;hep-th/0411195;4;6;10
hep-th/0012183;hep-th/0012183;27;48;75
hep-th/0512325;hep-th/0512325;8;56;64
hep-th/0507135;hep-th/0507135;7;13;20
hep-th/0702030;hep-th/0702030;9;32;41
hep-th/0610073;hep-th/0610073;4;40;44
quant-ph/0201085;quant-ph/0201085;1;6;7
quant-ph/9803083;quant-ph/9803083;6;1;7
quant-ph/9901039;quant-ph/9901039;4;3;7
quant-ph/9902068;quant-ph/9902068;4;7;11
hep-th/9901094;hep-th/9901094;4;0;4
0905.4435;0905.4435;0;23;23
hep-th/0301107;hep-th/0301107;2;5;7
hep-th/9712124;hep-th/9712124;21;9;30
math-ph/0607055;math-ph/0607055;2;10;12
math-ph/0511042;math-ph/0511042;11;18;29
hep-th/0110261;hep-th/0110261;5;39;44
hep-ph/0508017;hep-ph/0508017;1;3;4
hep-th/0109061;hep-th/0109061;2;3;5
hep-th/9906183;hep-th/9906183;9;8;17
hep-th/9505014;hep-th/9505014;4;5;9
hep-th/9904106;hep-th/9904106;2;1;3
physics/0308045;physics/0308045;6;8;14
hep-th/9802166;hep-th/9802166;5;1;6
gr-qc/9809056;gr-qc/9809056;3;1;4
gr-qc/9809078;gr-qc/9809078;6;0;6
gr-qc/0012109;gr-qc/0012109;6;4;10
0801.0164;0801.0164;0;23;23
hep-th/9906180;hep-th/9906180;0;18;18
hep-th/9706019;hep-th/9706019;7;0;7
hep-th/9806190;hep-th/9806190;5;8;13
hep-th/9306091;hep-th/9306091;10;0;10
hep-th/9904061;hep-th/9904061;3;11;14
hep-th/9704192;hep-th/9704192;3;15;18
hep-th/9811050;hep-th/9811050;12;20;32
0912.0903;0912.0903;0;13;13
0910.2527;0910.2527;0;6;6
0806.0149;0806.0149;0;4;4
hep-th/0606153;hep-th/0606153;4;3;7
hep-th/0412003;hep-th/0412003;7;7;14
hep-th/0608141;hep-th/0608141;5;11;16
hep-th/0601210;hep-th/0601210;16;21;37
hep-th/9906181;hep-th/9906181;7;4;11
hep-th/9906186;hep-th/9906186;2;4;6
hep-th/9601111;hep-th/9601111;11;3;14
hep-th/9609030;hep-th/9609030;3;4;7
hep-th/9502145;hep-th/9502145;13;0;13
hep-th/9408065;hep-th/9408065;16;0;16
hep-ph/0012090;hep-ph/0012090;10;34;44
hep-th/0012221;hep-th/0012221;6;35;41
hep-th/0106122;hep-th/0106122;2;6;8
hep-th/0008072;hep-th/0008072;4;5;9
hep-th/9703111;hep-th/9703111;7;8;15
hep-th/0006245;hep-th/0006245;6;9;15
hep-th/9906184;hep-th/9906184;1;1;2
hep-th/9810003;hep-th/9810003;1;1;2
hep-th/0103259;hep-th/0103259;4;15;19
hep-th/0105186;hep-th/0105186;11;27;38
hep-th/0105088;hep-th/0105088;2;8;10
hep-th/0010141;hep-th/0010141;11;27;38
gr-qc/0104016;gr-qc/0104016;5;31;36
hep-th/0007254;hep-th/0007254;11;25;36
hep-ph/0103115;hep-ph/0103115;22;41;63
hep-th/9906185;hep-th/9906185;2;8;10
hep-th/9309014;hep-th/9309014;7;3;10
hep-th/9304019;hep-th/9304019;4;1;5
hep-th/9403163;hep-th/9403163;5;6;11
hep-th/9307170;hep-th/9307170;9;4;13
hep-th/9512209;hep-th/9512209;2;8;10
hep-th/9504060;hep-th/9504060;4;8;12
hep-th/9411061;hep-th/9411061;6;6;12
hep-th/9209122;hep-th/9209122;20;3;23
hep-th/9209127;hep-th/9209127;0;3;3
0912.3942;0912.3942;0;12;12
hep-th/0005174;hep-th/0005174;14;24;38
hep-th/0006012;hep-th/0006012;5;0;5
hep-th/9904064;hep-th/9904064;14;19;33
hep-th/9402114;hep-th/9402114;11;0;11
hep-th/0012147;hep-th/0012147;1;2;3
hep-th/0012083;hep-th/0012083;1;8;9
math/9807037;math/9807037;2;0;2
hep-th/0008197;hep-th/0008197;13;10;23
hep-th/0005230;hep-th/0005230;11;48;59
hep-th/0010202;hep-th/0010202;5;23;28
hep-th/0012093;hep-th/0012093;36;34;70
hep-th/9512206;hep-th/9512206;1;5;6
0906.2323;0906.2323;0;5;5
0808.3770;0808.3770;0;28;28
hep-th/9512207;hep-th/9512207;0;12;12
hep-th/9412224;hep-th/9412224;4;35;39
alg-geom/9603010;alg-geom/9603010;15;2;17
hep-th/9607079;hep-th/9607079;2;4;6
hep-th/9508146;hep-th/9508146;1;1;2
hep-th/9508138;hep-th/9508138;2;1;3
hep-th/9607074;hep-th/9607074;12;2;14
hep-th/9605120;hep-th/9605120;3;6;9
hep-th/9607075;hep-th/9607075;0;1;1
hep-th/9411239;hep-th/9411239;5;0;5
hep-th/9607071;hep-th/9607071;9;5;14
hep-th/9602002;hep-th/9602002;13;6;19
hep-lat/9412006;hep-lat/9412006;7;15;22
hep-th/9607072;hep-th/9607072;1;12;13
hep-th/9605005;hep-th/9605005;4;8;12
hep-th/9309012;hep-th/9309012;10;8;18
hep-th/9403024;hep-th/9403024;19;8;27
hep-th/9607073;hep-th/9607073;5;1;6
hep-th/9511181;hep-th/9511181;1;1;2
hep-lat/9205021;hep-lat/9205021;7;0;7
hep-lat/9206021;hep-lat/9206021;19;1;20
hep-th/9512202;hep-th/9512202;0;4;4
hep-th/9204004;hep-th/9204004;17;0;17
hep-th/9111015;hep-th/9111015;18;0;18
hep-th/9206050;hep-th/9206050;7;1;8
hep-th/9303045;hep-th/9303045;1;5;6
hep-th/9201024;hep-th/9201024;10;0;10
0710.1673;0710.1673;0;24;24
0710.1672;0710.1672;0;18;18
hep-th/0606267;hep-th/0606267;5;13;18
hep-th/0108117;hep-th/0108117;10;20;30
hep-th/9906004;hep-th/9906004;10;4;14
hep-th/9911075;hep-th/9911075;4;6;10
hep-th/9303049;hep-th/9303049;6;1;7
hep-th/0610128;hep-th/0610128;9;22;31
hep-th/0608187;hep-th/0608187;12;23;35
hep-th/0607060;hep-th/0607060;18;17;35
0808.3667;0808.3667;0;4;4
0710.4283;0710.4283;0;19;19
hep-th/0210095;hep-th/0210095;3;11;14
0806.2784;0806.2784;0;2;2
0912.0450;0912.0450;0;4;4
hep-th/0701168;hep-th/0701168;9;7;16
hep-ph/0301121;hep-ph/0301121;15;19;34
hep-th/9504032;hep-th/9504032;6;9;15
hep-ph/9904367;hep-ph/9904367;5;9;14
hep-ph/0109127;hep-ph/0109127;7;39;46
hep-th/0412261;hep-th/0412261;1;11;12
hep-th/0003087;hep-th/0003087;2;9;11
hep-th/0310192;hep-th/0310192;1;0;1
0808.3778;0808.3778;0;54;54
astro-ph/0611694;astro-ph/0611694;7;53;60
nlin/0010057;nlin/0010057;1;5;6
hep-th/9502133;hep-th/9502133;10;0;10
hep-th/9312099;hep-th/9312099;4;0;4
nlin/0008002;nlin/0008002;5;6;11
hep-th/0512189;hep-th/0512189;12;59;71
hep-th/0312068;hep-th/0312068;8;20;28
hep-th/0509017;hep-th/0509017;2;23;25
hep-th/9903025;hep-th/9903025;9;21;30
hep-th/0409264;hep-th/0409264;7;22;29
hep-th/9709038;hep-th/9709038;5;21;26
hep-th/0504157;hep-th/0504157;11;18;29
hep-th/0409045;hep-th/0409045;10;26;36
hep-th/9804194;hep-th/9804194;0;3;3
hep-th/9406006;hep-th/9406006;3;0;3
0911.3673;0911.3673;0;33;33
math/0605516;math/0605516;4;3;7
hep-th/0602152;hep-th/0602152;11;15;26
hep-th/0601235;hep-th/0601235;10;0;10
hep-th/0602234;hep-th/0602234;7;14;21
hep-th/0602192;hep-th/0602192;1;7;8
hep-th/9406160;hep-th/9406160;32;1;33
hep-th/0310042;hep-th/0310042;4;8;12
math/9803077;math/9803077;9;9;18
hep-th/9206061;hep-th/9206061;9;0;9
gr-qc/9507027;gr-qc/9507027;0;18;18
hep-th/9504014;hep-th/9504014;12;11;23
hep-th/9708072;hep-th/9708072;2;0;2
hep-ph/0211002;hep-ph/0211002;0;10;10
hep-th/0006116;hep-th/0006116;9;7;16
hep-th/9504154;hep-th/9504154;15;0;15
hep-th/9504153;hep-th/9504153;12;0;12
gr-qc/0106006;gr-qc/0106006;4;4;8
hep-th/0206246;hep-th/0206246;2;0;2
hep-th/9811111;hep-th/9811111;10;1;11
hep-th/9902013;hep-th/9902013;13;2;15
hep-th/9706220;hep-th/9706220;7;4;11
hep-th/0604120;hep-th/0604120;15;27;42
hep-th/0405047;hep-th/0405047;4;28;32
hep-th/9709158;hep-th/9709158;2;1;3
hep-th/0509097;hep-th/0509097;9;33;42
hep-th/0404028;hep-th/0404028;2;17;19
gr-qc/9612024;gr-qc/9612024;6;5;11
hep-th/0702196;hep-th/0702196;13;26;39
hep-th/0702118;hep-th/0702118;11;20;31
hep-th/0406198;hep-th/0406198;16;33;49
hep-th/0610266;hep-th/0610266;4;24;28
hep-th/9806030;hep-th/9806030;13;16;29
hep-th/9611119;hep-th/9611119;20;26;46
hep-th/9707164;hep-th/9707164;9;54;63
hep-th/9710192;hep-th/9710192;10;20;30
hep-th/0001029;hep-th/0001029;12;34;46
hep-th/9710057;hep-th/9710057;7;24;31
hep-th/0607069;hep-th/0607069;1;20;21
cond-mat/9907335;cond-mat/9907335;0;7;7
cond-mat/9803279;cond-mat/9803279;1;4;5
cond-mat/9811289;cond-mat/9811289;5;13;18
hep-th/0701079;hep-th/0701079;5;18;23
hep-th/0702142;hep-th/0702142;6;56;62
hep-th/0611069;hep-th/0611069;23;23;46
hep-th/0610001;hep-th/0610001;10;58;68
astro-ph/0005411;astro-ph/0005411;8;0;8
hep-th/0702190;hep-th/0702190;0;7;7
hep-th/0310084;hep-th/0310084;7;7;14
hep-th/9512075;hep-th/9512075;35;1;36
hep-th/0702191;hep-th/0702191;0;11;11
hep-ph/0306250;hep-ph/0306250;3;10;13
hep-th/0511279;hep-th/0511279;5;21;26
hep-th/0604013;hep-th/0604013;1;16;17
astro-ph/9804335;astro-ph/9804335;5;1;6
hep-ph/0508011;hep-ph/0508011;3;4;7
hep-ph/0311025;hep-ph/0311025;11;4;15
hep-th/0107182;hep-th/0107182;1;5;6
hep-th/9909064;hep-th/9909064;7;8;15
hep-th/9806117;hep-th/9806117;11;1;12
0804.2811;0804.2811;0;5;5
gr-qc/0511077;gr-qc/0511077;1;10;11
hep-th/0610194;hep-th/0610194;1;0;1
gr-qc/0612137;gr-qc/0612137;2;8;10
0706.2509;0706.2509;0;9;9
hep-th/0610134;hep-th/0610134;7;10;17
math/0601250;math/0601250;0;9;9
q-alg/9712029;q-alg/9712029;15;0;15
hep-th/9612233;hep-th/9612233;4;26;30
gr-qc/0110120;gr-qc/0110120;3;31;34
hep-th/0207058;hep-th/0207058;0;9;9
math-ph/0109032;math-ph/0109032;3;0;3
quant-ph/0011101;quant-ph/0011101;3;12;15
hep-th/0111173;hep-th/0111173;1;5;6
hep-th/9905178;hep-th/9905178;17;3;20
math-ph/0012024;math-ph/0012024;1;2;3
hep-th/0106064;hep-th/0106064;8;14;22
hep-th/0207055;hep-th/0207055;1;34;35
hep-th/0107184;hep-th/0107184;3;27;30
hep-th/0007168;hep-th/0007168;26;26;52
hep-ph/9405278;hep-ph/9405278;5;10;15
hep-ph/9510281;hep-ph/9510281;3;21;24
hep-th/9705182;hep-th/9705182;3;13;16
hep-th/9112050;hep-th/9112050;6;1;7
hep-th/9609051;hep-th/9609051;7;4;11
hep-th/9708023;hep-th/9708023;9;25;34
hep-ph/9507219;hep-ph/9507219;2;12;14
hep-th/9506001;hep-th/9506001;6;4;10
hep-th/9606145;hep-th/9606145;5;5;10
hep-th/9307002;hep-th/9307002;6;6;12
hep-th/9201028;hep-th/9201028;3;0;3
hep-th/0207053;hep-th/0207053;1;20;21
hep-th/0207052;hep-th/0207052;5;40;45
gr-qc/9708053;gr-qc/9708053;10;13;23
hep-th/0206239;hep-th/0206239;7;18;25
hep-th/0106202;hep-th/0106202;9;16;25
hep-th/0305163;hep-th/0305163;10;11;21
hep-th/0312190;hep-th/0312190;17;21;38
hep-th/0311031;hep-th/0311031;9;17;26
hep-th/9903202;hep-th/9903202;9;6;15
hep-th/0404046;hep-th/0404046;6;0;6
hep-th/0404045;hep-th/0404045;6;0;6
hep-th/0405207;hep-th/0405207;1;6;7
hep-th/9703090;hep-th/9703090;8;3;11
hep-th/0004162;hep-th/0004162;6;9;15
hep-th/0302169;hep-th/0302169;3;3;6
hep-th/0405204;hep-th/0405204;1;2;3
hep-th/9910163;hep-th/9910163;1;16;17
gr-qc/9706027;gr-qc/9706027;4;3;7
0912.5423;0912.5423;0;15;15
hep-th/9806093;hep-th/9806093;2;12;14
astro-ph/9506017;astro-ph/9506017;38;9;47
hep-th/9503097;hep-th/9503097;36;5;41
hep-th/0504170;hep-th/0504170;5;68;73
hep-th/0410272;hep-th/0410272;11;55;66
hep-th/0009134;hep-th/0009134;3;19;22
hep-ph/9911446;hep-ph/9911446;4;10;14
hep-th/9510146;hep-th/9510146;40;3;43
hep-ph/9804425;hep-ph/9804425;21;7;28
hep-ph/9608286;hep-ph/9608286;8;1;9
hep-ph/9805227;hep-ph/9805227;2;2;4
hep-th/0702222;hep-th/0702222;0;4;4
hep-th/9308012;hep-th/9308012;4;0;4
hep-th/9510102;hep-th/9510102;2;2;4
hep-th/9308063;hep-th/9308063;4;0;4
hep-th/9912014;hep-th/9912014;1;2;3
quant-ph/0202062;quant-ph/0202062;0;2;2
quant-ph/9802030;quant-ph/9802030;3;0;3
hep-th/9806164;hep-th/9806164;3;2;5
hep-th/0702224;hep-th/0702224;0;8;8
hep-th/9405160;hep-th/9405160;4;3;7
hep-th/0702164;hep-th/0702164;14;47;61
hep-th/0504010;hep-th/0504010;28;52;80
hep-th/0612139;hep-th/0612139;20;31;51
hep-th/0210048;hep-th/0210048;8;38;46
hep-th/0611235;hep-th/0611235;3;6;9
0711.2389;0711.2389;0;20;20
hep-th/9506029;hep-th/9506029;5;1;6
hep-th/9606024;hep-th/9606024;6;2;8
hep-th/0508226;hep-th/0508226;5;10;15
0904.2743;0904.2743;0;5;5
0803.4333;0803.4333;0;10;10
quant-ph/9803016;quant-ph/9803016;3;2;5
0904.2744;0904.2744;0;1;1
hep-th/9403099;hep-th/9403099;19;0;19
math-ph/0204001;math-ph/0204001;0;2;2
hep-th/9210073;hep-th/9210073;2;0;2
hep-th/0111194;hep-th/0111194;1;7;8
hep-th/0103065;hep-th/0103065;1;1;2
hep-th/0107249;hep-th/0107249;2;0;2
hep-th/0111197;hep-th/0111197;0;2;2
quant-ph/0111083;quant-ph/0111083;1;1;2
quant-ph/0110059;quant-ph/0110059;2;0;2
hep-th/0111190;hep-th/0111190;8;23;31
math/0104180;math/0104180;21;17;38
hep-th/9907053;hep-th/9907053;6;12;18
hep-th/9707118;hep-th/9707118;42;14;56
hep-th/9812162;hep-th/9812162;3;13;16
hep-th/9310166;hep-th/9310166;5;0;5
hep-th/0010100;hep-th/0010100;4;24;28
hep-th/0111192;hep-th/0111192;5;16;21
0904.0793;0904.0793;0;39;39
astro-ph/0506304;astro-ph/0506304;4;5;9
astro-ph/0512368;astro-ph/0512368;29;25;54
astro-ph/0412007;astro-ph/0412007;4;10;14
hep-th/9709088;hep-th/9709088;14;6;20
hep-th/9703133;hep-th/9703133;7;12;19
hep-th/9709098;hep-th/9709098;7;26;33
hep-th/9711040;hep-th/9711040;4;32;36
hep-th/9703209;hep-th/9703209;5;40;45
hep-th/9712179;hep-th/9712179;6;56;62
hep-th/9805124;hep-th/9805124;7;10;17
hep-th/9312110;hep-th/9312110;19;0;19
hep-th/9608101;hep-th/9608101;2;1;3
hep-th/9804205;hep-th/9804205;18;0;18
hep-th/9608102;hep-th/9608102;3;0;3
hep-th/9412018;hep-th/9412018;30;0;30
hep-th/9610241;hep-th/9610241;11;12;23
hep-th/9805122;hep-th/9805122;4;16;20
hep-th/9801014;hep-th/9801014;13;9;22
hep-th/9707247;hep-th/9707247;25;24;49
hep-th/9708082;hep-th/9708082;25;36;61
hep-th/9604014;hep-th/9604014;29;8;37
hep-th/9305117;hep-th/9305117;16;10;26
gr-qc/9312035;gr-qc/9312035;21;2;23
hep-ex/9511001;hep-ex/9511001;39;4;43
gr-qc/9712051;gr-qc/9712051;5;13;18
hep-th/9711160;hep-th/9711160;5;25;30
0803.2541;0803.2541;0;6;6
hep-ph/0504154;hep-ph/0504154;2;16;18
hep-th/9706206;hep-th/9706206;2;0;2
hep-th/9702118;hep-th/9702118;8;7;15
hep-th/9410057;hep-th/9410057;5;1;6
0904.4591;0904.4591;0;14;14
0809.1720;0809.1720;0;50;50
hep-th/0412321;hep-th/0412321;6;0;6
math-ph/0512013;math-ph/0512013;0;1;1
hep-th/9410188;hep-th/9410188;4;0;4
0909.5206;0909.5206;0;17;17
hep-th/0611349;hep-th/0611349;4;11;15
hep-th/0612021;hep-th/0612021;10;17;27
hep-th/0607184;hep-th/0607184;16;8;24
hep-th/0503182;hep-th/0503182;17;28;45
0904.2297;0904.2297;0;19;19
hep-th/0504199;hep-th/0504199;3;50;53
hep-th/9902082;hep-th/9902082;1;0;1
math-ph/0601049;math-ph/0601049;1;3;4
hep-th/0312293;hep-th/0312293;3;14;17
hep-th/0405163;hep-th/0405163;6;7;13
math-ph/0410032;math-ph/0410032;6;3;9
math-ph/0601040;math-ph/0601040;1;1;2
0912.0220;0912.0220;0;16;16
hep-th/0607157;hep-th/0607157;5;12;17
hep-th/9705010;hep-th/9705010;9;2;11
hep-th/0205028;hep-th/0205028;8;22;30
hep-th/9803229;hep-th/9803229;5;10;15
hep-th/9703109;hep-th/9703109;11;5;16
hep-th/9704149;hep-th/9704149;4;3;7
0711.2387;0711.2387;0;10;10
cond-mat/0106157;cond-mat/0106157;3;1;4
hep-th/0002058;hep-th/0002058;10;3;13
hep-th/0109007;hep-th/0109007;2;4;6
hep-th/0308161;hep-th/0308161;2;2;4
hep-th/9711004;hep-th/9711004;4;1;5
hep-lat/9707011;hep-lat/9707011;10;7;17
hep-th/9602027;hep-th/9602027;10;10;20
hep-th/9503137;hep-th/9503137;17;1;18
hep-lat/9511009;hep-lat/9511009;6;2;8
hep-th/0209225;hep-th/0209225;17;41;58
hep-th/0211137;hep-th/0211137;4;20;24
hep-th/0210212;hep-th/0210212;3;22;25
0804.4733;0804.4733;0;7;7
nlin/0011010;nlin/0011010;1;5;6
0706.3672;0706.3672;0;2;2
hep-th/0307256;hep-th/0307256;2;2;4
hep-th/0510272;hep-th/0510272;1;3;4
0706.3677;0706.3677;0;16;16
hep-th/0207270;hep-th/0207270;7;14;21
hep-th/0308116;hep-th/0308116;10;7;17
hep-th/0610058;hep-th/0610058;2;23;25
hep-th/0511090;hep-th/0511090;5;34;39
0708.2194;0708.2194;0;25;25
hep-th/0603077;hep-th/0603077;4;22;26
hep-ph/0510207;hep-ph/0510207;1;5;6
hep-th/0009132;hep-th/0009132;6;33;39
hep-th/0003269;hep-th/0003269;18;55;73
hep-ph/9405227;hep-ph/9405227;3;1;4
hep-ph/0510204;hep-ph/0510204;2;8;10
hep-ph/0504170;hep-ph/0504170;2;4;6
hep-ph/0504257;hep-ph/0504257;1;3;4
hep-ph/0405054;hep-ph/0405054;18;45;63
hep-th/0410295;hep-th/0410295;7;6;13
gr-qc/0508063;gr-qc/0508063;13;45;58
hep-th/9501145;hep-th/9501145;18;2;20
hep-th/9310138;hep-th/9310138;8;3;11
hep-th/9408048;hep-th/9408048;5;8;13
hep-th/9307041;hep-th/9307041;14;0;14
hep-th/9406136;hep-th/9406136;10;23;33
hep-th/9312050;hep-th/9312050;9;0;9
hep-th/9406076;hep-th/9406076;9;7;16
hep-th/9306164;hep-th/9306164;9;1;10
hep-th/9408112;hep-th/9408112;1;0;1
hep-th/9408034;hep-th/9408034;1;5;6
hep-th/9308105;hep-th/9308105;1;1;2
hep-th/9305072;hep-th/9305072;6;1;7
hep-th/9109010;hep-th/9109010;3;0;3
hep-th/9411209;hep-th/9411209;1;6;7
hep-th/9501143;hep-th/9501143;6;4;10
hep-th/9210032;hep-th/9210032;23;2;25
hep-th/9401048;hep-th/9401048;13;1;14
hep-th/9409020;hep-th/9409020;6;5;11
hep-th/9402118;hep-th/9402118;7;5;12
hep-th/9301049;hep-th/9301049;9;0;9
hep-ph/0511156;hep-ph/0511156;3;5;8
hep-th/0408183;hep-th/0408183;4;0;4
hep-ph/0304163;hep-ph/0304163;14;3;17
hep-ph/0311061;hep-ph/0311061;8;18;26
hep-th/0407209;hep-th/0407209;14;9;23
0909.2558;0909.2558;0;12;12
hep-th/9405030;hep-th/9405030;20;4;24
hep-th/9505124;hep-th/9505124;6;7;13
hep-ph/0412289;hep-ph/0412289;7;10;17
gr-qc/9801024;gr-qc/9801024;30;3;33
cond-mat/0507032;cond-mat/0507032;2;4;6
cond-mat/0408376;cond-mat/0408376;1;7;8
cond-mat/0307651;cond-mat/0307651;4;3;7
0912.5505;0912.5505;0;4;4
hep-th/0109114;hep-th/0109114;9;45;54
hep-ph/0106268;hep-ph/0106268;7;22;29
hep-th/0604167;hep-th/0604167;12;44;56
hep-th/9901057;hep-th/9901057;37;15;52
hep-th/0109117;hep-th/0109117;4;9;13
hep-th/0107056;hep-th/0107056;11;12;23
solv-int/9709004;solv-int/9709004;2;0;2
hep-th/0201064;hep-th/0201064;3;4;7
hep-th/9508087;hep-th/9508087;7;1;8
hep-th/9805061;hep-th/9805061;4;2;6
hep-th/9406151;hep-th/9406151;6;0;6
hep-th/0201065;hep-th/0201065;2;4;6
math-ph/0110027;math-ph/0110027;1;2;3
hep-th/9809101;hep-th/9809101;10;15;25
astro-ph/0410334;astro-ph/0410334;9;0;9
hep-th/9911217;hep-th/9911217;11;11;22
hep-th/0110049;hep-th/0110049;22;30;52
hep-th/0109116;hep-th/0109116;2;1;3
hep-ph/0103165;hep-ph/0103165;3;0;3
hep-th/0201061;hep-th/0201061;2;31;33
hep-th/0107142;hep-th/0107142;16;32;48
hep-th/0110096;hep-th/0110096;9;21;30
hep-th/0106177;hep-th/0106177;15;38;53
hep-th/0003281;hep-th/0003281;25;23;48
hep-th/0010032;hep-th/0010032;6;15;21
0809.1525;0809.1525;0;19;19
hep-th/9509102;hep-th/9509102;13;16;29
gr-qc/0108059;gr-qc/0108059;8;59;67
hep-th/0605193;hep-th/0605193;4;6;10
hep-th/0602042;hep-th/0602042;1;11;12
hep-th/0510260;hep-th/0510260;7;4;11
hep-th/0503231;hep-th/0503231;8;2;10
hep-th/0201068;hep-th/0201068;0;2;2
hep-th/9503051;hep-th/9503051;7;1;8
hep-th/0201069;hep-th/0201069;0;9;9
math-ph/0211003;math-ph/0211003;0;10;10
math-ph/0012042;math-ph/0012042;1;0;1
cond-mat/0204432;cond-mat/0204432;4;9;13
hep-th/9704107;hep-th/9704107;0;5;5
hep-th/9306146;hep-th/9306146;18;5;23
hep-th/9511008;hep-th/9511008;12;5;17
hep-th/9606116;hep-th/9606116;12;5;17
hep-th/9704105;hep-th/9704105;1;2;3
hep-th/9612165;hep-th/9612165;2;5;7
hep-th/9504142;hep-th/9504142;5;6;11
hep-th/9510190;hep-th/9510190;2;17;19
hep-th/9704100;hep-th/9704100;1;6;7
hep-th/9411066;hep-th/9411066;8;0;8
hep-th/9504136;hep-th/9504136;5;2;7
hep-th/9407142;hep-th/9407142;7;0;7
hep-th/9610164;hep-th/9610164;2;5;7
hep-th/9312133;hep-th/9312133;19;0;19
hep-th/9704101;hep-th/9704101;3;6;9
hep-th/9503237;hep-th/9503237;5;2;7
hep-lat/0110013;hep-lat/0110013;0;1;1
hep-ph/0108058;hep-ph/0108058;1;0;1
hep-th/0109112;hep-th/0109112;0;18;18
hep-th/0011242;hep-th/0011242;6;7;13
hep-th/0105298;hep-th/0105298;4;22;26
hep-th/9704109;hep-th/9704109;10;25;35
hep-th/9810027;hep-th/9810027;1;0;1
gr-qc/0402110;gr-qc/0402110;18;15;33
gr-qc/0512102;gr-qc/0512102;17;5;22
hep-th/0601128;hep-th/0601128;13;14;27
hep-th/0410185;hep-th/0410185;7;37;44
hep-th/0305254;hep-th/0305254;1;10;11
hep-th/0109077;hep-th/0109077;9;27;36
hep-th/0601123;hep-th/0601123;1;6;7
hep-th/0410161;hep-th/0410161;2;3;5
hep-th/0006118;hep-th/0006118;9;9;18
hep-th/0512144;hep-th/0512144;17;0;17
hep-th/0601122;hep-th/0601122;0;10;10
hep-th/0405220;hep-th/0405220;2;13;15
hep-th/0505195;hep-th/0505195;8;1;9
hep-th/0601124;hep-th/0601124;2;17;19
hep-th/0601127;hep-th/0601127;9;12;21
hep-th/0503246;hep-th/0503246;11;5;16
hep-th/0601126;hep-th/0601126;28;38;66
hep-th/0509128;hep-th/0509128;24;71;95
0906.0089;0906.0089;0;8;8
0805.0826;0805.0826;0;12;12
hep-th/0703185;hep-th/0703185;3;7;10
0911.1099;0911.1099;0;3;3
gr-qc/9403035;gr-qc/9403035;16;0;16
0805.0824;0805.0824;0;24;24
hep-th/0201236;hep-th/0201236;2;16;18
hep-th/0606182;hep-th/0606182;4;14;18
cond-mat/0012414;cond-mat/0012414;0;2;2
quant-ph/9910055;quant-ph/9910055;4;2;6
hep-th/0210251;hep-th/0210251;9;12;21
hep-th/0312213;hep-th/0312213;23;12;35
hep-th/0309029;hep-th/0309029;7;16;23
hep-th/0509019;hep-th/0509019;6;8;14
hep-th/9605079;hep-th/9605079;7;2;9
hep-th/9610009;hep-th/9610009;14;2;16
hep-th/0105148;hep-th/0105148;8;12;20
0902.2361;0902.2361;0;7;7
hep-th/0507287;hep-th/0507287;4;4;8
0806.2204;0806.2204;0;14;14
0806.2209;0806.2209;0;20;20
hep-th/9810142;hep-th/9810142;5;49;54
gr-qc/0311086;gr-qc/0311086;9;17;26
hep-th/0407163;hep-th/0407163;3;24;27
hep-th/0304080;hep-th/0304080;28;14;42
0710.3276;0710.3276;0;30;30
cond-mat/0407140;cond-mat/0407140;8;3;11
gr-qc/0606100;gr-qc/0606100;8;10;18
gr-qc/0409006;gr-qc/0409006;4;0;4
gr-qc/9610020;gr-qc/9610020;5;3;8
gr-qc/0512103;gr-qc/0512103;13;19;32
hep-th/0212340;hep-th/0212340;11;28;39
hep-ph/0502206;hep-ph/0502206;2;6;8
0902.1945;0902.1945;0;68;68
hep-th/0508078;hep-th/0508078;6;18;24
hep-th/9512044;hep-th/9512044;6;5;11
hep-th/0605109;hep-th/0605109;9;9;18
hep-th/0410044;hep-th/0410044;13;39;52
hep-th/0601096;hep-th/0601096;1;23;24
hep-th/0610076;hep-th/0610076;3;35;38
gr-qc/0205039;gr-qc/0205039;6;12;18
gr-qc/0301040;gr-qc/0301040;12;14;26
gr-qc/0302085;gr-qc/0302085;1;6;7
gr-qc/0302088;gr-qc/0302088;3;2;5
gr-qc/0212111;gr-qc/0212111;2;0;2
gr-qc/0302026;gr-qc/0302026;1;1;2
hep-th/0103109;hep-th/0103109;18;13;31
gr-qc/0302082;gr-qc/0302082;3;5;8
hep-th/9706049;hep-th/9706049;8;11;19
gr-qc/0008024;gr-qc/0008024;2;8;10
hep-th/9205092;hep-th/9205092;28;0;28
gr-qc/0207079;gr-qc/0207079;6;3;9
hep-th/0502244;hep-th/0502244;0;10;10
hep-th/0211061;hep-th/0211061;4;17;21
hep-th/0108042;hep-th/0108042;11;11;22
hep-th/9506162;hep-th/9506162;2;6;8
hep-th/0002057;hep-th/0002057;5;22;27
hep-th/0005184;hep-th/0005184;4;10;14
hep-th/9710168;hep-th/9710168;5;12;17
hep-th/0005187;hep-th/0005187;17;15;32
hep-th/9802022;hep-th/9802022;2;5;7
hep-th/9904105;hep-th/9904105;21;9;30
hep-th/9908187;hep-th/9908187;20;10;30
hep-th/9912084;hep-th/9912084;16;10;26
hep-th/0005186;hep-th/0005186;13;28;41
hep-th/0004092;hep-th/0004092;7;0;7
hep-th/0005160;hep-th/0005160;9;28;37
hep-th/9710098;hep-th/9710098;14;25;39
hep-th/9906020;hep-th/9906020;7;12;19
cond-mat/9501129;cond-mat/9501129;14;2;16
cond-mat/9711080;cond-mat/9711080;6;3;9
hep-th/9508172;hep-th/9508172;9;0;9
hep-th/9706088;hep-th/9706088;4;11;15
hep-th/9211075;hep-th/9211075;14;0;14
hep-th/0002025;hep-th/0002025;6;14;20
gr-qc/0408042;gr-qc/0408042;10;41;51
hep-th/0407151;hep-th/0407151;7;35;42
hep-th/0403046;hep-th/0403046;8;13;21
gr-qc/0304042;gr-qc/0304042;10;25;35
gr-qc/0407111;gr-qc/0407111;3;3;6
hep-th/0405191;hep-th/0405191;10;30;40
hep-th/0005189;hep-th/0005189;7;15;22
gr-qc/9708049;gr-qc/9708049;5;7;12
hep-th/0005188;hep-th/0005188;0;1;1
hep-th/0002203;hep-th/0002203;2;2;4
0802.3953;0802.3953;0;16;16
hep-th/9909144;hep-th/9909144;39;3;42
hep-th/9812168;hep-th/9812168;1;1;2
hep-th/9809096;hep-th/9809096;1;10;11
hep-th/9810198;hep-th/9810198;13;38;51
hep-th/9803149;hep-th/9803149;4;6;10
hep-th/9612168;hep-th/9612168;9;7;16
hep-th/9812045;hep-th/9812045;2;6;8
hep-th/9806027;hep-th/9806027;10;0;10
hep-th/9812076;hep-th/9812076;2;20;22
hep-th/9612112;hep-th/9612112;7;4;11
hep-th/9802040;hep-th/9802040;7;2;9
hep-th/9812167;hep-th/9812167;1;4;5
hep-th/9812164;hep-th/9812164;7;15;22
hep-th/9812165;hep-th/9812165;5;20;25
hep-th/9512156;hep-th/9512156;5;10;15
hep-th/9812160;hep-th/9812160;17;56;73
hep-th/9709007;hep-th/9709007;3;1;4
hep-th/9806085;hep-th/9806085;28;21;49
hep-th/9212046;hep-th/9212046;0;1;1
hep-th/9212044;hep-th/9212044;0;4;4
quant-ph/9901070;quant-ph/9901070;0;1;1
hep-th/0404231;hep-th/0404231;13;53;66
hep-th/0503237;hep-th/0503237;10;86;96
hep-th/0503094;hep-th/0503094;18;0;18
hep-th/0311069;hep-th/0311069;4;13;17
hep-th/0109059;hep-th/0109059;25;27;52
hep-th/9404157;hep-th/9404157;13;44;57
hep-th/9310046;hep-th/9310046;30;14;44
hep-th/0505203;hep-th/0505203;14;42;56
quant-ph/9904008;quant-ph/9904008;1;9;10
quant-ph/9805023;quant-ph/9805023;12;10;22
hep-th/9609195;hep-th/9609195;20;2;22
hep-th/9510091;hep-th/9510091;10;2;12
hep-th/9702007;hep-th/9702007;24;3;27
hep-th/9111018;hep-th/9111018;6;0;6
hep-th/0511240;hep-th/0511240;0;23;23
hep-th/9308113;hep-th/9308113;10;4;14
hep-th/0511002;hep-th/0511002;3;21;24
hep-th/0412315;hep-th/0412315;16;26;42
hep-th/0501006;hep-th/0501006;5;11;16
hep-th/0305221;hep-th/0305221;22;43;65
hep-th/0211095;hep-th/0211095;17;19;36
hep-th/0302203;hep-th/0302203;6;31;37
hep-th/0408007;hep-th/0408007;5;24;29
hep-th/0404021;hep-th/0404021;20;0;20
0911.0167;0911.0167;0;9;9
math/0509641;math/0509641;0;2;2
math/0308106;math/0308106;4;3;7
hep-th/0508115;hep-th/0508115;6;13;19
hep-th/9209037;hep-th/9209037;30;2;32
hep-th/9212117;hep-th/9212117;16;7;23
hep-th/9304115;hep-th/9304115;25;0;25
hep-th/9307046;hep-th/9307046;14;7;21
hep-th/0508114;hep-th/0508114;7;7;14
hep-th/9402133;hep-th/9402133;13;2;15
hep-th/9201050;hep-th/9201050;22;1;23
hep-th/9309041;hep-th/9309041;15;10;25
gr-qc/9612062;gr-qc/9612062;3;3;6
gr-qc/9502011;gr-qc/9502011;5;0;5
hep-th/9710173;hep-th/9710173;4;4;8
0706.0591;0706.0591;0;8;8
hep-th/0610036;hep-th/0610036;11;21;32
hep-th/0510250;hep-th/0510250;15;0;15
hep-th/0610075;hep-th/0610075;7;23;30
0707.1349;0707.1349;0;47;47
hep-lat/0108009;hep-lat/0108009;23;16;39
hep-th/0611344;hep-th/0611344;7;36;43
hep-th/0404034;hep-th/0404034;7;6;13
hep-th/0512295;hep-th/0512295;18;25;43
physics/9801008;physics/9801008;1;2;3
hep-th/9601032;hep-th/9601032;4;0;4
0707.3125;0707.3125;0;53;53
hep-th/0412063;hep-th/0412063;16;20;36
quant-ph/0105012;quant-ph/0105012;3;16;19
hep-th/0009221;hep-th/0009221;6;23;29
0801.3389;0801.3389;0;9;9
gr-qc/0408090;gr-qc/0408090;7;7;14
gr-qc/0405122;gr-qc/0405122;12;6;18
quant-ph/0105015;quant-ph/0105015;4;5;9
0806.4121;0806.4121;0;16;16
hep-th/0005178;hep-th/0005178;13;42;55
hep-th/9803218;hep-th/9803218;1;9;10
hep-th/9605080;hep-th/9605080;9;14;23
hep-th/9408044;hep-th/9408044;7;0;7
hep-th/9803219;hep-th/9803219;1;1;2
hep-th/9803174;hep-th/9803174;10;44;54
hep-th/9803215;hep-th/9803215;2;29;31
gr-qc/9802012;gr-qc/9802012;7;2;9
hep-th/9802140;hep-th/9802140;4;20;24
hep-th/9705150;hep-th/9705150;4;38;42
hep-th/9602067;hep-th/9602067;14;15;29
hep-th/9709033;hep-th/9709033;9;43;52
hep-th/9803213;hep-th/9803213;1;4;5
hep-th/9803211;hep-th/9803211;1;2;3
hep-ph/9402213;hep-ph/9402213;8;1;9
hep-ph/9207246;hep-ph/9207246;10;0;10
hep-th/0611179;hep-th/0611179;2;11;13
hep-th/0609185;hep-th/0609185;7;10;17
hep-th/0509094;hep-th/0509094;5;12;17
hep-th/0509098;hep-th/0509098;5;5;10
0706.2991;0706.2991;0;8;8
hep-ph/9811322;hep-ph/9811322;7;0;7
hep-th/0508144;hep-th/0508144;5;5;10
hep-th/0403023;hep-th/0403023;14;9;23
gr-qc/9712063;gr-qc/9712063;4;3;7
gr-qc/0210086;gr-qc/0210086;8;19;27
gr-qc/0203036;gr-qc/0203036;20;21;41
gr-qc/0210064;gr-qc/0210064;15;0;15
hep-th/0305231;hep-th/0305231;2;6;8
hep-th/0503144;hep-th/0503144;8;23;31
hep-th/0501053;hep-th/0501053;12;38;50
hep-th/0312287;hep-th/0312287;10;31;41
hep-th/0406130;hep-th/0406130;9;19;28
hep-th/0308063;hep-th/0308063;33;0;33
hep-th/0403268;hep-th/0403268;17;14;31
hep-th/0503145;hep-th/0503145;5;43;48
hep-th/9409133;hep-th/9409133;7;0;7
hep-th/0204188;hep-th/0204188;7;20;27
hep-th/0308036;hep-th/0308036;8;6;14
hep-th/0007098;hep-th/0007098;2;9;11
hep-th/0202078;hep-th/0202078;3;19;22
hep-th/0308169;hep-th/0308169;3;6;9
hep-th/9711186;hep-th/9711186;4;3;7
hep-th/0008049;hep-th/0008049;7;4;11
hep-th/0407146;hep-th/0407146;2;16;18
hep-th/0409056;hep-th/0409056;17;10;27
hep-th/9411064;hep-th/9411064;3;0;3
hep-th/0406202;hep-th/0406202;4;6;10
hep-th/0303168;hep-th/0303168;4;14;18
hep-th/0111285;hep-th/0111285;14;6;20
hep-th/0406112;hep-th/0406112;6;8;14
hep-th/0406068;hep-th/0406068;7;13;20
hep-th/9810026;hep-th/9810026;35;0;35
hep-th/0502051;hep-th/0502051;11;0;11
hep-th/0503140;hep-th/0503140;4;36;40
hep-th/0201183;hep-th/0201183;10;24;34
hep-th/0103003;hep-th/0103003;13;18;31
hep-th/0201104;hep-th/0201104;17;7;24
gr-qc/0302090;gr-qc/0302090;24;18;42
hep-th/0207031;hep-th/0207031;12;6;18
hep-th/0412080;hep-th/0412080;22;31;53
hep-th/0406013;hep-th/0406013;7;0;7
gr-qc/0402023;gr-qc/0402023;8;21;29
hep-ph/0010178;hep-ph/0010178;9;1;10
hep-th/0407080;hep-th/0407080;11;4;15
hep-th/0503142;hep-th/0503142;1;1;2
hep-th/0201152;hep-th/0201152;4;17;21
cond-mat/9711016;cond-mat/9711016;0;6;6
cond-mat/9702039;cond-mat/9702039;1;7;8
0811.3823;0811.3823;0;56;56
hep-th/0408114;hep-th/0408114;8;41;49
hep-th/0212119;hep-th/0212119;19;0;19
hep-th/0211163;hep-th/0211163;4;17;21
0809.2118;0809.2118;0;7;7
0905.0700;0905.0700;0;20;20
hep-th/0206096;hep-th/0206096;7;5;12
hep-th/0603216;hep-th/0603216;8;23;31
hep-th/0610071;hep-th/0610071;7;27;34
0906.1936;0906.1936;0;38;38
0810.2884;0810.2884;0;12;12
hep-th/0601170;hep-th/0601170;11;81;92
0803.2998;0803.2998;0;45;45
0712.2224;0712.2224;0;22;22
0910.4475;0910.4475;0;1;1
0805.4235;0805.4235;0;50;50
hep-lat/0210015;hep-lat/0210015;55;45;100
hep-th/0205095;hep-th/0205095;31;14;45
hep-lat/0207013;hep-lat/0207013;31;0;31
hep-lat/0311037;hep-lat/0311037;7;27;34
hep-lat/0605004;hep-lat/0605004;8;0;8
hep-lat/0611011;hep-lat/0611011;15;62;77
hep-lat/0307024;hep-lat/0307024;36;22;58
hep-th/0305094;hep-th/0305094;11;22;33
hep-lat/0210049;hep-lat/0210049;25;6;31
hep-lat/0311042;hep-lat/0311042;35;19;54
hep-lat/0412042;hep-lat/0412042;9;34;43
hep-lat/0411024;hep-lat/0411024;16;35;51
hep-lat/0607010;hep-lat/0607010;11;36;47
hep-lat/0112052;hep-lat/0112052;15;5;20
hep-lat/0208015;hep-lat/0208015;28;19;47
physics/0610054;physics/0610054;0;1;1
hep-th/0405040;hep-th/0405040;7;3;10
hep-th/0311130;hep-th/0311130;1;5;6
hep-th/0308150;hep-th/0308150;6;15;21
0802.1556;0802.1556;0;28;28
0802.1557;0802.1557;0;48;48
hep-th/0701111;hep-th/0701111;13;99;112
math-ph/9807017;math-ph/9807017;4;7;11
hep-th/9612081;hep-th/9612081;6;4;10
0911.4666;0911.4666;0;6;6
hep-th/9704161;hep-th/9704161;15;15;30
hep-th/9409107;hep-th/9409107;10;2;12
0811.1462;0811.1462;0;12;12
hep-th/0509192;hep-th/0509192;4;12;16
gr-qc/0406063;gr-qc/0406063;3;11;14
0809.3854;0809.3854;0;7;7
hep-th/0312234;hep-th/0312234;18;22;40
hep-th/0703176;hep-th/0703176;1;6;7
0808.2396;0808.2396;0;16;16
hep-th/9807017;hep-th/9807017;9;3;12
hep-th/0210010;hep-th/0210010;12;16;28
hep-th/9706101;hep-th/9706101;3;0;3
hep-ph/9712457;hep-ph/9712457;11;0;11
hep-th/0210204;hep-th/0210204;16;4;20
hep-th/0407194;hep-th/0407194;9;7;16
0911.4668;0911.4668;0;14;14
hep-th/9305081;hep-th/9305081;5;0;5
0912.0556;0912.0556;0;7;7
hep-th/0612076;hep-th/0612076;4;8;12
hep-th/9908011;hep-th/9908011;4;1;5
hep-th/0505267;hep-th/0505267;8;2;10
hep-th/0509122;hep-th/0509122;11;9;20
hep-th/0509123;hep-th/0509123;10;4;14
gr-qc/0501018;gr-qc/0501018;9;29;38
gr-qc/0204042;gr-qc/0204042;9;22;31
gr-qc/0309006;gr-qc/0309006;5;0;5
hep-th/0406252;hep-th/0406252;11;47;58
hep-th/0309081;hep-th/0309081;7;15;22
gr-qc/0212112;gr-qc/0212112;19;0;19
gr-qc/0205002;gr-qc/0205002;1;17;18
hep-th/0405197;hep-th/0405197;3;29;32
hep-th/9509092;hep-th/9509092;14;2;16
hep-th/0306112;hep-th/0306112;6;17;23
hep-th/9405081;hep-th/9405081;1;9;10
hep-th/0304103;hep-th/0304103;5;5;10
hep-th/9612170;hep-th/9612170;4;7;11
astro-ph/0112537;astro-ph/0112537;6;5;11
hep-th/0305137;hep-th/0305137;21;44;65
hep-th/0302159;hep-th/0302159;10;40;50
hep-th/0212223;hep-th/0212223;20;56;76
hep-th/0209195;hep-th/0209195;7;41;48
hep-th/9309136;hep-th/9309136;1;3;4
hep-th/9212137;hep-th/9212137;3;1;4
hep-th/9602164;hep-th/9602164;1;2;3
hep-th/9504009;hep-th/9504009;2;3;5
hep-th/9504056;hep-th/9504056;11;4;15
hep-th/9512079;hep-th/9512079;12;15;27
hep-th/9411119;hep-th/9411119;3;3;6
hep-th/9602160;hep-th/9602160;12;11;23
hep-th/9402054;hep-th/9402054;1;0;1
hep-th/9410228;hep-th/9410228;5;25;30
hep-th/9401017;hep-th/9401017;39;0;39
hep-th/9406082;hep-th/9406082;23;14;37
hep-th/9507014;hep-th/9507014;10;0;10
hep-th/9510092;hep-th/9510092;7;12;19
hep-th/9305166;hep-th/9305166;8;0;8
hep-th/0101200;hep-th/0101200;23;20;43
hep-th/0103103;hep-th/0103103;22;40;62
astro-ph/0301590;astro-ph/0301590;16;1;17
hep-th/9602169;hep-th/9602169;2;8;10
hep-th/9602168;hep-th/9602168;1;1;2
hep-th/9510196;hep-th/9510196;2;0;2
0709.2948;0709.2948;0;3;3
hep-ph/0012255;hep-ph/0012255;7;35;42
hep-th/0503055;hep-th/0503055;4;105;109
hep-ph/9905215;hep-ph/9905215;8;37;45
hep-th/9707105;hep-th/9707105;20;17;37
hep-th/9506143;hep-th/9506143;11;0;11
hep-th/0701113;hep-th/0701113;5;13;18
gr-qc/0405085;gr-qc/0405085;10;14;24
cond-mat/0303312;cond-mat/0303312;0;1;1
0802.0027;0802.0027;0;30;30
hep-th/0211094;hep-th/0211094;9;20;29
hep-th/9409099;hep-th/9409099;8;14;22
math/0402401;math/0402401;1;4;5
hep-th/0303091;hep-th/0303091;4;21;25
hep-th/0501249;hep-th/0501249;18;23;41
hep-th/0302222;hep-th/0302222;22;28;50
hep-th/0502039;hep-th/0502039;22;24;46
hep-th/9908053;hep-th/9908053;0;10;10
hep-th/9806054;hep-th/9806054;10;5;15
hep-th/9806112;hep-th/9806112;5;25;30
hep-th/9908180;hep-th/9908180;7;10;17
hep-th/0701110;hep-th/0701110;4;29;33
hep-th/0502120;hep-th/0502120;5;41;46
hep-th/0012112;hep-th/0012112;24;6;30
0707.0120;0707.0120;0;35;35
hep-th/9809193;hep-th/9809193;14;55;69
hep-th/9204103;hep-th/9204103;8;1;9
hep-th/9502053;hep-th/9502053;9;0;9
hep-th/9612049;hep-th/9612049;3;15;18
hep-ph/0205057;hep-ph/0205057;17;23;40
hep-ph/0202136;hep-ph/0202136;14;15;29
hep-ph/0205237;hep-ph/0205237;19;17;36
hep-th/0204075;hep-th/0204075;3;15;18
hep-th/0203035;hep-th/0203035;1;16;17
hep-th/0203034;hep-th/0203034;2;2;4
hep-th/0111063;hep-th/0111063;4;1;5
hep-th/9612212;hep-th/9612212;6;0;6
hep-th/0203037;hep-th/0203037;4;2;6
hep-th/9804185;hep-th/9804185;22;5;27
gr-qc/9703043;gr-qc/9703043;7;11;18
hep-th/9509114;hep-th/9509114;1;2;3
hep-th/9603013;hep-th/9603013;6;7;13
hep-th/9802084;hep-th/9802084;9;14;23
hep-th/9301010;hep-th/9301010;6;0;6
hep-th/9906096;hep-th/9906096;3;32;35
hep-th/0203033;hep-th/0203033;0;3;3
hep-th/0107021;hep-th/0107021;4;5;9
hep-th/0107019;hep-th/0107019;5;5;10
hep-th/0001039;hep-th/0001039;7;0;7
hep-ph/0012214;hep-ph/0012214;2;13;15
hep-th/0002184;hep-th/0002184;8;77;85
hep-th/9610120;hep-th/9610120;4;14;18
hep-th/9911003;hep-th/9911003;5;53;58
hep-th/9710204;hep-th/9710204;2;3;5
hep-th/9803004;hep-th/9803004;13;50;63
hep-th/9704172;hep-th/9704172;9;22;31
hep-th/9503125;hep-th/9503125;6;14;20
hep-th/9710244;hep-th/9710244;15;22;37
hep-th/0002187;hep-th/0002187;3;30;33
hep-th/9701075;hep-th/9701075;8;15;23
hep-th/9910126;hep-th/9910126;14;35;49
hep-th/0002181;hep-th/0002181;5;3;8
hep-th/9803043;hep-th/9803043;5;1;6
hep-th/9905225;hep-th/9905225;3;8;11
cond-mat/9912459;cond-mat/9912459;3;0;3
hep-th/0002182;hep-th/0002182;4;2;6
hep-th/9908057;hep-th/9908057;0;6;6
hep-th/9702197;hep-th/9702197;2;4;6
hep-th/9702196;hep-th/9702196;5;19;24
hep-th/9603088;hep-th/9603088;5;0;5
hep-th/9509007;hep-th/9509007;17;10;27
hep-th/9503070;hep-th/9503070;10;9;19
hep-th/9503079;hep-th/9503079;15;16;31
hep-th/9507001;hep-th/9507001;11;24;35
hep-th/9604155;hep-th/9604155;5;2;7
hep-th/9611092;hep-th/9611092;20;5;25
hep-th/9612093;hep-th/9612093;3;8;11
hep-th/9605102;hep-th/9605102;10;3;13
hep-th/9412009;hep-th/9412009;4;1;5
hep-th/9606175;hep-th/9606175;8;5;13
hep-th/9609124;hep-th/9609124;2;4;6
hep-th/9601070;hep-th/9601070;6;6;12
hep-th/9303009;hep-th/9303009;9;0;9
hep-th/9507047;hep-th/9507047;8;1;9
hep-th/9309093;hep-th/9309093;11;0;11
hep-th/9408033;hep-th/9408033;16;9;25
hep-th/9601068;hep-th/9601068;4;9;13
hep-th/9612178;hep-th/9612178;1;21;22
hep-th/9604094;hep-th/9604094;6;12;18
hep-th/9702193;hep-th/9702193;0;7;7
hep-th/9702192;hep-th/9702192;3;6;9
hep-th/9702191;hep-th/9702191;3;9;12
hep-th/9210027;hep-th/9210027;2;0;2
hep-th/9508165;hep-th/9508165;9;7;16
hep-th/9504116;hep-th/9504116;5;0;5
hep-th/9908055;hep-th/9908055;2;9;11
hep-th/9806221;hep-th/9806221;3;9;12
hep-th/9509136;hep-th/9509136;10;11;21
hep-th/9804094;hep-th/9804094;8;4;12
hep-th/9810029;hep-th/9810029;2;4;6
hep-th/9807025;hep-th/9807025;5;2;7
0711.2560;0711.2560;0;18;18
hep-th/0512092;hep-th/0512092;8;26;34
hep-th/0009240;hep-th/0009240;11;15;26
hep-th/0603121;hep-th/0603121;4;17;21
hep-th/9702199;hep-th/9702199;9;24;33
hep-th/9611172;hep-th/9611172;12;17;29
hep-th/9611130;hep-th/9611130;3;16;19
hep-th/9604140;hep-th/9604140;8;13;21
hep-th/9612067;hep-th/9612067;1;16;17
hep-th/9307038;hep-th/9307038;35;1;36
hep-th/9402148;hep-th/9402148;17;11;28
0901.1712;0901.1712;0;15;15
0907.0268;0907.0268;0;17;17
0908.1792;0908.1792;0;8;8
hep-th/0602251;hep-th/0602251;5;24;29
0904.1151;0904.1151;0;20;20
astro-ph/0507596;astro-ph/0507596;23;16;39
gr-qc/0603135;gr-qc/0603135;11;22;33
gr-qc/0205130;gr-qc/0205130;32;3;35
gr-qc/9801028;gr-qc/9801028;5;0;5
gr-qc/0411003;gr-qc/0411003;10;9;19
hep-ph/9602317;hep-ph/9602317;30;0;30
0708.0022;0708.0022;0;17;17
hep-th/0206117;hep-th/0206117;13;5;18
hep-th/0603107;hep-th/0603107;15;0;15
hep-th/0512141;hep-th/0512141;14;24;38
hep-th/0403048;hep-th/0403048;8;11;19
0706.0744;0706.0744;0;53;53
hep-th/0602051;hep-th/0602051;11;39;50
hep-th/0611147;hep-th/0611147;14;17;31
hep-th/9403100;hep-th/9403100;3;0;3
hep-th/0506072;hep-th/0506072;8;14;22
hep-th/0504234;hep-th/0504234;9;15;24
hep-th/9211019;hep-th/9211019;2;3;5
quant-ph/9701019;quant-ph/9701019;1;4;5
quant-ph/9701016;quant-ph/9701016;1;1;2
quant-ph/9604003;quant-ph/9604003;5;0;5
0907.4972;0907.4972;0;11;11
0911.5360;0911.5360;0;5;5
gr-qc/0012049;gr-qc/0012049;8;6;14
hep-th/0411197;hep-th/0411197;7;30;37
hep-th/0504140;hep-th/0504140;6;39;45
hep-th/0511069;hep-th/0511069;26;4;30
hep-th/0406139;hep-th/0406139;9;5;14
hep-th/0701226;hep-th/0701226;3;3;6
hep-th/0105078;hep-th/0105078;16;12;28
0902.1122;0902.1122;0;2;2
hep-th/0507247;hep-th/0507247;6;0;6
gr-qc/0511155;gr-qc/0511155;4;1;5
quant-ph/0604092;quant-ph/0604092;0;1;1
0906.3686;0906.3686;0;9;9
quant-ph/9807002;quant-ph/9807002;1;1;2
quant-ph/0308028;quant-ph/0308028;14;12;26
0907.4028;0907.4028;0;17;17
hep-th/0105272;hep-th/0105272;17;17;34
hep-th/9711045;hep-th/9711045;3;9;12
hep-th/9408156;hep-th/9408156;9;0;9
hep-th/9404049;hep-th/9404049;0;1;1
hep-th/9309130;hep-th/9309130;13;0;13
hep-th/9404042;hep-th/9404042;1;4;5
hep-th/9401049;hep-th/9401049;3;1;4
hep-th/9210052;hep-th/9210052;13;0;13
hep-th/9404040;hep-th/9404040;0;5;5
hep-th/9401117;hep-th/9401117;6;0;6
hep-th/9402026;hep-th/9402026;1;1;2
hep-th/9312042;hep-th/9312042;5;8;13
hep-th/9111058;hep-th/9111058;11;0;11
hep-th/0603220;hep-th/0603220;2;3;5
hep-th/0301166;hep-th/0301166;4;6;10
hep-th/9609014;hep-th/9609014;7;6;13
hep-th/0410027;hep-th/0410027;3;5;8
hep-th/0603221;hep-th/0603221;1;36;37
hep-th/0211074;hep-th/0211074;15;27;42
hep-th/0101226;hep-th/0101226;6;17;23
hep-th/0211184;hep-th/0211184;10;26;36
hep-th/0603222;hep-th/0603222;4;1;5
hep-th/0603224;hep-th/0603224;11;30;41
hep-th/0603225;hep-th/0603225;1;7;8
math-ph/0311029;math-ph/0311029;11;0;11
hep-th/0504180;hep-th/0504180;3;23;26
hep-th/0603006;hep-th/0603006;5;27;32
hep-th/0603226;hep-th/0603226;2;9;11
hep-th/9305102;hep-th/9305102;2;0;2
hep-th/0006079;hep-th/0006079;33;0;33
hep-th/0603150;hep-th/0603150;3;61;64
hep-th/0510200;hep-th/0510200;3;20;23
hep-th/0110221;hep-th/0110221;29;7;36
hep-th/0507193;hep-th/0507193;16;27;43
hep-th/0005041;hep-th/0005041;35;5;40
hep-th/0304269;hep-th/0304269;19;15;34
hep-th/0404088;hep-th/0404088;7;21;28
hep-th/0203024;hep-th/0203024;27;16;43
hep-th/0210062;hep-th/0210062;17;13;30
0905.1899;0905.1899;0;2;2
0711.3389;0711.3389;0;55;55
hep-th/0703134;hep-th/0703134;9;31;40
hep-th/0703182;hep-th/0703182;8;34;42
hep-th/0602253;hep-th/0602253;37;52;89
0810.5104;0810.5104;0;10;10
hep-th/0605102;hep-th/0605102;4;8;12
hep-th/0512355;hep-th/0512355;5;29;34
hep-th/0211092;hep-th/0211092;19;10;29
0803.1315;0803.1315;0;106;106
hep-th/0607120;hep-th/0607120;21;56;77
hep-lat/0506015;hep-lat/0506015;3;6;9
hep-th/0209163;hep-th/0209163;27;26;53
0803.1311;0803.1311;0;59;59
hep-th/0610019;hep-th/0610019;9;59;68
hep-th/0610018;hep-th/0610018;8;62;70
hep-th/0009053;hep-th/0009053;12;11;23
hep-lat/9704020;hep-lat/9704020;1;6;7
hep-lat/9505003;hep-lat/9505003;4;0;4
hep-lat/9510030;hep-lat/9510030;1;5;6
hep-lat/9407024;hep-lat/9407024;2;0;2
hep-th/9405068;hep-th/9405068;7;0;7
math-ph/0010051;math-ph/0010051;6;2;8
math-ph/0005003;math-ph/0005003;2;0;2
0906.0643;0906.0643;0;19;19
hep-ph/0006231;hep-ph/0006231;40;21;61
0707.3475;0707.3475;0;3;3
hep-ph/0107217;hep-ph/0107217;2;1;3
hep-th/0611177;hep-th/0611177;4;70;74
hep-th/0609181;hep-th/0609181;2;22;24
hep-th/0609083;hep-th/0609083;4;34;38
hep-th/0009037;hep-th/0009037;23;14;37
hep-th/0205093;hep-th/0205093;3;0;3
hep-ph/0211416;hep-ph/0211416;7;37;44
hep-th/0604030;hep-th/0604030;6;16;22
hep-th/0607141;hep-th/0607141;3;24;27
hep-th/0206137;hep-th/0206137;5;25;30
hep-th/0301084;hep-th/0301084;1;22;23
hep-th/0307010;hep-th/0307010;3;27;30
hep-ph/0410120;hep-ph/0410120;5;7;12
hep-th/0608112;hep-th/0608112;2;43;45
hep-th/0208115;hep-th/0208115;3;26;29
hep-th/0109095;hep-th/0109095;3;10;13
hep-th/0404209;hep-th/0404209;7;12;19
0707.3471;0707.3471;0;24;24
hep-th/0703039;hep-th/0703039;10;24;34
gr-qc/0312096;gr-qc/0312096;1;1;2
gr-qc/0302045;gr-qc/0302045;1;0;1
astro-ph/0701399;astro-ph/0701399;3;6;9
hep-th/9608158;hep-th/9608158;0;2;2
hep-th/9406007;hep-th/9406007;3;3;6
hep-th/0011273;hep-th/0011273;1;10;11
hep-th/0109118;hep-th/0109118;1;4;5
hep-th/0104148;hep-th/0104148;2;0;2
hep-th/9608152;hep-th/9608152;2;4;6
hep-th/9608156;hep-th/9608156;9;6;15
hep-ph/9604206;hep-ph/9604206;16;6;22
hep-th/9608064;hep-th/9608064;10;3;13
hep-th/9506184;hep-th/9506184;3;9;12
hep-th/9502144;hep-th/9502144;7;0;7
hep-th/9607105;hep-th/9607105;16;24;40
hep-th/9608155;hep-th/9608155;2;4;6
hep-th/9407128;hep-th/9407128;16;7;23
hep-th/9407194;hep-th/9407194;12;14;26
hep-th/9507114;hep-th/9507114;8;6;14
0805.4766;0805.4766;0;41;41
hep-th/0601085;hep-th/0601085;4;36;40
hep-th/0403237;hep-th/0403237;30;36;66
0706.1057;0706.1057;0;22;22
0906.2946;0906.2946;0;29;29
hep-th/0602223;hep-th/0602223;4;15;19
0912.0959;0912.0959;0;38;38
hep-th/0702083;hep-th/0702083;13;46;59
hep-th/0208081;hep-th/0208081;20;31;51
hep-th/0703022;hep-th/0703022;17;76;93
hep-th/0703001;hep-th/0703001;18;32;50
cond-mat/0503014;cond-mat/0503014;3;17;20
hep-th/0304178;hep-th/0304178;18;75;93
cond-mat/0406234;cond-mat/0406234;4;4;8
0708.1088;0708.1088;0;1;1
0912.0957;0912.0957;0;27;27
hep-ph/9408324;hep-ph/9408324;0;2;2
0912.3837;0912.3837;0;1;1
hep-th/0505152;hep-th/0505152;15;35;50
hep-th/0505219;hep-th/0505219;2;14;16
hep-th/0412087;hep-th/0412087;5;27;32
hep-th/0003253;hep-th/0003253;11;5;16
hep-th/0412284;hep-th/0412284;2;22;24
cond-mat/0409765;cond-mat/0409765;1;2;3
hep-th/0409021;hep-th/0409021;2;6;8
hep-th/0310191;hep-th/0310191;6;5;11
hep-th/0311168;hep-th/0311168;16;6;22
hep-th/0505072;hep-th/0505072;4;24;28
hep-th/0404068;hep-th/0404068;2;3;5
hep-th/0505276;hep-th/0505276;2;3;5
hep-th/0205249;hep-th/0205249;11;4;15
hep-th/0105057;hep-th/0105057;26;2;28
hep-th/0012162;hep-th/0012162;6;0;6
hep-th/0505157;hep-th/0505157;6;0;6
hep-th/0505271;hep-th/0505271;2;26;28
hep-th/0112220;hep-th/0112220;13;13;26
hep-th/0206095;hep-th/0206095;8;28;36
hep-ph/0401043;hep-ph/0401043;6;79;85
math/0108005;math/0108005;8;21;29
hep-th/0210297;hep-th/0210297;8;10;18
math/0011063;math/0011063;7;12;19
hep-th/0505272;hep-th/0505272;1;7;8
hep-th/0208053;hep-th/0208053;6;1;7
hep-th/0110180;hep-th/0110180;13;3;16
hep-th/0310095;hep-th/0310095;4;3;7
hep-ph/9705361;hep-ph/9705361;15;2;17
hep-th/9708155;hep-th/9708155;1;0;1
hep-th/9908059;hep-th/9908059;0;13;13
hep-th/9509110;hep-th/9509110;20;2;22
hep-th/9507136;hep-th/9507136;20;0;20
hep-th/9806047;hep-th/9806047;5;12;17
hep-th/9306092;hep-th/9306092;7;0;7
hep-th/9904032;hep-th/9904032;3;13;16
hep-th/9504077;hep-th/9504077;14;6;20
hep-th/9703147;hep-th/9703147;51;8;59
hep-th/9606167;hep-th/9606167;6;0;6
hep-th/9809066;hep-th/9809066;3;8;11
cond-mat/9707129;cond-mat/9707129;8;4;12
hep-th/9606129;hep-th/9606129;2;9;11
cond-mat/9712314;cond-mat/9712314;13;1;14
hep-th/9204045;hep-th/9204045;13;0;13
hep-th/9808134;hep-th/9808134;1;0;1
hep-th/9602005;hep-th/9602005;30;20;50
hep-th/9503168;hep-th/9503168;6;5;11
hep-th/9410146;hep-th/9410146;2;2;4
hep-th/9407085;hep-th/9407085;4;2;6
hep-th/9404158;hep-th/9404158;3;2;5
hep-th/0411201;hep-th/0411201;13;57;70
hep-th/0511160;hep-th/0511160;21;71;92
hep-th/0512078;hep-th/0512078;3;9;12
hep-th/0605107;hep-th/0605107;12;44;56
hep-th/0605105;hep-th/0605105;6;42;48
hep-th/0302230;hep-th/0302230;10;39;49
gr-qc/0305072;gr-qc/0305072;5;18;23
hep-th/0401028;hep-th/0401028;8;8;16
hep-th/0212057;hep-th/0212057;18;40;58
gr-qc/0406037;gr-qc/0406037;8;25;33
hep-th/0009131;hep-th/0009131;10;20;30
hep-th/0309239;hep-th/0309239;14;9;23
hep-th/0605104;hep-th/0605104;16;14;30
hep-th/0608096;hep-th/0608096;14;12;26
hep-th/9312131;hep-th/9312131;6;0;6
hep-th/0511124;hep-th/0511124;2;11;13
hep-th/0309241;hep-th/0309241;1;4;5
hep-th/9312073;hep-th/9312073;2;2;4
hep-th/0402109;hep-th/0402109;15;18;33
hep-th/0506025;hep-th/0506025;7;24;31
hep-th/0412169;hep-th/0412169;25;9;34
gr-qc/0402045;gr-qc/0402045;9;2;11
gr-qc/0403078;gr-qc/0403078;10;4;14
gr-qc/0405050;gr-qc/0405050;8;6;14
hep-th/0605100;hep-th/0605100;0;33;33
hep-th/0406253;hep-th/0406253;6;28;34
hep-th/9709222;hep-th/9709222;4;48;52
hep-th/9904218;hep-th/9904218;4;18;22
hep-th/0001001;hep-th/0001001;24;91;115
hep-th/9205012;hep-th/9205012;11;1;12
hep-ph/9807228;hep-ph/9807228;8;0;8
0710.5198;0710.5198;0;30;30
hep-th/9801166;hep-th/9801166;11;27;38
hep-th/0505213;hep-th/0505213;9;11;20
hep-th/0606060;hep-th/0606060;4;40;44
hep-th/0606065;hep-th/0606065;3;27;30
hep-th/0601150;hep-th/0601150;7;7;14
hep-th/9805086;hep-th/9805086;19;7;26
hep-th/9909059;hep-th/9909059;19;0;19
hep-th/0011206;hep-th/0011206;7;13;20
hep-th/0011147;hep-th/0011147;11;30;41
gr-qc/9602034;gr-qc/9602034;5;7;12
hep-th/9208018;hep-th/9208018;9;0;9
hep-th/9312070;hep-th/9312070;0;2;2
hep-th/9211014;hep-th/9211014;5;0;5
gr-qc/9602036;gr-qc/9602036;2;3;5
gr-qc/9602037;gr-qc/9602037;0;1;1
hep-th/9312075;hep-th/9312075;9;11;20
hep-th/9210024;hep-th/9210024;21;0;21
hep-th/9312074;hep-th/9312074;0;2;2
hep-th/9312077;hep-th/9312077;6;9;15
hep-th/9312076;hep-th/9312076;0;2;2
hep-th/0310266;hep-th/0310266;7;25;32
hep-th/0211190;hep-th/0211190;3;6;9
hep-th/0309034;hep-th/0309034;11;21;32
hep-th/0211165;hep-th/0211165;13;9;22
0811.4141;0811.4141;0;11;11
hep-lat/0203005;hep-lat/0203005;26;11;37
hep-th/0612097;hep-th/0612097;23;0;23
hep-th/9503155;hep-th/9503155;5;0;5
hep-th/9503194;hep-th/9503194;7;6;13
hep-th/9502100;hep-th/9502100;13;8;21
hep-th/9402027;hep-th/9402027;4;4;8
hep-th/9503027;hep-th/9503027;11;50;61
hep-th/9305037;hep-th/9305037;10;1;11
hep-th/9209042;hep-th/9209042;9;0;9
hep-th/9403054;hep-th/9403054;19;4;23
hep-th/9211084;hep-th/9211084;6;2;8
hep-th/9311056;hep-th/9311056;9;0;9
hep-th/9309116;hep-th/9309116;3;3;6
hep-ph/0110107;hep-ph/0110107;0;13;13
hep-ph/0107024;hep-ph/0107024;2;7;9
0911.5370;0911.5370;0;5;5
0802.3565;0802.3565;0;9;9
0705.2369;0705.2369;0;30;30
hep-th/0104176;hep-th/0104176;19;0;19
solv-int/9712014;solv-int/9712014;7;0;7
hep-th/0703187;hep-th/0703187;6;36;42
hep-th/9903220;hep-th/9903220;3;7;10
hep-th/9811063;hep-th/9811063;2;0;2
hep-th/9704125;hep-th/9704125;17;12;29
hep-th/9909096;hep-th/9909096;4;7;11
hep-th/9909090;hep-th/9909090;0;14;14
hep-th/9901096;hep-th/9901096;6;13;19
hep-th/9903063;hep-th/9903063;3;7;10
hep-th/9907222;hep-th/9907222;1;0;1
hep-th/9510069;hep-th/9510069;10;7;17
hep-th/9903235;hep-th/9903235;1;7;8
hep-th/9909093;hep-th/9909093;0;4;4
hep-th/9909092;hep-th/9909092;5;9;14
hep-th/9901153;hep-th/9901153;4;2;6
hep-th/9706020;hep-th/9706020;7;13;20
hep-th/0011091;hep-th/0011091;11;32;43
hep-th/0007145;hep-th/0007145;23;37;60
hep-th/0003166;hep-th/0003166;9;19;28
hep-th/9807006;hep-th/9807006;8;16;24
hep-th/9812074;hep-th/9812074;17;21;38
0801.0760;0801.0760;0;7;7
hep-th/0607154;hep-th/0607154;11;26;37
0709.3582;0709.3582;0;6;6
hep-th/0511165;hep-th/0511165;9;0;9
hep-th/0611347;hep-th/0611347;4;20;24
hep-th/0511115;hep-th/0511115;9;25;34
hep-ph/9809404;hep-ph/9809404;7;7;14
hep-ph/0311233;hep-ph/0311233;6;0;6
hep-th/0503154;hep-th/0503154;1;2;3
astro-ph/0505236;astro-ph/0505236;12;19;31
astro-ph/0504421;astro-ph/0504421;6;9;15
astro-ph/0504192;astro-ph/0504192;4;2;6
gr-qc/0503099;gr-qc/0503099;13;3;16
astro-ph/0010366;astro-ph/0010366;5;4;9
hep-th/0410282;hep-th/0410282;25;44;69
hep-th/9903111;hep-th/9903111;17;6;23
0806.3735;0806.3735;0;5;5
gr-qc/0408002;gr-qc/0408002;11;6;17
0805.2321;0805.2321;0;12;12
hep-th/0201207;hep-th/0201207;2;0;2
hep-th/9808027;hep-th/9808027;16;11;27
hep-th/0508067;hep-th/0508067;10;3;13
hep-th/0204259;hep-th/0204259;1;6;7
hep-th/9410031;hep-th/9410031;4;1;5
hep-th/0601224;hep-th/0601224;9;3;12
hep-th/9409038;hep-th/9409038;2;1;3
0801.4479;0801.4479;0;15;15
hep-th/0506037;hep-th/0506037;9;6;15
0801.4478;0801.4478;0;55;55
gr-qc/0501039;gr-qc/0501039;5;0;5
0812.1773;0812.1773;0;22;22
hep-th/9406144;hep-th/9406144;13;2;15
cond-mat/0610375;cond-mat/0610375;8;23;31
0902.2542;0902.2542;0;20;20
hep-th/9209078;hep-th/9209078;3;0;3
hep-th/9606163;hep-th/9606163;5;0;5
hep-th/9807074;hep-th/9807074;2;3;5
hep-th/9807070;hep-th/9807070;1;28;29
hep-th/9509091;hep-th/9509091;7;0;7
hep-lat/9607060;hep-lat/9607060;8;2;10
hep-th/9710103;hep-th/9710103;9;31;40
hep-th/9710114;hep-th/9710114;27;33;60
hep-ph/9801282;hep-ph/9801282;10;0;10
hep-ph/9609333;hep-ph/9609333;0;2;2
hep-th/9512118;hep-th/9512118;6;9;15
0705.2366;0705.2366;0;37;37
math/0605710;math/0605710;12;26;38
hep-th/0703142;hep-th/0703142;21;130;151
hep-th/9712156;hep-th/9712156;13;16;29
0901.1203;0901.1203;0;7;7
hep-th/9612091;hep-th/9612091;12;12;24
0803.2035;0803.2035;0;48;48
math-ph/0209024;math-ph/0209024;3;0;3
hep-th/9909087;hep-th/9909087;5;20;25
0912.4120;0912.4120;0;3;3
hep-th/0612236;hep-th/0612236;3;18;21
hep-th/0309240;hep-th/0309240;1;7;8
hep-th/0106167;hep-th/0106167;4;17;21
0912.1334;0912.1334;0;26;26
hep-th/9511198;hep-th/9511198;8;9;17
hep-th/0011071;hep-th/0011071;2;11;13
0712.1674;0712.1674;0;4;4
gr-qc/0701142;gr-qc/0701142;3;17;20
hep-th/0501242;hep-th/0501242;8;5;13
hep-ph/0208031;hep-ph/0208031;7;3;10
hep-ph/9903355;hep-ph/9903355;18;0;18
hep-th/9611010;hep-th/9611010;5;1;6
hep-ph/0208032;hep-ph/0208032;0;2;2
hep-th/0001058;hep-th/0001058;1;1;2
hep-ph/0201272;hep-ph/0201272;3;5;8
0907.5583;0907.5583;0;6;6
hep-th/0306101;hep-th/0306101;13;13;26
quant-ph/0106021;quant-ph/0106021;12;13;25
hep-th/9405051;hep-th/9405051;2;4;6
quant-ph/0102093;quant-ph/0102093;17;8;25
math-ph/0310036;math-ph/0310036;10;19;29
hep-th/0403056;hep-th/0403056;8;7;15
hep-th/0307247;hep-th/0307247;8;7;15
hep-th/0206219;hep-th/0206219;7;6;13
hep-th/0311013;hep-th/0311013;10;28;38
hep-th/0301162;hep-th/0301162;8;34;42
hep-th/9109022;hep-th/9109022;3;0;3
hep-th/0202097;hep-th/0202097;14;17;31
hep-th/0306146;hep-th/0306146;21;17;38
hep-th/0206080;hep-th/0206080;4;25;29
hep-th/0211063;hep-th/0211063;32;12;44
hep-th/0210054;hep-th/0210054;16;18;34
hep-th/0204247;hep-th/0204247;8;13;21
hep-th/0101221;hep-th/0101221;14;6;20
hep-th/0403053;hep-th/0403053;5;28;33
hep-th/0306118;hep-th/0306118;9;24;33
hep-th/0110074;hep-th/0110074;14;17;31
hep-th/0105121;hep-th/0105121;25;22;47
hep-th/0111062;hep-th/0111062;27;24;51
hep-th/0304046;hep-th/0304046;19;53;72
hep-th/0205034;hep-th/0205034;16;60;76
hep-th/0202201;hep-th/0202201;4;25;29
0902.1471;0902.1471;0;37;37
hep-th/0408009;hep-th/0408009;2;9;11
hep-th/0311135;hep-th/0311135;3;7;10
gr-qc/0204041;gr-qc/0204041;4;5;9
hep-th/0308167;hep-th/0308167;4;19;23
gr-qc/0305105;gr-qc/0305105;4;6;10
hep-th/9503218;hep-th/9503218;8;0;8
hep-th/0307037;hep-th/0307037;9;49;58
hep-th/0310203;hep-th/0310203;18;28;46
hep-th/9807067;hep-th/9807067;38;35;73
hep-th/9112069;hep-th/9112069;18;0;18
hep-lat/0001002;hep-lat/0001002;11;12;23
hep-th/9907096;hep-th/9907096;12;17;29
hep-th/0004081;hep-th/0004081;7;17;24
hep-th/9804049;hep-th/9804049;13;1;14
hep-th/0009237;hep-th/0009237;14;20;34
hep-th/9903119;hep-th/9903119;6;7;13
hep-lat/0003017;hep-lat/0003017;17;14;31
hep-th/9912207;hep-th/9912207;12;0;12
gr-qc/0009045;gr-qc/0009045;7;44;51
gr-qc/0006004;gr-qc/0006004;50;19;69
astro-ph/0108295;astro-ph/0108295;15;32;47
hep-th/0010229;hep-th/0010229;8;17;25
0901.0591;0901.0591;0;10;10
gr-qc/0512071;gr-qc/0512071;5;17;22
0710.1479;0710.1479;0;23;23
hep-th/0001109;hep-th/0001109;6;24;30
0901.4676;0901.4676;0;24;24
hep-th/0608053;hep-th/0608053;3;10;13
hep-th/0601192;hep-th/0601192;8;14;22
0901.0599;0901.0599;0;10;10
0908.0679;0908.0679;0;4;4
gr-qc/9506085;gr-qc/9506085;15;0;15
hep-th/0011235;hep-th/0011235;1;16;17
hep-th/9408071;hep-th/9408071;13;0;13
hep-th/9806031;hep-th/9806031;0;4;4
hep-th/9611118;hep-th/9611118;7;8;15
hep-th/9412208;hep-th/9412208;12;1;13
hep-th/9806033;hep-th/9806033;1;12;13
hep-th/9411235;hep-th/9411235;19;4;23
hep-th/9610240;hep-th/9610240;2;3;5
hep-th/9612059;hep-th/9612059;11;5;16
hep-th/9702166;hep-th/9702166;28;31;59
hep-th/9511038;hep-th/9511038;11;11;22
hep-th/9804038;hep-th/9804038;9;43;52
hep-th/9806035;hep-th/9806035;2;1;3
hep-th/9806036;hep-th/9806036;2;22;24
hep-th/9601010;hep-th/9601010;8;24;32
0712.3338;0712.3338;0;1;1
hep-ph/9612205;hep-ph/9612205;5;10;15
hep-th/9603201;hep-th/9603201;4;7;11
hep-th/9509060;hep-th/9509060;14;3;17
hep-th/9507079;hep-th/9507079;13;0;13
hep-th/9511073;hep-th/9511073;15;9;24
hep-ph/9602336;hep-ph/9602336;7;0;7
0911.0394;0911.0394;0;30;30
hep-th/9504092;hep-th/9504092;9;3;12
hep-ph/9903254;hep-ph/9903254;7;7;14
hep-th/9711099;hep-th/9711099;20;18;38
hep-th/9710215;hep-th/9710215;22;41;63
quant-ph/0004044;quant-ph/0004044;9;10;19
0710.3833;0710.3833;0;29;29
hep-th/0510211;hep-th/0510211;8;0;8
0710.3832;0710.3832;0;25;25
hep-th/9510051;hep-th/9510051;3;0;3
math-ph/0512016;math-ph/0512016;17;16;33
hep-th/0612276;hep-th/0612276;3;8;11
hep-th/0605269;hep-th/0605269;11;7;18
hep-th/0701225;hep-th/0701225;5;9;14
0911.1625;0911.1625;0;6;6
0710.3836;0710.3836;0;16;16
hep-th/0101040;hep-th/0101040;3;35;38
hep-th/0703242;hep-th/0703242;3;9;12
0710.3835;0710.3835;0;7;7
0712.1795;0712.1795;0;42;42
hep-th/0612001;hep-th/0612001;15;18;33
hep-th/0602280;hep-th/0602280;22;27;49
hep-th/0511153;hep-th/0511153;11;18;29
0709.3478;0709.3478;0;146;146
hep-th/0612007;hep-th/0612007;20;31;51
hep-th/0505161;hep-th/0505161;21;43;64
hep-th/0503198;hep-th/0503198;27;31;58
hep-th/0602026;hep-th/0602026;13;8;21
hep-th/0510262;hep-th/0510262;20;9;29
hep-th/0703080;hep-th/0703080;14;20;34
hep-th/0502076;hep-th/0502076;18;0;18
hep-th/0412202;hep-th/0412202;8;12;20
hep-th/0611128;hep-th/0611128;5;57;62
hep-th/0502009;hep-th/0502009;29;28;57
hep-th/0508206;hep-th/0508206;46;46;92
hep-th/0510111;hep-th/0510111;36;30;66
hep-th/0512242;hep-th/0512242;10;41;51
hep-th/0703286;hep-th/0703286;22;46;68
hep-th/0508137;hep-th/0508137;13;16;29
hep-th/0509198;hep-th/0509198;6;25;31
hep-th/0507213;hep-th/0507213;12;11;23
hep-ph/0505219;hep-ph/0505219;17;41;58
hep-th/0611164;hep-th/0611164;17;32;49
hep-th/0507280;hep-th/0507280;13;9;22
hep-th/9310193;hep-th/9310193;4;0;4
hep-th/9406153;hep-th/9406153;2;7;9
hep-th/9409008;hep-th/9409008;2;1;3
hep-th/9503129;hep-th/9503129;1;9;10
hep-th/9501072;hep-th/9501072;3;5;8
hep-th/9407068;hep-th/9407068;3;5;8
hep-th/9208069;hep-th/9208069;7;0;7
hep-th/9310021;hep-th/9310021;2;0;2
hep-th/9204028;hep-th/9204028;32;1;33
hep-th/9304072;hep-th/9304072;15;8;23
hep-th/9303116;hep-th/9303116;11;10;21
hep-th/9309028;hep-th/9309028;27;5;32
hep-th/9409002;hep-th/9409002;0;2;2
hep-th/9307136;hep-th/9307136;6;1;7
hep-th/9401024;hep-th/9401024;1;2;3
hep-ph/0103103;hep-ph/0103103;16;11;27
hep-th/0205222;hep-th/0205222;20;31;51
hep-th/0304146;hep-th/0304146;3;15;18
hep-th/0112033;hep-th/0112033;7;2;9
hep-th/9910239;hep-th/9910239;4;12;16
hep-th/9801055;hep-th/9801055;1;5;6
hep-th/0304144;hep-th/0304144;2;4;6
hep-th/0207016;hep-th/0207016;2;16;18
hep-th/0007241;hep-th/0007241;17;15;32
hep-th/0211030;hep-th/0211030;16;26;42
hep-th/9806040;hep-th/9806040;20;15;35
hep-th/9711083;hep-th/9711083;12;43;55
hep-th/0304141;hep-th/0304141;18;11;29
hep-th/0304140;hep-th/0304140;0;7;7
hep-ph/9807284;hep-ph/9807284;1;1;2
hep-th/0205026;hep-th/0205026;21;28;49
hep-th/9308054;hep-th/9308054;10;0;10
hep-th/0301045;hep-th/0301045;5;3;8
hep-th/0212234;hep-th/0212234;3;4;7
0804.0244;0804.0244;0;33;33
math-ph/0604044;math-ph/0604044;1;1;2
gr-qc/0310008;gr-qc/0310008;4;3;7
0705.2149;0705.2149;0;61;61
hep-th/0701158;hep-th/0701158;18;0;18
hep-th/0606218;hep-th/0606218;18;39;57
hep-th/0605139;hep-th/0605139;12;12;24
hep-th/9711137;hep-th/9711137;4;4;8
hep-th/0703099;hep-th/0703099;27;55;82
hep-th/0702040;hep-th/0702040;16;68;84
gr-qc/9708026;gr-qc/9708026;8;0;8
gr-qc/9710114;gr-qc/9710114;12;7;19
gr-qc/0310005;gr-qc/0310005;0;1;1
math/0102225;math/0102225;2;1;3
hep-th/0101106;hep-th/0101106;1;27;28
hep-th/9909153;hep-th/9909153;9;5;14
hep-th/9902011;hep-th/9902011;15;27;42
hep-th/0008200;hep-th/0008200;3;64;67
hep-th/0011004;hep-th/0011004;2;13;15
hep-th/0002185;hep-th/0002185;2;9;11
hep-th/0101107;hep-th/0101107;0;14;14
hep-th/9809056;hep-th/9809056;14;9;23
hep-th/9709011;hep-th/9709011;1;0;1
hep-th/9507097;hep-th/9507097;5;1;6
hep-th/0101104;hep-th/0101104;6;21;27
hep-th/0006096;hep-th/0006096;2;10;12
hep-th/9912258;hep-th/9912258;2;26;28
hep-th/9912265;hep-th/9912265;3;4;7
hep-th/0010009;hep-th/0010009;1;3;4
hep-th/0101103;hep-th/0101103;2;9;11
hep-th/9907004;hep-th/9907004;1;4;5
hep-th/9405173;hep-th/9405173;8;0;8
hep-th/9406070;hep-th/9406070;5;0;5
hep-th/9707035;hep-th/9707035;17;3;20
hep-th/9709092;hep-th/9709092;5;1;6
hep-th/9801029;hep-th/9801029;5;7;12
hep-th/9303077;hep-th/9303077;11;0;11
hep-th/9801027;hep-th/9801027;10;11;21
hep-th/9605178;hep-th/9605178;13;5;18
hep-th/9707005;hep-th/9707005;20;0;20
hep-th/9801026;hep-th/9801026;7;11;18
hep-th/9605074;hep-th/9605074;17;12;29
hep-th/9410134;hep-th/9410134;15;0;15
hep-ph/9207260;hep-ph/9207260;12;0;12
hep-th/9703201;hep-th/9703201;20;32;52
hep-th/9711046;hep-th/9711046;10;16;26
hep-th/9705003;hep-th/9705003;23;46;69
hep-th/9405052;hep-th/9405052;5;15;20
hep-th/9309157;hep-th/9309157;8;3;11
hep-th/9307185;hep-th/9307185;9;5;14
hep-th/9405050;hep-th/9405050;1;3;4
hep-th/9402130;hep-th/9402130;1;0;1
hep-th/9403028;hep-th/9403028;5;2;7
hep-th/9405056;hep-th/9405056;0;4;4
cond-mat/9309050;cond-mat/9309050;1;0;1
hep-th/9405055;hep-th/9405055;1;5;6
hep-th/9311045;hep-th/9311045;7;4;11
cond-mat/0111188;cond-mat/0111188;15;10;25
cond-mat/0108057;cond-mat/0108057;10;4;14
0909.0693;0909.0693;0;8;8
0905.4580;0905.4580;0;1;1
0905.4586;0905.4586;0;35;35
hep-th/0312262;hep-th/0312262;3;19;22
hep-th/0206069;hep-th/0206069;9;13;22
hep-th/9905173;hep-th/9905173;11;0;11
0906.3305;0906.3305;0;105;105
hep-th/9209100;hep-th/9209100;7;1;8
hep-th/9208054;hep-th/9208054;4;4;8
q-alg/9501013;q-alg/9501013;9;0;9
hep-th/0503212;hep-th/0503212;5;25;30
hep-th/9405011;hep-th/9405011;29;9;38
hep-th/9605110;hep-th/9605110;26;9;35
q-alg/9711006;q-alg/9711006;11;0;11
hep-th/9603066;hep-th/9603066;4;9;13
hep-th/9202006;hep-th/9202006;21;0;21
hep-th/9201033;hep-th/9201033;20;0;20
hep-th/9409190;hep-th/9409190;12;6;18
hep-th/9312213;hep-th/9312213;20;2;22
0812.4183;0812.4183;0;33;33
cond-mat/9601146;cond-mat/9601146;2;2;4
hep-th/9310086;hep-th/9310086;15;0;15
hep-th/9703096;hep-th/9703096;6;9;15
hep-th/0404054;hep-th/0404054;3;13;16
hep-th/0305105;hep-th/0305105;2;8;10
hep-th/0403299;hep-th/0403299;13;44;57
hep-ph/9811341;hep-ph/9811341;3;5;8
hep-th/0212247;hep-th/0212247;5;5;10
hep-th/9812039;hep-th/9812039;7;14;21
hep-th/9901152;hep-th/9901152;10;23;33
hep-th/0106218;hep-th/0106218;4;23;27
hep-th/0107066;hep-th/0107066;3;15;18
hep-th/0207070;hep-th/0207070;7;17;24
hep-th/9808119;hep-th/9808119;26;18;44
hep-th/0210133;hep-th/0210133;5;32;37
hep-th/0103116;hep-th/0103116;6;36;42
hep-th/0001106;hep-th/0001106;14;18;32
hep-th/9901105;hep-th/9901105;11;36;47
hep-th/9808183;hep-th/9808183;15;26;41
astro-ph/0404402;astro-ph/0404402;7;6;13
hep-ph/0306189;hep-ph/0306189;2;15;17
hep-ph/0305003;hep-ph/0305003;8;47;55
astro-ph/0306344;astro-ph/0306344;2;6;8
hep-ph/0307321;hep-ph/0307321;4;16;20
hep-th/0404052;hep-th/0404052;2;9;11
cond-mat/9804117;cond-mat/9804117;15;3;18
hep-th/0306082;hep-th/0306082;3;6;9
hep-th/0404053;hep-th/0404053;1;8;9
hep-th/0309249;hep-th/0309249;8;2;10
hep-th/0404032;hep-th/0404032;1;3;4
0712.0445;0712.0445;0;58;58
hep-th/0612037;hep-th/0612037;12;8;20
hep-th/9806174;hep-th/9806174;8;12;20
hep-th/9709216;hep-th/9709216;23;7;30
hep-th/9901095;hep-th/9901095;6;27;33
hep-th/9812114;hep-th/9812114;3;6;9
hep-th/9804204;hep-th/9804204;3;7;10
alg-geom/9510011;alg-geom/9510011;1;0;1
hep-th/9809095;hep-th/9809095;18;24;42
hep-th/9706157;hep-th/9706157;8;18;26
0806.3613;0806.3613;0;8;8
astro-ph/0504416;astro-ph/0504416;12;24;36
hep-th/0502242;hep-th/0502242;7;19;26
hep-th/9207037;hep-th/9207037;2;0;2
hep-th/9510078;hep-th/9510078;8;1;9
0712.2171;0712.2171;0;4;4
0807.3334;0807.3334;0;5;5
0908.4429;0908.4429;0;1;1
hep-ph/0610105;hep-ph/0610105;0;9;9
hep-ph/0304241;hep-ph/0304241;8;12;20
hep-th/0202167;hep-th/0202167;7;23;30
hep-th/0102027;hep-th/0102027;3;6;9
hep-th/0007128;hep-th/0007128;3;8;11
hep-th/9604114;hep-th/9604114;22;7;29
0908.0880;0908.0880;0;12;12
math/0302355;math/0302355;3;7;10
math/0211294;math/0211294;3;7;10
math/0211295;math/0211295;3;7;10
math/0303272;math/0303272;7;2;9
math/0302356;math/0302356;3;7;10
0907.2375;0907.2375;0;7;7
0704.1157;0704.1157;0;6;6
solv-int/9706002;solv-int/9706002;5;0;5
solv-int/9909010;solv-int/9909010;1;0;1
0704.1154;0704.1154;0;19;19
hep-th/0508039;hep-th/0508039;3;3;6
gr-qc/0105101;gr-qc/0105101;7;1;8
hep-th/0701073;hep-th/0701073;5;9;14
hep-th/0607082;hep-th/0607082;2;5;7
hep-th/0512033;hep-th/0512033;5;11;16
0704.1152;0704.1152;0;24;24
0704.1150;0704.1150;0;12;12
math-ph/9804019;math-ph/9804019;1;0;1
math-ph/0603040;math-ph/0603040;1;6;7
hep-th/9611020;hep-th/9611020;20;18;38
hep-th/9404150;hep-th/9404150;6;1;7
hep-th/9710053;hep-th/9710053;4;35;39
hep-th/9705110;hep-th/9705110;16;25;41
hep-th/9711033;hep-th/9711033;11;1;12
hep-th/9709217;hep-th/9709217;12;1;13
0810.4778;0810.4778;0;17;17
hep-th/0101173;hep-th/0101173;2;2;4
hep-th/9812152;hep-th/9812152;1;7;8
hep-th/9711038;hep-th/9711038;11;11;22
hep-th/9406062;hep-th/9406062;5;1;6
hep-th/9706216;hep-th/9706216;17;9;26
hep-th/0204211;hep-th/0204211;2;3;5
hep-th/0008235;hep-th/0008235;20;4;24
hep-th/0204202;hep-th/0204202;3;5;8
hep-th/0311177;hep-th/0311177;6;28;34
hep-th/0311129;hep-th/0311129;12;29;41
hep-th/0312237;hep-th/0312237;1;20;21
hep-th/0308027;hep-th/0308027;1;13;14
hep-th/0311220;hep-th/0311220;2;19;21
hep-th/0310235;hep-th/0310235;35;32;67
hep-th/0312090;hep-th/0312090;2;15;17
cond-mat/0201547;cond-mat/0201547;7;13;20
cond-mat/0201488;cond-mat/0201488;2;9;11
hep-th/0204190;hep-th/0204190;13;33;46
hep-th/0112009;hep-th/0112009;11;25;36
hep-th/0312230;hep-th/0312230;0;27;27
hep-th/0312231;hep-th/0312231;3;40;43
hep-th/9903142;hep-th/9903142;9;19;28
hep-th/0112196;hep-th/0112196;6;15;21
hep-th/0106108;hep-th/0106108;11;13;24
hep-th/0012196;hep-th/0012196;10;21;31
hep-th/0308006;hep-th/0308006;15;45;60
nlin/0302004;nlin/0302004;0;3;3
hep-th/9904028;hep-th/9904028;5;2;7
math-ph/0210038;math-ph/0210038;1;10;11
hep-th/0111243;hep-th/0111243;5;3;8
hep-th/0506112;hep-th/0506112;5;18;23
hep-th/0206170;hep-th/0206170;12;12;24
hep-th/0505141;hep-th/0505141;9;56;65
hep-th/0410256;hep-th/0410256;7;18;25
hep-th/0110005;hep-th/0110005;5;39;44
hep-th/0505077;hep-th/0505077;10;29;39
hep-th/0505247;hep-th/0505247;2;45;47
hep-th/0509227;hep-th/0509227;4;41;45
gr-qc/0405149;gr-qc/0405149;2;8;10
hep-th/0409232;hep-th/0409232;9;30;39
hep-th/0209119;hep-th/0209119;7;12;19
hep-th/0410159;hep-th/0410159;1;13;14
gr-qc/0401078;gr-qc/0401078;6;15;21
cond-mat/9606206;cond-mat/9606206;1;0;1
gr-qc/0303067;gr-qc/0303067;27;23;50
cond-mat/0009352;cond-mat/0009352;1;0;1
hep-th/0311014;hep-th/0311014;3;24;27
gr-qc/0403057;gr-qc/0403057;7;10;17
hep-th/0509226;hep-th/0509226;0;2;2
hep-th/0507207;hep-th/0507207;1;2;3
hep-th/0407005;hep-th/0407005;4;2;6
hep-ph/0507020;hep-ph/0507020;5;5;10
hep-th/0408033;hep-th/0408033;5;1;6
hep-th/0509229;hep-th/0509229;1;24;25
hep-th/0509228;hep-th/0509228;9;27;36
hep-th/0102200;hep-th/0102200;8;25;33
hep-th/0010237;hep-th/0010237;12;32;44
hep-th/0212250;hep-th/0212250;12;28;40
hep-th/0406148;hep-th/0406148;9;37;46
hep-th/0401026;hep-th/0401026;8;26;34
hep-th/0508085;hep-th/0508085;11;76;87
gr-qc/0607021;gr-qc/0607021;7;10;17
astro-ph/0610661;astro-ph/0610661;12;15;27
0908.4319;0908.4319;0;12;12
hep-th/0609195;hep-th/0609195;9;46;55
hep-ph/0511197;hep-ph/0511197;16;26;42
0801.2262;0801.2262;0;15;15
0904.3544;0904.3544;0;10;10
hep-th/0612191;hep-th/0612191;10;11;21
hep-th/9907129;hep-th/9907129;20;13;33
0911.3432;0911.3432;0;25;25
hep-th/9807071;hep-th/9807071;4;34;38
hep-th/9806166;hep-th/9806166;8;6;14
hep-th/9806109;hep-th/9806109;13;0;13
hep-th/9806136;hep-th/9806136;14;28;42
0711.0431;0711.0431;0;18;18
hep-th/0406273;hep-th/0406273;4;36;40
hep-th/0102023;hep-th/0102023;34;27;61
hep-th/0210253;hep-th/0210253;1;21;22
hep-th/0012056;hep-th/0012056;7;10;17
hep-th/0112153;hep-th/0112153;3;26;29
hep-th/0003232;hep-th/0003232;10;37;47
hep-th/0107014;hep-th/0107014;1;15;16
hep-th/0112226;hep-th/0112226;30;58;88
hep-th/0107031;hep-th/0107031;23;27;50
hep-th/0210255;hep-th/0210255;0;3;3
hep-th/9305093;hep-th/9305093;9;8;17
hep-th/9305094;hep-th/9305094;6;8;14
hep-th/0210191;hep-th/0210191;1;0;1
0803.3024;0803.3024;0;32;32
hep-th/0409104;hep-th/0409104;8;5;13
hep-th/0105084;hep-th/0105084;4;5;9
hep-th/0412149;hep-th/0412149;3;24;27
hep-th/0609223;hep-th/0609223;0;7;7
hep-th/9711142;hep-th/9711142;2;11;13
hep-th/0201202;hep-th/0201202;0;9;9
hep-th/0108043;hep-th/0108043;13;82;95
hep-th/0006223;hep-th/0006223;19;10;29
hep-th/0201203;hep-th/0201203;1;5;6
0708.1773;0708.1773;0;11;11
0809.1627;0809.1627;0;7;7
hep-lat/0701016;hep-lat/0701016;4;11;15
hep-th/0403276;hep-th/0403276;15;0;15
hep-th/9306010;hep-th/9306010;5;8;13
hep-th/9212040;hep-th/9212040;2;0;2
hep-th/9208079;hep-th/9208079;8;0;8
hep-th/9306011;hep-th/9306011;2;4;6
hep-th/9302030;hep-th/9302030;2;1;3
hep-th/9302113;hep-th/9302113;2;0;2
hep-th/9303039;hep-th/9303039;3;0;3
hep-th/9305104;hep-th/9305104;1;0;1
hep-th/9306015;hep-th/9306015;1;6;7
0711.0382;0711.0382;0;7;7
hep-th/0610201;hep-th/0610201;6;17;23
hep-th/0609220;hep-th/0609220;1;5;6
hep-th/9708128;hep-th/9708128;0;6;6
hep-th/9702150;hep-th/9702150;1;3;4
0711.0385;0711.0385;0;23;23
hep-th/9708124;hep-th/9708124;8;3;11
hep-th/9708125;hep-th/9708125;3;2;5
hep-th/9504024;hep-th/9504024;5;0;5
hep-th/9707024;hep-th/9707024;2;2;4
hep-th/9610061;hep-th/9610061;1;4;5
hep-th/9708029;hep-th/9708029;5;4;9
hep-th/9609151;hep-th/9609151;8;13;21
math-ph/0309025;math-ph/0309025;0;5;5
0801.0223;0801.0223;0;59;59
hep-th/0012106;hep-th/0012106;11;13;24
hep-th/0308159;hep-th/0308159;17;7;24
hep-th/0701009;hep-th/0701009;9;22;31
hep-th/0606243;hep-th/0606243;16;46;62
hep-th/0508227;hep-th/0508227;7;17;24
cond-mat/0008273;cond-mat/0008273;4;5;9
hep-th/0611339;hep-th/0611339;3;18;21
hep-th/0404001;hep-th/0404001;5;35;40
math-ph/0309027;math-ph/0309027;1;1;2
cond-mat/0303512;cond-mat/0303512;3;11;14
math-ph/0309023;math-ph/0309023;5;5;10
hep-th/0304179;hep-th/0304179;2;3;5
math-ph/9909003;math-ph/9909003;6;6;12
0803.2030;0803.2030;0;30;30
hep-th/0610133;hep-th/0610133;2;36;38
hep-th/0111216;hep-th/0111216;7;6;13
hep-th/0602092;hep-th/0602092;12;31;43
0905.2359;0905.2359;0;11;11
hep-ph/0411130;hep-ph/0411130;2;11;13
hep-ph/0204184;hep-ph/0204184;4;6;10
hep-lat/9510003;hep-lat/9510003;4;13;17
cond-mat/9609264;cond-mat/9609264;6;5;11
hep-lat/9606012;hep-lat/9606012;17;0;17
hep-th/0105176;hep-th/0105176;14;36;50
hep-th/9308018;hep-th/9308018;10;21;31
hep-th/0105106;hep-th/0105106;1;22;23
hep-th/0201175;hep-th/0201175;11;42;53
hep-th/0010170;hep-th/0010170;8;23;31
hep-th/0205163;hep-th/0205163;5;29;34
hep-th/0201035;hep-th/0201035;3;35;38
hep-th/0004172;hep-th/0004172;3;13;16
hep-th/0205162;hep-th/0205162;4;48;52
hep-th/9909219;hep-th/9909219;7;32;39
hep-th/0202090;hep-th/0202090;3;44;47
hep-th/0010243;hep-th/0010243;1;16;17
0705.3193;0705.3193;0;6;6
hep-th/0506136;hep-th/0506136;5;10;15
hep-th/9109056;hep-th/9109056;11;0;11
hep-th/0205168;hep-th/0205168;4;13;17
gr-qc/9806044;gr-qc/9806044;3;1;4
gr-qc/0110077;gr-qc/0110077;6;17;23
math-ph/0108007;math-ph/0108007;4;13;17
hep-th/0105293;hep-th/0105293;4;10;14
0708.4374;0708.4374;0;28;28
hep-th/0611232;hep-th/0611232;6;21;27
hep-th/0702006;hep-th/0702006;3;23;26
0708.4375;0708.4375;0;28;28
hep-th/0611277;hep-th/0611277;2;15;17
0708.1770;0708.1770;0;32;32
hep-th/0412094;hep-th/0412094;13;17;30
hep-th/0411045;hep-th/0411045;14;22;36
hep-th/0109013;hep-th/0109013;7;45;52
0912.4128;0912.4128;0;5;5
hep-th/0010067;hep-th/0010067;0;2;2
hep-th/0001006;hep-th/0001006;2;1;3
hep-th/0010061;hep-th/0010061;2;31;33
hep-th/9905053;hep-th/9905053;25;46;71
hep-th/9905224;hep-th/9905224;18;70;88
hep-th/0010068;hep-th/0010068;3;14;17
hep-ph/0007182;hep-ph/0007182;13;5;18
hep-th/9909124;hep-th/9909124;3;11;14
hep-th/9911172;hep-th/9911172;9;0;9
hep-th/0008107;hep-th/0008107;3;23;26
hep-th/0112238;hep-th/0112238;0;11;11
hep-th/0112239;hep-th/0112239;1;4;5
hep-th/0104140;hep-th/0104140;2;1;3
hep-th/0109178;hep-th/0109178;3;2;5
hep-th/0111185;hep-th/0111185;1;2;3
hep-th/0112234;hep-th/0112234;1;1;2
hep-th/0103097;hep-th/0103097;1;7;8
hep-ph/9909494;hep-ph/9909494;12;9;21
hep-th/0111082;hep-th/0111082;5;39;44
hep-ph/9908530;hep-ph/9908530;27;35;62
hep-th/9911072;hep-th/9911072;28;8;36
hep-th/9901039;hep-th/9901039;9;14;23
hep-th/9511015;hep-th/9511015;11;2;13
hep-th/0112233;hep-th/0112233;8;23;31
hep-th/9907011;hep-th/9907011;11;22;33
hep-th/9612226;hep-th/9612226;4;1;5
hep-th/9601142;hep-th/9601142;5;1;6
hep-th/9612225;hep-th/9612225;4;5;9
cond-mat/9401033;cond-mat/9401033;2;0;2
hep-th/9612140;hep-th/9612140;5;0;5
hep-th/9608159;hep-th/9608159;4;0;4
hep-th/9604127;hep-th/9604127;10;31;41
gr-qc/9307001;gr-qc/9307001;2;1;3
hep-th/9803090;hep-th/9803090;29;41;70
hep-th/9402106;hep-th/9402106;14;5;19
hep-th/9808089;hep-th/9808089;1;5;6
hep-th/9808082;hep-th/9808082;2;4;6
hep-th/9808086;hep-th/9808086;9;23;32
hep-th/9806122;hep-th/9806122;18;22;40
hep-th/9304112;hep-th/9304112;7;0;7
hep-th/9605129;hep-th/9605129;5;2;7
hep-th/9612149;hep-th/9612149;6;8;14
hep-th/9409193;hep-th/9409193;9;6;15
hep-th/9503180;hep-th/9503180;4;0;4
hep-th/9701063;hep-th/9701063;0;2;2
hep-th/9608056;hep-th/9608056;20;0;20
hep-th/9503152;hep-th/9503152;4;0;4
quant-ph/0411079;quant-ph/0411079;3;1;4
hep-th/9308034;hep-th/9308034;12;4;16
hep-th/9301002;hep-th/9301002;26;0;26
gr-qc/0511028;gr-qc/0511028;5;21;26
hep-th/0508186;hep-th/0508186;8;26;34
hep-th/0508235;hep-th/0508235;5;20;25
hep-th/0401138;hep-th/0401138;3;12;15
hep-th/0508203;hep-th/0508203;16;26;42
hep-th/0508162;hep-th/0508162;12;30;42
gr-qc/0507092;gr-qc/0507092;6;27;33
quant-ph/0504011;quant-ph/0504011;3;7;10
hep-th/0407032;hep-th/0407032;4;25;29
quant-ph/0403034;quant-ph/0403034;6;2;8
hep-th/0003245;hep-th/0003245;1;31;32
hep-th/9903068;hep-th/9903068;15;31;46
hep-th/0009174;hep-th/0009174;6;19;25
hep-th/0105041;hep-th/0105041;3;21;24
hep-th/9710146;hep-th/9710146;21;32;53
hep-th/9806009;hep-th/9806009;7;79;86
hep-th/0212233;hep-th/0212233;5;41;46
hep-th/0212252;hep-th/0212252;5;37;42
hep-th/0003169;hep-th/0003169;15;49;64
hep-th/9805045;hep-th/9805045;16;39;55
hep-th/0005163;hep-th/0005163;18;15;33
hep-th/0006102;hep-th/0006102;16;11;27
hep-th/0101064;hep-th/0101064;4;26;30
hep-th/0212251;hep-th/0212251;4;7;11
math/0204357;math/0204357;1;4;5
hep-th/0112213;hep-th/0112213;4;0;4
hep-th/0201083;hep-th/0201083;1;0;1
hep-th/0212257;hep-th/0212257;4;18;22
hep-th/9404143;hep-th/9404143;7;7;14
0806.1420;0806.1420;0;31;31
hep-th/0206176;hep-th/0206176;3;24;27
hep-th/0105044;hep-th/0105044;4;17;21
hep-th/9810223;hep-th/9810223;4;17;21
hep-th/0103020;hep-th/0103020;11;8;19
hep-th/0211060;hep-th/0211060;2;19;21
hep-th/0204032;hep-th/0204032;7;30;37
0806.1426;0806.1426;0;19;19
hep-th/0607067;hep-th/0607067;12;36;48
hep-th/0211232;hep-th/0211232;9;45;54
hep-th/0006239;hep-th/0006239;13;24;37
hep-th/9601164;hep-th/9601164;6;0;6
hep-th/9604201;hep-th/9604201;1;2;3
hep-lat/0308031;hep-lat/0308031;7;17;24
hep-lat/0204017;hep-lat/0204017;7;11;18
hep-lat/0204018;hep-lat/0204018;6;0;6
hep-th/0109148;hep-th/0109148;4;18;22
hep-lat/9408010;hep-lat/9408010;23;0;23
hep-lat/0308007;hep-lat/0308007;1;5;6
0801.2808;0801.2808;0;11;11
0802.1717;0802.1717;0;3;3
0804.3492;0804.3492;0;15;15
gr-qc/0702107;gr-qc/0702107;6;27;33
hep-th/9110010;hep-th/9110010;5;0;5
quant-ph/9906057;quant-ph/9906057;10;0;10
hep-th/9503080;hep-th/9503080;5;0;5
hep-th/0110253;hep-th/0110253;1;1;2
hep-th/0412148;hep-th/0412148;3;8;11
hep-th/9802017;hep-th/9802017;3;15;18
hep-th/9708113;hep-th/9708113;18;16;34
hep-th/9507060;hep-th/9507060;29;24;53
hep-th/9402107;hep-th/9402107;66;16;82
hep-th/9204085;hep-th/9204085;12;0;12
hep-th/9712223;hep-th/9712223;23;0;23
hep-th/9403119;hep-th/9403119;17;19;36
hep-th/9305115;hep-th/9305115;22;0;22
hep-th/9802013;hep-th/9802013;5;12;17
hep-th/9709213;hep-th/9709213;8;16;24
cond-mat/9706172;cond-mat/9706172;5;6;11
hep-th/9612061;hep-th/9612061;15;19;34
hep-th/9601154;hep-th/9601154;23;15;38
hep-th/9406011;hep-th/9406011;5;3;8
hep-th/9603175;hep-th/9603175;10;10;20
hep-th/9607015;hep-th/9607015;12;10;22
hep-th/9610180;hep-th/9610180;8;9;17
hep-th/9604118;hep-th/9604118;21;25;46
gr-qc/9603057;gr-qc/9603057;4;1;5
hep-th/9505121;hep-th/9505121;3;9;12
hep-th/9705209;hep-th/9705209;5;45;50
0806.3376;0806.3376;0;10;10
0802.1624;0802.1624;0;30;30
hep-th/0610175;hep-th/0610175;3;21;24
math/0511155;math/0511155;5;5;10
hep-th/0703279;hep-th/0703279;9;28;37
0909.0696;0909.0696;0;30;30
0804.4159;0804.4159;0;17;17
hep-th/9507145;hep-th/9507145;4;24;28
hep-th/9507024;hep-th/9507024;3;9;12
hep-th/9502090;hep-th/9502090;1;5;6
hep-th/0408006;hep-th/0408006;0;9;9
hep-th/9903017;hep-th/9903017;11;6;17
hep-th/9707137;hep-th/9707137;4;1;5
hep-th/9802200;hep-th/9802200;1;2;3
hep-th/0305196;hep-th/0305196;16;20;36
hep-th/0512310;hep-th/0512310;7;5;12
nlin/0310012;nlin/0310012;1;0;1
hep-th/0408005;hep-th/0408005;3;14;17
hep-th/9603067;hep-th/9603067;2;0;2
hep-th/0403153;hep-th/0403153;1;20;21
gr-qc/9504020;gr-qc/9504020;7;13;20
gr-qc/9806028;gr-qc/9806028;12;5;17
0902.3750;0902.3750;0;11;11
hep-th/0608185;hep-th/0608185;5;14;19
hep-th/0611138;hep-th/0611138;6;63;69
0807.0098;0807.0098;0;8;8
hep-th/0406152;hep-th/0406152;5;6;11
hep-th/0303122;hep-th/0303122;7;23;30
math/0011103;math/0011103;2;4;6
math/0005124;math/0005124;3;3;6
math/9907166;math/9907166;3;0;3
0809.3623;0809.3623;0;24;24
hep-th/0612142;hep-th/0612142;8;21;29
hep-th/0611223;hep-th/0611223;6;26;32
hep-th/0512304;hep-th/0512304;13;37;50
gr-qc/0609006;gr-qc/0609006;9;35;44
hep-th/0512070;hep-th/0512070;14;26;40
hep-th/0702216;hep-th/0702216;11;2;13
hep-th/0506181;hep-th/0506181;20;26;46
hep-th/9705093;hep-th/9705093;27;21;48
0808.0506;0808.0506;0;14;14
0912.3798;0912.3798;0;36;36
gr-qc/0609093;gr-qc/0609093;8;41;49
0804.3721;0804.3721;0;6;6
0910.1179;0910.1179;0;5;5
0711.4678;0711.4678;0;6;6
hep-th/0506169;hep-th/0506169;14;21;35
0709.3568;0709.3568;0;40;40
hep-th/0702131;hep-th/0702131;9;39;48
hep-th/0303123;hep-th/0303123;3;3;6
0810.2374;0810.2374;0;17;17
hep-th/0610313;hep-th/0610313;1;35;36
gr-qc/0404058;gr-qc/0404058;4;5;9
gr-qc/0406114;gr-qc/0406114;2;8;10
0908.0953;0908.0953;0;16;16
gr-qc/0603085;gr-qc/0603085;4;11;15
hep-th/9601155;hep-th/9601155;2;4;6
hep-th/9207066;hep-th/9207066;7;0;7
gr-qc/0605087;gr-qc/0605087;4;23;27
gr-qc/9912095;gr-qc/9912095;5;4;9
0908.0955;0908.0955;0;13;13
hep-ph/9501293;hep-ph/9501293;9;0;9
hep-ph/9402275;hep-ph/9402275;6;2;8
0901.4674;0901.4674;0;19;19
gr-qc/0608069;gr-qc/0608069;5;3;8
hep-th/0001095;hep-th/0001095;4;0;4
hep-th/0109199;hep-th/0109199;5;0;5
hep-th/9711084;hep-th/9711084;31;33;64
hep-th/9211055;hep-th/9211055;2;0;2
hep-th/0606217;hep-th/0606217;2;1;3
0809.4396;0809.4396;0;19;19
hep-th/9802113;hep-th/9802113;13;17;30
hep-th/9708051;hep-th/9708051;32;13;45
hep-th/0402035;hep-th/0402035;10;29;39
hep-th/9811055;hep-th/9811055;4;6;10
hep-th/0611007;hep-th/0611007;1;5;6
hep-th/0406049;hep-th/0406049;3;19;22
quant-ph/0305150;quant-ph/0305150;5;0;5
hep-th/0606080;hep-th/0606080;2;8;10
hep-th/9707221;hep-th/9707221;7;0;7
hep-th/0511113;hep-th/0511113;13;21;34
hep-lat/0411032;hep-lat/0411032;0;9;9
hep-th/9707037;hep-th/9707037;0;8;8
hep-th/9510221;hep-th/9510221;13;1;14
hep-th/9504046;hep-th/9504046;3;2;5
hep-th/9206062;hep-th/9206062;1;1;2
hep-th/9601019;hep-th/9601019;3;1;4
hep-th/9707036;hep-th/9707036;0;10;10
hep-th/9707034;hep-th/9707034;2;7;9
hep-th/9611200;hep-th/9611200;2;0;2
hep-th/9303152;hep-th/9303152;8;2;10
hep-th/9306018;hep-th/9306018;12;0;12
hep-th/9707033;hep-th/9707033;8;8;16
hep-th/9707032;hep-th/9707032;0;9;9
hep-th/9707031;hep-th/9707031;2;5;7
hep-th/9401046;hep-th/9401046;7;3;10
hep-th/0007253;hep-th/0007253;4;40;44
hep-th/9904129;hep-th/9904129;37;24;61
hep-th/9905056;hep-th/9905056;12;21;33
hep-th/9904112;hep-th/9904112;21;16;37
hep-ph/9907494;hep-ph/9907494;19;12;31
hep-ph/9612413;hep-ph/9612413;6;3;9
hep-th/9904195;hep-th/9904195;7;6;13
hep-th/9709167;hep-th/9709167;2;0;2
hep-th/9709024;hep-th/9709024;9;1;10
hep-th/9903076;hep-th/9903076;4;2;6
hep-th/9712104;hep-th/9712104;4;1;5
hep-ph/9606238;hep-ph/9606238;9;6;15
hep-th/9707187;hep-th/9707187;3;0;3
hep-th/9712108;hep-th/9712108;10;1;11
hep-th/9709144;hep-th/9709144;14;1;15
hep-th/9707038;hep-th/9707038;1;3;4
hep-th/9408163;hep-th/9408163;4;0;4
hep-th/9406021;hep-th/9406021;11;2;13
hep-th/9810043;hep-th/9810043;1;11;12
hep-ph/9802370;hep-ph/9802370;13;16;29
hep-th/9709140;hep-th/9709140;4;1;5
hep-ph/9708363;hep-ph/9708363;10;2;12
hep-th/9806118;hep-th/9806118;7;2;9
hep-th/9805060;hep-th/9805060;4;3;7
hep-th/9802107;hep-th/9802107;12;14;26
hep-th/9810040;hep-th/9810040;9;8;17
hep-th/9810047;hep-th/9810047;0;5;5
hep-th/9310024;hep-th/9310024;5;2;7
hep-th/9806090;hep-th/9806090;9;4;13
hep-th/9301066;hep-th/9301066;2;0;2
hep-th/9807085;hep-th/9807085;3;26;29
hep-th/9810045;hep-th/9810045;0;3;3
hep-th/9707254;hep-th/9707254;1;0;1
hep-th/9607080;hep-th/9607080;2;2;4
hep-th/9810044;hep-th/9810044;3;6;9
hep-th/9704063;hep-th/9704063;4;4;8
hep-th/9703131;hep-th/9703131;6;1;7
hep-th/9606029;hep-th/9606029;4;14;18
hep-th/9708032;hep-th/9708032;4;2;6
hep-th/9810048;hep-th/9810048;1;4;5
hep-th/9705077;hep-th/9705077;7;3;10
hep-th/9409085;hep-th/9409085;15;0;15
hep-th/9712210;hep-th/9712210;7;4;11
math/0306135;math/0306135;2;17;19
hep-th/9812049;hep-th/9812049;14;53;67
hep-th/0010189;hep-th/0010189;1;30;31
hep-th/9912255;hep-th/9912255;24;9;33
0805.3549;0805.3549;0;29;29
hep-th/0310211;hep-th/0310211;9;12;21
hep-th/0601081;hep-th/0601081;21;31;52
hep-th/0503196;hep-th/0503196;8;11;19
hep-th/0603061;hep-th/0603061;6;8;14
hep-th/0002077;hep-th/0002077;15;13;28
hep-th/0512255;hep-th/0512255;10;42;52
hep-th/0512014;hep-th/0512014;8;23;31
hep-th/0010188;hep-th/0010188;0;1;1
hep-th/0010018;hep-th/0010018;1;0;1
0904.0222;0904.0222;0;12;12
hep-th/9307142;hep-th/9307142;2;0;2
hep-th/9907039;hep-th/9907039;11;5;16
hep-th/9609080;hep-th/9609080;10;7;17
hep-th/9806148;hep-th/9806148;8;4;12
hep-ph/9807286;hep-ph/9807286;3;4;7
0807.0867;0807.0867;0;4;4
cond-mat/9806041;cond-mat/9806041;2;10;12
hep-th/9907033;hep-th/9907033;0;20;20
hep-th/9904019;hep-th/9904019;13;44;57
astro-ph/9903225;astro-ph/9903225;8;1;9
hep-th/9907035;hep-th/9907035;3;2;5
hep-th/9805059;hep-th/9805059;9;2;11
hep-th/9907037;hep-th/9907037;2;6;8
hep-th/9907036;hep-th/9907036;0;28;28
hep-th/9801120;hep-th/9801120;14;38;52
hep-th/9801070;hep-th/9801070;25;48;73
hep-th/9801034;hep-th/9801034;12;21;33
hep-th/0501008;hep-th/0501008;3;20;23
hep-th/0209213;hep-th/0209213;8;13;21
hep-th/0011005;hep-th/0011005;8;4;12
hep-th/0105223;hep-th/0105223;8;5;13
quant-ph/0003086;quant-ph/0003086;10;6;16
hep-ph/0207111;hep-ph/0207111;2;9;11
math/0206237;math/0206237;10;0;10
hep-ph/9909543;hep-ph/9909543;6;4;10
hep-th/0209216;hep-th/0209216;0;2;2
hep-th/9911051;hep-th/9911051;9;4;13
hep-th/0209214;hep-th/0209214;9;21;30
hep-th/0111061;hep-th/0111061;5;11;16
hep-th/0109107;hep-th/0109107;14;40;54
hep-th/0106046;hep-th/0106046;13;26;39
hep-th/0209148;hep-th/0209148;15;39;54
gr-qc/9712002;gr-qc/9712002;2;3;5
0911.2396;0911.2396;0;52;52
hep-th/0601167;hep-th/0601167;6;18;24
gr-qc/9708027;gr-qc/9708027;7;7;14
0901.3026;0901.3026;0;19;19
gr-qc/9712004;gr-qc/9712004;1;5;6
hep-th/9604172;hep-th/9604172;3;2;5
hep-th/9307095;hep-th/9307095;9;1;10
0711.1506;0711.1506;0;2;2
hep-ph/0405097;hep-ph/0405097;16;2;18
hep-th/0306224;hep-th/0306224;8;32;40
hep-ph/9708396;hep-ph/9708396;5;0;5
hep-th/0004096;hep-th/0004096;3;13;16
hep-th/9802041;hep-th/9802041;8;39;47
hep-ph/0201178;hep-ph/0201178;3;14;17
hep-ph/0111080;hep-ph/0111080;5;78;83
hep-ph/0112118;hep-ph/0112118;13;2;15
hep-ph/9602350;hep-ph/9602350;19;3;22
hep-th/0702181;hep-th/0702181;2;5;7
hep-th/0502071;hep-th/0502071;2;15;17
hep-th/0004090;hep-th/0004090;32;18;50
hep-th/9907077;hep-th/9907077;13;8;21
hep-th/9906118;hep-th/9906118;8;3;11
math/0204281;math/0204281;0;32;32
hep-th/0009111;hep-th/0009111;4;10;14
hep-th/0001158;hep-th/0001158;7;10;17
math/9902064;math/9902064;9;7;16
hep-th/9308145;hep-th/9308145;4;0;4
gr-qc/9301008;gr-qc/9301008;2;12;14
hep-th/9206055;hep-th/9206055;22;2;24
hep-th/9210050;hep-th/9210050;16;12;28
gr-qc/9611069;gr-qc/9611069;2;5;7
gr-qc/9911069;gr-qc/9911069;1;3;4
gr-qc/9602050;gr-qc/9602050;8;5;13
gr-qc/9611067;gr-qc/9611067;7;3;10
gr-qc/9302037;gr-qc/9302037;3;1;4
quant-ph/0004041;quant-ph/0004041;3;11;14
gr-qc/9412013;gr-qc/9412013;3;2;5
hep-th/9804036;hep-th/9804036;7;7;14
hep-th/9604180;hep-th/9604180;5;0;5
quant-ph/9902067;quant-ph/9902067;1;7;8
astro-ph/0501515;astro-ph/0501515;5;24;29
astro-ph/0405630;astro-ph/0405630;2;8;10
hep-ph/0302208;hep-ph/0302208;8;13;21
astro-ph/0402379;astro-ph/0402379;17;16;33
astro-ph/0307227;astro-ph/0307227;17;12;29
hep-th/9208028;hep-th/9208028;7;2;9
hep-th/9112009;hep-th/9112009;28;0;28
hep-th/9208025;hep-th/9208025;0;5;5
hep-th/9208022;hep-th/9208022;2;2;4
hep-th/9208020;hep-th/9208020;6;2;8
hep-th/9208021;hep-th/9208021;0;2;2
hep-th/9711192;hep-th/9711192;1;11;12
hep-ph/9601357;hep-ph/9601357;20;18;38
hep-th/9506022;hep-th/9506022;14;9;23
hep-th/0303228;hep-th/0303228;3;6;9
hep-th/0205072;hep-th/0205072;11;16;27
gr-qc/0611019;gr-qc/0611019;12;21;33
gr-qc/0509113;gr-qc/0509113;14;6;20
gr-qc/0605136;gr-qc/0605136;11;8;19
0806.1996;0806.1996;0;8;8
hep-th/0008078;hep-th/0008078;6;4;10
hep-th/0410137;hep-th/0410137;5;0;5
hep-th/0308061;hep-th/0308061;14;20;34
hep-ph/0504102;hep-ph/0504102;7;60;67
hep-th/0410283;hep-th/0410283;3;26;29
hep-th/0505019;hep-th/0505019;5;26;31
hep-lat/0105006;hep-lat/0105006;11;0;11
hep-lat/0006027;hep-lat/0006027;12;4;16
hep-th/0702183;hep-th/0702183;1;5;6
hep-th/0007132;hep-th/0007132;7;1;8
quant-ph/0411026;quant-ph/0411026;1;4;5
hep-th/0112156;hep-th/0112156;3;2;5
math-ph/0401015;math-ph/0401015;2;0;2
hep-th/0107170;hep-th/0107170;6;1;7
0912.5186;0912.5186;0;14;14
hep-th/0001070;hep-th/0001070;8;21;29
hep-th/0601033;hep-th/0601033;0;2;2
hep-th/0306271;hep-th/0306271;2;5;7
hep-th/9311105;hep-th/9311105;14;1;15
cond-mat/0202422;cond-mat/0202422;16;16;32
cond-mat/0606195;cond-mat/0606195;11;9;20
0805.1247;0805.1247;0;4;4
hep-ph/0407019;hep-ph/0407019;5;4;9
hep-th/0510056;hep-th/0510056;2;28;30
hep-th/0512299;hep-th/0512299;19;75;94
0908.2621;0908.2621;0;8;8
0908.2625;0908.2625;0;21;21
hep-th/9612241;hep-th/9612241;3;29;32
hep-th/9210117;hep-th/9210117;6;3;9
hep-th/9607187;hep-th/9607187;11;19;30
hep-th/9207101;hep-th/9207101;11;0;11
hep-lat/0206018;hep-lat/0206018;4;2;6
astro-ph/0311175;astro-ph/0311175;15;10;25
hep-th/0403138;hep-th/0403138;2;16;18
hep-th/0310296;hep-th/0310296;5;17;22
gr-qc/0005127;gr-qc/0005127;22;8;30
hep-th/0401234;hep-th/0401234;8;11;19
hep-th/0401084;hep-th/0401084;12;23;35
hep-th/0411206;hep-th/0411206;10;20;30
hep-th/0402065;hep-th/0402065;11;0;11
hep-th/0104171;hep-th/0104171;39;0;39
hep-th/0205274;hep-th/0205274;5;18;23
hep-th/0211049;hep-th/0211049;27;22;49
hep-th/0412049;hep-th/0412049;14;27;41
hep-th/9310174;hep-th/9310174;20;2;22
hep-th/0411274;hep-th/0411274;14;26;40
hep-th/0406126;hep-th/0406126;8;10;18
hep-th/0305169;hep-th/0305169;28;9;37
hep-th/0601035;hep-th/0601035;1;3;4
hep-th/9511023;hep-th/9511023;2;0;2
0908.1558;0908.1558;0;1;1
hep-th/0504012;hep-th/0504012;6;4;10
hep-th/0305237;hep-th/0305237;10;25;35
hep-th/0301129;hep-th/0301129;16;0;16
hep-ph/0410117;hep-ph/0410117;1;8;9
hep-th/9612240;hep-th/9612240;8;32;40
hep-th/9505015;hep-th/9505015;2;0;2
hep-ph/0605188;hep-ph/0605188;10;1;11
hep-th/0602182;hep-th/0602182;4;0;4
hep-th/9811231;hep-th/9811231;8;8;16
hep-th/0306125;hep-th/0306125;6;11;17
hep-th/0306007;hep-th/0306007;8;42;50
hep-th/9811132;hep-th/9811132;2;9;11
hep-th/0306124;hep-th/0306124;0;19;19
hep-th/0306123;hep-th/0306123;2;13;15
hep-th/0305019;hep-th/0305019;6;15;21
hep-th/0011116;hep-th/0011116;7;5;12
hep-th/0302190;hep-th/0302190;12;17;29
hep-th/0103146;hep-th/0103146;26;14;40
hep-th/0112073;hep-th/0112073;14;0;14
hep-th/9710191;hep-th/9710191;18;17;35
hep-th/0212035;hep-th/0212035;3;19;22
nlin/0608063;nlin/0608063;3;10;13
nlin/0210046;nlin/0210046;4;10;14
nlin/0307046;nlin/0307046;4;21;25
hep-th/0004139;hep-th/0004139;2;2;4
hep-th/0004138;hep-th/0004138;2;4;6
0712.1793;0712.1793;0;25;25
hep-th/0004132;hep-th/0004132;6;3;9
hep-th/9603189;hep-th/9603189;3;0;3
hep-th/9703144;hep-th/9703144;6;5;11
hep-th/9904048;hep-th/9904048;4;4;8
hep-ph/9710343;hep-ph/9710343;3;1;4
hep-th/0004137;hep-th/0004137;2;9;11
hep-th/0002234;hep-th/0002234;3;6;9
hep-th/9512026;hep-th/9512026;9;1;10
hep-th/9806177;hep-th/9806177;14;42;56
hep-th/9808005;hep-th/9808005;12;18;30
hep-th/0004135;hep-th/0004135;5;11;16
hep-lat/9611029;hep-lat/9611029;8;2;10
hep-th/9611228;hep-th/9611228;4;3;7
hep-th/9109040;hep-th/9109040;16;0;16
gr-qc/9711069;gr-qc/9711069;1;4;5
gr-qc/9709057;gr-qc/9709057;3;0;3
0910.0748;0910.0748;0;11;11
gr-qc/9711066;gr-qc/9711066;2;6;8
hep-th/0307129;hep-th/0307129;1;1;2
hep-th/9908080;hep-th/9908080;3;0;3
hep-th/0702066;hep-th/0702066;4;10;14
hep-th/0605143;hep-th/0605143;9;38;47
hep-ph/0507303;hep-ph/0507303;12;9;21
hep-ph/0512203;hep-ph/0512203;7;15;22
hep-ph/0406219;hep-ph/0406219;9;6;15
hep-th/0609031;hep-th/0609031;7;9;16
hep-ph/0602251;hep-ph/0602251;7;10;17
hep-th/9612245;hep-th/9612245;0;6;6
hep-th/9603187;hep-th/9603187;13;31;44
0811.0068;0811.0068;0;6;6
gr-qc/0403062;gr-qc/0403062;17;0;17
astro-ph/0506499;astro-ph/0506499;6;7;13
hep-th/0302072;hep-th/0302072;2;12;14
0910.1917;0910.1917;0;1;1
0811.2877;0811.2877;0;8;8
math-ph/0609025;math-ph/0609025;8;3;11
gr-qc/0612140;gr-qc/0612140;3;4;7
0811.2873;0811.2873;0;33;33
hep-th/9609111;hep-th/9609111;15;0;15
solv-int/9704004;solv-int/9704004;10;20;30
hep-th/9605092;hep-th/9605092;3;1;4
hep-th/9702083;hep-th/9702083;24;44;68
hep-th/9406077;hep-th/9406077;2;0;2
hep-th/0609024;hep-th/0609024;10;17;27
math/0503034;math/0503034;2;1;3
0810.3861;0810.3861;0;6;6
hep-th/0006011;hep-th/0006011;32;32;64
gr-qc/9306018;gr-qc/9306018;8;6;14
gr-qc/9305025;gr-qc/9305025;4;0;4
hep-th/9306032;hep-th/9306032;3;1;4
hep-th/0212081;hep-th/0212081;9;44;53
0901.4079;0901.4079;0;5;5
hep-th/0503211;hep-th/0503211;8;33;41
hep-th/0003157;hep-th/0003157;10;12;22
hep-ph/0412002;hep-ph/0412002;11;13;24
0901.3226;0901.3226;0;29;29
astro-ph/0408464;astro-ph/0408464;10;0;10
hep-th/9612247;hep-th/9612247;1;4;5
cond-mat/9504107;cond-mat/9504107;6;8;14
0905.2552;0905.2552;0;6;6
0909.2075;0909.2075;0;4;4
hep-th/0609025;hep-th/0609025;0;1;1
hep-th/0312253;hep-th/0312253;7;37;44
hep-th/9502002;hep-th/9502002;17;20;37
hep-th/0406167;hep-th/0406167;4;13;17
hep-th/0401079;hep-th/0401079;5;14;19
hep-th/0309035;hep-th/0309035;7;12;19
hep-th/0411028;hep-th/0411028;5;1;6
math-ph/9810003;math-ph/9810003;6;0;6
hep-th/0511077;hep-th/0511077;1;9;10
hep-th/0105236;hep-th/0105236;9;14;23
hep-th/0002179;hep-th/0002179;12;0;12
quant-ph/0607024;quant-ph/0607024;2;5;7
hep-th/0104160;hep-th/0104160;10;5;15
hep-th/0511075;hep-th/0511075;0;18;18
hep-th/0012053;hep-th/0012053;6;30;36
hep-th/0309093;hep-th/0309093;5;3;8
hep-th/9312117;hep-th/9312117;15;3;18
hep-th/0107214;hep-th/0107214;17;19;36
hep-th/0306168;hep-th/0306168;1;19;20
hep-th/0309092;hep-th/0309092;19;68;87
gr-qc/0312065;gr-qc/0312065;6;9;15
hep-th/0405235;hep-th/0405235;4;16;20
hep-th/9604079;hep-th/9604079;1;4;5
hep-th/9411045;hep-th/9411045;10;2;12
hep-th/0411027;hep-th/0411027;2;12;14
hep-th/0312151;hep-th/0312151;3;16;19
hep-th/9410121;hep-th/9410121;8;3;11
hep-th/0307240;hep-th/0307240;6;14;20
hep-th/0310183;hep-th/0310183;4;5;9
hep-th/0312152;hep-th/0312152;1;10;11
hep-th/9409003;hep-th/9409003;2;1;3
hep-th/0411024;hep-th/0411024;0;7;7
hep-th/0102012;hep-th/0102012;7;2;9
math/9808133;math/9808133;12;0;12
hep-th/9612074;hep-th/9612074;5;7;12
hep-th/9506146;hep-th/9506146;6;7;13
math/0702802;math/0702802;1;12;13
math/9906040;math/9906040;4;0;4
hep-th/0010159;hep-th/0010159;4;0;4
math/0701893;math/0701893;4;0;4
0805.0613;0805.0613;0;2;2
hep-th/9503123;hep-th/9503123;0;1;1
hep-th/9503122;hep-th/9503122;0;9;9
hep-th/9409007;hep-th/9409007;0;3;3
hep-th/9302091;hep-th/9302091;9;8;17
hep-th/0011175;hep-th/0011175;28;29;57
hep-th/0510105;hep-th/0510105;5;12;17
hep-th/0105284;hep-th/0105284;28;30;58
0911.0802;0911.0802;0;3;3
0902.1333;0902.1333;0;7;7
0711.1174;0711.1174;0;22;22
0706.1675;0706.1675;0;19;19
hep-th/0612058;hep-th/0612058;1;27;28
hep-ph/9906296;hep-ph/9906296;24;6;30
hep-th/0105174;hep-th/0105174;6;35;41
hep-th/9805178;hep-th/9805178;22;10;32
hep-th/0404218;hep-th/0404218;3;2;5
math/0606401;math/0606401;4;3;7
math/0506037;math/0506037;2;0;2
math/0605192;math/0605192;1;0;1
hep-th/0109188;hep-th/0109188;1;0;1
0906.5134;0906.5134;0;16;16
hep-th/0609038;hep-th/0609038;6;37;43
hep-ph/9911257;hep-ph/9911257;7;4;11
0711.0659;0711.0659;0;14;14
hep-lat/0312022;hep-lat/0312022;12;4;16
hep-th/0602285;hep-th/0602285;3;17;20
astro-ph/9706181;astro-ph/9706181;0;2;2
astro-ph/9609005;astro-ph/9609005;3;1;4
hep-th/9603153;hep-th/9603153;6;0;6
hep-th/9410094;hep-th/9410094;5;1;6
hep-th/9307139;hep-th/9307139;6;6;12
0905.1664;0905.1664;0;8;8
0905.1665;0905.1665;0;7;7
gr-qc/0307115;gr-qc/0307115;1;9;10
0711.3992;0711.3992;0;12;12
hep-th/0309209;hep-th/0309209;7;15;22
hep-th/0309206;hep-th/0309206;0;10;10
hep-th/0306129;hep-th/0306129;5;0;5
math/0211055;math/0211055;1;4;5
gr-qc/9705040;gr-qc/9705040;11;7;18
hep-th/0102050;hep-th/0102050;30;7;37
hep-ph/0301239;hep-ph/0301239;23;42;65
hep-th/0206084;hep-th/0206084;8;17;25
gr-qc/0207009;gr-qc/0207009;10;6;16
hep-th/0309202;hep-th/0309202;10;33;43
hep-th/0309200;hep-th/0309200;12;31;43
gr-qc/0212113;gr-qc/0212113;17;0;17
hep-th/0212206;hep-th/0212206;4;18;22
hep-th/0303155;hep-th/0303155;15;27;42
hep-th/9610075;hep-th/9610075;0;3;3
hep-th/9605216;hep-th/9605216;16;20;36
0803.2547;0803.2547;0;17;17
gr-qc/0512052;gr-qc/0512052;7;23;30
hep-th/0701193;hep-th/0701193;12;27;39
hep-th/9610078;hep-th/9610078;0;7;7
hep-th/9211024;hep-th/9211024;2;1;3
hep-th/9604006;hep-th/9604006;12;4;16
hep-th/9604074;hep-th/9604074;9;7;16
hep-th/9610079;hep-th/9610079;13;7;20
0811.1203;0811.1203;0;22;22
hep-th/0609021;hep-th/0609021;0;7;7
0903.0141;0903.0141;0;28;28
0912.0377;0912.0377;0;4;4
hep-th/9902025;hep-th/9902025;5;4;9
hep-th/0607126;hep-th/0607126;1;4;5
0907.1535;0907.1535;0;61;61
hep-ph/0503290;hep-ph/0503290;9;18;27
0904.1087;0904.1087;0;18;18
hep-th/0609099;hep-th/0609099;15;13;28
gr-qc/0307043;gr-qc/0307043;13;7;20
gr-qc/0308065;gr-qc/0308065;7;10;17
gr-qc/0004063;gr-qc/0004063;17;33;50
gr-qc/9907037;gr-qc/9907037;17;21;38
gr-qc/0406066;gr-qc/0406066;4;7;11
hep-th/0611332;hep-th/0611332;17;76;93
0803.0943;0803.0943;0;44;44
hep-th/0504048;hep-th/0504048;1;5;6
math-ph/0512037;math-ph/0512037;5;19;24
cond-mat/0410557;cond-mat/0410557;5;6;11
hep-lat/0208030;hep-lat/0208030;14;11;25
cond-mat/0511272;cond-mat/0511272;0;3;3
cond-mat/0508377;cond-mat/0508377;3;4;7
hep-th/0401242;hep-th/0401242;0;9;9
hep-th/0209101;hep-th/0209101;4;22;26
hep-th/0208008;hep-th/0208008;5;22;27
0704.1247;0704.1247;0;10;10
hep-th/0602110;hep-th/0602110;18;30;48
hep-ph/0603190;hep-ph/0603190;1;8;9
hep-ph/0204181;hep-ph/0204181;3;2;5
hep-ph/9805442;hep-ph/9805442;12;4;16
hep-ph/0210317;hep-ph/0210317;2;4;6
hep-ph/9510338;hep-ph/9510338;1;2;3
hep-ph/9408346;hep-ph/9408346;5;1;6
hep-th/9609115;hep-th/9609115;11;9;20
math/0007174;math/0007174;2;9;11
0707.0868;0707.0868;0;9;9
gr-qc/0411076;gr-qc/0411076;7;13;20
hep-th/0506103;hep-th/0506103;0;6;6
hep-th/9805194;hep-th/9805194;6;0;6
hep-th/9805192;hep-th/9805192;6;0;6
hep-th/0506101;hep-th/0506101;5;3;8
hep-th/9805193;hep-th/9805193;6;0;6
cond-mat/9711223;cond-mat/9711223;5;4;9
hep-th/9302121;hep-th/9302121;13;0;13
hep-th/9610239;hep-th/9610239;1;1;2
hep-th/9609163;hep-th/9609163;1;10;11
hep-th/9602147;hep-th/9602147;3;12;15
hep-th/9609164;hep-th/9609164;0;3;3
hep-th/9309092;hep-th/9309092;5;2;7
hep-th/9310063;hep-th/9310063;7;0;7
hep-th/9609165;hep-th/9609165;0;10;10
hep-th/9604046;hep-th/9604046;1;0;1
hep-th/9312085;hep-th/9312085;4;1;5
cond-mat/9506109;cond-mat/9506109;1;0;1
hep-th/9608072;hep-th/9608072;1;6;7
hep-th/9512101;hep-th/9512101;6;2;8
hep-th/9604149;hep-th/9604149;4;4;8
hep-th/9303145;hep-th/9303145;11;0;11
hep-th/9605116;hep-th/9605116;11;3;14
hep-th/9507152;hep-th/9507152;5;0;5
hep-ph/9606344;hep-ph/9606344;11;4;15
hep-th/9405086;hep-th/9405086;11;14;25
hep-th/9210062;hep-th/9210062;18;0;18
hep-th/9406008;hep-th/9406008;9;25;34
hep-th/9609169;hep-th/9609169;1;4;5
hep-th/9503062;hep-th/9503062;6;0;6
0712.2377;0712.2377;0;12;12
cond-mat/0209580;cond-mat/0209580;12;11;23
hep-th/0409214;hep-th/0409214;2;12;14
hep-th/0412026;hep-th/0412026;4;16;20
hep-ph/0307036;hep-ph/0307036;6;14;20
hep-th/9305105;hep-th/9305105;0;3;3
hep-th/9206097;hep-th/9206097;17;0;17
hep-th/9305106;hep-th/9305106;1;2;3
hep-th/9305101;hep-th/9305101;0;2;2
hep-th/9302092;hep-th/9302092;2;2;4
0907.1079;0907.1079;0;7;7
hep-th/0511097;hep-th/0511097;2;29;31
0907.1078;0907.1078;0;3;3
gr-qc/0611116;gr-qc/0611116;2;5;7
hep-th/0502052;hep-th/0502052;6;1;7
hep-th/0606151;hep-th/0606151;2;9;11
hep-th/0603106;hep-th/0603106;5;6;11
hep-th/0611280;hep-th/0611280;2;0;2
math/0408266;math/0408266;9;6;15
hep-th/0605119;hep-th/0605119;4;2;6
alg-geom/9304007;alg-geom/9304007;10;0;10
hep-th/9811087;hep-th/9811087;4;27;31
hep-th/0606152;hep-th/0606152;6;29;35
hep-th/0108151;hep-th/0108151;3;10;13
hep-th/0511275;hep-th/0511275;4;16;20
hep-th/0503244;hep-th/0503244;21;10;31
hep-th/0401240;hep-th/0401240;9;4;13
hep-th/0308111;hep-th/0308111;8;9;17
hep-th/9906167;hep-th/9906167;35;5;40
hep-th/0606154;hep-th/0606154;3;25;28
hep-th/9712129;hep-th/9712129;3;3;6
hep-th/9705027;hep-th/9705027;13;12;25
hep-th/9712126;hep-th/9712126;3;3;6
hep-th/9405129;hep-th/9405129;7;1;8
hep-th/9502024;hep-th/9502024;15;0;15
hep-th/9711095;hep-th/9711095;6;4;10
hep-th/9712125;hep-th/9712125;5;18;23
hep-th/9710234;hep-th/9710234;2;4;6
hep-th/9608092;hep-th/9608092;7;2;9
hep-th/9711085;hep-th/9711085;6;2;8
hep-th/9608083;hep-th/9608083;11;4;15
cond-mat/9706048;cond-mat/9706048;12;11;23
hep-th/9506107;hep-th/9506107;3;3;6
hep-th/9506108;hep-th/9506108;9;5;14
hep-th/0206086;hep-th/0206086;13;25;38
hep-th/9907213;hep-th/9907213;10;2;12
hep-th/9308087;hep-th/9308087;3;1;4
hep-th/9308081;hep-th/9308081;0;2;2
hep-th/9208052;hep-th/9208052;3;0;3
hep-th/9207027;hep-th/9207027;3;0;3
hep-th/9306088;hep-th/9306088;2;1;3
0708.3788;0708.3788;0;8;8
hep-th/0409273;hep-th/0409273;8;27;35
math/0309126;math/0309126;0;2;2
hep-th/9307117;hep-th/9307117;10;0;10
hep-th/9903016;hep-th/9903016;1;1;2
hep-th/9903015;hep-th/9903015;1;14;15
hep-th/9803162;hep-th/9803162;3;36;39
hep-th/9612153;hep-th/9612153;12;19;31
hep-th/9903014;hep-th/9903014;4;17;21
hep-th/9804057;hep-th/9804057;4;25;29
hep-th/9603154;hep-th/9603154;5;0;5
hep-th/9808045;hep-th/9808045;14;4;18
hep-th/9906023;hep-th/9906023;1;77;78
hep-th/9807183;hep-th/9807183;9;28;37
hep-th/9612086;hep-th/9612086;13;14;27
hep-th/9710068;hep-th/9710068;8;24;32
hep-th/9809180;hep-th/9809180;5;14;19
hep-th/9607125;hep-th/9607125;18;24;42
hep-th/9705166;hep-th/9705166;4;70;74
hep-th/9812085;hep-th/9812085;7;24;31
hep-th/9708073;hep-th/9708073;5;26;31
hep-th/9703066;hep-th/9703066;3;13;16
hep-th/9906025;hep-th/9906025;0;3;3
hep-th/9906024;hep-th/9906024;0;8;8
gr-qc/9612052;gr-qc/9612052;7;9;16
hep-th/9906027;hep-th/9906027;7;68;75
hep-th/9903002;hep-th/9903002;13;18;31
hep-th/9903182;hep-th/9903182;1;62;63
hep-th/9711145;hep-th/9711145;26;0;26
hep-th/9612134;hep-th/9612134;4;24;28
hep-th/9808156;hep-th/9808156;14;0;14
hep-th/9903252;hep-th/9903252;4;35;39
hep-th/9906029;hep-th/9906029;3;40;43
hep-th/9404126;hep-th/9404126;2;12;14
hep-th/9810091;hep-th/9810091;11;11;22
hep-th/9801130;hep-th/9801130;2;0;2
hep-th/9906028;hep-th/9906028;0;16;16
hep-th/9608075;hep-th/9608075;1;6;7
hep-th/9603085;hep-th/9603085;2;0;2
0805.2509;0805.2509;0;34;34
hep-th/0503174;hep-th/0503174;8;14;22
hep-th/0510106;hep-th/0510106;4;14;18
hep-th/0607191;hep-th/0607191;7;6;13
hep-th/0207157;hep-th/0207157;7;38;45
0902.0447;0902.0447;0;2;2
hep-th/0210151;hep-th/0210151;0;7;7
hep-th/0008156;hep-th/0008156;1;10;11
0803.3304;0803.3304;0;13;13
hep-th/0703097;hep-th/0703097;8;20;28
hep-th/0303078;hep-th/0303078;5;5;10
hep-th/0610183;hep-th/0610183;2;2;4
hep-th/0210156;hep-th/0210156;10;4;14
0711.4673;0711.4673;0;2;2
hep-th/0609121;hep-th/0609121;4;4;8
hep-th/0408056;hep-th/0408056;7;2;9
hep-ph/0210219;hep-ph/0210219;3;7;10
hep-ph/9301256;hep-ph/9301256;8;1;9
hep-th/0208021;hep-th/0208021;2;37;39
hep-th/0701181;hep-th/0701181;10;6;16
hep-th/0309066;hep-th/0309066;29;34;63
hep-th/9401022;hep-th/9401022;0;1;1
hep-th/9401027;hep-th/9401027;12;5;17
hep-th/9206082;hep-th/9206082;4;1;5
hep-th/9205099;hep-th/9205099;6;1;7
hep-th/9401026;hep-th/9401026;1;3;4
hep-th/9210031;hep-th/9210031;15;0;15
hep-th/9309064;hep-th/9309064;13;4;17
hep-ph/9505302;hep-ph/9505302;6;5;11
hep-th/9911166;hep-th/9911166;6;6;12
hep-th/0104068;hep-th/0104068;22;39;61
hep-th/9906134;hep-th/9906134;9;14;23
hep-th/0006228;hep-th/0006228;18;30;48
hep-th/0003209;hep-th/0003209;7;2;9
hep-th/9706104;hep-th/9706104;1;1;2
hep-th/9701142;hep-th/9701142;18;25;43
hep-th/0104069;hep-th/0104069;8;17;25
hep-th/0104065;hep-th/0104065;15;17;32
hep-th/0007202;hep-th/0007202;5;19;24
hep-th/0003284;hep-th/0003284;7;36;43
hep-th/9906085;hep-th/9906085;5;15;20
hep-th/0104062;hep-th/0104062;1;5;6
hep-th/0104063;hep-th/0104063;0;3;3
hep-th/9511121;hep-th/9511121;1;3;4
hep-th/9304017;hep-th/9304017;6;0;6
hep-th/9404104;hep-th/9404104;3;4;7
hep-th/0701186;hep-th/0701186;0;13;13
0801.4921;0801.4921;0;27;27
hep-th/0309041;hep-th/0309041;7;13;20
hep-th/0311025;hep-th/0311025;6;13;19
hep-th/0306299;hep-th/0306299;6;20;26
gr-qc/0612166;gr-qc/0612166;8;0;8
astro-ph/0605159;astro-ph/0605159;3;24;27
gr-qc/0702042;gr-qc/0702042;5;7;12
0708.0783;0708.0783;0;19;19
hep-th/0608100;hep-th/0608100;10;21;31
hep-th/0309141;hep-th/0309141;3;17;20
hep-th/0304171;hep-th/0304171;13;30;43
hep-th/0305145;hep-th/0305145;11;15;26
hep-th/0101095;hep-th/0101095;3;21;24
hep-th/0307092;hep-th/0307092;8;32;40
hep-th/0108189;hep-th/0108189;7;16;23
hep-th/0212265;hep-th/0212265;5;28;33
hep-th/0012032;hep-th/0012032;10;0;10
hep-th/0111130;hep-th/0111130;9;23;32
hep-th/0001050;hep-th/0001050;11;2;13
hep-th/0101167;hep-th/0101167;4;5;9
hep-th/9812040;hep-th/9812040;5;1;6
hep-th/0203204;hep-th/0203204;10;24;34
hep-th/0005080;hep-th/0005080;12;10;22
hep-th/0202176;hep-th/0202176;25;21;46
hep-th/0203175;hep-th/0203175;13;14;27
gr-qc/9301016;gr-qc/9301016;10;15;25
hep-th/0203208;hep-th/0203208;8;38;46
hep-th/0202008;hep-th/0202008;14;54;68
hep-th/0201176;hep-th/0201176;12;43;55
hep-th/0201174;hep-th/0201174;13;34;47
hep-th/0112152;hep-th/0112152;15;53;68
hep-th/0111238;hep-th/0111238;21;88;109
hep-th/0203209;hep-th/0203209;0;7;7
hep-th/9702126;hep-th/9702126;3;9;12
hep-th/9706038;hep-th/9706038;2;5;7
hep-th/0011168;hep-th/0011168;1;6;7
hep-th/0309044;hep-th/0309044;6;26;32
hep-th/9812155;hep-th/9812155;9;30;39
hep-th/9804061;hep-th/9804061;15;46;61
hep-th/0303144;hep-th/0303144;8;68;76
hep-th/9810014;hep-th/9810014;16;24;40
hep-th/0112082;hep-th/0112082;2;13;15
hep-th/9509130;hep-th/9509130;20;19;39
hep-th/0008098;hep-th/0008098;3;6;9
hep-th/9803079;hep-th/9803079;3;6;9
hep-ph/9501285;hep-ph/9501285;7;4;11
hep-ph/9308201;hep-ph/9308201;2;3;5
hep-ph/9212268;hep-ph/9212268;10;0;10
hep-th/0610087;hep-th/0610087;9;0;9
hep-th/0608229;hep-th/0608229;10;30;40
hep-th/9605118;hep-th/9605118;5;11;16
0909.0008;0909.0008;0;22;22
hep-th/9605115;hep-th/9605115;6;3;9
hep-th/9307109;hep-th/9307109;8;3;11
hep-th/9605117;hep-th/9605117;0;17;17
hep-th/9801028;hep-th/9801028;0;1;1
hep-th/9512029;hep-th/9512029;3;2;5
hep-th/9412008;hep-th/9412008;5;6;11
hep-th/9108026;hep-th/9108026;10;0;10
hep-th/9412012;hep-th/9412012;9;1;10
hep-th/0603113;hep-th/0603113;15;36;51
hep-th/0309049;hep-th/0309049;4;20;24
hep-th/0305058;hep-th/0305058;11;30;41
hep-th/0305050;hep-th/0305050;17;54;71
hep-th/0308001;hep-th/0308001;8;25;33
hep-th/0604177;hep-th/0604177;5;14;19
hep-ph/9304214;hep-ph/9304214;6;4;10
hep-th/0604176;hep-th/0604176;1;44;45
hep-th/0509175;hep-th/0509175;13;15;28
hep-th/9701164;hep-th/9701164;2;0;2
math/0512470;math/0512470;1;5;6
hep-th/0604171;hep-th/0604171;4;39;43
hep-th/0301026;hep-th/0301026;12;7;19
hep-th/0406050;hep-th/0406050;19;18;37
hep-th/9809041;hep-th/9809041;10;7;17
hep-th/0604170;hep-th/0604170;2;5;7
hep-th/0001210;hep-th/0001210;6;4;10
hep-th/9702082;hep-th/9702082;10;19;29
hep-th/0404212;hep-th/0404212;3;16;19
hep-th/0305167;hep-th/0305167;2;0;2
hep-th/0007180;hep-th/0007180;1;0;1
hep-th/0309048;hep-th/0309048;2;37;39
hep-th/9811128;hep-th/9811128;8;31;39
0710.2544;0710.2544;0;26;26
hep-th/0207178;hep-th/0207178;9;21;30
0708.0250;0708.0250;0;15;15
hep-th/0406260;hep-th/0406260;9;9;18
gr-qc/0610072;gr-qc/0610072;5;9;14
gr-qc/0603090;gr-qc/0603090;11;10;21
hep-th/9407196;hep-th/9407196;14;5;19
hep-th/9407149;hep-th/9407149;16;1;17
hep-th/9310016;hep-th/9310016;2;10;12
hep-th/0506049;hep-th/0506049;4;14;18
hep-th/0512091;hep-th/0512091;20;30;50
hep-th/0512348;hep-th/0512348;18;33;51
0712.3961;0712.3961;0;3;3
hep-th/0303100;hep-th/0303100;5;5;10
cond-mat/0410121;cond-mat/0410121;2;9;11
cond-mat/0612699;cond-mat/0612699;0;5;5
hep-th/0609153;hep-th/0609153;5;21;26
cond-mat/0606190;cond-mat/0606190;2;4;6
0902.1716;0902.1716;0;32;32
hep-th/9303063;hep-th/9303063;5;2;7
hep-th/9805078;hep-th/9805078;23;18;41
hep-th/9309114;hep-th/9309114;3;1;4
hep-ph/9808469;hep-ph/9808469;16;24;40
hep-th/9501123;hep-th/9501123;3;1;4
hep-th/9207028;hep-th/9207028;9;0;9
hep-th/9409143;hep-th/9409143;3;1;4
hep-th/9205006;hep-th/9205006;11;1;12
hep-th/9603077;hep-th/9603077;2;0;2
0904.2836;0904.2836;0;4;4
quant-ph/0608221;quant-ph/0608221;3;2;5
0904.2835;0904.2835;0;12;12
hep-th/0101086;hep-th/0101086;3;0;3
hep-th/0101140;hep-th/0101140;1;5;6
0904.2833;0904.2833;0;4;4
0804.0295;0804.0295;0;7;7
gr-qc/9406024;gr-qc/9406024;6;0;6
hep-th/0311054;hep-th/0311054;11;7;18
gr-qc/0603101;gr-qc/0603101;9;26;35
gr-qc/9808043;gr-qc/9808043;11;3;14
gr-qc/0612072;gr-qc/0612072;2;0;2
gr-qc/9507018;gr-qc/9507018;11;9;20
hep-th/0610051;hep-th/0610051;3;4;7
hep-ph/0109176;hep-ph/0109176;8;25;33
0710.5105;0710.5105;0;26;26
cond-mat/0611352;cond-mat/0611352;0;10;10
hep-th/0502181;hep-th/0502181;2;20;22
cond-mat/0611353;cond-mat/0611353;2;15;17
hep-th/0005115;hep-th/0005115;21;16;37
cond-mat/9809306;cond-mat/9809306;1;0;1
hep-th/0307036;hep-th/0307036;3;8;11
0911.3168;0911.3168;0;6;6
hep-th/0407097;hep-th/0407097;15;12;27
astro-ph/0703202;astro-ph/0703202;15;35;50
quant-ph/0310088;quant-ph/0310088;0;1;1
cond-mat/0609088;cond-mat/0609088;4;2;6
0911.3160;0911.3160;0;17;17
gr-qc/0511096;gr-qc/0511096;1;6;7
gr-qc/0405131;gr-qc/0405131;2;5;7
hep-th/0512121;hep-th/0512121;5;14;19
hep-th/0512243;hep-th/0512243;9;32;41
hep-th/0511250;hep-th/0511250;23;5;28
hep-th/0610189;hep-th/0610189;3;1;4
hep-th/0610153;hep-th/0610153;3;3;6
0805.3361;0805.3361;0;64;64
hep-ph/9703390;hep-ph/9703390;8;9;17
0910.5401;0910.5401;0;54;54
gr-qc/0403085;gr-qc/0403085;3;10;13
gr-qc/0202097;gr-qc/0202097;5;9;14
gr-qc/9903015;gr-qc/9903015;5;3;8
quant-ph/0309092;quant-ph/0309092;2;5;7
hep-th/0002006;hep-th/0002006;2;15;17
gr-qc/0106030;gr-qc/0106030;5;14;19
gr-qc/9808002;gr-qc/9808002;6;7;13
hep-th/9911148;hep-th/9911148;14;4;18
gr-qc/9910069;gr-qc/9910069;5;16;21
hep-th/9808010;hep-th/9808010;4;2;6
hep-th/0106227;hep-th/0106227;7;13;20
hep-th/0104161;hep-th/0104161;6;3;9
hep-th/9904174;hep-th/9904174;5;7;12
hep-th/9912023;hep-th/9912023;3;10;13
hep-th/0110080;hep-th/0110080;5;6;11
hep-th/9911209;hep-th/9911209;15;9;24
hep-th/0012059;hep-th/0012059;2;21;23
hep-th/0003206;hep-th/0003206;9;26;35
gr-qc/0403083;gr-qc/0403083;0;6;6
gr-qc/0310104;gr-qc/0310104;3;3;6
0805.1736;0805.1736;0;4;4
hep-th/0005083;hep-th/0005083;13;15;28
hep-th/9908062;hep-th/9908062;15;5;20
hep-th/9908043;hep-th/9908043;16;18;34
hep-th/0112030;hep-th/0112030;3;11;14
hep-th/0007189;hep-th/0007189;19;4;23
hep-th/0103061;hep-th/0103061;9;11;20
hep-th/0006229;hep-th/0006229;7;4;11
cond-mat/0012370;cond-mat/0012370;4;0;4
hep-th/0112036;hep-th/0112036;1;16;17
hep-th/0111147;hep-th/0111147;2;14;16
hep-ph/0003237;hep-ph/0003237;3;2;5
hep-th/0112037;hep-th/0112037;4;37;41
hep-th/0007200;hep-th/0007200;6;0;6
hep-th/0004030;hep-th/0004030;10;29;39
hep-th/0010058;hep-th/0010058;12;26;38
hep-th/0112035;hep-th/0112035;7;13;20
hep-th/9204101;hep-th/9204101;9;0;9
gr-qc/9512021;gr-qc/9512021;6;5;11
gr-qc/9311007;gr-qc/9311007;11;3;14
hep-th/9306051;hep-th/9306051;1;0;1
hep-th/9310055;hep-th/9310055;7;2;9
hep-th/9612024;hep-th/9612024;0;2;2
hep-th/9405001;hep-th/9405001;9;2;11
hep-th/9604033;hep-th/9604033;1;0;1
hep-th/9612027;hep-th/9612027;4;10;14
hep-th/9510215;hep-th/9510215;6;5;11
hep-th/9608127;hep-th/9608127;27;0;27
hep-th/9612026;hep-th/9612026;5;2;7
hep-th/9506030;hep-th/9506030;8;1;9
hep-th/9404058;hep-th/9404058;10;6;16
hep-th/9411204;hep-th/9411204;6;4;10
hep-th/9510104;hep-th/9510104;10;11;21
hep-th/9612023;hep-th/9612023;0;2;2
hep-th/9612022;hep-th/9612022;3;15;18
hep-th/0606033;hep-th/0606033;5;48;53
hep-th/9612029;hep-th/9612029;2;20;22
hep-th/9411138;hep-th/9411138;1;4;5
hep-th/9510174;hep-th/9510174;2;3;5
hep-th/9407048;hep-th/9407048;1;6;7
hep-th/9312204;hep-th/9312204;2;4;6
hep-th/9409158;hep-th/9409158;19;5;24
hep-th/9502154;hep-th/9502154;0;4;4
hep-th/9307018;hep-th/9307018;4;0;4
hep-th/9212121;hep-th/9212121;4;0;4
hep-th/9502150;hep-th/9502150;1;13;14
hep-th/9502153;hep-th/9502153;1;1;2
hep-th/9405120;hep-th/9405120;14;7;21
hep-th/9411041;hep-th/9411041;2;3;5
hep-th/9502159;hep-th/9502159;0;4;4
hep-th/9306144;hep-th/9306144;1;0;1
hep-th/9412174;hep-th/9412174;3;5;8
hep-th/9408096;hep-th/9408096;6;3;9
0902.3805;0902.3805;0;8;8
hep-th/0102037;hep-th/0102037;10;6;16
hep-th/0002231;hep-th/0002231;18;16;34
hep-th/0102036;hep-th/0102036;4;18;22
hep-th/0006004;hep-th/0006004;7;12;19
hep-th/0004006;hep-th/0004006;2;9;11
solv-int/9603006;solv-int/9603006;9;10;19
nlin/0106015;nlin/0106015;2;14;16
hep-th/0011145;hep-th/0011145;5;23;28
hep-th/9611225;hep-th/9611225;2;0;2
hep-th/0102033;hep-th/0102033;6;15;21
hep-th/0010241;hep-th/0010241;9;22;31
hep-th/0007125;hep-th/0007125;11;33;44
hep-th/0102031;hep-th/0102031;1;19;20
hep-th/0002012;hep-th/0002012;9;28;37
hep-th/9909178;hep-th/9909178;3;20;23
hep-th/0102030;hep-th/0102030;1;9;10
hep-th/9210133;hep-th/9210133;8;0;8
hep-th/9610250;hep-th/9610250;22;20;42
hep-th/9706155;hep-th/9706155;11;21;32
hep-th/9709095;hep-th/9709095;3;2;5
hep-th/9709133;hep-th/9709133;10;1;11
hep-th/9709134;hep-th/9709134;7;0;7
0812.2352;0812.2352;0;5;5
hep-th/0609033;hep-th/0609033;10;12;22
hep-th/0506004;hep-th/0506004;4;5;9
0903.0995;0903.0995;0;16;16
hep-th/0502024;hep-th/0502024;2;11;13
hep-th/0608150;hep-th/0608150;13;10;23
0906.1515;0906.1515;0;25;25
gr-qc/0511111;gr-qc/0511111;27;31;58
hep-th/0204237;hep-th/0204237;8;3;11
hep-th/0112183;hep-th/0112183;10;5;15
hep-th/0112184;hep-th/0112184;9;2;11
hep-ph/0507063;hep-ph/0507063;3;4;7
0708.1125;0708.1125;0;10;10
nlin/0206037;nlin/0206037;3;14;17
hep-th/0508008;hep-th/0508008;4;18;22
nlin/0201061;nlin/0201061;3;5;8
nlin/0201026;nlin/0201026;5;5;10
hep-th/0111033;hep-th/0111033;1;14;15
hep-ph/0101073;hep-ph/0101073;2;34;36
hep-th/0002105;hep-th/0002105;3;6;9
hep-lat/9707027;hep-lat/9707027;15;1;16
hep-th/0111032;hep-th/0111032;2;2;4
0707.1903;0707.1903;0;25;25
0704.0175;0704.0175;0;32;32
hep-th/0506137;hep-th/0506137;24;29;53
0707.1906;0707.1906;0;3;3
0801.1407;0801.1407;0;22;22
astro-ph/0410508;astro-ph/0410508;19;10;29
0711.4600;0711.4600;0;21;21
gr-qc/0608018;gr-qc/0608018;5;6;11
hep-th/0106066;hep-th/0106066;6;8;14
gr-qc/0603079;gr-qc/0603079;4;11;15
math/9805071;math/9805071;3;2;5
hep-th/0001169;hep-th/0001169;7;17;24
hep-th/9909119;hep-th/9909119;3;27;30
hep-th/9802026;hep-th/9802026;24;27;51
hep-th/9805136;hep-th/9805136;18;41;59
hep-th/9810075;hep-th/9810075;20;21;41
hep-th/9712021;hep-th/9712021;20;16;36
hep-th/0111035;hep-th/0111035;4;6;10
hep-th/9206036;hep-th/9206036;12;0;12
hep-th/0107206;hep-th/0107206;4;4;8
hep-th/0105067;hep-th/0105067;5;2;7
hep-th/0110111;hep-th/0110111;17;40;57
hep-th/0103041;hep-th/0103041;15;31;46
hep-th/9909111;hep-th/9909111;4;3;7
hep-th/9602033;hep-th/9602033;5;8;13
hep-th/9909112;hep-th/9909112;1;15;16
hep-th/9606020;hep-th/9606020;1;0;1
hep-th/9909115;hep-th/9909115;0;11;11
hep-th/9701072;hep-th/9701072;14;4;18
hep-th/9909023;hep-th/9909023;4;2;6
hep-th/9909117;hep-th/9909117;3;5;8
hep-th/9811102;hep-th/9811102;1;0;1
0807.0253;0807.0253;0;10;10
hep-th/9507094;hep-th/9507094;17;14;31
0905.0954;0905.0954;0;9;9
hep-th/0702128;hep-th/0702128;12;0;12
0905.0957;0905.0957;0;4;4
gr-qc/0609031;gr-qc/0609031;9;24;33
physics/0009061;physics/0009061;6;2;8
0910.1373;0910.1373;0;1;1
0910.1374;0910.1374;0;1;1
hep-th/0301125;hep-th/0301125;16;37;53
hep-th/0212200;hep-th/0212200;9;22;31
hep-th/0110109;hep-th/0110109;15;26;41
hep-th/0310171;hep-th/0310171;1;14;15
hep-th/0208024;hep-th/0208024;7;4;11
hep-th/0011211;hep-th/0011211;5;14;19
hep-th/0309026;hep-th/0309026;4;38;42
hep-th/0307146;hep-th/0307146;8;47;55
hep-th/0309179;hep-th/0309179;4;35;39
hep-th/0310175;hep-th/0310175;0;5;5
hep-th/0309139;hep-th/0309139;13;13;26
gr-qc/0303024;gr-qc/0303024;5;6;11
hep-th/0310179;hep-th/0310179;9;37;46
hep-th/0206231;hep-th/0206231;9;21;30
hep-th/0103018;hep-th/0103018;9;7;16
hep-th/0206060;hep-th/0206060;2;33;35
hep-th/0209240;hep-th/0209240;9;24;33
hep-th/0310178;hep-th/0310178;1;2;3
0709.0002;0709.0002;0;45;45
hep-th/0703278;hep-th/0703278;9;82;91
hep-th/0512135;hep-th/0512135;8;19;27
hep-th/0310246;hep-th/0310246;3;7;10
gr-qc/0303026;gr-qc/0303026;12;23;35
gr-qc/0006067;gr-qc/0006067;8;12;20
0906.3008;0906.3008;0;12;12
hep-th/0212134;hep-th/0212134;8;3;11
hep-th/0602240;hep-th/0602240;4;13;17
hep-th/0404109;hep-th/0404109;12;0;12
hep-th/0509180;hep-th/0509180;7;19;26
0901.4806;0901.4806;0;18;18
hep-th/0702093;hep-th/0702093;3;28;31
hep-th/0605179;hep-th/0605179;14;33;47
hep-th/0605278;hep-th/0605278;9;34;43
hep-th/0603080;hep-th/0603080;10;27;37
hep-th/0610015;hep-th/0610015;11;31;42
hep-th/0609225;hep-th/0609225;2;38;40
hep-th/0502105;hep-th/0502105;8;20;28
hep-th/0702091;hep-th/0702091;19;4;23
hep-th/0606042;hep-th/0606042;14;10;24
hep-th/0703062;hep-th/0703062;11;7;18
hep-th/0612269;hep-th/0612269;8;35;43
hep-th/0702097;hep-th/0702097;2;29;31
hep-th/0501183;hep-th/0501183;17;27;44
hep-th/0610234;hep-th/0610234;10;26;36
hep-th/0511208;hep-th/0511208;9;24;33
hep-th/0702096;hep-th/0702096;0;5;5
gr-qc/0608133;gr-qc/0608133;4;10;14
hep-th/0301115;hep-th/0301115;3;4;7
hep-th/0702095;hep-th/0702095;0;7;7
hep-th/0612064;hep-th/0612064;12;19;31
hep-ph/0510052;hep-ph/0510052;20;8;28
hep-th/0606001;hep-th/0606001;10;0;10
hep-th/0606020;hep-th/0606020;19;109;128
hep-th/0603210;hep-th/0603210;26;0;26
hep-th/0604033;hep-th/0604033;9;45;54
hep-th/0702099;hep-th/0702099;2;32;34
hep-th/0306117;hep-th/0306117;26;23;49
hep-th/0501115;hep-th/0501115;7;67;74
0906.3301;0906.3301;0;22;22
0902.2204;0902.2204;0;6;6
hep-th/9307121;hep-th/9307121;5;15;20
0812.3087;0812.3087;0;9;9
physics/0204013;physics/0204013;2;0;2
astro-ph/0305269;astro-ph/0305269;1;2;3
hep-th/9403052;hep-th/9403052;1;5;6
hep-th/9202047;hep-th/9202047;21;0;21
hep-th/9403057;hep-th/9403057;0;2;2
hep-th/9205066;hep-th/9205066;14;0;14
0812.3623;0812.3623;0;22;22
gr-qc/0608001;gr-qc/0608001;3;3;6
0902.2205;0902.2205;0;2;2
0705.1311;0705.1311;0;12;12
astro-ph/0501366;astro-ph/0501366;4;12;16
0903.1730;0903.1730;0;19;19
hep-th/0312129;hep-th/0312129;2;10;12
0803.4090;0803.4090;0;17;17
hep-th/0602245;hep-th/0602245;3;14;17
hep-th/0403083;hep-th/0403083;12;36;48
0901.2736;0901.2736;0;25;25
hep-th/0304132;hep-th/0304132;18;9;27
hep-th/0406145;hep-th/0406145;30;24;54
quant-ph/0603187;quant-ph/0603187;3;1;4
hep-lat/0509066;hep-lat/0509066;7;10;17
hep-lat/9901008;hep-lat/9901008;5;6;11
hep-lat/0506018;hep-lat/0506018;8;13;21
hep-th/0604041;hep-th/0604041;6;22;28
0909.4240;0909.4240;0;14;14
0907.1732;0907.1732;0;15;15
0903.5383;0903.5383;0;26;26
hep-th/0412243;hep-th/0412243;16;32;48
hep-th/0502061;hep-th/0502061;13;34;47
hep-th/0512298;hep-th/0512298;10;21;31
math/0505662;math/0505662;5;0;5
0812.3551;0812.3551;0;53;53
0801.4154;0801.4154;0;10;10
hep-th/0603088;hep-th/0603088;25;65;90
hep-th/0602073;hep-th/0602073;23;0;23
0807.1126;0807.1126;0;7;7
0712.1610;0712.1610;0;69;69
hep-ph/0308252;hep-ph/0308252;7;30;37
hep-th/0411180;hep-th/0411180;4;12;16
hep-th/0206083;hep-th/0206083;5;0;5
hep-th/0407273;hep-th/0407273;5;20;25
math-ph/0201023;math-ph/0201023;9;0;9
hep-th/0410205;hep-th/0410205;2;16;18
hep-th/0103120;hep-th/0103120;8;9;17
hep-th/0401113;hep-th/0401113;4;11;15
0908.1989;0908.1989;0;1;1
hep-th/0203174;hep-th/0203174;1;1;2
hep-th/9806208;hep-th/9806208;4;14;18
hep-th/9803074;hep-th/9803074;6;7;13
hep-ph/9304220;hep-ph/9304220;6;0;6
hep-th/9805159;hep-th/9805159;4;25;29
hep-th/9305175;hep-th/9305175;7;2;9
hep-th/9711101;hep-th/9711101;1;6;7
hep-th/9806206;hep-th/9806206;2;9;11
hep-th/9803012;hep-th/9803012;13;4;17
hep-ph/9508300;hep-ph/9508300;12;0;12
hep-th/9704210;hep-th/9704210;14;2;16
hep-th/9806207;hep-th/9806207;2;1;3
hep-th/9806204;hep-th/9806204;15;26;41
hep-ph/9603316;hep-ph/9603316;5;1;6
hep-th/9806205;hep-th/9806205;2;5;7
hep-th/9806202;hep-th/9806202;0;3;3
hep-th/9806200;hep-th/9806200;1;2;3
hep-th/9709029;hep-th/9709029;34;12;46
hep-th/9806178;hep-th/9806178;9;35;44
hep-ph/9807548;hep-ph/9807548;1;7;8
hep-th/9512065;hep-th/9512065;7;13;20
hep-th/9512158;hep-th/9512158;9;2;11
0712.3102;0712.3102;0;15;15
hep-th/0508187;hep-th/0508187;16;28;44
hep-th/0604042;hep-th/0604042;12;28;40
hep-th/9806186;hep-th/9806186;5;0;5
hep-th/9809062;hep-th/9809062;6;11;17
hep-th/9703200;hep-th/9703200;7;2;9
hep-th/9403104;hep-th/9403104;15;4;19
hep-th/9710025;hep-th/9710025;12;4;16
hep-th/9611224;hep-th/9611224;3;0;3
hep-th/9611027;hep-th/9611027;7;9;16
cond-mat/9711202;cond-mat/9711202;1;0;1
hep-th/9809064;hep-th/9809064;4;9;13
0801.3076;0801.3076;0;6;6
hep-th/0110263;hep-th/0110263;12;33;45
0908.2113;0908.2113;0;8;8
hep-th/0301004;hep-th/0301004;1;6;7
hep-ph/0003115;hep-ph/0003115;7;9;16
hep-th/0101148;hep-th/0101148;6;5;11
hep-th/0209233;hep-th/0209233;3;3;6
hep-ph/9903412;hep-ph/9903412;8;2;10
hep-ph/9506395;hep-ph/9506395;0;4;4
hep-th/0301007;hep-th/0301007;0;12;12
hep-th/0211051;hep-th/0211051;1;11;12
hep-th/0108111;hep-th/0108111;4;9;13
hep-th/0205125;hep-th/0205125;2;10;12
hep-th/0310043;hep-th/0310043;9;4;13
hep-th/0310196;hep-th/0310196;7;5;12
hep-th/0010176;hep-th/0010176;6;6;12
hep-th/9605161;hep-th/9605161;19;2;21
0712.0448;0712.0448;0;2;2
hep-th/0601165;hep-th/0601165;9;9;18
hep-th/0010052;hep-th/0010052;1;17;18
hep-th/9803230;hep-th/9803230;4;8;12
hep-th/0204016;hep-th/0204016;2;4;6
hep-th/0301003;hep-th/0301003;3;24;27
hep-th/9902149;hep-th/9902149;6;36;42
hep-th/9408144;hep-th/9408144;2;7;9
hep-th/9408143;hep-th/9408143;1;1;2
hep-th/9408142;hep-th/9408142;0;7;7
hep-th/9111059;hep-th/9111059;14;0;14
hep-th/9408140;hep-th/9408140;0;7;7
hep-th/9401107;hep-th/9401107;2;3;5
hep-th/9311156;hep-th/9311156;24;6;30
hep-th/9812016;hep-th/9812016;12;23;35
hep-th/0011102;hep-th/0011102;8;58;66
cond-mat/0003075;cond-mat/0003075;17;7;24
cond-mat/9802204;cond-mat/9802204;1;1;2
hep-th/9408148;hep-th/9408148;3;1;4
hep-th/0107161;hep-th/0107161;2;6;8
0908.0467;0908.0467;0;48;48
hep-th/0110112;hep-th/0110112;11;50;61
hep-th/0506117;hep-th/0506117;10;9;19
math-ph/9910044;math-ph/9910044;7;0;7
gr-qc/0601079;gr-qc/0601079;9;21;30
hep-th/0403021;hep-th/0403021;1;4;5
hep-th/0102125;hep-th/0102125;10;59;69
hep-th/0001212;hep-th/0001212;18;73;91
0712.2173;0712.2173;0;72;72
math/0506488;math/0506488;5;8;13
hep-th/0406247;hep-th/0406247;10;13;23
hep-th/0606055;hep-th/0606055;11;19;30
math/0311208;math/0311208;4;6;10
hep-th/0406005;hep-th/0406005;50;0;50
hep-th/0610005;hep-th/0610005;8;44;52
math/0601352;math/0601352;7;0;7
0910.4693;0910.4693;0;17;17
gr-qc/0108033;gr-qc/0108033;11;2;13
gr-qc/0610067;gr-qc/0610067;3;7;10
gr-qc/9909040;gr-qc/9909040;4;8;12
hep-th/9909218;hep-th/9909218;3;18;21
hep-th/9909035;hep-th/9909035;13;17;30
math-ph/0105024;math-ph/0105024;1;0;1
hep-th/0004186;hep-th/0004186;31;40;71
hep-th/0107165;hep-th/0107165;5;24;29
hep-th/0002118;hep-th/0002118;9;0;9
hep-th/0106079;hep-th/0106079;20;21;41
hep-th/9908030;hep-th/9908030;1;5;6
gr-qc/0601007;gr-qc/0601007;2;17;19
gr-qc/0512022;gr-qc/0512022;12;19;31
astro-ph/0209337;astro-ph/0209337;3;13;16
hep-ph/0509326;hep-ph/0509326;3;14;17
astro-ph/0406622;astro-ph/0406622;6;20;26
0912.1984;0912.1984;0;24;24
hep-th/0504144;hep-th/0504144;23;50;73
hep-th/0605093;hep-th/0605093;3;11;14
hep-th/0605092;hep-th/0605092;2;22;24
hep-th/0610006;hep-th/0610006;3;31;34
hep-th/0703003;hep-th/0703003;3;29;32
hep-th/0601209;hep-th/0601209;6;55;61
hep-th/9803020;hep-th/9803020;1;6;7
0704.0435;0704.0435;0;22;22
gr-qc/0701036;gr-qc/0701036;3;0;3
hep-th/0702053;hep-th/0702053;17;51;68
hep-th/9803042;hep-th/9803042;2;9;11
hep-th/9802032;hep-th/9802032;28;66;94
hep-th/9704165;hep-th/9704165;22;21;43
0907.1919;0907.1919;0;14;14
hep-ph/0009075;hep-ph/0009075;1;3;4
hep-th/9609223;hep-th/9609223;3;0;3
hep-th/9801197;hep-th/9801197;3;11;14
hep-ph/9908224;hep-ph/9908224;3;1;4
hep-th/9808011;hep-th/9808011;1;5;6
cond-mat/9803357;cond-mat/9803357;9;0;9
cond-mat/9801098;cond-mat/9801098;17;10;27
hep-ph/0009071;hep-ph/0009071;3;8;11
hep-th/9501080;hep-th/9501080;6;5;11
hep-th/9710061;hep-th/9710061;7;5;12
hep-ph/0009070;hep-ph/0009070;0;4;4
hep-th/9812080;hep-th/9812080;7;9;16
0805.2391;0805.2391;0;8;8
hep-ph/0511053;hep-ph/0511053;18;0;18
cond-mat/9805242;cond-mat/9805242;1;0;1
0905.4631;0905.4631;0;11;11
hep-th/9212112;hep-th/9212112;10;0;10
hep-th/0407063;hep-th/0407063;13;33;46
hep-th/9808012;hep-th/9808012;7;1;8
hep-th/0306087;hep-th/0306087;7;29;36
hep-th/0409279;hep-th/0409279;3;42;45
hep-th/0111263;hep-th/0111263;10;13;23
hep-th/0101225;hep-th/0101225;13;12;25
hep-th/0210179;hep-th/0210179;4;0;4
hep-th/0310014;hep-th/0310014;3;2;5
hep-th/0310110;hep-th/0310110;2;22;24
hep-th/0405116;hep-th/0405116;18;47;65
hep-ph/9807345;hep-ph/9807345;6;3;9
hep-th/9905072;hep-th/9905072;6;9;15
hep-th/9508103;hep-th/9508103;12;4;16
hep-th/0307192;hep-th/0307192;4;33;37
gr-qc/0208081;gr-qc/0208081;18;12;30
hep-th/0203145;hep-th/0203145;4;23;27
astro-ph/0109350;astro-ph/0109350;9;0;9
hep-th/9603044;hep-th/9603044;7;12;19
hep-th/0209249;hep-th/0209249;10;3;13
gr-qc/0209014;gr-qc/0209014;8;23;31
astro-ph/0202374;astro-ph/0202374;25;16;41
hep-th/0212105;hep-th/0212105;6;9;15
hep-th/0409250;hep-th/0409250;16;8;24
hep-th/9610103;hep-th/9610103;9;6;15
hep-th/0409283;hep-th/0409283;25;13;38
hep-th/9907046;hep-th/9907046;13;18;31
hep-th/0401100;hep-th/0401100;42;19;61
hep-th/9905141;hep-th/9905141;23;10;33
hep-th/9612208;hep-th/9612208;7;5;12
gr-qc/0610071;gr-qc/0610071;3;27;30
gr-qc/9409020;gr-qc/9409020;5;0;5
gr-qc/0601056;gr-qc/0601056;6;22;28
gr-qc/0404013;gr-qc/0404013;8;31;39
hep-th/0408229;hep-th/0408229;6;12;18
math-ph/0403044;math-ph/0403044;1;4;5
hep-th/0209209;hep-th/0209209;17;20;37
hep-th/0404018;hep-th/0404018;12;28;40
hep-ph/9808247;hep-ph/9808247;2;2;4
hep-th/0409277;hep-th/0409277;1;20;21
hep-th/0307168;hep-th/0307168;2;5;7
hep-th/0409276;hep-th/0409276;0;143;143
hep-th/0405124;hep-th/0405124;5;39;44
hep-th/0112219;hep-th/0112219;3;30;33
hep-th/0108174;hep-th/0108174;5;24;29
hep-th/0310219;hep-th/0310219;6;40;46
hep-th/9911090;hep-th/9911090;6;51;57
hep-th/0409275;hep-th/0409275;0;15;15
gr-qc/9707030;gr-qc/9707030;13;15;28
hep-th/0310132;hep-th/0310132;11;49;60
math/0406585;math/0406585;11;25;36
math-ph/0205023;math-ph/0205023;9;40;49
hep-th/0211068;hep-th/0211068;13;0;13
gr-qc/9710132;gr-qc/9710132;5;14;19
gr-qc/9807011;gr-qc/9807011;3;13;16
hep-th/0310133;hep-th/0310133;15;0;15
gr-qc/0701041;gr-qc/0701041;3;13;16
gr-qc/0604116;gr-qc/0604116;5;3;8
hep-th/0602195;hep-th/0602195;2;7;9
gr-qc/0509053;gr-qc/0509053;6;8;14
quant-ph/0412010;quant-ph/0412010;6;6;12
0809.5208;0809.5208;0;16;16
hep-ph/0404059;hep-ph/0404059;6;9;15
hep-th/0604156;hep-th/0604156;3;16;19
cond-mat/0703163;cond-mat/0703163;4;13;17
gr-qc/0312086;gr-qc/0312086;3;40;43
gr-qc/9807031;gr-qc/9807031;6;0;6
gr-qc/0405096;gr-qc/0405096;10;7;17
hep-th/0507064;hep-th/0507064;6;9;15
hep-th/0411204;hep-th/0411204;4;25;29
hep-th/0509183;hep-th/0509183;3;11;14
gr-qc/0508071;gr-qc/0508071;5;64;69
hep-th/0511106;hep-th/0511106;4;30;34
cond-mat/0304342;cond-mat/0304342;15;3;18
hep-th/0312065;hep-th/0312065;7;47;54
cond-mat/0503581;cond-mat/0503581;5;4;9
gr-qc/9608040;gr-qc/9608040;3;11;14
hep-th/0502034;hep-th/0502034;13;11;24
hep-th/0512267;hep-th/0512267;5;18;23
nlin/0511049;nlin/0511049;1;0;1
hep-th/0506175;hep-th/0506175;6;110;116
gr-qc/0412098;gr-qc/0412098;8;46;54
hep-th/0411112;hep-th/0411112;12;21;33
gr-qc/0307005;gr-qc/0307005;9;83;92
hep-th/0402138;hep-th/0402138;7;27;34
hep-th/0602262;hep-th/0602262;7;21;28
hep-th/0602045;hep-th/0602045;13;32;45
hep-th/0602171;hep-th/0602171;5;31;36
math-ph/0308043;math-ph/0308043;2;5;7
hep-th/0007032;hep-th/0007032;14;5;19
hep-th/0210097;hep-th/0210097;5;11;16
0809.1781;0809.1781;0;4;4
0706.4086;0706.4086;0;4;4
hep-ph/0106079;hep-ph/0106079;3;4;7
0710.3883;0710.3883;0;51;51
0708.4077;0708.4077;0;28;28
hep-th/9505019;hep-th/9505019;2;1;3
hep-th/9205094;hep-th/9205094;16;2;18
hep-th/0506115;hep-th/0506115;7;16;23
hep-th/9410140;hep-th/9410140;36;5;41
hep-th/9505016;hep-th/9505016;8;10;18
hep-lat/9504007;hep-lat/9504007;6;1;7
hep-th/9412233;hep-th/9412233;9;1;10
hep-th/9505011;hep-th/9505011;2;6;8
hep-th/9403178;hep-th/9403178;5;1;6
0809.0783;0809.0783;0;31;31
hep-ph/0111356;hep-ph/0111356;0;15;15
hep-ph/9602263;hep-ph/9602263;11;18;29
hep-th/9811043;hep-th/9811043;6;0;6
hep-th/0603178;hep-th/0603178;0;4;4
gr-qc/0505163;gr-qc/0505163;1;4;5
dg-ga/9609004;dg-ga/9609004;3;1;4
gr-qc/0412072;gr-qc/0412072;1;7;8
hep-th/9903244;hep-th/9903244;13;30;43
0911.3761;0911.3761;0;31;31
hep-ph/0602155;hep-ph/0602155;1;33;34
hep-ph/0508279;hep-ph/0508279;10;35;45
hep-th/9811233;hep-th/9811233;7;0;7
hep-ph/9901214;hep-ph/9901214;3;0;3
hep-ph/9612284;hep-ph/9612284;12;0;12
hep-ph/9612287;hep-ph/9612287;8;0;8
math-ph/9903020;math-ph/9903020;0;2;2
hep-th/9808084;hep-th/9808084;1;0;1
0711.1298;0711.1298;0;28;28
0911.1617;0911.1617;0;21;21
hep-th/0101015;hep-th/0101015;2;3;5
hep-th/0011279;hep-th/0011279;14;18;32
hep-th/0011272;hep-th/0011272;2;8;10
hep-th/9706036;hep-th/9706036;1;2;3
hep-th/9910157;hep-th/9910157;2;17;19
hep-th/0010245;hep-th/0010245;1;7;8
hep-th/0011270;hep-th/0011270;3;4;7
hep-th/0006231;hep-th/0006231;10;16;26
gr-qc/9503051;gr-qc/9503051;5;10;15
hep-th/0011277;hep-th/0011277;0;2;2
hep-th/9911133;hep-th/9911133;2;3;5
hep-th/9403020;hep-th/9403020;3;0;3
hep-th/9911131;hep-th/9911131;3;7;10
hep-th/9805036;hep-th/9805036;10;0;10
hep-th/9611055;hep-th/9611055;8;3;11
hep-th/9911130;hep-th/9911130;2;6;8
hep-th/9811214;hep-th/9811214;8;24;32
hep-th/9812196;hep-th/9812196;11;72;83
hep-th/9910199;hep-th/9910199;9;10;19
hep-th/9911109;hep-th/9911109;2;19;21
hep-th/9808025;hep-th/9808025;10;14;24
hep-th/9911134;hep-th/9911134;18;19;37
hep-th/0703256;hep-th/0703256;6;25;31
hep-th/0610126;hep-th/0610126;6;28;34
hep-th/0703257;hep-th/0703257;2;24;26
hep-th/9903006;hep-th/9903006;4;1;5
hep-th/9710126;hep-th/9710126;3;9;12
hep-th/0703250;hep-th/0703250;2;8;10
hep-th/0703070;hep-th/0703070;3;2;5
hep-th/0703251;hep-th/0703251;10;37;47
hep-th/9211051;hep-th/9211051;1;4;5
hep-th/9211050;hep-th/9211050;3;1;4
0804.1505;0804.1505;0;27;27
0904.4869;0904.4869;0;8;8
hep-th/9112014;hep-th/9112014;3;0;3
hep-th/9211058;hep-th/9211058;0;3;3
hep-lat/9207008;hep-lat/9207008;11;0;11
hep-lat/9209020;hep-lat/9209020;4;4;8
0901.4716;0901.4716;0;19;19
hep-th/0607249;hep-th/0607249;10;0;10
hep-ph/0602078;hep-ph/0602078;1;3;4
hep-lat/0509187;hep-lat/0509187;2;3;5
0906.1398;0906.1398;0;14;14
astro-ph/0406621;astro-ph/0406621;3;3;6
hep-ph/9809310;hep-ph/9809310;8;10;18
0704.1476;0704.1476;0;116;116
hep-th/0201098;hep-th/0201098;1;0;1
hep-th/0512333;hep-th/0512333;3;33;36
hep-th/0007017;hep-th/0007017;8;14;22
hep-ph/9801235;hep-ph/9801235;5;18;23
hep-th/0002241;hep-th/0002241;20;10;30
quant-ph/0601011;quant-ph/0601011;24;3;27
hep-th/0601168;hep-th/0601168;1;47;48
hep-th/0408177;hep-th/0408177;14;27;41
quant-ph/0611082;quant-ph/0611082;8;6;14
math-ph/0512031;math-ph/0512031;1;0;1
hep-th/0507214;hep-th/0507214;4;0;4
hep-th/0601092;hep-th/0601092;9;28;37
hep-th/0506073;hep-th/0506073;4;5;9
hep-th/0509137;hep-th/0509137;9;21;30
hep-th/0512063;hep-th/0512063;5;4;9
hep-th/0310263;hep-th/0310263;6;12;18
hep-th/0412016;hep-th/0412016;3;28;31
hep-th/0203015;hep-th/0203015;3;1;4
hep-th/0508204;hep-th/0508204;7;17;24
0704.1470;0704.1470;0;9;9
hep-th/0504065;hep-th/0504065;2;5;7
0808.1250;0808.1250;0;29;29
hep-th/0610335;hep-th/0610335;5;20;25
hep-th/9812195;hep-th/9812195;9;0;9
hep-th/9906012;hep-th/9906012;19;33;52
hep-th/9901037;hep-th/9901037;3;11;14
hep-th/0005063;hep-th/0005063;3;12;15
hep-th/9309094;hep-th/9309094;9;6;15
hep-lat/9710077;hep-lat/9710077;14;16;30
hep-th/9810095;hep-th/9810095;13;12;25
hep-th/9912098;hep-th/9912098;9;24;33
hep-th/9311047;hep-th/9311047;12;5;17
hep-th/0003279;hep-th/0003279;1;0;1
hep-th/9609152;hep-th/9609152;9;27;36
hep-th/9702018;hep-th/9702018;16;19;35
hep-th/9709142;hep-th/9709142;2;0;2
hep-th/9912065;hep-th/9912065;8;10;18
0910.0849;0910.0849;0;4;4
0901.2676;0901.2676;0;2;2
hep-th/9612167;hep-th/9612167;1;17;18
hep-th/0409252;hep-th/0409252;9;4;13
hep-th/9812115;hep-th/9812115;4;7;11
hep-th/0412252;hep-th/0412252;10;18;28
hep-th/0403241;hep-th/0403241;13;12;25
hep-th/0512248;hep-th/0512248;3;59;62
hep-th/0510035;hep-th/0510035;3;9;12
hep-th/0201261;hep-th/0201261;2;4;6
0807.3191;0807.3191;0;26;26
0706.0706;0706.0706;0;22;22
hep-th/0606052;hep-th/0606052;1;15;16
hep-th/9506171;hep-th/9506171;12;102;114
0903.3840;0903.3840;0;26;26
0906.0370;0906.0370;0;30;30
hep-th/0501048;hep-th/0501048;11;10;21
0710.4342;0710.4342;0;46;46
hep-th/9610098;hep-th/9610098;7;32;39
hep-th/9510072;hep-th/9510072;2;13;15
hep-th/9405113;hep-th/9405113;44;5;49
hep-th/0612252;hep-th/0612252;4;28;32
hep-th/0611318;hep-th/0611318;8;41;49
0811.0842;0811.0842;0;4;4
gr-qc/9412006;gr-qc/9412006;5;0;5
math-ph/0404038;math-ph/0404038;4;1;5
hep-ph/0309309;hep-ph/0309309;18;3;21
hep-th/0504223;hep-th/0504223;2;1;3
hep-th/9307159;hep-th/9307159;2;2;4
math/9802002;math/9802002;4;18;22
q-alg/9709024;q-alg/9709024;4;0;4
q-alg/9705012;q-alg/9705012;5;10;15
q-alg/9712037;q-alg/9712037;13;2;15
0708.2975;0708.2975;0;3;3
0711.0195;0711.0195;0;3;3
hep-th/9307150;hep-th/9307150;0;1;1
hep-th/9307152;hep-th/9307152;0;1;1
hep-th/9307156;hep-th/9307156;5;3;8
hep-th/9307157;hep-th/9307157;1;10;11
0910.1526;0910.1526;0;19;19
0807.3228;0807.3228;0;36;36
hep-th/9601096;hep-th/9601096;14;22;36
hep-th/0012010;hep-th/0012010;13;15;28
hep-th/0103149;hep-th/0103149;7;14;21
0906.4610;0906.4610;0;7;7
0812.3057;0812.3057;0;18;18
gr-qc/0311058;gr-qc/0311058;15;13;28
hep-th/0505005;hep-th/0505005;12;6;18
hep-th/0504060;hep-th/0504060;11;2;13
hep-th/0503205;hep-th/0503205;9;1;10
hep-th/0407278;hep-th/0407278;9;1;10
hep-th/0502194;hep-th/0502194;8;25;33
hep-th/0610200;hep-th/0610200;10;12;22
gr-qc/0501090;gr-qc/0501090;17;8;25
hep-th/0702074;hep-th/0702074;5;5;10
0807.3226;0807.3226;0;11;11
astro-ph/0606168;astro-ph/0606168;7;17;24
gr-qc/0702071;gr-qc/0702071;4;13;17
astro-ph/0611695;astro-ph/0611695;12;20;32
astro-ph/0702002;astro-ph/0702002;10;15;25
hep-th/9710132;hep-th/9710132;3;1;4
hep-th/9512015;hep-th/9512015;5;1;6
hep-th/9710133;hep-th/9710133;2;2;4
hep-th/9710130;hep-th/9710130;2;1;3
hep-th/9607189;hep-th/9607189;7;0;7
hep-th/9612124;hep-th/9612124;2;1;3
hep-th/9710134;hep-th/9710134;4;10;14
hep-th/9512150;hep-th/9512150;6;6;12
cond-mat/9503113;cond-mat/9503113;7;0;7
hep-th/9706014;hep-th/9706014;3;4;7
0902.3951;0902.3951;0;56;56
hep-th/0301172;hep-th/0301172;10;59;69
hep-th/9710138;hep-th/9710138;0;3;3
hep-th/0310238;hep-th/0310238;5;18;23
hep-th/0310239;hep-th/0310239;0;3;3
hep-th/0310213;hep-th/0310213;5;6;11
0910.0030;0910.0030;0;2;2
hep-ph/0609216;hep-ph/0609216;1;1;2
hep-th/0310230;hep-th/0310230;2;31;33
hep-th/0303198;hep-th/0303198;3;52;55
hep-th/0212299;hep-th/0212299;16;12;28
hep-th/0210127;hep-th/0210127;11;32;43
hep-th/9903131;hep-th/9903131;7;7;14
hep-th/9809197;hep-th/9809197;14;13;27
hep-th/0208199;hep-th/0208199;4;8;12
hep-th/9910164;hep-th/9910164;12;15;27
hep-th/9412176;hep-th/9412176;6;14;20
hep-th/9403105;hep-th/9403105;4;0;4
gr-qc/0011005;gr-qc/0011005;10;7;17
hep-th/0008147;hep-th/0008147;15;10;25
hep-th/0008253;hep-th/0008253;14;14;28
hep-th/0005008;hep-th/0005008;8;20;28
hep-th/0206206;hep-th/0206206;9;26;35
hep-th/0310236;hep-th/0310236;0;7;7
hep-th/9211042;hep-th/9211042;3;0;3
hep-th/0210132;hep-th/0210132;8;34;42
hep-lat/0412021;hep-lat/0412021;0;6;6
hep-lat/0309189;hep-lat/0309189;24;9;33
0811.2086;0811.2086;0;41;41
hep-th/0110192;hep-th/0110192;5;45;50
hep-th/9612056;hep-th/9612056;2;11;13
hep-ph/0501238;hep-ph/0501238;3;14;17
hep-ph/0211466;hep-ph/0211466;5;7;12
gr-qc/0604126;gr-qc/0604126;8;17;25
hep-th/0412211;hep-th/0412211;6;29;35
hep-th/0603160;hep-th/0603160;5;19;24
quant-ph/0508117;quant-ph/0508117;6;0;6
hep-th/0408099;hep-th/0408099;3;14;17
hep-th/0311121;hep-th/0311121;3;13;16
0803.3964;0803.3964;0;29;29
hep-ph/0703311;hep-ph/0703311;4;18;22
hep-th/0511239;hep-th/0511239;9;42;51
hep-th/0512217;hep-th/0512217;4;46;50
hep-th/0607104;hep-th/0607104;10;16;26
0803.3965;0803.3965;0;6;6
hep-th/0506149;hep-th/0506149;0;17;17
quant-ph/9608015;quant-ph/9608015;3;2;5
gr-qc/9608044;gr-qc/9608044;8;16;24
hep-th/9405025;hep-th/9405025;3;6;9
hep-th/0202112;hep-th/0202112;3;9;12
hep-th/0002151;hep-th/0002151;9;2;11
q-alg/9505009;q-alg/9505009;2;13;15
hep-th/9407191;hep-th/9407191;11;10;21
hep-th/0207194;hep-th/0207194;6;28;34
hep-th/0207195;hep-th/0207195;6;7;13
hep-th/0110201;hep-th/0110201;3;54;57
hep-th/0207192;hep-th/0207192;4;1;5
hep-th/0206078;hep-th/0206078;3;12;15
hep-th/0207193;hep-th/0207193;0;4;4
hep-th/0201087;hep-th/0201087;2;0;2
hep-th/9706224;hep-th/9706224;0;9;9
hep-th/9701175;hep-th/9701175;28;27;55
hep-th/9607199;hep-th/9607199;2;1;3
hep-th/9706223;hep-th/9706223;4;22;26
hep-th/9607106;hep-th/9607106;2;10;12
hep-th/9511119;hep-th/9511119;11;12;23
hep-ph/9401335;hep-ph/9401335;3;0;3
hep-th/0006001;hep-th/0006001;4;3;7
0909.1347;0909.1347;0;4;4
hep-th/0607062;hep-th/0607062;23;9;32
hep-th/9604142;hep-th/9604142;19;11;30
math/9904029;math/9904029;9;4;13
hep-th/9304003;hep-th/9304003;5;0;5
hep-th/0003065;hep-th/0003065;1;10;11
math-ph/9805012;math-ph/9805012;3;8;11
hep-th/9711089;hep-th/9711089;16;30;46
hep-th/9805077;hep-th/9805077;4;1;5
quant-ph/0209018;quant-ph/0209018;0;1;1
physics/0102020;physics/0102020;2;0;2
hep-ph/9801389;hep-ph/9801389;4;1;5
hep-th/9607160;hep-th/9607160;5;0;5
hep-th/0408092;hep-th/0408092;7;13;20
hep-th/0312174;hep-th/0312174;12;11;23
gr-qc/0303096;gr-qc/0303096;9;7;16
hep-ph/9801380;hep-ph/9801380;0;2;2
hep-ph/9412356;hep-ph/9412356;11;1;12
0710.4348;0710.4348;0;22;22
hep-th/0611003;hep-th/0611003;4;27;31
cond-mat/0609072;cond-mat/0609072;14;16;30
0807.0754;0807.0754;0;5;5
0907.1030;0907.1030;0;6;6
astro-ph/0509174;astro-ph/0509174;1;9;10
hep-th/0101110;hep-th/0101110;3;35;38
hep-th/9611019;hep-th/9611019;11;5;16
hep-th/9801124;hep-th/9801124;8;39;47
hep-ph/0002013;hep-ph/0002013;4;10;14
hep-th/0010228;hep-th/0010228;5;12;17
hep-th/9609040;hep-th/9609040;15;12;27
0711.2132;0711.2132;0;34;34
hep-th/0607012;hep-th/0607012;5;10;15
hep-lat/0410041;hep-lat/0410041;21;7;28
hep-th/9811028;hep-th/9811028;16;27;43
hep-lat/0402007;hep-lat/0402007;15;5;20
hep-lat/0006013;hep-lat/0006013;26;1;27
hep-th/0209140;hep-th/0209140;20;14;34
hep-th/0203116;hep-th/0203116;28;26;54
hep-lat/9903014;hep-lat/9903014;24;12;36
0905.3006;0905.3006;0;32;32
hep-ph/0509137;hep-ph/0509137;5;0;5
hep-th/0702075;hep-th/0702075;5;131;136
gr-qc/9608033;gr-qc/9608033;9;3;12
q-alg/9711014;q-alg/9711014;4;7;11
gr-qc/9911004;gr-qc/9911004;0;11;11
gr-qc/9802067;gr-qc/9802067;4;9;13
cond-mat/0510034;cond-mat/0510034;0;2;2
0710.4517;0710.4517;0;29;29
0804.4343;0804.4343;0;21;21
0804.4346;0804.4346;0;13;13
gr-qc/0509038;gr-qc/0509038;2;39;41
hep-ph/0107239;hep-ph/0107239;9;12;21
0709.2539;0709.2539;0;4;4
hep-th/0305166;hep-th/0305166;2;4;6
hep-th/9702120;hep-th/9702120;11;1;12
0811.2072;0811.2072;0;24;24
hep-th/0310129;hep-th/0310129;14;30;44
hep-th/0412251;hep-th/0412251;4;16;20
0901.0429;0901.0429;0;9;9
0709.2537;0709.2537;0;2;2
0709.2535;0709.2535;0;1;1
hep-th/0307155;hep-th/0307155;9;75;84
hep-th/0404110;hep-th/0404110;13;19;32
hep-th/0307176;hep-th/0307176;7;21;28
hep-th/0301174;hep-th/0301174;16;26;42
hep-th/0105139;hep-th/0105139;4;41;45
hep-th/0307157;hep-th/0307157;0;1;1
hep-th/0204079;hep-th/0204079;21;66;87
hep-th/0307151;hep-th/0307151;9;19;28
hep-th/0101112;hep-th/0101112;3;10;13
hep-ph/0011331;hep-ph/0011331;1;22;23
hep-ph/9905272;hep-ph/9905272;10;15;25
hep-th/0011036;hep-th/0011036;3;7;10
hep-th/0102109;hep-th/0102109;3;22;25
hep-th/0305090;hep-th/0305090;5;24;29
hep-th/0203238;hep-th/0203238;6;13;19
hep-th/9508150;hep-th/9508150;4;3;7
hep-th/9806175;hep-th/9806175;7;19;26
0904.0988;0904.0988;0;32;32
hep-th/0702041;hep-th/0702041;5;22;27
hep-th/0307159;hep-th/0307159;3;1;4
hep-th/0307158;hep-th/0307158;1;15;16
hep-th/0304211;hep-th/0304211;6;30;36
hep-th/0202117;hep-th/0202117;7;13;20
0910.4907;0910.4907;0;47;47
hep-th/0209169;hep-th/0209169;6;102;108
math-ph/0503058;math-ph/0503058;3;2;5
hep-th/0003146;hep-th/0003146;14;13;27
hep-th/0504123;hep-th/0504123;9;45;54
0803.0435;0803.0435;0;12;12
hep-th/0501017;hep-th/0501017;1;20;21
hep-th/0312140;hep-th/0312140;5;30;35
hep-th/9606058;hep-th/9606058;1;7;8
hep-th/0302220;hep-th/0302220;8;14;22
q-alg/9604023;q-alg/9604023;4;7;11
q-alg/9504027;q-alg/9504027;1;0;1
hep-th/0005158;hep-th/0005158;14;14;28
hep-th/9210086;hep-th/9210086;2;0;2
hep-th/0210248;hep-th/0210248;15;8;23
hep-th/0309272;hep-th/0309272;5;51;56
hep-th/0409092;hep-th/0409092;20;16;36
cond-mat/0312615;cond-mat/0312615;1;1;2
gr-qc/0703050;gr-qc/0703050;1;15;16
astro-ph/0503289;astro-ph/0503289;6;2;8
gr-qc/0608121;gr-qc/0608121;5;15;20
math-ph/0503054;math-ph/0503054;3;2;5
hep-th/0504121;hep-th/0504121;0;6;6
hep-th/0412051;hep-th/0412051;1;8;9
hep-th/0109088;hep-th/0109088;2;2;4
cond-mat/9602123;cond-mat/9602123;3;0;3
hep-th/0501111;hep-th/0501111;3;35;38
hep-th/0512319;hep-th/0512319;1;7;8
hep-th/0405137;hep-th/0405137;6;6;12
hep-th/0411004;hep-th/0411004;9;13;22
hep-th/0311156;hep-th/0311156;13;2;15
hep-th/0508094;hep-th/0508094;6;4;10
hep-th/0504120;hep-th/0504120;0;2;2
hep-th/0311089;hep-th/0311089;2;8;10
hep-th/0311149;hep-th/0311149;2;5;7
hep-th/0211253;hep-th/0211253;1;0;1
gr-qc/0207055;gr-qc/0207055;2;16;18
hep-th/0310148;hep-th/0310148;9;21;30
hep-th/0512313;hep-th/0512313;0;1;1
hep-th/0512300;hep-th/0512300;1;2;3
hep-th/0512311;hep-th/0512311;1;4;5
hep-th/0207109;hep-th/0207109;10;20;30
hep-th/0111084;hep-th/0111084;7;1;8
hep-th/0312239;hep-th/0312239;0;5;5
hep-th/9205087;hep-th/9205087;6;0;6
physics/9612015;physics/9612015;1;0;1
hep-th/0512317;hep-th/0512317;10;29;39
hep-th/0401068;hep-th/0401068;9;25;34
cond-mat/0412481;cond-mat/0412481;10;14;24
hep-th/0503103;hep-th/0503103;12;19;31
hep-th/0501087;hep-th/0501087;4;29;33
hep-th/0512316;hep-th/0512316;0;2;2
astro-ph/9805252;astro-ph/9805252;4;7;11
hep-th/9810032;hep-th/9810032;5;0;5
hep-th/0012243;hep-th/0012243;10;0;10
hep-th/0110085;hep-th/0110085;0;14;14
hep-th/0011044;hep-th/0011044;7;0;7
hep-th/0110084;hep-th/0110084;1;98;99
hep-th/9909071;hep-th/9909071;4;31;35
hep-th/9806213;hep-th/9806213;2;25;27
hep-th/0002128;hep-th/0002128;8;17;25
hep-th/0003289;hep-th/0003289;10;43;53
hep-th/9909184;hep-th/9909184;2;25;27
hep-th/0005165;hep-th/0005165;13;21;34
hep-th/0011024;hep-th/0011024;18;34;52
hep-th/9806010;hep-th/9806010;4;13;17
hep-th/9910117;hep-th/9910117;23;26;49
hep-th/0110086;hep-th/0110086;8;20;28
hep-th/0007056;hep-th/0007056;14;32;46
hep-th/0105244;hep-th/0105244;5;12;17
quant-ph/9511043;quant-ph/9511043;0;2;2
hep-th/9406085;hep-th/9406085;3;5;8
hep-lat/0509020;hep-lat/0509020;12;14;26
hep-th/0411252;hep-th/0411252;2;11;13
hep-lat/0202002;hep-lat/0202002;11;7;18
quant-ph/0410201;quant-ph/0410201;2;3;5
hep-th/0212133;hep-th/0212133;11;22;33
quant-ph/0410003;quant-ph/0410003;3;2;5
cond-mat/0306328;cond-mat/0306328;14;20;34
hep-th/9208061;hep-th/9208061;9;0;9
cond-mat/0109103;cond-mat/0109103;13;5;18
hep-lat/0008009;hep-lat/0008009;45;22;67
hep-th/9708006;hep-th/9708006;12;5;17
hep-th/9411047;hep-th/9411047;30;7;37
0901.1326;0901.1326;0;14;14
hep-th/0509029;hep-th/0509029;16;27;43
hep-ph/9703246;hep-ph/9703246;23;0;23
0912.1636;0912.1636;0;7;7
hep-th/0305176;hep-th/0305176;4;16;20
nlin/0106044;nlin/0106044;0;7;7
hep-th/9112063;hep-th/9112063;6;0;6
math-ph/9906020;math-ph/9906020;5;3;8
hep-th/9808103;hep-th/9808103;7;0;7
0710.2540;0710.2540;0;48;48
hep-th/0401010;hep-th/0401010;20;35;55
hep-th/0506139;hep-th/0506139;6;6;12
hep-th/0607061;hep-th/0607061;4;47;51
0806.2672;0806.2672;0;35;35
hep-th/0605253;hep-th/0605253;4;13;17
hep-th/0701023;hep-th/0701023;8;9;17
hep-th/0607148;hep-th/0607148;5;16;21
physics/9706004;physics/9706004;2;1;3
hep-th/9309074;hep-th/9309074;5;0;5
hep-th/0409206;hep-th/0409206;7;1;8
hep-th/9412244;hep-th/9412244;4;2;6
0907.4522;0907.4522;0;10;10
0909.3919;0909.3919;0;3;3
0911.2211;0911.2211;0;6;6
gr-qc/0611069;gr-qc/0611069;0;3;3
gr-qc/0410143;gr-qc/0410143;7;9;16
gr-qc/0402108;gr-qc/0402108;3;12;15
gr-qc/0611067;gr-qc/0611067;0;2;2
math-ph/0109010;math-ph/0109010;11;2;13
0706.2216;0706.2216;0;14;14
hep-th/0302229;hep-th/0302229;5;11;16
hep-th/9705064;hep-th/9705064;11;34;45
hep-th/9608094;hep-th/9608094;4;9;13
hep-th/9811100;hep-th/9811100;4;1;5
hep-th/9211100;hep-th/9211100;9;0;9
hep-th/9811103;hep-th/9811103;1;6;7
hep-th/9507163;hep-th/9507163;4;6;10
hep-th/9811105;hep-th/9811105;2;4;6
hep-th/9806196;hep-th/9806196;2;6;8
hep-th/9811104;hep-th/9811104;0;2;2
hep-th/9808076;hep-th/9808076;1;9;10
hep-th/9809132;hep-th/9809132;14;21;35
hep-th/9811109;hep-th/9811109;3;10;13
hep-th/9310096;hep-th/9310096;4;0;4
hep-th/9503229;hep-th/9503229;11;32;43
hep-ph/0610081;hep-ph/0610081;4;5;9
hep-th/0510236;hep-th/0510236;4;11;15
hep-th/9903227;hep-th/9903227;7;23;30
hep-th/9907205;hep-th/9907205;3;2;5
hep-th/9907203;hep-th/9907203;3;44;47
hep-th/9902099;hep-th/9902099;18;7;25
hep-th/9907024;hep-th/9907024;5;19;24
hep-th/9804173;hep-th/9804173;4;18;22
0709.4632;0709.4632;0;24;24
hep-th/0102161;hep-th/0102161;24;11;35
hep-th/0410288;hep-th/0410288;4;16;20
hep-th/0510259;hep-th/0510259;11;13;24
hep-th/0205002;hep-th/0205002;12;27;39
hep-th/0211047;hep-th/0211047;23;12;35
hep-th/0007066;hep-th/0007066;3;12;15
hep-th/0405216;hep-th/0405216;12;8;20
hep-th/0609054;hep-th/0609054;11;31;42
hep-th/0101236;hep-th/0101236;15;34;49
hep-th/9906113;hep-th/9906113;9;1;10
hep-th/0204171;hep-th/0204171;10;12;22
hep-th/0107246;hep-th/0107246;6;5;11
hep-th/0003082;hep-th/0003082;15;1;16
hep-th/0110185;hep-th/0110185;10;5;15
hep-th/9910225;hep-th/9910225;1;5;6
hep-th/0009186;hep-th/0009186;9;13;22
hep-th/0008058;hep-th/0008058;15;22;37
hep-th/0102064;hep-th/0102064;2;28;30
math/0403131;math/0403131;2;1;3
0909.4940;0909.4940;0;26;26
hep-th/0511168;hep-th/0511168;9;19;28
hep-th/9606072;hep-th/9606072;14;7;21
hep-th/9511209;hep-th/9511209;20;5;25
hep-th/9909065;hep-th/9909065;14;12;26
hep-th/9712111;hep-th/9712111;29;9;38
hep-th/9612154;hep-th/9612154;10;8;18
hep-th/0103263;hep-th/0103263;9;16;25
hep-th/9110047;hep-th/9110047;4;0;4
hep-th/0510062;hep-th/0510062;10;8;18
cond-mat/9908453;cond-mat/9908453;9;5;14
hep-th/0209020;hep-th/0209020;0;16;16
hep-th/0205322;hep-th/0205322;1;16;17
hep-th/0104240;hep-th/0104240;5;8;13
hep-th/0108213;hep-th/0108213;3;7;10
hep-th/0110223;hep-th/0110223;1;7;8
alg-geom/9402003;alg-geom/9402003;5;0;5
hep-th/9807153;hep-th/9807153;8;12;20
math-ph/0102031;math-ph/0102031;4;1;5
hep-th/0105294;hep-th/0105294;5;11;16
hep-th/0106287;hep-th/0106287;5;9;14
hep-th/0209021;hep-th/0209021;2;3;5
hep-th/0209022;hep-th/0209022;0;18;18
hep-th/9506205;hep-th/9506205;6;15;21
gr-qc/9903095;gr-qc/9903095;9;0;9
hep-th/9911086;hep-th/9911086;3;24;27
hep-th/0209023;hep-th/0209023;4;18;22
hep-th/0003062;hep-th/0003062;3;3;6
hep-th/9807102;hep-th/9807102;2;2;4
hep-th/9912278;hep-th/9912278;5;4;9
hep-th/9608160;hep-th/9608160;10;1;11
hep-th/9503140;hep-th/9503140;12;1;13
hep-th/9608143;hep-th/9608143;5;2;7
hep-th/0209024;hep-th/0209024;1;7;8
hep-th/9510082;hep-th/9510082;6;0;6
hep-th/9910226;hep-th/9910226;4;48;52
hep-th/0007122;hep-th/0007122;1;21;22
hep-th/0204216;hep-th/0204216;4;0;4
hep-th/0205032;hep-th/0205032;2;21;23
hep-th/0009239;hep-th/0009239;10;0;10
hep-th/0206031;hep-th/0206031;12;29;41
0802.4401;0802.4401;0;21;21
gr-qc/9904051;gr-qc/9904051;2;7;9
0909.1324;0909.1324;0;17;17
hep-th/0405083;hep-th/0405083;12;22;34
hep-th/0506234;hep-th/0506234;10;39;49
hep-th/0411227;hep-th/0411227;11;31;42
hep-th/9311025;hep-th/9311025;2;0;2
0809.5143;0809.5143;0;26;26
0909.1327;0909.1327;0;24;24
0904.3670;0904.3670;0;9;9
hep-ph/0703246;hep-ph/0703246;5;1;6
hep-th/0309086;hep-th/0309086;3;0;3
0709.0398;0709.0398;0;43;43
0902.1658;0902.1658;0;25;25
0803.1475;0803.1475;0;42;42
hep-th/0701059;hep-th/0701059;16;17;33
0803.1470;0803.1470;0;19;19
hep-th/0103012;hep-th/0103012;7;5;12
hep-th/0102056;hep-th/0102056;16;0;16
quant-ph/9908062;quant-ph/9908062;0;2;2
quant-ph/9811041;quant-ph/9811041;1;0;1
hep-ph/9410378;hep-ph/9410378;2;0;2
0809.1997;0809.1997;0;12;12
hep-th/9606051;hep-th/9606051;1;5;6
hep-th/9511059;hep-th/9511059;9;6;15
gr-qc/9704066;gr-qc/9704066;1;9;10
gr-qc/9511042;gr-qc/9511042;8;2;10
gr-qc/9607044;gr-qc/9607044;5;2;7
hep-th/9210110;hep-th/9210110;9;1;10
cond-mat/0101349;cond-mat/0101349;11;0;11
gr-qc/0306013;gr-qc/0306013;1;1;2
gr-qc/0305051;gr-qc/0305051;4;2;6
hep-th/9210044;hep-th/9210044;0;1;1
hep-th/9210047;hep-th/9210047;1;2;3
hep-th/9111027;hep-th/9111027;11;0;11
hep-th/0504178;hep-th/0504178;1;2;3
hep-th/0504179;hep-th/0504179;5;54;59
hep-th/0405010;hep-th/0405010;4;56;60
gr-qc/9802021;gr-qc/9802021;0;1;1
gr-qc/9708024;gr-qc/9708024;3;1;4
hep-th/0504171;hep-th/0504171;6;10;16
hep-th/0503139;hep-th/0503139;7;45;52
hep-th/0411038;hep-th/0411038;6;1;7
hep-th/0504172;hep-th/0504172;5;38;43
hep-th/0504173;hep-th/0504173;5;4;9
hep-th/0504174;hep-th/0504174;4;18;22
hep-th/0408137;hep-th/0408137;5;1;6
hep-th/0201036;hep-th/0201036;9;16;25
hep-th/0504176;hep-th/0504176;6;43;49
hep-th/0510269;hep-th/0510269;4;19;23
hep-th/0212125;hep-th/0212125;9;11;20
hep-th/0211240;hep-th/0211240;9;0;9
hep-th/0510268;hep-th/0510268;2;22;24
hep-th/0509174;hep-th/0509174;2;18;20
hep-th/0312066;hep-th/0312066;5;21;26
0911.3126;0911.3126;0;2;2
0912.2100;0912.2100;0;15;15
hep-th/9611107;hep-th/9611107;12;10;22
hep-th/9811006;hep-th/9811006;7;23;30
hep-th/9610057;hep-th/9610057;7;21;28
hep-th/9602062;hep-th/9602062;13;2;15
hep-th/9703071;hep-th/9703071;7;9;16
hep-th/9510192;hep-th/9510192;9;0;9
hep-th/0004079;hep-th/0004079;1;3;4
hep-th/9902057;hep-th/9902057;8;8;16
quant-ph/0003108;quant-ph/0003108;4;0;4
hep-th/0004041;hep-th/0004041;7;12;19
hep-th/9310011;hep-th/9310011;4;8;12
hep-th/9904011;hep-th/9904011;11;0;11
hep-th/9912225;hep-th/9912225;6;18;24
hep-th/0004075;hep-th/0004075;6;16;22
hep-th/9805183;hep-th/9805183;21;1;22
hep-th/0002214;hep-th/0002214;1;15;16
hep-th/9808024;hep-th/9808024;14;32;46
0805.3125;0805.3125;0;14;14
hep-th/0303101;hep-th/0303101;16;21;37
hep-th/0311015;hep-th/0311015;8;21;29
0910.5485;0910.5485;0;15;15
math-ph/0404023;math-ph/0404023;4;2;6
hep-th/9507070;hep-th/9507070;15;7;22
math-ph/0401003;math-ph/0401003;1;1;2
0707.1674;0707.1674;0;12;12
0903.0986;0903.0986;0;6;6
0706.3978;0706.3978;0;37;37
hep-th/0606059;hep-th/0606059;14;16;30
hep-ph/0612010;hep-ph/0612010;10;34;44
hep-th/0609152;hep-th/0609152;5;27;32
hep-ph/0409123;hep-ph/0409123;13;15;28
hep-ph/0401172;hep-ph/0401172;22;13;35
0706.0063;0706.0063;1;7;8
0710.1825;0710.1825;0;3;3
hep-ph/0409127;hep-ph/0409127;3;9;12
gr-qc/0409038;gr-qc/0409038;8;15;23
gr-qc/0403054;gr-qc/0403054;17;10;27
0906.0167;0906.0167;0;6;6
quant-ph/0306096;quant-ph/0306096;5;11;16
nlin/0305047;nlin/0305047;2;0;2
hep-th/0608006;hep-th/0608006;2;7;9
hep-th/9408002;hep-th/9408002;14;0;14
hep-ph/0401055;hep-ph/0401055;6;155;161
0810.1501;0810.1501;0;16;16
hep-th/0511136;hep-th/0511136;2;18;20
hep-ph/0310258;hep-ph/0310258;14;46;60
0810.1503;0810.1503;0;9;9
gr-qc/0201015;gr-qc/0201015;0;4;4
hep-th/0003008;hep-th/0003008;4;4;8
0806.3797;0806.3797;0;12;12
hep-th/0703170;hep-th/0703170;12;13;25
hep-th/0610328;hep-th/0610328;13;71;84
hep-th/0611218;hep-th/0611218;5;18;23
hep-th/0607045;hep-th/0607045;7;36;43
hep-th/0610069;hep-th/0610069;11;47;58
hep-th/0606246;hep-th/0606246;8;62;70
hep-th/0608103;hep-th/0608103;2;37;39
hep-th/0302087;hep-th/0302087;5;43;48
hep-th/0301023;hep-th/0301023;5;5;10
hep-th/0210198;hep-th/0210198;14;53;67
hep-th/0610062;hep-th/0610062;8;22;30
hep-th/0303012;hep-th/0303012;17;7;24
hep-th/0604122;hep-th/0604122;10;19;29
hep-th/0503056;hep-th/0503056;19;0;19
hep-th/0410194;hep-th/0410194;22;4;26
hep-th/0501075;hep-th/0501075;15;9;24
hep-th/0504138;hep-th/0504138;20;17;37
hep-th/0509009;hep-th/0509009;14;16;30
hep-th/0604026;hep-th/0604026;7;23;30
hep-th/0510247;hep-th/0510247;14;31;45
hep-th/0503004;hep-th/0503004;15;3;18
hep-th/0501020;hep-th/0501020;19;12;31
hep-th/0505035;hep-th/0505035;17;28;45
hep-th/0610063;hep-th/0610063;1;62;63
hep-th/0206253;hep-th/0206253;4;16;20
hep-th/0502169;hep-th/0502169;10;31;41
hep-th/0610060;hep-th/0610060;0;7;7
hep-th/0307211;hep-th/0307211;14;17;31
hep-th/0610061;hep-th/0610061;3;18;21
hep-th/9509003;hep-th/9509003;13;1;14
math/0206016;math/0206016;1;4;5
hep-th/0610065;hep-th/0610065;2;9;11
hep-th/0307166;hep-th/0307166;2;4;6
hep-th/0403206;hep-th/0403206;2;0;2
hep-th/0305125;hep-th/0305125;3;3;6
hep-th/0001030;hep-th/0001030;7;5;12
hep-th/0010013;hep-th/0010013;1;6;7
hep-th/9804015;hep-th/9804015;6;4;10
hep-th/9212057;hep-th/9212057;28;5;33
hep-ph/9912426;hep-ph/9912426;3;16;19
0706.3751;0706.3751;0;106;106
hep-th/0510166;hep-th/0510166;3;2;5
hep-th/0610280;hep-th/0610280;2;23;25
hep-th/0605080;hep-th/0605080;8;69;77
hep-th/0210195;hep-th/0210195;5;13;18
hep-th/0409178;hep-th/0409178;11;13;24
hep-th/9903030;hep-th/9903030;9;9;18
hep-th/0512198;hep-th/0512198;6;39;45
hep-lat/9810052;hep-lat/9810052;7;5;12
hep-lat/9806019;hep-lat/9806019;22;5;27
hep-lat/9809013;hep-lat/9809013;20;7;27
hep-lat/9712015;hep-lat/9712015;13;10;23
hep-lat/9808015;hep-lat/9808015;5;6;11
0909.2138;0909.2138;0;3;3
hep-th/0603042;hep-th/0603042;7;19;26
0912.1741;0912.1741;0;6;6
0912.1748;0912.1748;0;29;29
hep-th/0606248;hep-th/0606248;3;43;46
hep-th/0204192;hep-th/0204192;7;26;33
hep-th/0511132;hep-th/0511132;3;33;36
hep-th/9911022;hep-th/9911022;8;109;117
hep-th/0006141;hep-th/0006141;7;54;61
hep-th/0408066;hep-th/0408066;6;34;40
hep-th/0507224;hep-th/0507224;9;44;53
hep-th/0108069;hep-th/0108069;3;13;16
hep-th/0002120;hep-th/0002120;10;5;15
hep-th/0511131;hep-th/0511131;0;6;6
0802.1861;0802.1861;0;47;47
hep-th/0412273;hep-th/0412273;4;42;46
hep-th/0306220;hep-th/0306220;10;7;17
hep-th/0408082;hep-th/0408082;5;21;26
hep-th/0208079;hep-th/0208079;10;39;49
gr-qc/0305095;gr-qc/0305095;0;15;15
gr-qc/0302064;gr-qc/0302064;10;4;14
gr-qc/0305097;gr-qc/0305097;2;6;8
gr-qc/0305092;gr-qc/0305092;0;12;12
hep-th/0212334;hep-th/0212334;4;37;41
quant-ph/0209114;quant-ph/0209114;4;4;8
0906.0852;0906.0852;0;16;16
hep-th/9501073;hep-th/9501073;10;3;13
hep-th/0601069;hep-th/0601069;23;30;53
hep-th/0610315;hep-th/0610315;4;14;18
hep-th/0605176;hep-th/0605176;4;22;26
hep-th/0205305;hep-th/0205305;7;17;24
gr-qc/9211017;gr-qc/9211017;16;0;16
hep-th/0212027;hep-th/0212027;7;13;20
gr-qc/0305098;gr-qc/0305098;7;2;9
0706.1768;0706.1768;0;34;34
hep-th/0605170;hep-th/0605170;10;27;37
0706.1769;0706.1769;0;20;20
hep-th/0006088;hep-th/0006088;5;36;41
hep-th/0603255;hep-th/0603255;12;28;40
hep-th/9209048;hep-th/9209048;4;0;4
hep-th/0002026;hep-th/0002026;3;8;11
hep-th/9801107;hep-th/9801107;4;8;12
hep-th/0002024;hep-th/0002024;4;5;9
hep-th/9810228;hep-th/9810228;10;6;16
dg-ga/9704006;dg-ga/9704006;10;1;11
hep-th/0002022;hep-th/0002022;8;5;13
hep-th/9712229;hep-th/9712229;3;0;3
hep-th/9412177;hep-th/9412177;2;2;4
gr-qc/9909004;gr-qc/9909004;5;5;10
hep-th/9904125;hep-th/9904125;3;9;12
hep-th/9502116;hep-th/9502116;4;2;6
hep-th/9711102;hep-th/9711102;16;89;105
hep-th/9905198;hep-th/9905198;5;18;23
hep-th/9812190;hep-th/9812190;9;34;43
hep-th/0001218;hep-th/0001218;8;10;18
0812.3570;0812.3570;0;9;9
hep-th/0011274;hep-th/0011274;2;0;2
hep-th/0002029;hep-th/0002029;5;48;53
hep-th/9702123;hep-th/9702123;5;12;17
hep-th/9807199;hep-th/9807199;13;24;37
hep-th/9901104;hep-th/9901104;8;14;22
hep-th/9901027;hep-th/9901027;4;14;18
hep-th/9911150;hep-th/9911150;8;20;28
hep-th/0002028;hep-th/0002028;21;32;53
hep-th/9911180;hep-th/9911180;23;6;29
math/0107022;math/0107022;0;1;1
hep-th/9412025;hep-th/9412025;8;1;9
hep-th/0205271;hep-th/0205271;14;36;50
hep-th/9306019;hep-th/9306019;10;5;15
hep-th/9212016;hep-th/9212016;9;1;10
hep-ph/0303141;hep-ph/0303141;0;2;2
hep-ph/0110104;hep-ph/0110104;14;26;40
hep-ph/0109043;hep-ph/0109043;15;2;17
gr-qc/9812008;gr-qc/9812008;2;7;9
0910.4822;0910.4822;0;8;8
math-ph/0601028;math-ph/0601028;4;8;12
0911.4068;0911.4068;0;4;4
gr-qc/9610009;gr-qc/9610009;6;3;9
hep-th/0312049;hep-th/0312049;3;10;13
hep-th/9804130;hep-th/9804130;15;2;17
hep-th/9406189;hep-th/9406189;3;7;10
hep-th/9605058;hep-th/9605058;7;0;7
math/0402313;math/0402313;0;2;2
hep-th/9408007;hep-th/9408007;5;6;11
hep-th/9205007;hep-th/9205007;7;0;7
hep-th/9306061;hep-th/9306061;1;0;1
hep-th/0312041;hep-th/0312041;4;13;17
hep-th/9609002;hep-th/9609002;8;4;12
hep-th/9607220;hep-th/9607220;18;5;23
hep-th/9510158;hep-th/9510158;7;0;7
hep-th/9508106;hep-th/9508106;3;3;6
hep-th/0005148;hep-th/0005148;14;16;30
hep-th/0312044;hep-th/0312044;1;8;9
hep-th/0307262;hep-th/0307262;4;10;14
hep-th/9304107;hep-th/9304107;6;1;7
0803.4188;0803.4188;0;48;48
hep-th/0603125;hep-th/0603125;3;30;33
hep-th/0504025;hep-th/0504025;32;0;32
hep-th/0607200;hep-th/0607200;23;40;63
hep-th/0010103;hep-th/0010103;7;24;31
hep-th/0510225;hep-th/0510225;1;21;22
0805.1157;0805.1157;0;32;32
hep-th/0508004;hep-th/0508004;5;39;44
hep-th/0606002;hep-th/0606002;4;75;79
hep-lat/0508030;hep-lat/0508030;12;3;15
0803.4183;0803.4183;0;35;35
hep-th/0312191;hep-th/0312191;13;43;56
math/0609656;math/0609656;0;7;7
hep-th/0406003;hep-th/0406003;9;0;9
math/0311151;math/0311151;1;10;11
hep-th/0203056;hep-th/0203056;15;11;26
0807.2864;0807.2864;0;46;46
gr-qc/0701140;gr-qc/0701140;9;3;12
0706.1941;0706.1941;0;27;27
hep-th/0603098;hep-th/0603098;6;201;207
hep-th/0503110;hep-th/0503110;2;11;13
hep-th/0611013;hep-th/0611013;6;155;161
hep-th/9712151;hep-th/9712151;3;16;19
0907.1034;0907.1034;0;13;13
0807.2261;0807.2261;0;17;17
gr-qc/0604099;gr-qc/0604099;21;3;24
gr-qc/0701105;gr-qc/0701105;6;5;11
hep-th/0002038;hep-th/0002038;8;22;30
hep-th/9912215;hep-th/9912215;3;18;21
hep-th/9411171;hep-th/9411171;1;0;1
gr-qc/9505026;gr-qc/9505026;4;8;12
hep-th/0201117;hep-th/0201117;9;6;15
hep-ph/9609405;hep-ph/9609405;0;4;4
hep-th/9803175;hep-th/9803175;10;7;17
hep-th/9506178;hep-th/9506178;16;18;34
0802.3674;0802.3674;0;21;21
hep-th/0703289;hep-th/0703289;9;95;104
hep-th/9802148;hep-th/9802148;10;26;36
hep-th/9802027;hep-th/9802027;6;8;14
0906.1201;0906.1201;0;7;7
cond-mat/0303148;cond-mat/0303148;2;2;4
hep-th/9309100;hep-th/9309100;4;8;12
hep-th/9610037;hep-th/9610037;14;28;42
hep-th/9404096;hep-th/9404096;2;4;6
hep-th/9611171;hep-th/9611171;1;17;18
hep-th/9510107;hep-th/9510107;2;1;3
hep-th/9310155;hep-th/9310155;6;8;14
hep-th/9310156;hep-th/9310156;4;22;26
hep-th/9505159;hep-th/9505159;3;3;6
hep-th/9410056;hep-th/9410056;16;7;23
hep-th/9611177;hep-th/9611177;1;3;4
hep-th/9609214;hep-th/9609214;4;3;7
hep-th/9611175;hep-th/9611175;17;21;38
hep-th/9606031;hep-th/9606031;4;20;24
hep-th/9610068;hep-th/9610068;20;25;45
astro-ph/0502069;astro-ph/0502069;6;33;39
0711.0387;0711.0387;0;41;41
hep-th/0204023;hep-th/0204023;12;42;54
hep-th/9611178;hep-th/9611178;3;9;12
hep-th/9310047;hep-th/9310047;6;3;9
hep-th/9407100;hep-th/9407100;3;3;6
hep-th/9611179;hep-th/9611179;4;4;8
0805.4658;0805.4658;0;32;32
0711.0386;0711.0386;0;24;24
hep-th/0602083;hep-th/0602083;0;28;28
hep-th/9501120;hep-th/9501120;4;6;10
hep-th/0602039;hep-th/0602039;13;43;56
hep-th/0512239;hep-th/0512239;5;24;29
hep-th/0602088;hep-th/0602088;2;16;18
hep-th/0503136;hep-th/0503136;11;6;17
hep-th/9509094;hep-th/9509094;2;2;4
hep-th/0212324;hep-th/0212324;4;4;8
hep-th/0205145;hep-th/0205145;13;1;14
hep-th/0410107;hep-th/0410107;5;1;6
hep-th/0504118;hep-th/0504118;4;14;18
hep-th/0402077;hep-th/0402077;7;16;23
0904.0364;0904.0364;0;2;2
hep-th/9504080;hep-th/9504080;25;10;35
0803.1801;0803.1801;0;13;13
hep-th/0506110;hep-th/0506110;8;44;52
hep-th/9302075;hep-th/9302075;4;2;6
hep-th/9502114;hep-th/9502114;8;5;13
hep-th/9510120;hep-th/9510120;0;3;3
hep-th/9510127;hep-th/9510127;4;7;11
hep-th/9510126;hep-th/9510126;0;7;7
hep-th/9510125;hep-th/9510125;0;6;6
hep-th/9510124;hep-th/9510124;2;5;7
0711.2679;0711.2679;0;28;28
hep-th/0310015;hep-th/0310015;7;28;35
hep-th/9601129;hep-th/9601129;2;2;4
hep-th/9601120;hep-th/9601120;3;3;6
hep-th/9506041;hep-th/9506041;7;6;13
hep-th/9601121;hep-th/9601121;0;1;1
hep-th/9511044;hep-th/9511044;1;3;4
hep-th/9507057;hep-th/9507057;15;0;15
hep-th/9411203;hep-th/9411203;9;9;18
hep-th/9903191;hep-th/9903191;0;8;8
hep-th/9806222;hep-th/9806222;3;6;9
hep-th/9903197;hep-th/9903197;0;11;11
hep-th/9804024;hep-th/9804024;3;6;9
hep-th/9708054;hep-th/9708054;5;12;17
hep-th/9903195;hep-th/9903195;4;19;23
hep-th/9811223;hep-th/9811223;5;6;11
hep-th/9903199;hep-th/9903199;1;6;7
0708.3428;0708.3428;0;33;33
0911.5228;0911.5228;0;10;10
hep-th/9601083;hep-th/9601083;15;8;23
hep-th/9506176;hep-th/9506176;27;1;28
hep-ph/9508378;hep-ph/9508378;21;2;23
0911.5220;0911.5220;0;2;2
0911.5225;0911.5225;0;9;9
0911.5227;0911.5227;0;28;28
gr-qc/0001020;gr-qc/0001020;14;8;22
gr-qc/0001022;gr-qc/0001022;0;2;2
gr-qc/9804004;gr-qc/9804004;8;3;11
hep-ph/0304209;hep-ph/0304209;11;8;19
hep-ph/0204042;hep-ph/0204042;17;9;26
hep-ph/0102153;hep-ph/0102153;19;9;28
hep-ph/0207370;hep-ph/0207370;13;0;13
hep-th/9610215;hep-th/9610215;28;2;30
hep-th/9902191;hep-th/9902191;12;0;12
hep-th/0411278;hep-th/0411278;6;16;22
hep-th/0103027;hep-th/0103027;5;2;7
hep-th/0407068;hep-th/0407068;12;8;20
0806.0768;0806.0768;0;14;14
hep-th/9602085;hep-th/9602085;33;10;43
gr-qc/9903051;gr-qc/9903051;13;28;41
0903.2815;0903.2815;0;7;7
math-ph/0506075;math-ph/0506075;16;5;21
hep-th/0410192;hep-th/0410192;22;7;29
gr-qc/0701087;gr-qc/0701087;8;7;15
astro-ph/0603545;astro-ph/0603545;4;13;17
gr-qc/9904008;gr-qc/9904008;3;0;3
gr-qc/0607088;gr-qc/0607088;10;4;14
hep-th/0407036;hep-th/0407036;18;21;39
hep-th/0503097;hep-th/0503097;4;0;4
hep-th/9809055;hep-th/9809055;8;23;31
hep-th/9806075;hep-th/9806075;16;23;39
hep-th/9903222;hep-th/9903222;3;20;23
hep-th/9903065;hep-th/9903065;4;24;28
0904.1009;0904.1009;0;21;21
hep-th/9910066;hep-th/9910066;13;25;38
hep-th/0309174;hep-th/0309174;5;12;17
hep-th/0204243;hep-th/0204243;10;20;30
hep-th/0308007;hep-th/0308007;17;9;26
hep-th/0112072;hep-th/0112072;18;0;18
hep-th/0302063;hep-th/0302063;27;29;56
hep-th/9310036;hep-th/9310036;0;1;1
gr-qc/0407090;gr-qc/0407090;1;2;3
hep-th/9303011;hep-th/9303011;3;6;9
hep-ph/0402059;hep-ph/0402059;11;13;24
hep-ph/0211011;hep-ph/0211011;16;25;41
hep-ph/0211012;hep-ph/0211012;14;19;33
0810.1978;0810.1978;0;17;17
gr-qc/0605123;gr-qc/0605123;11;13;24
hep-th/0612301;hep-th/0612301;1;11;12
hep-th/9607153;hep-th/9607153;8;13;21
math/0604597;math/0604597;10;24;34
hep-th/0309172;hep-th/0309172;0;4;4
0704.0296;0704.0296;0;31;31
hep-th/9504001;hep-th/9504001;5;10;15
hep-th/9409137;hep-th/9409137;4;0;4
hep-th/9301059;hep-th/9301059;12;1;13
hep-th/9511081;hep-th/9511081;5;10;15
hep-th/9212126;hep-th/9212126;10;1;11
hep-th/9509022;hep-th/9509022;13;7;20
hep-th/9403126;hep-th/9403126;7;4;11
hep-th/9311144;hep-th/9311144;5;6;11
hep-th/9511199;hep-th/9511199;2;6;8
hep-th/9406121;hep-th/9406121;2;4;6
hep-th/9407033;hep-th/9407033;4;6;10
hep-th/9305077;hep-th/9305077;7;0;7
hep-th/9311110;hep-th/9311110;8;0;8
hep-th/9608069;hep-th/9608069;0;4;4
hep-th/9502128;hep-th/9502128;4;1;5
hep-th/9608066;hep-th/9608066;0;1;1
hep-th/9608067;hep-th/9608067;0;1;1
hep-th/9605208;hep-th/9605208;24;8;32
hep-th/9608065;hep-th/9608065;1;8;9
hep-th/9608062;hep-th/9608062;0;7;7
hep-th/9501050;hep-th/9501050;5;3;8
hep-th/9407055;hep-th/9407055;7;4;11
0801.4770;0801.4770;0;2;2
hep-th/0401184;hep-th/0401184;18;19;37
hep-th/0103047;hep-th/0103047;5;39;44
hep-ph/9910456;hep-ph/9910456;3;13;16
0803.2980;0803.2980;0;23;23
hep-th/0403217;hep-th/0403217;3;37;40
gr-qc/0612188;gr-qc/0612188;0;7;7
gr-qc/0610007;gr-qc/0610007;6;9;15
gr-qc/9904012;gr-qc/9904012;18;3;21
0705.3874;0705.3874;0;31;31
0909.4411;0909.4411;0;1;1
0705.3871;0705.3871;0;29;29
0705.3870;0705.3870;0;25;25
0801.0257;0801.0257;0;20;20
hep-ph/0102272;hep-ph/0102272;3;8;11
hep-th/9807039;hep-th/9807039;1;6;7
gr-qc/0612186;gr-qc/0612186;3;8;11
hep-th/0406069;hep-th/0406069;4;5;9
gr-qc/0612187;gr-qc/0612187;0;10;10
hep-th/9908168;hep-th/9908168;0;2;2
hep-th/9303177;hep-th/9303177;2;1;3
hep-th/9910073;hep-th/9910073;5;0;5
hep-th/9908167;hep-th/9908167;2;11;13
hep-th/9908164;hep-th/9908164;1;6;7
hep-th/9908165;hep-th/9908165;1;33;34
hep-th/9811010;hep-th/9811010;9;47;56
0812.4229;0812.4229;0;33;33
hep-th/0412004;hep-th/0412004;12;10;22
hep-th/0604211;hep-th/0604211;7;25;32
hep-th/0512150;hep-th/0512150;2;7;9
0905.1968;0905.1968;0;22;22
0905.1962;0905.1962;0;19;19
hep-th/0605122;hep-th/0605122;16;59;75
0805.3447;0805.3447;0;15;15
hep-th/0605261;hep-th/0605261;14;73;87
quant-ph/0211078;quant-ph/0211078;1;1;2
quant-ph/0203030;quant-ph/0203030;2;0;2
0805.3260;0805.3260;0;29;29
math-ph/0310042;math-ph/0310042;6;12;18
math/0304150;math/0304150;10;0;10
hep-th/0207017;hep-th/0207017;14;20;34
hep-th/0310032;hep-th/0310032;4;13;17
hep-th/0303007;hep-th/0303007;4;24;28
hep-th/0309238;hep-th/0309238;10;33;43
hep-th/0310031;hep-th/0310031;2;13;15
hep-th/9907188;hep-th/9907188;29;57;86
0810.2787;0810.2787;0;11;11
0909.5086;0909.5086;0;1;1
hep-th/0310038;hep-th/0310038;1;23;24
astro-ph/9401042;astro-ph/9401042;11;2;13
astro-ph/0502113;astro-ph/0502113;6;8;14
hep-ph/0604027;hep-ph/0604027;9;12;21
hep-th/0505202;hep-th/0505202;10;0;10
hep-th/0305068;hep-th/0305068;4;8;12
0704.1845;0704.1845;0;2;2
hep-ph/0003171;hep-ph/0003171;3;20;23
hep-th/0606271;hep-th/0606271;7;60;67
hep-th/0407271;hep-th/0407271;5;22;27
hep-th/0312211;hep-th/0312211;7;14;21
hep-th/0611119;hep-th/0611119;5;0;5
q-alg/9609002;q-alg/9609002;7;4;11
0912.0861;0912.0861;0;21;21
astro-ph/0610340;astro-ph/0610340;2;6;8
astro-ph/0302549;astro-ph/0302549;13;3;16
gr-qc/0602107;gr-qc/0602107;4;10;14
astro-ph/0605434;astro-ph/0605434;4;4;8
astro-ph/0605432;astro-ph/0605432;4;9;13
astro-ph/0309022;astro-ph/0309022;9;2;11
astro-ph/0410233;astro-ph/0410233;4;4;8
hep-th/0701286;hep-th/0701286;0;19;19
hep-th/0407205;hep-th/0407205;23;10;33
0805.0166;0805.0166;0;15;15
hep-th/0309194;hep-th/0309194;1;10;11
hep-th/0303077;hep-th/0303077;6;2;8
0809.1975;0809.1975;0;7;7
math/0002095;math/0002095;2;4;6
hep-th/9611053;hep-th/9611053;7;9;16
hep-th/9511206;hep-th/9511206;8;6;14
0903.2501;0903.2501;0;6;6
0705.1433;0705.1433;0;18;18
math/0206053;math/0206053;3;4;7
hep-th/9306071;hep-th/9306071;13;0;13
math/0209321;math/0209321;5;0;5
math/0101160;math/0101160;3;7;10
hep-th/9110074;hep-th/9110074;14;0;14
0710.3337;0710.3337;0;1;1
0801.3503;0801.3503;0;24;24
hep-th/0406074;hep-th/0406074;27;0;27
hep-ph/0507218;hep-ph/0507218;5;19;24
hep-ph/0401012;hep-ph/0401012;4;1;5
0801.3507;0801.3507;0;2;2
0712.2860;0712.2860;0;36;36
hep-th/0506161;hep-th/0506161;7;13;20
hep-ph/9509290;hep-ph/9509290;1;8;9
hep-th/9507108;hep-th/9507108;5;20;25
0807.0190;0807.0190;0;34;34
0712.2867;0712.2867;0;16;16
0707.1080;0707.1080;0;50;50
hep-ph/0506168;hep-ph/0506168;9;7;16
hep-ph/0506025;hep-ph/0506025;10;9;19
0812.0012;0812.0012;0;3;3
0903.2290;0903.2290;0;6;6
0812.5062;0812.5062;0;12;12
hep-th/0405170;hep-th/0405170;6;19;25
hep-th/0312062;hep-th/0312062;4;1;5
hep-th/0405173;hep-th/0405173;12;27;39
hep-th/0210002;hep-th/0210002;4;2;6
hep-th/0405174;hep-th/0405174;0;28;28
hep-th/0104175;hep-th/0104175;2;0;2
hep-th/0010263;hep-th/0010263;4;15;19
hep-th/0104195;hep-th/0104195;5;18;23
hep-th/0106243;hep-th/0106243;6;24;30
hep-th/0405176;hep-th/0405176;6;11;17
hep-th/0311213;hep-th/0311213;5;13;18
hep-th/0307178;hep-th/0307178;8;15;23
hep-th/0405177;hep-th/0405177;2;11;13
hep-th/9708154;hep-th/9708154;17;24;41
hep-th/9208060;hep-th/9208060;3;0;3
gr-qc/9606016;gr-qc/9606016;6;5;11
gr-qc/9702036;gr-qc/9702036;3;5;8
gr-qc/9805067;gr-qc/9805067;3;1;4
hep-th/0702116;hep-th/0702116;0;3;3
hep-ph/0605091;hep-ph/0605091;19;17;36
hep-ph/0506129;hep-ph/0506129;4;10;14
hep-ph/0603265;hep-ph/0603265;22;18;40
hep-ph/0604132;hep-ph/0604132;18;14;32
hep-ph/0602061;hep-ph/0602061;34;17;51
hep-ph/0602081;hep-ph/0602081;34;17;51
hep-th/0702114;hep-th/0702114;2;18;20
math-ph/0107028;math-ph/0107028;8;2;10
gr-qc/0206077;gr-qc/0206077;9;0;9
astro-ph/0604242;astro-ph/0604242;3;12;15
hep-th/9509145;hep-th/9509145;6;20;26
hep-th/0309087;hep-th/0309087;2;0;2
hep-ph/0204172;hep-ph/0204172;3;4;7
0704.3407;0704.3407;0;43;43
math/0604157;math/0604157;8;34;42
gr-qc/0001060;gr-qc/0001060;29;0;29
gr-qc/9412052;gr-qc/9412052;6;0;6
hep-th/0111045;hep-th/0111045;11;20;31
hep-th/0110272;hep-th/0110272;17;11;28
hep-th/0110284;hep-th/0110284;8;21;29
hep-lat/9402005;hep-lat/9402005;1;0;1
hep-th/9411191;hep-th/9411191;2;0;2
hep-th/0702119;hep-th/0702119;1;15;16
math-ph/0202033;math-ph/0202033;0;2;2
hep-th/9511118;hep-th/9511118;7;2;9
0911.0662;0911.0662;0;40;40
hep-th/0603256;hep-th/0603256;6;22;28
cond-mat/9909432;cond-mat/9909432;7;4;11
hep-th/9506195;hep-th/9506195;7;1;8
cond-mat/9806208;cond-mat/9806208;2;0;2
cond-mat/9702128;cond-mat/9702128;4;1;5
hep-th/9806083;hep-th/9806083;4;2;6
0902.2001;0902.2001;0;12;12
gr-qc/0401117;gr-qc/0401117;3;9;12
gr-qc/0611154;gr-qc/0611154;9;13;22
hep-th/0302080;hep-th/0302080;1;8;9
astro-ph/0210042;astro-ph/0210042;2;16;18
hep-th/0310030;hep-th/0310030;9;28;37
hep-th/9911095;hep-th/9911095;10;33;43
hep-ph/9506211;hep-ph/9506211;1;7;8
hep-ph/9506216;hep-ph/9506216;0;1;1
math/0010289;math/0010289;12;5;17
hep-th/0402061;hep-th/0402061;18;13;31
hep-th/0104044;hep-th/0104044;7;36;43
hep-th/0105158;hep-th/0105158;10;36;46
hep-th/0405286;hep-th/0405286;0;2;2
hep-th/9508093;hep-th/9508093;5;1;6
hep-th/0405285;hep-th/0405285;7;23;30
gr-qc/0209108;gr-qc/0209108;7;19;26
hep-th/0308113;hep-th/0308113;15;23;38
hep-ph/0108260;hep-ph/0108260;3;4;7
hep-ph/0012041;hep-ph/0012041;14;5;19
hep-th/0309039;hep-th/0309039;4;40;44
hep-th/0209265;hep-th/0209265;9;17;26
hep-th/0302084;hep-th/0302084;3;9;12
hep-th/9811075;hep-th/9811075;4;7;11
hep-th/0204135;hep-th/0204135;3;0;3
hep-th/0204133;hep-th/0204133;5;1;6
hep-th/0002166;hep-th/0002166;4;25;29
gr-qc/0012009;gr-qc/0012009;3;0;3
0904.4664;0904.4664;0;21;21
hep-th/9610032;hep-th/9610032;3;12;15
hep-th/0507204;hep-th/0507204;14;10;24
hep-th/0508097;hep-th/0508097;9;15;24
0912.4093;0912.4093;0;14;14
0904.4662;0904.4662;0;4;4
hep-lat/9701008;hep-lat/9701008;2;0;2
0808.3047;0808.3047;0;20;20
0705.4050;0705.4050;0;16;16
hep-th/0305003;hep-th/0305003;2;19;21
hep-th/9912285;hep-th/9912285;4;11;15
hep-th/9902065;hep-th/9902065;7;1;8
hep-th/9807217;hep-th/9807217;14;7;21
astro-ph/0408216;astro-ph/0408216;0;9;9
hep-ph/0201128;hep-ph/0201128;4;7;11
hep-ph/0011048;hep-ph/0011048;3;7;10
hep-th/9205056;hep-th/9205056;13;0;13
hep-th/9108016;hep-th/9108016;7;0;7
gr-qc/0409100;gr-qc/0409100;7;0;7
0710.0180;0710.0180;0;42;42
hep-lat/9701001;hep-lat/9701001;3;1;4
hep-th/9612039;hep-th/9612039;21;0;21
0711.1316;0711.1316;0;42;42
hep-th/0606083;hep-th/0606083;1;28;29
hep-th/0009135;hep-th/0009135;16;52;68
0808.3042;0808.3042;0;35;35
hep-th/9507007;hep-th/9507007;9;5;14
hep-th/0405261;hep-th/0405261;6;47;53
hep-th/0505257;hep-th/0505257;14;27;41
hep-th/0501218;hep-th/0501218;3;15;18
0812.3322;0812.3322;0;13;13
0903.4573;0903.4573;0;28;28
gr-qc/0306112;gr-qc/0306112;5;5;10
hep-th/0403150;hep-th/0403150;5;17;22
0705.0747;0705.0747;0;24;24
gr-qc/0001102;gr-qc/0001102;13;13;26
0705.0744;0705.0744;0;2;2
hep-th/0302188;hep-th/0302188;2;2;4
hep-th/9910018;hep-th/9910018;8;0;8
hep-th/0404127;hep-th/0404127;10;48;58
hep-th/0507013;hep-th/0507013;2;4;6
hep-th/0307067;hep-th/0307067;4;4;8
gr-qc/0407006;gr-qc/0407006;4;14;18
hep-th/0510224;hep-th/0510224;1;24;25
hep-th/0208009;hep-th/0208009;13;41;54
hep-th/0412215;hep-th/0412215;7;6;13
0806.4191;0806.4191;0;32;32
hep-th/0512274;hep-th/0512274;3;14;17
hep-th/0110142;hep-th/0110142;6;25;31
hep-th/0603012;hep-th/0603012;16;39;55
hep-th/0512101;hep-th/0512101;7;49;56
math/0702399;math/0702399;0;2;2
math/0701499;math/0701499;1;0;1
math/0604405;math/0604405;1;0;1
hep-th/0510095;hep-th/0510095;8;25;33
hep-th/0301202;hep-th/0301202;4;6;10
hep-th/0510223;hep-th/0510223;6;20;26
hep-th/9205057;hep-th/9205057;2;1;3
hep-th/9111030;hep-th/9111030;6;0;6
hep-th/0301096;hep-th/0301096;3;42;45
hep-th/9807180;hep-th/9807180;7;10;17
hep-th/9705157;hep-th/9705157;9;9;18
hep-th/0008070;hep-th/0008070;12;0;12
hep-th/9604181;hep-th/9604181;20;9;29
hep-th/9911089;hep-th/9911089;15;5;20
hep-th/0101196;hep-th/0101196;9;23;32
hep-th/0004157;hep-th/0004157;6;15;21
hep-th/0210085;hep-th/0210085;5;17;22
hep-th/0104107;hep-th/0104107;3;7;10
hep-ph/0511301;hep-ph/0511301;3;28;31
gr-qc/0512077;gr-qc/0512077;3;13;16
hep-th/0409188;hep-th/0409188;11;14;25
gr-qc/0506103;gr-qc/0506103;9;38;47
0808.3049;0808.3049;0;6;6
hep-lat/0103011;hep-lat/0103011;4;0;4
hep-th/9607154;hep-th/9607154;15;4;19
hep-lat/0605013;hep-lat/0605013;6;23;29
hep-lat/9909025;hep-lat/9909025;6;10;16
hep-th/0011208;hep-th/0011208;5;21;26
0810.1328;0810.1328;0;9;9
hep-th/0405239;hep-th/0405239;6;6;12
hep-th/0112237;hep-th/0112237;16;1;17
hep-th/0504220;hep-th/0504220;0;1;1
hep-th/0504099;hep-th/0504099;2;0;2
hep-th/0510082;hep-th/0510082;5;40;45
hep-th/9601015;hep-th/9601015;3;0;3
hep-th/9512137;hep-th/9512137;3;11;14
hep-th/9602172;hep-th/9602172;7;53;60
hep-th/0610068;hep-th/0610068;6;87;93
hep-th/9802093;hep-th/9802093;8;12;20
hep-th/0101129;hep-th/0101129;9;8;17
hep-th/0301093;hep-th/0301093;1;8;9
hep-th/0210164;hep-th/0210164;3;12;15
hep-th/9405125;hep-th/9405125;11;1;12
hep-th/0401109;hep-th/0401109;3;9;12
hep-th/0301009;hep-th/0301009;3;40;43
hep-th/0210158;hep-th/0210158;24;42;66
0906.4070;0906.4070;0;7;7
math-ph/0703085;math-ph/0703085;5;6;11
hep-th/0401105;hep-th/0401105;4;10;14
hep-th/0201135;hep-th/0201135;5;41;46
hep-th/0401104;hep-th/0401104;0;9;9
hep-th/9509086;hep-th/9509086;7;3;10
hep-th/9406092;hep-th/9406092;6;0;6
hep-th/9911244;hep-th/9911244;5;11;16
hep-th/0211256;hep-th/0211256;1;4;5
hep-th/0102070;hep-th/0102070;23;8;31
hep-th/9809084;hep-th/9809084;2;0;2
hep-th/0202155;hep-th/0202155;8;10;18
hep-th/0010003;hep-th/0010003;14;15;29
hep-th/0401101;hep-th/0401101;7;18;25
hep-th/0309223;hep-th/0309223;4;0;4
hep-th/0309229;hep-th/0309229;17;26;43
hep-th/0311210;hep-th/0311210;7;17;24
hep-th/0106242;hep-th/0106242;13;9;22
hep-th/0107098;hep-th/0107098;3;42;45
0908.2477;0908.2477;0;11;11
0710.5480;0710.5480;0;7;7
hep-ph/0510288;hep-ph/0510288;2;6;8
hep-th/0403175;hep-th/0403175;11;10;21
hep-th/0506107;hep-th/0506107;9;11;20
0906.0949;0906.0949;0;10;10
hep-th/0310102;hep-th/0310102;8;3;11
hep-th/0303126;hep-th/0303126;10;0;10
hep-th/0506199;hep-th/0506199;4;10;14
hep-th/0501128;hep-th/0501128;4;4;8
hep-th/0506074;hep-th/0506074;11;21;32
hep-th/0006233;hep-th/0006233;12;3;15
hep-th/0310131;hep-th/0310131;7;2;9
hep-lat/0503011;hep-lat/0503011;6;37;43
hep-ph/0401108;hep-ph/0401108;6;3;9
hep-th/0409223;hep-th/0409223;4;17;21
hep-lat/0404011;hep-lat/0404011;7;22;29
hep-th/0212289;hep-th/0212289;2;2;4
hep-th/0112103;hep-th/0112103;1;1;2
hep-th/0003023;hep-th/0003023;2;7;9
hep-th/0212280;hep-th/0212280;4;3;7
hep-th/9911059;hep-th/9911059;4;0;4
hep-th/9904053;hep-th/9904053;4;0;4
hep-th/0212282;hep-th/0212282;4;1;5
hep-th/9705042;hep-th/9705042;1;1;2
hep-lat/0009026;hep-lat/0009026;13;13;26
hep-lat/0112030;hep-lat/0112030;6;24;30
hep-th/0203277;hep-th/0203277;6;25;31
hep-lat/0206003;hep-lat/0206003;10;26;36
hep-lat/0109016;hep-lat/0109016;5;8;13
hep-lat/0207009;hep-lat/0207009;15;33;48
hep-th/0212285;hep-th/0212285;0;8;8
hep-th/0104116;hep-th/0104116;6;7;13
hep-th/0212286;hep-th/0212286;5;4;9
hep-th/0212287;hep-th/0212287;1;5;6
hep-th/0206144;hep-th/0206144;3;25;28
math-ph/0312018;math-ph/0312018;0;2;2
0911.4257;0911.4257;0;20;20
gr-qc/0502098;gr-qc/0502098;2;2;4
0908.3976;0908.3976;0;21;21
hep-th/0608016;hep-th/0608016;3;16;19
hep-th/0010099;hep-th/0010099;4;18;22
hep-th/9904003;hep-th/9904003;12;5;17
hep-th/9911035;hep-th/9911035;10;11;21
hep-th/0010098;hep-th/0010098;5;26;31
hep-th/0007063;hep-th/0007063;9;27;36
hep-th/0506065;hep-th/0506065;0;2;2
hep-th/9905206;hep-th/9905206;21;22;43
hep-th/0010094;hep-th/0010094;7;15;22
hep-th/9604167;hep-th/9604167;5;9;14
hep-th/0005092;hep-th/0005092;5;2;7
hep-th/0010092;hep-th/0010092;0;13;13
gr-qc/0105070;gr-qc/0105070;4;6;10
astro-ph/0104075;astro-ph/0104075;4;4;8
0806.4959;0806.4959;0;24;24
hep-th/0304020;hep-th/0304020;18;24;42
hep-th/0003190;hep-th/0003190;6;148;154
0805.2604;0805.2604;0;1;1
0711.1773;0711.1773;0;27;27
hep-th/0512309;hep-th/0512309;4;2;6
hep-th/0612275;hep-th/0612275;0;3;3
hep-th/0612274;hep-th/0612274;0;3;3
hep-th/0109103;hep-th/0109103;3;0;3
hep-th/9801178;hep-th/9801178;2;1;3
hep-th/0102007;hep-th/0102007;34;39;73
hep-th/0106031;hep-th/0106031;4;31;35
hep-th/0011229;hep-th/0011229;4;3;7
hep-th/0011035;hep-th/0011035;10;7;17
hep-th/0107183;hep-th/0107183;3;13;16
hep-th/0108123;hep-th/0108123;1;25;26
hep-th/0011259;hep-th/0011259;5;10;15
hep-th/0612271;hep-th/0612271;3;13;16
hep-th/9909148;hep-th/9909148;7;32;39
hep-th/0502135;hep-th/0502135;13;6;19
astro-ph/0310718;astro-ph/0310718;4;4;8
hep-th/0612270;hep-th/0612270;0;20;20
hep-th/0602221;hep-th/0602221;2;15;17
gr-qc/9702020;gr-qc/9702020;5;8;13
hep-th/0411003;hep-th/0411003;10;12;22
hep-th/0311234;hep-th/0311234;9;9;18
hep-th/0406014;hep-th/0406014;8;12;20
hep-th/0308031;hep-th/0308031;11;11;22
hep-th/0602206;hep-th/0602206;3;11;14
hep-th/0508240;hep-th/0508240;5;12;17
hep-th/0612273;hep-th/0612273;1;15;16
gr-qc/9705044;gr-qc/9705044;3;1;4
gr-qc/0311088;gr-qc/0311088;4;22;26
hep-th/0612272;hep-th/0612272;0;6;6
hep-th/9810076;hep-th/9810076;2;0;2
hep-th/0309183;hep-th/0309183;7;32;39
hep-th/0302156;hep-th/0302156;9;7;16
hep-th/0009055;hep-th/0009055;13;14;27
gr-qc/0301075;gr-qc/0301075;4;16;20
gr-qc/0205036;gr-qc/0205036;1;33;34
hep-th/0411236;hep-th/0411236;0;5;5
hep-th/0411237;hep-th/0411237;1;16;17
hep-th/0409074;hep-th/0409074;12;32;44
hep-th/0411235;hep-th/0411235;3;5;8
hep-th/0101068;hep-th/0101068;3;1;4
hep-th/0312109;hep-th/0312109;7;3;10
hep-th/0501027;hep-th/0501027;1;3;4
hep-th/9702070;hep-th/9702070;0;4;4
hep-th/9603115;hep-th/9603115;4;9;13
hep-th/9601178;hep-th/9601178;1;7;8
hep-th/9702071;hep-th/9702071;0;1;1
hep-th/9410131;hep-th/9410131;1;0;1
hep-th/9604150;hep-th/9604150;5;10;15
hep-th/9601062;hep-th/9601062;4;4;8
hep-th/9607176;hep-th/9607176;4;6;10
hep-th/9702074;hep-th/9702074;1;13;14
hep-th/9604176;hep-th/9604176;10;11;21
hep-th/9601052;hep-th/9601052;3;0;3
hep-th/9702078;hep-th/9702078;0;8;8
hep-th/9604068;hep-th/9604068;13;29;42
hep-th/9609225;hep-th/9609225;12;31;43
hep-th/9609056;hep-th/9609056;12;25;37
hep-th/9610170;hep-th/9610170;17;31;48
hep-th/9608095;hep-th/9608095;12;30;42
0809.3304;0809.3304;0;46;46
0901.3462;0901.3462;0;38;38
hep-th/0309104;hep-th/0309104;6;7;13
hep-th/0612279;hep-th/0612279;13;47;60
hep-th/0609113;hep-th/0609113;6;11;17
0706.2727;0706.2727;0;10;10
gr-qc/9806069;gr-qc/9806069;2;4;6
gr-qc/0703120;gr-qc/0703120;1;4;5
gr-qc/0502115;gr-qc/0502115;5;11;16
gr-qc/9301013;gr-qc/9301013;9;0;9
hep-th/9910216;hep-th/9910216;1;28;29
hep-th/9904115;hep-th/9904115;11;49;60
hep-th/9910088;hep-th/9910088;2;9;11
hep-th/9910260;hep-th/9910260;3;11;14
hep-th/9906179;hep-th/9906179;5;31;36
hep-th/9906090;hep-th/9906090;14;5;19
hep-th/9910262;hep-th/9910262;2;4;6
hep-th/9909060;hep-th/9909060;3;3;6
hep-ph/0703307;hep-ph/0703307;2;8;10
hep-th/9510232;hep-th/9510232;2;0;2
hep-th/0609122;hep-th/0609122;7;26;33
hep-ph/9604311;hep-ph/9604311;11;4;15
hep-th/9704001;hep-th/9704001;1;4;5
hep-ph/0610004;hep-ph/0610004;3;34;37
hep-ph/0304048;hep-ph/0304048;5;4;9
cond-mat/0601650;cond-mat/0601650;2;4;6
cond-mat/0411004;cond-mat/0411004;6;1;7
cond-mat/0511709;cond-mat/0511709;4;2;6
hep-ph/9701418;hep-ph/9701418;4;5;9
hep-th/0111241;hep-th/0111241;3;5;8
gr-qc/9212010;gr-qc/9212010;8;2;10
0911.2962;0911.2962;0;27;27
hep-th/0405026;hep-th/0405026;16;23;39
hep-th/0504031;hep-th/0504031;3;0;3
hep-th/0201106;hep-th/0201106;5;17;22
hep-th/0506017;hep-th/0506017;0;54;54
hep-th/0503115;hep-th/0503115;5;102;107
gr-qc/0112067;gr-qc/0112067;4;8;12
hep-th/0502078;hep-th/0502078;2;9;11
gr-qc/0501060;gr-qc/0501060;16;24;40
hep-th/0504082;hep-th/0504082;5;16;21
hep-th/0111291;hep-th/0111291;2;14;16
hep-th/0003028;hep-th/0003028;0;2;2
hep-ph/0105254;hep-ph/0105254;7;6;13
hep-ph/9604232;hep-ph/9604232;8;3;11
hep-ph/0201251;hep-ph/0201251;4;8;12
hep-th/0301021;hep-th/0301021;2;21;23
hep-th/0506012;hep-th/0506012;11;30;41
hep-th/0504062;hep-th/0504062;8;43;51
hep-th/0301028;hep-th/0301028;6;16;22
hep-th/0502228;hep-th/0502228;20;48;68
hep-th/0502023;hep-th/0502023;11;45;56
hep-th/0502079;hep-th/0502079;12;39;51
hep-th/0210092;hep-th/0210092;0;2;2
hep-th/0201204;hep-th/0201204;2;0;2
hep-th/0210031;hep-th/0210031;1;1;2
hep-ph/9405271;hep-ph/9405271;5;1;6
hep-lat/0012018;hep-lat/0012018;14;2;16
hep-lat/0105032;hep-lat/0105032;13;44;57
hep-th/0701275;hep-th/0701275;0;20;20
hep-th/0509203;hep-th/0509203;4;0;4
hep-lat/0204009;hep-lat/0204009;5;10;15
hep-th/0607054;hep-th/0607054;3;12;15
hep-th/0309157;hep-th/0309157;3;7;10
hep-th/0411052;hep-th/0411052;6;7;13
hep-ph/0103047;hep-ph/0103047;1;1;2
hep-th/0210090;hep-th/0210090;8;15;23
hep-th/0112084;hep-th/0112084;20;20;40
astro-ph/9505117;astro-ph/9505117;5;0;5
gr-qc/0303001;gr-qc/0303001;8;7;15
hep-ph/9610474;hep-ph/9610474;10;1;11
hep-th/9604007;hep-th/9604007;20;11;31
hep-ph/0505112;hep-ph/0505112;14;13;27
hep-th/0011163;hep-th/0011163;0;10;10
hep-th/0012187;hep-th/0012187;1;4;5
hep-th/0703175;hep-th/0703175;1;2;3
hep-th/0412262;hep-th/0412262;3;1;4
hep-th/0503133;hep-th/0503133;3;0;3
hep-th/9806181;hep-th/9806181;3;3;6
hep-th/9808181;hep-th/9808181;6;8;14
hep-th/9611096;hep-th/9611096;3;1;4
hep-th/9810096;hep-th/9810096;0;4;4
hep-th/9810097;hep-th/9810097;0;6;6
0706.2129;0706.2129;0;25;25
hep-th/0308154;hep-th/0308154;15;5;20
hep-th/0703051;hep-th/0703051;4;29;33
0707.4562;0707.4562;0;8;8
hep-th/0604089;hep-th/0604089;4;12;16
hep-th/0701222;hep-th/0701222;2;5;7
hep-th/9809129;hep-th/9809129;4;4;8
hep-th/9811206;hep-th/9811206;4;4;8
0912.2573;0912.2573;0;1;1
nlin/0005023;nlin/0005023;3;4;7
hep-th/9412207;hep-th/9412207;7;4;11
nlin/0005022;nlin/0005022;1;4;5
hep-th/0104084;hep-th/0104084;6;11;17
hep-th/9801041;hep-th/9801041;11;6;17
hep-th/0104085;hep-th/0104085;3;8;11
hep-th/9811134;hep-th/9811134;7;0;7
hep-th/0010050;hep-th/0010050;9;8;17
hep-th/0104086;hep-th/0104086;2;21;23
hep-th/9712099;hep-th/9712099;6;4;10
hep-th/9909005;hep-th/9909005;3;5;8
hep-th/9912177;hep-th/9912177;3;39;42
hep-th/0102178;hep-th/0102178;6;11;17
hep-th/0410181;hep-th/0410181;0;10;10
hep-ph/0306202;hep-ph/0306202;7;8;15
hep-th/0104089;hep-th/0104089;3;22;25
hep-th/9909079;hep-th/9909079;7;9;16
hep-th/9708078;hep-th/9708078;9;22;31
hep-th/9910043;hep-th/9910043;3;11;14
hep-th/0010019;hep-th/0010019;2;0;2
hep-th/9911146;hep-th/9911146;7;17;24
hep-th/9506086;hep-th/9506086;1;0;1
hep-th/9909167;hep-th/9909167;12;16;28
hep-th/9701143;hep-th/9701143;16;17;33
gr-qc/9305016;gr-qc/9305016;1;0;1
gr-qc/9706003;gr-qc/9706003;0;5;5
0904.4248;0904.4248;0;20;20
hep-th/9606187;hep-th/9606187;23;6;29
hep-th/9601091;hep-th/9601091;26;0;26
hep-th/9704137;hep-th/9704137;11;31;42
hep-th/0608133;hep-th/0608133;2;10;12
hep-th/9903152;hep-th/9903152;10;26;36
hep-th/9904188;hep-th/9904188;8;22;30
0809.4652;0809.4652;0;2;2
hep-ph/9503454;hep-ph/9503454;7;0;7
0901.4304;0901.4304;0;24;24
gr-qc/0310055;gr-qc/0310055;7;11;18
gr-qc/9507002;gr-qc/9507002;11;12;23
gr-qc/9706009;gr-qc/9706009;3;1;4
hep-ph/0307181;hep-ph/0307181;7;2;9
0904.4245;0904.4245;0;21;21
math/0105162;math/0105162;4;5;9
hep-th/9906033;hep-th/9906033;8;33;41
hep-th/9810211;hep-th/9810211;12;7;19
physics/0210026;physics/0210026;1;1;2
0710.5524;0710.5524;0;18;18
gr-qc/0511128;gr-qc/0511128;12;0;12
astro-ph/0606392;astro-ph/0606392;8;13;21
astro-ph/0302054;astro-ph/0302054;25;9;34
astro-ph/0507193;astro-ph/0507193;7;4;11
0708.1410;0708.1410;0;41;41
hep-th/0311238;hep-th/0311238;7;18;25
hep-th/0407156;hep-th/0407156;2;25;27
cond-mat/0701535;cond-mat/0701535;0;9;9
hep-th/9703039;hep-th/9703039;29;20;49
math-ph/9807006;math-ph/9807006;17;10;27
hep-th/9912145;hep-th/9912145;12;35;47
hep-th/9606021;hep-th/9606021;7;2;9
hep-th/9703033;hep-th/9703033;0;2;2
hep-th/9703032;hep-th/9703032;0;1;1
hep-th/9702096;hep-th/9702096;2;0;2
hep-th/9305066;hep-th/9305066;20;8;28
hep-th/9510001;hep-th/9510001;11;13;24
hep-th/9703035;hep-th/9703035;2;2;4
hep-th/9703034;hep-th/9703034;0;1;1
hep-th/9704090;hep-th/9704090;2;7;9
hep-th/9412170;hep-th/9412170;14;5;19
hep-th/9606023;hep-th/9606023;6;3;9
hep-th/9306009;hep-th/9306009;26;0;26
hep-th/9308136;hep-th/9308136;8;0;8
hep-th/9405054;hep-th/9405054;10;0;10
hep-th/0512029;hep-th/0512029;2;45;47
hep-th/0505250;hep-th/0505250;17;32;49
hep-th/0509022;hep-th/0509022;9;17;26
hep-th/0404245;hep-th/0404245;11;14;25
hep-th/0309064;hep-th/0309064;15;18;33
hep-th/0512028;hep-th/0512028;4;11;15
hep-th/0412056;hep-th/0412056;1;3;4
hep-th/0408149;hep-th/0408149;2;12;14
hep-th/0512025;hep-th/0512025;1;16;17
hep-th/0411111;hep-th/0411111;6;2;8
hep-th/9506070;hep-th/9506070;24;3;27
hep-th/9412139;hep-th/9412139;4;1;5
hep-th/9708139;hep-th/9708139;5;11;16
hep-th/9701032;hep-th/9701032;3;18;21
hep-th/0512027;hep-th/0512027;5;21;26
hep-th/0512026;hep-th/0512026;3;6;9
hep-th/0402026;hep-th/0402026;5;0;5
hep-th/0007139;hep-th/0007139;25;5;30
gr-qc/9906116;gr-qc/9906116;12;13;25
hep-th/9611206;hep-th/9611206;17;1;18
hep-th/0512023;hep-th/0512023;1;3;4
cond-mat/0505084;cond-mat/0505084;5;2;7
cond-mat/0505085;cond-mat/0505085;6;5;11
hep-th/9801181;hep-th/9801181;3;30;33
hep-th/9710091;hep-th/9710091;4;12;16
hep-th/9801090;hep-th/9801090;12;43;55
hep-th/9712082;hep-th/9712082;12;29;41
hep-th/9210093;hep-th/9210093;2;0;2
hep-th/9603014;hep-th/9603014;11;2;13
hep-th/9602044;hep-th/9602044;11;1;12
hep-th/9312190;hep-th/9312190;2;10;12
hep-th/9211090;hep-th/9211090;26;0;26
hep-th/9211089;hep-th/9211089;4;0;4
hep-th/9112029;hep-th/9112029;2;0;2
hep-th/9307079;hep-th/9307079;8;8;16
0807.0011;0807.0011;0;2;2
hep-ph/0103231;hep-ph/0103231;15;16;31
hep-ph/0110003;hep-ph/0110003;2;8;10
hep-th/0310250;hep-th/0310250;1;0;1
hep-th/0307283;hep-th/0307283;4;16;20
hep-ph/0202035;hep-ph/0202035;0;6;6
hep-th/0008011;hep-th/0008011;4;3;7
hep-th/9502041;hep-th/9502041;7;1;8
hep-th/0412050;hep-th/0412050;0;6;6
hep-th/9912282;hep-th/9912282;2;4;6
hep-th/0106095;hep-th/0106095;2;3;5
0807.2607;0807.2607;0;14;14
0902.0616;0902.0616;0;22;22
hep-th/9405035;hep-th/9405035;31;2;33
hep-th/0605195;hep-th/0605195;19;45;64
hep-th/0305021;hep-th/0305021;13;26;39
hep-th/0103264;hep-th/0103264;1;9;10
hep-th/9401113;hep-th/9401113;6;3;9
gr-qc/9707056;gr-qc/9707056;8;19;27
hep-th/0010171;hep-th/0010171;7;10;17
gr-qc/9907079;gr-qc/9907079;1;2;3
0902.0613;0902.0613;0;18;18
astro-ph/0605214;astro-ph/0605214;6;29;35
astro-ph/0603848;astro-ph/0603848;11;28;39
astro-ph/0603206;astro-ph/0603206;9;14;23
astro-ph/0702428;astro-ph/0702428;3;19;22
astro-ph/0503683;astro-ph/0503683;8;21;29
astro-ph/0702642;astro-ph/0702642;2;17;19
astro-ph/0309371;astro-ph/0309371;15;5;20
astro-ph/0604087;astro-ph/0604087;7;17;24
0904.2127;0904.2127;0;27;27
0710.3449;0710.3449;0;24;24
hep-th/0602071;hep-th/0602071;7;87;94
hep-th/0512145;hep-th/0512145;11;29;40
hep-th/0103145;hep-th/0103145;3;0;3
gr-qc/0609102;gr-qc/0609102;0;6;6
gr-qc/0205049;gr-qc/0205049;2;7;9
hep-ph/0603228;hep-ph/0603228;0;4;4
hep-ph/9909206;hep-ph/9909206;2;4;6
hep-th/9612173;hep-th/9612173;5;6;11
hep-th/9706067;hep-th/9706067;1;5;6
0712.2802;0712.2802;0;18;18
nlin/0306060;nlin/0306060;2;0;2
quant-ph/0607049;quant-ph/0607049;0;2;2
quant-ph/0602045;quant-ph/0602045;2;0;2
0906.0707;0906.0707;0;14;14
quant-ph/0307107;quant-ph/0307107;1;2;3
0706.4168;0706.4168;0;17;17
hep-th/0112260;hep-th/0112260;12;12;24
hep-th/0204015;hep-th/0204015;11;13;24
0810.0499;0810.0499;0;27;27
hep-th/0604082;hep-th/0604082;6;40;46
math/0510300;math/0510300;0;4;4
math/0409137;math/0409137;3;4;7
math/0510307;math/0510307;2;13;15
hep-th/0406233;hep-th/0406233;3;42;45
math/0312228;math/0312228;4;7;11
hep-th/0207097;hep-th/0207097;10;34;44
hep-th/0510119;hep-th/0510119;2;33;35
math/0309143;math/0309143;6;5;11
math/0107186;math/0107186;7;7;14
hep-th/0310056;hep-th/0310056;6;47;53
hep-th/0212145;hep-th/0212145;9;43;52
hep-th/0208085;hep-th/0208085;4;9;13
0711.2274;0711.2274;0;13;13
gr-qc/0405104;gr-qc/0405104;5;4;9
gr-qc/9809061;gr-qc/9809061;6;0;6
hep-ph/0405133;hep-ph/0405133;8;2;10
hep-ph/0305221;hep-ph/0305221;7;47;54
0906.1824;0906.1824;0;12;12
gr-qc/0510110;gr-qc/0510110;6;3;9
0806.0402;0806.0402;0;27;27
hep-th/0507228;hep-th/0507228;5;5;10
hep-th/0410209;hep-th/0410209;18;42;60
gr-qc/0610022;gr-qc/0610022;2;7;9
hep-ph/9404267;hep-ph/9404267;0;4;4
hep-ph/9308289;hep-ph/9308289;8;2;10
0907.1466;0907.1466;0;25;25
hep-th/0512008;hep-th/0512008;3;29;32
0911.3893;0911.3893;0;15;15
hep-th/0409268;hep-th/0409268;6;10;16
hep-th/0209096;hep-th/0209096;3;0;3
0907.0629;0907.0629;0;9;9
hep-th/0607174;hep-th/0607174;2;9;11
gr-qc/0202102;gr-qc/0202102;7;14;21
hep-ph/0111302;hep-ph/0111302;2;3;5
hep-th/0306208;hep-th/0306208;2;20;22
gr-qc/0210096;gr-qc/0210096;4;3;7
hep-th/9802173;hep-th/9802173;10;21;31
hep-th/0306207;hep-th/0306207;6;7;13
hep-th/0306204;hep-th/0306204;6;28;34
physics/0102051;physics/0102051;8;0;8
physics/9710022;physics/9710022;1;2;3
hep-th/0305242;hep-th/0305242;6;7;13
hep-th/0102043;hep-th/0102043;13;14;27
hep-th/9904068;hep-th/9904068;9;8;17
hep-th/0212323;hep-th/0212323;6;22;28
hep-th/0306203;hep-th/0306203;3;15;18
hep-th/0111005;hep-th/0111005;3;11;14
hep-th/0111006;hep-th/0111006;5;12;17
hep-th/0111041;hep-th/0111041;8;14;22
math-ph/0103016;math-ph/0103016;2;3;5
0707.0692;0707.0692;0;15;15
astro-ph/0405157;astro-ph/0405157;1;18;19
0812.3615;0812.3615;0;32;32
0907.3242;0907.3242;0;5;5
hep-th/0508198;hep-th/0508198;6;4;10
hep-th/0511269;hep-th/0511269;10;0;10
gr-qc/0307104;gr-qc/0307104;9;17;26
hep-th/0203172;hep-th/0203172;22;27;49
gr-qc/9411067;gr-qc/9411067;2;4;6
gr-qc/9506006;gr-qc/9506006;13;18;31
hep-th/0610318;hep-th/0610318;1;1;2
hep-th/0604203;hep-th/0604203;9;57;66
hep-th/0506262;hep-th/0506262;15;50;65
hep-th/0610316;hep-th/0610316;7;11;18
hep-th/0405094;hep-th/0405094;5;33;38
hep-th/0510214;hep-th/0510214;14;0;14
hep-th/0312279;hep-th/0312279;17;12;29
hep-th/0409227;hep-th/0409227;4;44;48
hep-th/0602198;hep-th/0602198;3;0;3
cond-mat/0609553;cond-mat/0609553;4;14;18
hep-th/0508009;hep-th/0508009;4;16;20
hep-th/9306158;hep-th/9306158;2;0;2
math-ph/0604022;math-ph/0604022;6;37;43
hep-th/0603122;hep-th/0603122;4;55;59
hep-th/0107180;hep-th/0107180;10;36;46
hep-th/0503193;hep-th/0503193;9;25;34
hep-th/0010154;hep-th/0010154;8;0;8
hep-th/0608136;hep-th/0608136;1;19;20
hep-th/0512036;hep-th/0512036;8;67;75
math-ph/0110031;math-ph/0110031;2;28;30
math-ph/0203036;math-ph/0203036;2;17;19
hep-th/0203240;hep-th/0203240;3;4;7
hep-th/9604132;hep-th/9604132;2;0;2
hep-th/9505042;hep-th/9505042;1;0;1
hep-th/0109179;hep-th/0109179;9;22;31
hep-th/9505041;hep-th/9505041;6;11;17
hep-th/0610312;hep-th/0610312;2;1;3
hep-th/0610273;hep-th/0610273;15;14;29
hep-th/0504197;hep-th/0504197;11;0;11
hep-th/0009235;hep-th/0009235;10;6;16
hep-th/0510096;hep-th/0510096;10;26;36
cond-mat/0403271;cond-mat/0403271;4;4;8
0804.3603;0804.3603;0;11;11
quant-ph/0507113;quant-ph/0507113;1;0;1
hep-th/0606058;hep-th/0606058;3;7;10
hep-th/0505218;hep-th/0505218;3;6;9
hep-th/0311236;hep-th/0311236;5;11;16
hep-th/9512068;hep-th/9512068;1;10;11
hep-th/9408027;hep-th/9408027;8;2;10
hep-th/9510021;hep-th/9510021;6;8;14
hep-th/9508016;hep-th/9508016;6;5;11
hep-th/9512066;hep-th/9512066;2;12;14
hep-th/9512063;hep-th/9512063;2;17;19
hep-th/9406135;hep-th/9406135;1;4;5
hep-th/9303052;hep-th/9303052;5;3;8
hep-th/9406137;hep-th/9406137;1;1;2
hep-th/9201002;hep-th/9201002;13;0;13
hep-th/9406131;hep-th/9406131;3;8;11
hep-th/9305039;hep-th/9305039;5;1;6
hep-th/9207078;hep-th/9207078;4;5;9
hep-th/9301085;hep-th/9301085;1;4;5
hep-th/9208056;hep-th/9208056;2;1;3
0811.3264;0811.3264;0;7;7
hep-th/9204013;hep-th/9204013;13;0;13
hep-th/0305158;hep-th/0305158;1;2;3
hep-th/0305157;hep-th/0305157;2;2;4
hep-th/9406138;hep-th/9406138;1;4;5
hep-th/9307125;hep-th/9307125;3;2;5
hep-th/9406139;hep-th/9406139;2;13;15
hep-th/9206085;hep-th/9206085;2;0;2
hep-th/9303157;hep-th/9303157;2;1;3
hep-th/9204017;hep-th/9204017;30;0;30
hep-th/0602070;hep-th/0602070;2;49;51
0907.2126;0907.2126;0;4;4
hep-th/0606240;hep-th/0606240;0;3;3
hep-th/0503208;hep-th/0503208;2;1;3
hep-th/9902021;hep-th/9902021;2;1;3
0901.3458;0901.3458;0;1;1
hep-th/0410135;hep-th/0410135;0;1;1
hep-th/0602111;hep-th/0602111;2;31;33
hep-th/0502168;hep-th/0502168;37;52;89
hep-th/0502225;hep-th/0502225;4;45;49
hep-th/0107070;hep-th/0107070;2;22;24
0811.1100;0811.1100;0;5;5
nucl-th/0207073;nucl-th/0207073;5;0;5
hep-th/0308179;hep-th/0308179;4;12;16
hep-th/0610158;hep-th/0610158;2;1;3
hep-th/0505262;hep-th/0505262;3;2;5
hep-th/0606242;hep-th/0606242;1;36;37
hep-th/9905062;hep-th/9905062;12;8;20
hep-th/0002045;hep-th/0002045;8;4;12
hep-th/0101166;hep-th/0101166;3;5;8
hep-th/9903243;hep-th/9903243;14;6;20
hep-th/0602066;hep-th/0602066;2;8;10
hep-th/0508061;hep-th/0508061;10;24;34
hep-ph/0012301;hep-ph/0012301;3;8;11
hep-th/9906141;hep-th/9906141;16;14;30
hep-th/9705200;hep-th/9705200;26;7;33
hep-th/0407264;hep-th/0407264;3;20;23
hep-ph/9709329;hep-ph/9709329;1;5;6
hep-ph/0402005;hep-ph/0402005;5;29;34
hep-ph/0310180;hep-ph/0310180;16;3;19
hep-ph/0305336;hep-ph/0305336;8;10;18
hep-ph/0309221;hep-ph/0309221;9;42;51
astro-ph/0309144;astro-ph/0309144;12;0;12
hep-ph/0307205;hep-ph/0307205;7;13;20
gr-qc/0304051;gr-qc/0304051;3;22;25
0901.0814;0901.0814;0;6;6
hep-th/0606247;hep-th/0606247;0;3;3
hep-th/0212217;hep-th/0212217;17;39;56
0808.1720;0808.1720;0;7;7
0812.4516;0812.4516;0;12;12
gr-qc/0410009;gr-qc/0410009;1;2;3
hep-th/0509011;hep-th/0509011;14;38;52
hep-th/0503021;hep-th/0503021;9;44;53
0812.4510;0812.4510;0;37;37
hep-th/0703282;hep-th/0703282;18;22;40
hep-th/0408119;hep-th/0408119;13;49;62
hep-th/0111124;hep-th/0111124;1;9;10
hep-th/9307030;hep-th/9307030;10;0;10
hep-th/0402091;hep-th/0402091;9;15;24
hep-th/0611151;hep-th/0611151;4;71;75
hep-th/0004180;hep-th/0004180;5;8;13
0907.2916;0907.2916;0;26;26
hep-th/9206022;hep-th/9206022;2;1;3
hep-th/9806152;hep-th/9806152;5;2;7
hep-th/9803237;hep-th/9803237;9;14;23
hep-ph/9804276;hep-ph/9804276;2;5;7
hep-th/9806151;hep-th/9806151;3;25;28
hep-th/9811145;hep-th/9811145;21;28;49
hep-th/9206028;hep-th/9206028;17;1;18
hep-th/9806154;hep-th/9806154;11;20;31
hep-th/9704083;hep-th/9704083;21;3;24
0710.0001;0710.0001;0;45;45
hep-th/9911220;hep-th/9911220;2;8;10
0707.3341;0707.3341;0;1;1
0706.3884;0706.3884;0;40;40
hep-th/9707021;hep-th/9707021;13;0;13
0705.0139;0705.0139;0;15;15
hep-th/0412263;hep-th/0412263;4;5;9
hep-th/0609116;hep-th/0609116;8;9;17
0812.3616;0812.3616;0;4;4
hep-ph/9604430;hep-ph/9604430;8;1;9
hep-ph/0402002;hep-ph/0402002;1;9;10
hep-ph/0301035;hep-ph/0301035;3;13;16
hep-lat/0309103;hep-lat/0309103;2;5;7
hep-ph/0304156;hep-ph/0304156;5;8;13
0807.4536;0807.4536;0;3;3
hep-th/0603055;hep-th/0603055;2;3;5
gr-qc/0110005;gr-qc/0110005;3;0;3
0901.2414;0901.2414;0;11;11
hep-th/0702172;hep-th/0702172;0;2;2
hep-th/0511244;hep-th/0511244;2;1;3
0909.0503;0909.0503;0;33;33
astro-ph/0407245;astro-ph/0407245;2;5;7
gr-qc/0108027;gr-qc/0108027;5;1;6
gr-qc/9511075;gr-qc/9511075;2;12;14
gr-qc/9403061;gr-qc/9403061;6;5;11
gr-qc/9510002;gr-qc/9510002;4;4;8
hep-th/9608010;hep-th/9608010;6;11;17
hep-th/9610088;hep-th/9610088;2;10;12
hep-th/9610085;hep-th/9610085;1;34;35
hep-th/9201079;hep-th/9201079;11;0;11
hep-th/9312033;hep-th/9312033;9;0;9
hep-th/9512092;hep-th/9512092;3;16;19
hep-th/9111013;hep-th/9111013;1;0;1
hep-th/9410109;hep-th/9410109;2;14;16
hep-th/9412198;hep-th/9412198;7;7;14
hep-th/9403032;hep-th/9403032;7;3;10
hep-th/9511049;hep-th/9511049;8;11;19
hep-th/9610086;hep-th/9610086;1;12;13
hep-th/9606152;hep-th/9606152;5;32;37
hep-th/9610081;hep-th/9610081;8;7;15
hep-th/9407186;hep-th/9407186;5;5;10
hep-th/9506199;hep-th/9506199;5;4;9
hep-th/9610080;hep-th/9610080;7;2;9
hep-th/9512128;hep-th/9512128;10;2;12
hep-th/9610083;hep-th/9610083;1;9;10
hep-th/9505156;hep-th/9505156;10;14;24
hep-th/9603082;hep-th/9603082;5;0;5
hep-th/9605145;hep-th/9605145;17;0;17
hep-th/9202002;hep-th/9202002;10;2;12
hep-th/9602112;hep-th/9602112;2;4;6
hep-th/9603184;hep-th/9603184;0;12;12
hep-th/9509090;hep-th/9509090;7;10;17
gr-qc/9408040;gr-qc/9408040;4;8;12
hep-th/9603185;hep-th/9603185;8;2;10
hep-th/9411175;hep-th/9411175;8;0;8
hep-th/9510085;hep-th/9510085;2;2;4
hep-th/9510220;hep-th/9510220;17;6;23
hep-th/9508005;hep-th/9508005;9;20;29
hep-th/9411095;hep-th/9411095;3;24;27
hep-th/9208048;hep-th/9208048;6;1;7
hep-th/9110071;hep-th/9110071;2;0;2
hep-th/9603188;hep-th/9603188;2;30;32
hep-th/9603015;hep-th/9603015;7;8;15
0910.2303;0910.2303;0;15;15
hep-th/0204201;hep-th/0204201;8;40;48
hep-th/0312300;hep-th/0312300;7;45;52
hep-th/9901138;hep-th/9901138;7;4;11
hep-th/9807037;hep-th/9807037;3;15;18
hep-th/9709212;hep-th/9709212;3;0;3
hep-th/9812199;hep-th/9812199;6;2;8
hep-th/0304200;hep-th/0304200;6;19;25
hep-th/0304202;hep-th/0304202;0;19;19
hep-th/0212162;hep-th/0212162;6;19;25
hep-th/0304205;hep-th/0304205;0;6;6
hep-th/9411029;hep-th/9411029;15;2;17
hep-th/0108096;hep-th/0108096;14;14;28
hep-th/0204248;hep-th/0204248;6;16;22
hep-th/0208144;hep-th/0208144;7;36;43
hep-th/0303143;hep-th/0303143;3;4;7
hep-th/0304093;hep-th/0304093;13;33;46
hep-th/0304209;hep-th/0304209;8;15;23
hep-th/0212054;hep-th/0212054;4;21;25
hep-th/9709072;hep-th/9709072;22;6;28
0905.1545;0905.1545;0;33;33
gr-qc/0610130;gr-qc/0610130;7;22;29
gr-qc/0406102;gr-qc/0406102;6;13;19
gr-qc/0101097;gr-qc/0101097;2;2;4
gr-qc/0102041;gr-qc/0102041;8;8;16
gr-qc/0004016;gr-qc/0004016;19;29;48
0905.1547;0905.1547;0;4;4
gr-qc/9907084;gr-qc/9907084;5;10;15
gr-qc/0311032;gr-qc/0311032;1;7;8
astro-ph/0403266;astro-ph/0403266;13;5;18
gr-qc/0310035;gr-qc/0310035;7;22;29
hep-th/9109030;hep-th/9109030;5;0;5
hep-th/0403239;hep-th/0403239;7;36;43
hep-th/0401229;hep-th/0401229;11;53;64
hep-th/0403091;hep-th/0403091;5;20;25
hep-th/0104242;hep-th/0104242;1;1;2
hep-th/0008158;hep-th/0008158;3;0;3
gr-qc/0209046;gr-qc/0209046;3;1;4
0805.3827;0805.3827;0;2;2
gr-qc/0612067;gr-qc/0612067;2;1;3
0705.4384;0705.4384;0;11;11
hep-th/9512114;hep-th/9512114;2;1;3
0812.1331;0812.1331;0;21;21
hep-th/0612002;hep-th/0612002;7;36;43
hep-th/0402205;hep-th/0402205;10;21;31
hep-ph/0107160;hep-ph/0107160;7;10;17
hep-th/0401088;hep-th/0401088;0;2;2
hep-ph/0501080;hep-ph/0501080;0;9;9
hep-th/0401085;hep-th/0401085;1;31;32
gr-qc/9707011;gr-qc/9707011;7;10;17
gr-qc/9912023;gr-qc/9912023;8;4;12
hep-th/9801063;hep-th/9801063;2;9;11
hep-th/0112085;hep-th/0112085;3;45;48
hep-th/0203027;hep-th/0203027;3;10;13
hep-ph/0308078;hep-ph/0308078;4;6;10
hep-th/0401083;hep-th/0401083;8;18;26
gr-qc/0312006;gr-qc/0312006;15;31;46
hep-th/0106152;hep-th/0106152;10;12;22
0904.3471;0904.3471;0;17;17
quant-ph/0312131;quant-ph/0312131;1;3;4
hep-th/9406058;hep-th/9406058;2;0;2
gr-qc/0511132;gr-qc/0511132;0;3;3
0912.5057;0912.5057;0;12;12
hep-ph/0611192;hep-ph/0611192;10;9;19
gr-qc/9702034;gr-qc/9702034;10;1;11
hep-th/9302058;hep-th/9302058;4;4;8
hep-th/0211133;hep-th/0211133;1;12;13
hep-th/9601099;hep-th/9601099;1;7;8
hep-th/0211132;hep-th/0211132;2;13;15
hep-th/0111261;hep-th/0111261;6;38;44
hep-th/9604047;hep-th/9604047;5;2;7
hep-th/0211136;hep-th/0211136;12;21;33
hep-th/0202110;hep-th/0202110;14;25;39
math-ph/0207043;math-ph/0207043;8;0;8
hep-th/9511148;hep-th/9511148;5;4;9
0706.1694;0706.1694;0;2;2
hep-th/9212084;hep-th/9212084;1;0;1
math/0102113;math/0102113;6;22;28
hep-th/9110063;hep-th/9110063;8;0;8
cond-mat/0201489;cond-mat/0201489;2;6;8
hep-th/0008171;hep-th/0008171;1;17;18
hep-th/9905229;hep-th/9905229;7;56;63
cond-mat/0006503;cond-mat/0006503;2;5;7
hep-th/0410046;hep-th/0410046;12;20;32
0708.2760;0708.2760;0;24;24
hep-ph/0401189;hep-ph/0401189;14;22;36
hep-th/9706017;hep-th/9706017;22;13;35
hep-th/0204088;hep-th/0204088;6;18;24
hep-th/9804144;hep-th/9804144;2;0;2
hep-th/9710019;hep-th/9710019;18;6;24
hep-th/0312118;hep-th/0312118;2;11;13
0706.2489;0706.2489;0;26;26
hep-th/0610170;hep-th/0610170;1;0;1
hep-th/0603123;hep-th/0603123;6;25;31
hep-th/0701257;hep-th/0701257;3;54;57
hep-th/0507100;hep-th/0507100;21;32;53
hep-th/0312112;hep-th/0312112;3;8;11
hep-th/0304074;hep-th/0304074;11;8;19
hep-th/0309173;hep-th/0309173;14;0;14
hep-th/0111018;hep-th/0111018;8;8;16
hep-th/0206130;hep-th/0206130;21;5;26
math/0106083;math/0106083;26;7;33
hep-th/9706182;hep-th/9706182;10;3;13
hep-th/0312110;hep-th/0312110;3;10;13
hep-th/0011051;hep-th/0011051;7;27;34
hep-th/0312116;hep-th/0312116;0;14;14
hep-th/9907190;hep-th/9907190;15;5;20
hep-th/0309234;hep-th/0309234;11;0;11
hep-th/0310018;hep-th/0310018;9;33;42
0910.2307;0910.2307;0;20;20
math-ph/0604073;math-ph/0604073;2;8;10
hep-th/9512147;hep-th/9512147;15;17;32
hep-th/0407274;hep-th/0407274;2;18;20
nlin/0604073;nlin/0604073;2;0;2
math-ph/9904033;math-ph/9904033;1;0;1
hep-th/0602049;hep-th/0602049;12;51;63
cond-mat/0007005;cond-mat/0007005;7;10;17
math-ph/0507062;math-ph/0507062;3;15;18
cond-mat/0504041;cond-mat/0504041;7;5;12
hep-th/0008036;hep-th/0008036;3;9;12
0805.1087;0805.1087;0;3;3
gr-qc/9601038;gr-qc/9601038;9;0;9
hep-th/9405183;hep-th/9405183;24;1;25
hep-th/9311168;hep-th/9311168;3;3;6
hep-th/9307107;hep-th/9307107;9;3;12
hep-th/9309069;hep-th/9309069;2;2;4
hep-th/9310023;hep-th/9310023;2;2;4
hep-th/9311167;hep-th/9311167;9;4;13
hep-th/9305152;hep-th/9305152;3;2;5
hep-th/9311164;hep-th/9311164;7;5;12
hep-th/9311162;hep-th/9311162;5;8;13
hep-ph/9310262;hep-ph/9310262;5;4;9
hep-th/9311163;hep-th/9311163;5;2;7
hep-ph/9507287;hep-ph/9507287;3;1;4
hep-th/9712208;hep-th/9712208;6;3;9
hep-th/9708133;hep-th/9708133;3;8;11
hep-th/9712209;hep-th/9712209;1;13;14
hep-th/9705194;hep-th/9705194;6;14;20
hep-th/9609162;hep-th/9609162;1;8;9
hep-th/9706107;hep-th/9706107;13;0;13
hep-th/9712146;hep-th/9712146;1;12;13
hep-th/9712207;hep-th/9712207;0;5;5
hep-th/9712204;hep-th/9712204;1;11;12
hep-th/9712024;hep-th/9712024;4;3;7
hep-th/9604113;hep-th/9604113;3;5;8
hep-th/9604061;hep-th/9604061;4;11;15
hep-th/9710050;hep-th/9710050;2;5;7
hep-th/9712092;hep-th/9712092;4;2;6
hep-th/9712203;hep-th/9712203;2;1;3
hep-th/9704135;hep-th/9704135;11;5;16
hep-th/9604071;hep-th/9604071;3;10;13
gr-qc/9804067;gr-qc/9804067;2;2;4
cond-mat/9809261;cond-mat/9809261;1;2;3
cond-mat/9803337;cond-mat/9803337;7;3;10
0708.0403;0708.0403;0;58;58
0708.0400;0708.0400;0;14;14
hep-th/0604117;hep-th/0604117;4;8;12
hep-th/9704209;hep-th/9704209;4;7;11
hep-th/0512131;hep-th/0512131;7;11;18
gr-qc/9412042;gr-qc/9412042;0;3;3
hep-th/9201043;hep-th/9201043;1;0;1
gr-qc/9209015;gr-qc/9209015;15;1;16
hep-th/9404135;hep-th/9404135;8;12;20
hep-th/9403172;hep-th/9403172;4;0;4
0807.4968;0807.4968;0;83;83
hep-th/0703085;hep-th/0703085;1;5;6
hep-th/0511144;hep-th/0511144;17;21;38
hep-th/0603004;hep-th/0603004;4;65;69
hep-th/0607122;hep-th/0607122;10;34;44
math-ph/0202026;math-ph/0202026;10;0;10
hep-th/0609098;hep-th/0609098;6;28;34
hep-th/0609015;hep-th/0609015;9;26;35
hep-th/0607021;hep-th/0607021;4;23;27
hep-th/0609072;hep-th/0609072;2;2;4
alg-geom/9401006;alg-geom/9401006;3;0;3
hep-th/9607132;hep-th/9607132;5;0;5
cond-mat/0311460;cond-mat/0311460;0;12;12
0811.4448;0811.4448;0;39;39
hep-th/9309108;hep-th/9309108;1;6;7
hep-th/9308135;hep-th/9308135;3;0;3
hep-th/9307122;hep-th/9307122;7;3;10
0805.1551;0805.1551;0;19;19
hep-ph/0701276;hep-ph/0701276;2;10;12
hep-th/0410124;hep-th/0410124;11;15;26
hep-th/9309101;hep-th/9309101;1;7;8
hep-lat/9208023;hep-lat/9208023;10;1;11
hep-th/9309103;hep-th/9309103;2;10;12
hep-th/9305087;hep-th/9305087;8;5;13
hep-th/9309102;hep-th/9309102;1;2;3
hep-th/9301062;hep-th/9301062;15;0;15
hep-th/9309063;hep-th/9309063;4;1;5
hep-th/9207086;hep-th/9207086;9;0;9
hep-th/0303263;hep-th/0303263;0;15;15
cond-mat/0106345;cond-mat/0106345;1;3;4
hep-th/9406215;hep-th/9406215;12;3;15
hep-th/9210152;hep-th/9210152;17;0;17
hep-th/9510131;hep-th/9510131;14;8;22
hep-th/0208147;hep-th/0208147;3;9;12
hep-th/9311074;hep-th/9311074;14;1;15
hep-th/9412237;hep-th/9412237;5;0;5
hep-th/9612046;hep-th/9612046;4;24;28
hep-th/0303261;hep-th/0303261;0;2;2
hep-th/0303260;hep-th/0303260;1;1;2
hep-th/9701005;hep-th/9701005;16;1;17
hep-th/9910176;hep-th/9910176;3;8;11
hep-th/0101123;hep-th/0101123;7;26;33
hep-th/0303265;hep-th/0303265;1;3;4
cond-mat/9605185;cond-mat/9605185;24;0;24
hep-th/0201168;hep-th/0201168;15;4;19
math/0204206;math/0204206;2;5;7
hep-th/9601161;hep-th/9601161;9;9;18
hep-th/9302102;hep-th/9302102;3;0;3
0802.0706;0802.0706;0;7;7
0805.2973;0805.2973;0;5;5
0705.1238;0705.1238;0;33;33
hep-th/9712248;hep-th/9712248;16;6;22
hep-ph/0001299;hep-ph/0001299;23;3;26
hep-th/9510039;hep-th/9510039;2;6;8
hep-th/9510038;hep-th/9510038;4;6;10
hep-th/0101176;hep-th/0101176;19;6;25
hep-th/9411177;hep-th/9411177;21;2;23
hep-th/9510031;hep-th/9510031;7;1;8
hep-th/9503184;hep-th/9503184;15;1;16
hep-th/9401161;hep-th/9401161;9;5;14
hep-th/9509012;hep-th/9509012;4;10;14
hep-th/9510032;hep-th/9510032;0;2;2
hep-th/9906148;hep-th/9906148;17;25;42
hep-th/0402062;hep-th/0402062;1;9;10
hep-th/0402060;hep-th/0402060;0;2;2
hep-th/0302019;hep-th/0302019;7;39;46
cond-mat/0110071;cond-mat/0110071;1;1;2
cond-mat/9907412;cond-mat/9907412;6;0;6
0806.0707;0806.0707;0;4;4
hep-th/0611301;hep-th/0611301;1;5;6
0908.0387;0908.0387;0;12;12
0709.3337;0709.3337;0;2;2
hep-th/9301118;hep-th/9301118;7;2;9
hep-lat/9809136;hep-lat/9809136;1;10;11
hep-th/9312157;hep-th/9312157;22;8;30
hep-ph/9909535;hep-ph/9909535;1;3;4
hep-lat/9809133;hep-lat/9809133;2;3;5
hep-lat/9504017;hep-lat/9504017;2;1;3
hep-th/9610147;hep-th/9610147;3;3;6
hep-th/0107079;hep-th/0107079;1;30;31
0905.3563;0905.3563;0;5;5
hep-th/9411088;hep-th/9411088;1;1;2
hep-th/9112032;hep-th/9112032;4;0;4
hep-th/9411087;hep-th/9411087;1;7;8
hep-th/9401152;hep-th/9401152;1;5;6
hep-th/9208037;hep-th/9208037;11;1;12
hep-th/9411081;hep-th/9411081;2;5;7
hep-th/9911232;hep-th/9911232;3;8;11
cond-mat/9904207;cond-mat/9904207;1;0;1
math/0603485;math/0603485;4;29;33
math/0410291;math/0410291;6;19;25
hep-th/9305013;hep-th/9305013;9;0;9
nlin/0110045;nlin/0110045;4;8;12
hep-th/9707111;hep-th/9707111;8;5;13
hep-th/0407154;hep-th/0407154;5;7;12
math/0005145;math/0005145;3;2;5
hep-th/0404195;hep-th/0404195;2;11;13
hep-th/0312159;hep-th/0312159;7;4;11
hep-th/9906074;hep-th/9906074;13;10;23
gr-qc/0111068;gr-qc/0111068;8;25;33
gr-qc/0003089;gr-qc/0003089;4;0;4
hep-th/0401063;hep-th/0401063;16;31;47
hep-th/0311138;hep-th/0311138;2;39;41
hep-th/0109092;hep-th/0109092;6;110;116
hep-th/0407153;hep-th/0407153;0;1;1
hep-th/0407128;hep-th/0407128;1;1;2
0807.0406;0807.0406;0;59;59
hep-th/0611263;hep-th/0611263;11;7;18
hep-th/0410090;hep-th/0410090;2;14;16
hep-th/0206169;hep-th/0206169;17;17;34
hep-ph/0610336;hep-ph/0610336;4;24;28
hep-ph/0604225;hep-ph/0604225;5;9;14
hep-th/9603070;hep-th/9603070;3;6;9
solv-int/9710001;solv-int/9710001;1;12;13
hep-th/9506069;hep-th/9506069;3;8;11
hep-th/9504086;hep-th/9504086;10;5;15
hep-th/9504020;hep-th/9504020;11;5;16
hep-th/9506061;hep-th/9506061;5;6;11
hep-th/9404077;hep-th/9404077;8;0;8
hep-th/9306154;hep-th/9306154;22;1;23
hep-th/9506063;hep-th/9506063;1;12;13
hep-th/9506062;hep-th/9506062;6;1;7
hep-th/9506065;hep-th/9506065;7;38;45
hep-th/9305064;hep-th/9305064;5;2;7
cond-mat/9304031;cond-mat/9304031;6;0;6
hep-th/9506067;hep-th/9506067;4;5;9
hep-th/9412067;hep-th/9412067;0;2;2
hep-th/9406143;hep-th/9406143;1;0;1
hep-th/9311160;hep-th/9311160;2;0;2
hep-th/9412065;hep-th/9412065;3;11;14
hep-th/9412064;hep-th/9412064;8;8;16
hep-th/9302085;hep-th/9302085;7;1;8
hep-th/9404020;hep-th/9404020;7;8;15
hep-th/9404064;hep-th/9404064;15;1;16
hep-th/9312180;hep-th/9312180;9;2;11
0804.1248;0804.1248;0;45;45
hep-th/0612088;hep-th/0612088;5;29;34
hep-th/0602163;hep-th/0602163;9;43;52
0811.1264;0811.1264;0;40;40
hep-th/9408114;hep-th/9408114;8;0;8
hep-th/9404112;hep-th/9404112;6;0;6
hep-th/9401151;hep-th/9401151;1;0;1
hep-th/9412068;hep-th/9412068;2;1;3
hep-ph/9306238;hep-ph/9306238;3;0;3
cond-mat/0106174;cond-mat/0106174;1;1;2
cond-mat/9512032;cond-mat/9512032;7;0;7
0801.0389;0801.0389;0;15;15
hep-lat/0012004;hep-lat/0012004;2;0;2
hep-th/0701202;hep-th/0701202;4;13;17
hep-lat/0309063;hep-lat/0309063;1;3;4
cond-mat/0106172;cond-mat/0106172;1;2;3
hep-th/9603155;hep-th/9603155;19;0;19
cond-mat/9610140;cond-mat/9610140;3;0;3
0901.3474;0901.3474;0;6;6
0910.1096;0910.1096;0;11;11
hep-ph/9609330;hep-ph/9609330;2;2;4
0801.0287;0801.0287;0;13;13
hep-th/0602235;hep-th/0602235;4;8;12
hep-ph/0608094;hep-ph/0608094;4;8;12
0806.1628;0806.1628;0;13;13
hep-th/0205225;hep-th/0205225;5;0;5
0809.4437;0809.4437;0;10;10
hep-ph/9612426;hep-ph/9612426;12;14;26
hep-lat/0001026;hep-lat/0001026;4;3;7
hep-lat/0007023;hep-lat/0007023;2;10;12
astro-ph/0502549;astro-ph/0502549;3;2;5
hep-th/0101028;hep-th/0101028;2;0;2
0705.2070;0705.2070;0;21;21
hep-th/0105020;hep-th/0105020;5;7;12
hep-th/0503215;hep-th/0503215;8;32;40
hep-th/0411006;hep-th/0411006;7;21;28
hep-th/0412223;hep-th/0412223;13;48;61
hep-th/0504043;hep-th/0504043;5;19;24
hep-th/0105321;hep-th/0105321;1;17;18
hep-th/9906139;hep-th/9906139;8;7;15
hep-th/9704065;hep-th/9704065;6;20;26
hep-th/9510226;hep-th/9510226;2;0;2
hep-th/9909067;hep-th/9909067;2;6;8
hep-th/9608018;hep-th/9608018;23;9;32
hep-th/0508225;hep-th/0508225;2;8;10
hep-th/9410108;hep-th/9410108;2;3;5
hep-th/9507080;hep-th/9507080;0;1;1
hep-th/9505036;hep-th/9505036;1;4;5
hep-th/9507081;hep-th/9507081;0;1;1
hep-th/9507083;hep-th/9507083;4;2;6
hep-th/9507085;hep-th/9507085;3;8;11
hep-th/9305057;hep-th/9305057;8;0;8
hep-th/9502138;hep-th/9502138;4;3;7
hep-th/9205067;hep-th/9205067;2;1;3
hep-th/9412038;hep-th/9412038;1;0;1
hep-th/9507086;hep-th/9507086;0;1;1
hep-th/9501025;hep-th/9501025;1;0;1
hep-th/9507087;hep-th/9507087;4;3;7
hep-th/9507088;hep-th/9507088;2;4;6
hep-th/9507089;hep-th/9507089;1;1;2
astro-ph/0304307;astro-ph/0304307;1;1;2
astro-ph/0304306;astro-ph/0304306;3;1;4
hep-th/0508228;hep-th/0508228;14;17;31
0801.0657;0801.0657;0;5;5
hep-th/0503127;hep-th/0503127;6;9;15
hep-th/0105026;hep-th/0105026;2;2;4
hep-th/0602217;hep-th/0602217;0;11;11
0808.2781;0808.2781;0;5;5
hep-th/9312138;hep-th/9312138;5;0;5
hep-th/9207036;hep-th/9207036;0;1;1
hep-th/9207031;hep-th/9207031;2;1;3
hep-th/9109042;hep-th/9109042;8;0;8
hep-th/9109017;hep-th/9109017;5;0;5
hep-th/0001060;hep-th/0001060;4;7;11
0907.5107;0907.5107;0;36;36
hep-th/0602188;hep-th/0602188;27;38;65
gr-qc/0411090;gr-qc/0411090;3;4;7
0802.0500;0802.0500;0;13;13
cond-mat/0112030;cond-mat/0112030;3;2;5
cond-mat/0303485;cond-mat/0303485;2;3;5
hep-ph/0104247;hep-ph/0104247;7;11;18
cond-mat/0501022;cond-mat/0501022;8;9;17
0812.3912;0812.3912;0;3;3
astro-ph/0401407;astro-ph/0401407;2;6;8
0710.4062;0710.4062;0;26;26
quant-ph/0404021;quant-ph/0404021;4;1;5
nucl-th/0504077;nucl-th/0504077;3;8;11
hep-th/0404145;hep-th/0404145;4;22;26
hep-th/0512034;hep-th/0512034;2;6;8
hep-th/9707191;hep-th/9707191;0;13;13
hep-th/9412171;hep-th/9412171;3;2;5
hep-th/9612042;hep-th/9612042;3;13;16
hep-th/9506202;hep-th/9506202;2;4;6
hep-th/9604093;hep-th/9604093;1;13;14
hep-th/9601016;hep-th/9601016;4;10;14
hep-th/9707193;hep-th/9707193;0;2;2
hep-th/9608119;hep-th/9608119;1;1;2
hep-th/9707194;hep-th/9707194;7;31;38
hep-th/9706199;hep-th/9706199;9;18;27
hep-th/9707195;hep-th/9707195;2;19;21
hep-th/9707196;hep-th/9707196;1;1;2
hep-th/9603198;hep-th/9603198;1;9;10
hep-th/9707197;hep-th/9707197;1;20;21
hep-ph/9608490;hep-ph/9608490;9;3;12
hep-lat/9412083;hep-lat/9412083;8;0;8
hep-th/0001119;hep-th/0001119;1;2;3
hep-th/0009074;hep-th/0009074;15;0;15
hep-th/0012012;hep-th/0012012;14;13;27
hep-th/9707028;hep-th/9707028;21;0;21
hep-th/0001042;hep-th/0001042;2;15;17
hep-th/9808154;hep-th/9808154;4;2;6
hep-th/9904029;hep-th/9904029;7;16;23
hep-th/9908124;hep-th/9908124;8;16;24
hep-th/9707057;hep-th/9707057;6;0;6
hep-th/9712188;hep-th/9712188;17;13;30
0804.0595;0804.0595;0;48;48
hep-th/0508030;hep-th/0508030;11;10;21
0904.2394;0904.2394;0;11;11
gr-qc/0104044;gr-qc/0104044;1;16;17
hep-th/9705144;hep-th/9705144;7;4;11
nlin/0406025;nlin/0406025;2;4;6
hep-th/0507255;hep-th/0507255;1;7;8
gr-qc/9903057;gr-qc/9903057;1;4;5
hep-ph/9604431;hep-ph/9604431;4;1;5
0910.0328;0910.0328;0;8;8
hep-lat/0509057;hep-lat/0509057;1;4;5
hep-th/9710115;hep-th/9710115;3;1;4
gr-qc/0010004;gr-qc/0010004;3;5;8
0910.0326;0910.0326;0;7;7
hep-th/0605251;hep-th/0605251;4;3;7
hep-th/0410012;hep-th/0410012;7;2;9
0911.4296;0911.4296;0;10;10
hep-th/0301193;hep-th/0301193;7;17;24
hep-th/0409258;hep-th/0409258;1;9;10
0705.1529;0705.1529;0;29;29
0705.1296;0705.1296;0;16;16
0808.3773;0808.3773;0;37;37
hep-th/9601132;hep-th/9601132;5;1;6
cond-mat/0305505;cond-mat/0305505;3;0;3
math-ph/0507008;math-ph/0507008;1;2;3
quant-ph/0609098;quant-ph/0609098;3;10;13
0808.3776;0808.3776;0;2;2
hep-th/0611060;hep-th/0611060;7;10;17
0804.2579;0804.2579;0;15;15
astro-ph/0612196;astro-ph/0612196;19;0;19
hep-th/0305154;hep-th/0305154;2;2;4
hep-th/0101085;hep-th/0101085;2;23;25
hep-th/0408131;hep-th/0408131;4;9;13
hep-th/0304086;hep-th/0304086;5;7;12
hep-th/0304085;hep-th/0304085;5;5;10
astro-ph/0310512;astro-ph/0310512;4;11;15
0804.0622;0804.0622;0;11;11
hep-ph/0509311;hep-ph/0509311;2;4;6
0804.0620;0804.0620;0;65;65
hep-ph/0105251;hep-ph/0105251;19;13;32
gr-qc/0602055;gr-qc/0602055;9;18;27
hep-th/0609086;hep-th/0609086;16;15;31
hep-th/0606194;hep-th/0606194;3;54;57
hep-th/0603014;hep-th/0603014;4;24;28
0812.1806;0812.1806;0;23;23
gr-qc/0506078;gr-qc/0506078;12;0;12
gr-qc/0502065;gr-qc/0502065;8;10;18
gr-qc/0608003;gr-qc/0608003;6;19;25
gr-qc/0009077;gr-qc/0009077;11;4;15
0809.4907;0809.4907;0;46;46
hep-th/0311030;hep-th/0311030;5;41;46
gr-qc/9706011;gr-qc/9706011;9;3;12
gr-qc/9905093;gr-qc/9905093;9;0;9
gr-qc/9810012;gr-qc/9810012;16;5;21
hep-th/0604088;hep-th/0604088;12;35;47
gr-qc/9810011;gr-qc/9810011;5;7;12
hep-th/0607210;hep-th/0607210;2;4;6
hep-th/0604064;hep-th/0604064;7;26;33
hep-th/0410142;hep-th/0410142;19;2;21
hep-th/0310068;hep-th/0310068;8;54;62
gr-qc/9506047;gr-qc/9506047;42;0;42
gr-qc/9610040;gr-qc/9610040;1;10;11
hep-th/9609226;hep-th/9609226;7;10;17
0805.4614;0805.4614;0;8;8
0709.2840;0709.2840;0;14;14
hep-ph/0701042;hep-ph/0701042;9;26;35
0806.1299;0806.1299;0;80;80
hep-th/0301106;hep-th/0301106;13;43;56
hep-th/0205114;hep-th/0205114;6;10;16
hep-th/0212325;hep-th/0212325;2;1;3
hep-th/0303156;hep-th/0303156;5;25;30
hep-ph/9509263;hep-ph/9509263;9;1;10
0912.4705;0912.4705;0;2;2
cond-mat/0701154;cond-mat/0701154;4;1;5
cond-mat/9511102;cond-mat/9511102;4;0;4
math/0703267;math/0703267;8;7;15
math/0606548;math/0606548;11;6;17
math/0605780;math/0605780;10;9;19
math/0412485;math/0412485;0;1;1
math/0404329;math/0404329;4;4;8
hep-th/0301012;hep-th/0301012;5;14;19
hep-th/9712057;hep-th/9712057;7;12;19
hep-th/0106244;hep-th/0106244;2;8;10
hep-th/9606189;hep-th/9606189;9;16;25
hep-th/0602101;hep-th/0602101;11;28;39
hep-th/0009251;hep-th/0009251;5;9;14
hep-th/0101023;hep-th/0101023;1;11;12
hep-th/0008097;hep-th/0008097;4;5;9
hep-th/0512191;hep-th/0512191;6;0;6
0706.3127;0706.3127;0;79;79
hep-ph/0506223;hep-ph/0506223;2;9;11
hep-ph/0505001;hep-ph/0505001;9;49;58
hep-th/0609194;hep-th/0609194;6;41;47
hep-th/0405210;hep-th/0405210;10;36;46
hep-th/0702042;hep-th/0702042;1;21;22
hep-th/0512068;hep-th/0512068;2;17;19
hep-th/0603232;hep-th/0603232;24;69;93
hep-th/0602153;hep-th/0602153;4;18;22
hep-th/0607199;hep-th/0607199;1;7;8
hep-th/0510215;hep-th/0510215;12;0;12
hep-th/0612211;hep-th/0612211;4;16;20
hep-th/0607028;hep-th/0607028;5;7;12
hep-th/0512301;hep-th/0512301;13;12;25
hep-th/0606015;hep-th/0606015;1;18;19
hep-th/0607110;hep-th/0607110;4;9;13
hep-th/0605065;hep-th/0605065;8;5;13
hep-th/0701065;hep-th/0701065;4;15;19
hep-th/9210153;hep-th/9210153;3;0;3
hep-th/0702047;hep-th/0702047;0;3;3
hep-th/0702022;hep-th/0702022;1;4;5
hep-th/0211278;hep-th/0211278;5;19;24
hep-th/9804200;hep-th/9804200;6;39;45
hep-th/9806115;hep-th/9806115;7;25;32
hep-th/0201265;hep-th/0201265;4;10;14
gr-qc/9608017;gr-qc/9608017;8;3;11
0911.1107;0911.1107;0;10;10
physics/0202020;physics/0202020;0;11;11
hep-th/0001108;hep-th/0001108;6;6;12
quant-ph/0007103;quant-ph/0007103;2;5;7
cond-mat/0006259;cond-mat/0006259;6;4;10
hep-th/9709086;hep-th/9709086;4;3;7
hep-th/0210096;hep-th/0210096;9;13;22
hep-th/0211275;hep-th/0211275;0;2;2
hep-th/0201020;hep-th/0201020;1;1;2
hep-th/0205120;hep-th/0205120;1;1;2
hep-th/0211276;hep-th/0211276;0;7;7
hep-th/0001164;hep-th/0001164;7;12;19
hep-th/9903040;hep-th/9903040;11;0;11
hep-th/0005018;hep-th/0005018;3;5;8
hep-th/9910139;hep-th/9910139;8;7;15
hep-th/0006230;hep-th/0006230;4;9;13
hep-th/9810067;hep-th/9810067;10;12;22
hep-th/0210147;hep-th/0210147;10;6;16
hep-th/0504088;hep-th/0504088;4;15;19
hep-th/0504050;hep-th/0504050;2;4;6
hep-th/0206127;hep-th/0206127;3;11;14
hep-th/0205007;hep-th/0205007;2;5;7
gr-qc/0108001;gr-qc/0108001;1;6;7
gr-qc/9602056;gr-qc/9602056;13;4;17
hep-ph/0205226;hep-ph/0205226;7;5;12
0807.3478;0807.3478;0;35;35
hep-th/0006250;hep-th/0006250;0;7;7
hep-th/9602122;hep-th/9602122;9;1;10
gr-qc/9801040;gr-qc/9801040;11;0;11
hep-th/9911233;hep-th/9911233;6;5;11
hep-th/9610028;hep-th/9610028;17;1;18
hep-th/0006237;hep-th/0006237;6;9;15
gr-qc/0006022;gr-qc/0006022;14;7;21
gr-qc/9903071;gr-qc/9903071;4;2;6
hep-th/9611015;hep-th/9611015;5;10;15
hep-th/0510040;hep-th/0510040;0;4;4
math/0003071;math/0003071;1;3;4
0904.2156;0904.2156;0;19;19
hep-th/0301010;hep-th/0301010;9;50;59
gr-qc/0212087;gr-qc/0212087;3;12;15
0912.2361;0912.2361;0;19;19
cond-mat/0003281;cond-mat/0003281;4;11;15
hep-th/9612152;hep-th/9612152;2;15;17
hep-th/0504205;hep-th/0504205;10;17;27
math-ph/0609058;math-ph/0609058;2;18;20
hep-th/0302018;hep-th/0302018;3;6;9
0904.1566;0904.1566;0;33;33
hep-th/0508109;hep-th/0508109;14;20;34
hep-th/0406188;hep-th/0406188;20;35;55
hep-th/0103156;hep-th/0103156;7;30;37
q-alg/9505021;q-alg/9505021;6;1;7
0803.3123;0803.3123;0;5;5
hep-th/0411228;hep-th/0411228;6;11;17
quant-ph/0206184;quant-ph/0206184;1;1;2
hep-ph/0612050;hep-ph/0612050;1;4;5
hep-th/9907136;hep-th/9907136;2;2;4
0901.4048;0901.4048;0;16;16
hep-th/9612069;hep-th/9612069;13;7;20
hep-th/9701035;hep-th/9701035;14;12;26
hep-th/9407101;hep-th/9407101;14;1;15
0712.3046;0712.3046;0;59;59
hep-th/9201077;hep-th/9201077;2;1;3
hep-th/0701293;hep-th/0701293;6;9;15
hep-th/9209010;hep-th/9209010;3;5;8
hep-th/0507037;hep-th/0507037;13;78;91
hep-th/0512196;hep-th/0512196;7;11;18
math-ph/0112002;math-ph/0112002;4;2;6
hep-th/0210224;hep-th/0210224;5;0;5
math-ph/0112017;math-ph/0112017;5;4;9
hep-ph/0210337;hep-ph/0210337;2;19;21
hep-th/0701228;hep-th/0701228;1;31;32
hep-th/0610172;hep-th/0610172;4;0;4
math/0104216;math/0104216;8;0;8
hep-lat/0105031;hep-lat/0105031;2;9;11
hep-th/0701076;hep-th/0701076;3;14;17
cond-mat/0108103;cond-mat/0108103;4;4;8
hep-th/0510025;hep-th/0510025;2;10;12
hep-th/0610045;hep-th/0610045;5;3;8
hep-th/0503236;hep-th/0503236;7;15;22
math-ph/0312071;math-ph/0312071;1;6;7
hep-th/0603045;hep-th/0603045;8;19;27
hep-th/0609210;hep-th/0609210;6;15;21
cond-mat/0409576;cond-mat/0409576;1;3;4
math-ph/0603082;math-ph/0603082;6;2;8
hep-th/0607198;hep-th/0607198;6;5;11
hep-th/0410066;hep-th/0410066;5;13;18
cond-mat/0510272;cond-mat/0510272;1;2;3
hep-th/0011096;hep-th/0011096;7;7;14
hep-th/9311011;hep-th/9311011;4;0;4
hep-th/9904052;hep-th/9904052;2;2;4
hep-th/9807081;hep-th/9807081;3;0;3
gr-qc/9808082;gr-qc/9808082;2;2;4
gr-qc/9710109;gr-qc/9710109;5;1;6
hep-th/9704212;hep-th/9704212;1;1;2
hep-th/9510068;hep-th/9510068;5;0;5
hep-th/0011098;hep-th/0011098;3;22;25
0711.0116;0711.0116;0;46;46
hep-ph/0402269;hep-ph/0402269;1;18;19
hep-th/0702102;hep-th/0702102;17;80;97
hep-th/0703235;hep-th/0703235;20;31;51
hep-th/0703045;hep-th/0703045;23;38;61
hep-ph/9801455;hep-ph/9801455;18;1;19
quant-ph/0608243;quant-ph/0608243;4;5;9
quant-ph/0507262;quant-ph/0507262;4;6;10
gr-qc/0209021;gr-qc/0209021;5;0;5
0803.3125;0803.3125;0;14;14
0811.1268;0811.1268;0;30;30
hep-th/0703030;hep-th/0703030;2;19;21
hep-th/0312283;hep-th/0312283;6;15;21
0810.4795;0810.4795;0;12;12
hep-th/0609123;hep-th/0609123;5;82;87
0704.2013;0704.2013;0;5;5
gr-qc/0310053;gr-qc/0310053;1;4;5
gr-qc/0611148;gr-qc/0611148;3;7;10
hep-th/0411273;hep-th/0411273;0;1;1
hep-th/0107194;hep-th/0107194;4;7;11
0804.2027;0804.2027;0;24;24
0804.0198;0804.0198;0;19;19
hep-th/0107192;hep-th/0107192;1;1;2
gr-qc/9907086;gr-qc/9907086;4;1;5
hep-th/9812122;hep-th/9812122;1;3;4
hep-th/9810144;hep-th/9810144;4;19;23
0804.2186;0804.2186;0;34;34
0906.1215;0906.1215;0;26;26
hep-th/9502068;hep-th/9502068;5;1;6
hep-th/0208005;hep-th/0208005;17;27;44
math-ph/0408025;math-ph/0408025;11;13;24
math-ph/0503036;math-ph/0503036;8;17;25
hep-th/9709078;hep-th/9709078;32;4;36
hep-th/0404149;hep-th/0404149;13;25;38
math-ph/0604035;math-ph/0604035;4;5;9
hep-ph/0005166;hep-ph/0005166;0;7;7
0903.5264;0903.5264;0;37;37
astro-ph/0511666;astro-ph/0511666;10;15;25
math-ph/0311050;math-ph/0311050;0;2;2
hep-th/9608089;hep-th/9608089;8;0;8
math/9804115;math/9804115;1;0;1
hep-th/0305031;hep-th/0305031;5;10;15
gr-qc/9909085;gr-qc/9909085;13;31;44
gr-qc/9810086;gr-qc/9810086;14;0;14
0704.1219;0704.1219;0;38;38
hep-th/0104185;hep-th/0104185;35;29;64
0712.2043;0712.2043;0;22;22
hep-th/0703248;hep-th/0703248;8;33;41
hep-th/0307254;hep-th/0307254;10;27;37
hep-th/0503044;hep-th/0503044;6;74;80
hep-th/0401201;hep-th/0401201;8;74;82
math/0208081;math/0208081;1;6;7
math/0005299;math/0005299;5;4;9
gr-qc/0512118;gr-qc/0512118;2;58;60
hep-th/0511169;hep-th/0511169;1;5;6
gr-qc/0511115;gr-qc/0511115;4;4;8
gr-qc/0504096;gr-qc/0504096;4;25;29
hep-th/0103072;hep-th/0103072;1;2;3
hep-th/0604149;hep-th/0604149;10;24;34
hep-th/0409310;hep-th/0409310;9;24;33
hep-th/0603091;hep-th/0603091;7;4;11
hep-th/0601018;hep-th/0601018;7;38;45
hep-th/0407260;hep-th/0407260;9;30;39
hep-lat/0407010;hep-lat/0407010;2;2;4
hep-lat/0406026;hep-lat/0406026;8;34;42
hep-th/0501126;hep-th/0501126;0;3;3
hep-th/0301123;hep-th/0301123;4;0;4
cond-mat/0410398;cond-mat/0410398;0;4;4
cond-mat/0405184;cond-mat/0405184;1;0;1
0704.0666;0704.0666;0;43;43
0708.0901;0708.0901;0;20;20
gr-qc/0505019;gr-qc/0505019;4;11;15
math-ph/0003012;math-ph/0003012;6;2;8
cond-mat/0611427;cond-mat/0611427;2;6;8
math-ph/0507017;math-ph/0507017;3;7;10
hep-th/0108009;hep-th/0108009;0;8;8
math/0101234;math/0101234;2;2;4
hep-th/9504111;hep-th/9504111;17;2;19
hep-th/0503038;hep-th/0503038;6;10;16
hep-th/0502098;hep-th/0502098;1;7;8
hep-th/0501127;hep-th/0501127;3;6;9
hep-ph/9807451;hep-ph/9807451;2;15;17
0904.3479;0904.3479;0;9;9
hep-ph/0105176;hep-ph/0105176;3;6;9
hep-th/0103251;hep-th/0103251;4;2;6
gr-qc/0103108;gr-qc/0103108;7;3;10
hep-th/0103053;hep-th/0103053;4;0;4
hep-ph/0512301;hep-ph/0512301;2;15;17
hep-th/9805111;hep-th/9805111;16;8;24
0706.3585;0706.3585;0;24;24
hep-th/9608080;hep-th/9608080;1;2;3
0806.3886;0806.3886;0;12;12
math-ph/0701034;math-ph/0701034;18;0;18
hep-ph/0407180;hep-ph/0407180;5;16;21
hep-ph/0309199;hep-ph/0309199;2;45;47
hep-th/0204128;hep-th/0204128;2;45;47
hep-th/0112255;hep-th/0112255;13;21;34
hep-ph/0601023;hep-ph/0601023;18;171;189
hep-ph/0306186;hep-ph/0306186;8;29;37
hep-th/0512205;hep-th/0512205;13;14;27
hep-ph/0610178;hep-ph/0610178;2;9;11
hep-ph/0209282;hep-ph/0209282;8;27;35
hep-th/0410201;hep-th/0410201;10;27;37
hep-ph/0607208;hep-ph/0607208;2;4;6
hep-ph/0512144;hep-ph/0512144;4;9;13
hep-th/0211215;hep-th/0211215;2;1;3
hep-th/0410149;hep-th/0410149;18;19;37
hep-ph/9909333;hep-ph/9909333;6;7;13
hep-ph/0212028;hep-ph/0212028;19;42;61
hep-ph/0512304;hep-ph/0512304;1;22;23
hep-th/9703179;hep-th/9703179;13;29;42
0906.0235;0906.0235;0;15;15
hep-th/0608040;hep-th/0608040;12;25;37
gr-qc/0310069;gr-qc/0310069;5;12;17
gr-qc/0306058;gr-qc/0306058;9;14;23
hep-th/0210227;hep-th/0210227;9;0;9
hep-th/0209207;hep-th/0209207;2;13;15
0912.0550;0912.0550;0;3;3
hep-th/0104106;hep-th/0104106;15;38;53
hep-th/0202171;hep-th/0202171;16;48;64
hep-th/0307196;hep-th/0307196;4;38;42
hep-th/0507230;hep-th/0507230;3;39;42
gr-qc/0510039;gr-qc/0510039;5;41;46
gr-qc/0309078;gr-qc/0309078;3;14;17
gr-qc/0504139;gr-qc/0504139;2;34;36
hep-th/9110036;hep-th/9110036;1;1;2
hep-th/9705101;hep-th/9705101;2;0;2
hep-th/9911074;hep-th/9911074;2;1;3
hep-ph/9609292;hep-ph/9609292;3;0;3
hep-th/9909189;hep-th/9909189;6;12;18
gr-qc/9702038;gr-qc/9702038;7;12;19
hep-th/9512058;hep-th/9512058;2;3;5
hep-th/9711182;hep-th/9711182;1;11;12
hep-th/9711185;hep-th/9711185;10;3;13
hep-th/9507052;hep-th/9507052;4;0;4
0909.3415;0909.3415;0;30;30
hep-th/0312026;hep-th/0312026;10;24;34
hep-th/0412216;hep-th/0412216;7;14;21
0706.0514;0706.0514;0;32;32
hep-th/0510213;hep-th/0510213;12;0;12
0910.5298;0910.5298;0;8;8
hep-lat/9608068;hep-lat/9608068;4;1;5
hep-th/0205159;hep-th/0205159;13;5;18
hep-th/0107230;hep-th/0107230;6;1;7
cond-mat/0109259;cond-mat/0109259;11;5;16
hep-th/9508102;hep-th/9508102;4;2;6
0707.0825;0707.0825;0;7;7
quant-ph/0205067;quant-ph/0205067;1;2;3
hep-th/9912141;hep-th/9912141;4;7;11
hep-th/0606009;hep-th/0606009;2;18;20
0902.3454;0902.3454;0;4;4
0909.3411;0909.3411;0;9;9
0704.1535;0704.1535;0;22;22
hep-th/0610333;hep-th/0610333;2;23;25
hep-th/0506255;hep-th/0506255;3;21;24
hep-th/0703118;hep-th/0703118;6;35;41
cond-mat/0011439;cond-mat/0011439;3;16;19
hep-th/9506120;hep-th/9506120;8;0;8
hep-th/9503112;hep-th/9503112;3;0;3
cond-mat/9906052;cond-mat/9906052;3;0;3
hep-th/9405128;hep-th/9405128;6;10;16
cond-mat/0008216;cond-mat/0008216;16;28;44
hep-th/0501123;hep-th/0501123;14;39;53
hep-th/9412075;hep-th/9412075;10;4;14
hep-th/0406220;hep-th/0406220;4;27;31
hep-th/9403021;hep-th/9403021;6;0;6
hep-th/0412110;hep-th/0412110;14;26;40
hep-th/0404247;hep-th/0404247;7;36;43
hep-th/0411049;hep-th/0411049;2;32;34
hep-th/0405250;hep-th/0405250;4;9;13
hep-th/0409136;hep-th/0409136;5;24;29
hep-th/0406093;hep-th/0406093;21;22;43
0907.4249;0907.4249;0;3;3
hep-th/9706001;hep-th/9706001;2;0;2
math/0609524;math/0609524;4;0;4
hep-th/0608183;hep-th/0608183;0;13;13
hep-th/0512179;hep-th/0512179;1;0;1
hep-th/0212298;hep-th/0212298;2;24;26
hep-th/9812251;hep-th/9812251;15;11;26
hep-th/9705019;hep-th/9705019;12;4;16
hep-th/0101227;hep-th/0101227;7;7;14
hep-th/0112097;hep-th/0112097;1;18;19
0905.3423;0905.3423;0;3;3
hep-lat/9306017;hep-lat/9306017;18;1;19
hep-lat/9309014;hep-lat/9309014;9;2;11
hep-lat/9310006;hep-lat/9310006;9;3;12
hep-th/9402141;hep-th/9402141;4;4;8
hep-th/9207014;hep-th/9207014;4;0;4
hep-lat/9401028;hep-lat/9401028;8;0;8
0905.3427;0905.3427;0;16;16
hep-th/9405015;hep-th/9405015;1;6;7
hep-th/9307033;hep-th/9307033;4;0;4
hep-th/9402100;hep-th/9402100;2;0;2
hep-th/9411107;hep-th/9411107;0;6;6
hep-th/9411103;hep-th/9411103;1;3;4
cond-mat/9706133;cond-mat/9706133;2;0;2
quant-ph/9702017;quant-ph/9702017;4;5;9
hep-th/9501023;hep-th/9501023;1;2;3
quant-ph/9902072;quant-ph/9902072;5;0;5
cond-mat/9609041;cond-mat/9609041;2;0;2
cond-mat/9804207;cond-mat/9804207;5;0;5
cond-mat/9803284;cond-mat/9803284;3;0;3
cond-mat/9710206;cond-mat/9710206;11;4;15
hep-th/9910032;hep-th/9910032;0;2;2
hep-th/9310129;hep-th/9310129;4;0;4
hep-th/9910035;hep-th/9910035;3;28;31
cond-mat/9611072;cond-mat/9611072;19;3;22
hep-th/9710203;hep-th/9710203;7;16;23
hep-th/9604163;hep-th/9604163;14;6;20
hep-th/9802119;hep-th/9802119;7;14;21
hep-ph/9901446;hep-ph/9901446;3;15;18
hep-ph/9806403;hep-ph/9806403;11;3;14
hep-th/9905067;hep-th/9905067;2;18;20
hep-th/9903023;hep-th/9903023;7;27;34
hep-th/9910039;hep-th/9910039;0;3;3
hep-th/9707112;hep-th/9707112;4;1;5
hep-th/9710042;hep-th/9710042;4;2;6
hep-th/9907118;hep-th/9907118;2;6;8
hep-th/9802167;hep-th/9802167;13;1;14
hep-th/9811039;hep-th/9811039;2;6;8
hep-th/9908037;hep-th/9908037;2;5;7
hep-th/9706120;hep-th/9706120;8;13;21
hep-th/9405043;hep-th/9405043;8;1;9
hep-th/9810082;hep-th/9810082;1;10;11
cond-mat/9303035;cond-mat/9303035;2;0;2
cond-mat/9809253;cond-mat/9809253;2;0;2
cond-mat/9902146;cond-mat/9902146;7;1;8
cond-mat/9804008;cond-mat/9804008;6;5;11
hep-th/9311060;hep-th/9311060;11;0;11
0903.0390;0903.0390;0;16;16
0803.2911;0803.2911;0;4;4
hep-th/0611015;hep-th/0611015;2;9;11
hep-th/0507130;hep-th/0507130;4;14;18
hep-th/0507132;hep-th/0507132;3;14;17
hep-th/0206128;hep-th/0206128;8;19;27
hep-ph/9910526;hep-ph/9910526;9;0;9
hep-th/9608171;hep-th/9608171;7;7;14
hep-th/9805024;hep-th/9805024;2;0;2
hep-th/9403149;hep-th/9403149;9;0;9
hep-th/0407096;hep-th/0407096;21;22;43
hep-th/0206124;hep-th/0206124;0;7;7
hep-th/0107013;hep-th/0107013;3;3;6
hep-th/9707056;hep-th/9707056;5;8;13
hep-th/0203236;hep-th/0203236;8;23;31
hep-th/9706098;hep-th/9706098;2;0;2
hep-th/9709176;hep-th/9709176;2;6;8
hep-th/9703132;hep-th/9703132;3;6;9
hep-th/9508076;hep-th/9508076;11;2;13
hep-th/9709106;hep-th/9709106;4;19;23
hep-th/9703053;hep-th/9703053;5;7;12
hep-th/0206121;hep-th/0206121;2;9;11
hep-ph/0012322;hep-ph/0012322;3;7;10
hep-th/0206122;hep-th/0206122;0;5;5
hep-th/0112052;hep-th/0112052;2;4;6
hep-th/0206123;hep-th/0206123;3;23;26
hep-th/0111073;hep-th/0111073;18;21;39
hep-th/9412169;hep-th/9412169;8;7;15
hep-th/9904141;hep-th/9904141;1;17;18
hep-th/0201232;hep-th/0201232;2;33;35
hep-th/9912165;hep-th/9912165;29;30;59
0805.2584;0805.2584;0;8;8
hep-th/0303039;hep-th/0303039;5;19;24
0902.3863;0902.3863;0;5;5
math/0109039;math/0109039;2;8;10
math/0310212;math/0310212;2;4;6
hep-th/9811124;hep-th/9811124;3;8;11
0906.2561;0906.2561;0;5;5
0908.4168;0908.4168;0;9;9
hep-th/0004168;hep-th/0004168;1;11;12
0907.2749;0907.2749;0;23;23
0810.5388;0810.5388;0;23;23
0806.3251;0806.3251;0;10;10
hep-th/0512280;hep-th/0512280;20;18;38
gr-qc/9901030;gr-qc/9901030;3;0;3
hep-th/9612199;hep-th/9612199;11;3;14
hep-th/0212144;hep-th/0212144;2;25;27
hep-th/0212143;hep-th/0212143;0;13;13
hep-th/0212142;hep-th/0212142;5;22;27
hep-th/0109183;hep-th/0109183;12;21;33
hep-th/0212140;hep-th/0212140;3;22;25
hep-ph/9709462;hep-ph/9709462;5;0;5
hep-th/9911028;hep-th/9911028;9;15;24
hep-ph/0005150;hep-ph/0005150;7;15;22
hep-th/0111146;hep-th/0111146;2;16;18
hep-th/0107120;hep-th/0107120;6;18;24
hep-th/9402097;hep-th/9402097;18;1;19
hep-th/0409281;hep-th/0409281;8;7;15
hep-th/0607231;hep-th/0607231;4;23;27
hep-th/0212149;hep-th/0212149;0;5;5
hep-th/9906066;hep-th/9906066;3;1;4
hep-th/0207121;hep-th/0207121;1;1;2
hep-th/0207110;hep-th/0207110;2;0;2
hep-th/9611236;hep-th/9611236;5;0;5
hep-th/0212148;hep-th/0212148;5;5;10
gr-qc/0206046;gr-qc/0206046;3;9;12
cond-mat/0505384;cond-mat/0505384;0;3;3
hep-th/0109167;hep-th/0109167;1;4;5
0911.4379;0911.4379;0;15;15
hep-th/9808132;hep-th/9808132;5;16;21
hep-th/0605031;hep-th/0605031;13;27;40
0907.3052;0907.3052;0;14;14
hep-ph/0605297;hep-ph/0605297;20;27;47
0706.2916;0706.2916;0;6;6
math-ph/0206014;math-ph/0206014;0;4;4
cond-mat/9912473;cond-mat/9912473;4;3;7
hep-lat/0203017;hep-lat/0203017;5;2;7
cond-mat/9501012;cond-mat/9501012;0;5;5
hep-th/9405118;hep-th/9405118;10;0;10
hep-th/0212158;hep-th/0212158;8;0;8
0808.0168;0808.0168;0;12;12
0706.1691;0706.1691;0;13;13
hep-th/9910047;hep-th/9910047;5;31;36
hep-th/9601026;hep-th/9601026;6;7;13
hep-th/9906191;hep-th/9906191;8;32;40
hep-th/9810140;hep-th/9810140;2;9;11
hep-th/9803115;hep-th/9803115;3;2;5
hep-th/9909191;hep-th/9909191;10;6;16
hep-th/9912163;hep-th/9912163;8;2;10
hep-th/9901026;hep-th/9901026;11;5;16
hep-th/9702119;hep-th/9702119;1;4;5
hep-th/9604054;hep-th/9604054;5;7;12
hep-th/9309104;hep-th/9309104;2;0;2
hep-th/9501041;hep-th/9501041;3;0;3
hep-th/9702116;hep-th/9702116;0;2;2
hep-th/9702114;hep-th/9702114;9;4;13
hep-th/9702113;hep-th/9702113;1;3;4
hep-th/9802081;hep-th/9802081;2;0;2
hep-th/9702112;hep-th/9702112;1;8;9
hep-th/9601041;hep-th/9601041;6;22;28
hep-th/9505079;hep-th/9505079;1;1;2
hep-th/9608172;hep-th/9608172;2;5;7
hep-th/9605012;hep-th/9605012;10;28;38
hep-th/9505145;hep-th/9505145;2;38;40
0809.3242;0809.3242;0;3;3
cond-mat/0403557;cond-mat/0403557;2;8;10
cond-mat/0309445;cond-mat/0309445;2;1;3
hep-th/0312146;hep-th/0312146;4;4;8
hep-th/0003159;hep-th/0003159;6;21;27
astro-ph/0505509;astro-ph/0505509;14;0;14
0806.2372;0806.2372;0;23;23
math/0211360;math/0211360;7;2;9
hep-th/0503098;hep-th/0503098;5;24;29
hep-ph/0210352;hep-ph/0210352;3;2;5
0805.0568;0805.0568;0;74;74
hep-th/0410075;hep-th/0410075;1;10;11
hep-th/0408139;hep-th/0408139;1;8;9
hep-th/0410065;hep-th/0410065;6;25;31
hep-th/0603168;hep-th/0603168;12;14;26
hep-th/0211013;hep-th/0211013;12;18;30
hep-th/9910122;hep-th/9910122;9;7;16
hep-th/9606160;hep-th/9606160;2;3;5
hep-lat/9602003;hep-lat/9602003;11;6;17
hep-lat/9705004;hep-lat/9705004;3;10;13
hep-th/9602028;hep-th/9602028;2;21;23
hep-lat/9411034;hep-lat/9411034;13;10;23
hep-lat/9705001;hep-lat/9705001;6;4;10
hep-lat/9612017;hep-lat/9612017;14;15;29
hep-ph/0703042;hep-ph/0703042;0;1;1
cond-mat/0112456;cond-mat/0112456;5;5;10
hep-th/9302005;hep-th/9302005;5;2;7
hep-th/0009099;hep-th/0009099;11;10;21
hep-ph/0703044;hep-ph/0703044;3;23;26
hep-ph/0604066;hep-ph/0604066;2;0;2
hep-ph/0408329;hep-ph/0408329;6;36;42
0806.3250;0806.3250;0;22;22
hep-th/0411202;hep-th/0411202;10;19;29
hep-th/0503030;hep-th/0503030;17;3;20
hep-th/0506238;hep-th/0506238;13;23;36
hep-th/0410265;hep-th/0410265;3;23;26
hep-th/0601222;hep-th/0601222;14;25;39
hep-th/0512320;hep-th/0512320;5;0;5
hep-th/0701144;hep-th/0701144;7;49;56
hep-th/0311083;hep-th/0311083;2;23;25
hep-th/0602145;hep-th/0602145;9;66;75
hep-th/0610206;hep-th/0610206;6;23;29
hep-th/0606121;hep-th/0606121;4;82;86
hep-th/0201163;hep-th/0201163;2;7;9
0707.3967;0707.3967;0;23;23
hep-th/0605258;hep-th/0605258;6;42;48
hep-th/0010266;hep-th/0010266;6;13;19
hep-th/0606223;hep-th/0606223;7;62;69
0705.1074;0705.1074;0;29;29
hep-th/0601076;hep-th/0601076;1;14;15
quant-ph/0004019;quant-ph/0004019;4;9;13
hep-th/0412207;hep-th/0412207;7;12;19
hep-th/0403133;hep-th/0403133;10;35;45
hep-th/0503186;hep-th/0503186;4;3;7
0802.4301;0802.4301;0;21;21
hep-th/9908184;hep-th/9908184;1;7;8
hep-th/9805197;hep-th/9805197;2;4;6
gr-qc/0112068;gr-qc/0112068;0;3;3
hep-th/9908185;hep-th/9908185;2;6;8
hep-th/9810105;hep-th/9810105;21;13;34
hep-th/9210122;hep-th/9210122;8;0;8
0911.1979;0911.1979;0;8;8
hep-th/0604112;hep-th/0604112;10;19;29
hep-th/0411150;hep-th/0411150;7;19;26
math-ph/0601002;math-ph/0601002;7;11;18
hep-th/0703138;hep-th/0703138;7;28;35
hep-th/0007136;hep-th/0007136;11;8;19
hep-th/0407251;hep-th/0407251;9;4;13
0811.1665;0811.1665;0;22;22
gr-qc/0112066;gr-qc/0112066;5;2;7
hep-th/0503176;hep-th/0503176;1;1;2
hep-ph/0509354;hep-ph/0509354;0;5;5
gr-qc/0009058;gr-qc/0009058;2;2;4
hep-th/9612006;hep-th/9612006;3;0;3
hep-th/0005171;hep-th/0005171;1;1;2
hep-ph/0410169;hep-ph/0410169;11;32;43
hep-ph/0208268;hep-ph/0208268;7;19;26
hep-ph/0407230;hep-ph/0407230;11;21;32
hep-ph/0209301;hep-ph/0209301;8;1;9
hep-ph/0110136;hep-ph/0110136;10;6;16
hep-ph/0408289;hep-ph/0408289;6;29;35
0810.5066;0810.5066;0;34;34
hep-th/0608055;hep-th/0608055;20;28;48
hep-th/0612253;hep-th/0612253;17;25;42
gr-qc/9708018;gr-qc/9708018;3;9;12
hep-th/9704175;hep-th/9704175;6;16;22
gr-qc/9706037;gr-qc/9706037;4;29;33
hep-th/9912130;hep-th/9912130;26;23;49
hep-th/0102067;hep-th/0102067;3;3;6
hep-th/0102008;hep-th/0102008;5;7;12
hep-ph/0207232;hep-ph/0207232;2;15;17
hep-ph/0211059;hep-ph/0211059;5;30;35
hep-th/9212006;hep-th/9212006;11;6;17
hep-th/0309031;hep-th/0309031;3;28;31
hep-ph/9504294;hep-ph/9504294;6;0;6
hep-th/0309128;hep-th/0309128;7;15;22
hep-th/0107179;hep-th/0107179;20;22;42
hep-th/0307234;hep-th/0307234;7;17;24
hep-th/9911032;hep-th/9911032;5;5;10
hep-th/0507292;hep-th/0507292;19;28;47
0904.0829;0904.0829;0;50;50
hep-th/0305053;hep-th/0305053;10;7;17
math-ph/0607020;math-ph/0607020;2;0;2
cond-mat/0206233;cond-mat/0206233;2;0;2
0806.3370;0806.3370;0;57;57
0904.0820;0904.0820;0;12;12
0902.0375;0902.0375;0;33;33
hep-th/0701020;hep-th/0701020;6;64;70
hep-th/0606167;hep-th/0606167;2;7;9
hep-th/0003276;hep-th/0003276;4;13;17
solv-int/9910012;solv-int/9910012;6;9;15
hep-th/0003270;hep-th/0003270;3;12;15
hep-th/9709040;hep-th/9709040;3;3;6
0803.0271;0803.0271;0;7;7
hep-th/0202138;hep-th/0202138;4;16;20
0902.3339;0902.3339;0;5;5
hep-th/9911192;hep-th/9911192;6;13;19
hep-th/9903082;hep-th/9903082;7;5;12
0808.1553;0808.1553;0;4;4
0802.3781;0802.3781;0;8;8
hep-th/0505008;hep-th/0505008;3;17;20
q-alg/9507031;q-alg/9507031;7;4;11
hep-ph/0402217;hep-ph/0402217;2;3;5
hep-ph/0312256;hep-ph/0312256;6;3;9
hep-ph/9607368;hep-ph/9607368;3;3;6
math-ph/0303031;math-ph/0303031;1;9;10
hep-th/9809017;hep-th/9809017;10;9;19
hep-th/0512294;hep-th/0512294;2;23;25
hep-ph/9904330;hep-ph/9904330;16;15;31
cond-mat/9812416;cond-mat/9812416;1;0;1
hep-th/0512291;hep-th/0512291;6;15;21
hep-th/0006108;hep-th/0006108;10;19;29
hep-th/0210005;hep-th/0210005;6;31;37
hep-th/0412269;hep-th/0412269;9;11;20
quant-ph/0107002;quant-ph/0107002;0;5;5
quant-ph/0105056;quant-ph/0105056;1;0;1
math/0411507;math/0411507;5;19;24
0708.1379;0708.1379;0;10;10
0903.5520;0903.5520;0;6;6
gr-qc/0401016;gr-qc/0401016;12;9;21
gr-qc/0508024;gr-qc/0508024;4;6;10
0710.5269;0710.5269;0;41;41
hep-ph/0012129;hep-ph/0012129;8;17;25
hep-th/9502044;hep-th/9502044;5;0;5
hep-th/9503136;hep-th/9503136;7;0;7
hep-th/0412178;hep-th/0412178;0;1;1
math/0201123;math/0201123;2;14;16
hep-th/0010281;hep-th/0010281;15;14;29
math/0104168;math/0104168;1;10;11
math/0011149;math/0011149;8;11;19
hep-th/0106104;hep-th/0106104;6;25;31
0912.1780;0912.1780;0;1;1
0803.0663;0803.0663;0;18;18
0807.3725;0807.3725;0;37;37
hep-th/0604139;hep-th/0604139;11;17;28
hep-th/0601174;hep-th/0601174;12;11;23
hep-th/0110278;hep-th/0110278;5;8;13
hep-th/0003267;hep-th/0003267;14;1;15
hep-th/0109003;hep-th/0109003;6;3;9
hep-th/0110176;hep-th/0110176;6;14;20
hep-ph/0011279;hep-ph/0011279;11;0;11
hep-th/0110135;hep-th/0110135;8;11;19
hep-th/9612156;hep-th/9612156;2;2;4
hep-th/0110276;hep-th/0110276;4;11;15
hep-th/9503236;hep-th/9503236;7;2;9
hep-th/9512083;hep-th/9512083;2;7;9
hep-th/0010107;hep-th/0010107;10;26;36
math-ph/9812003;math-ph/9812003;6;15;21
gr-qc/9803065;gr-qc/9803065;2;13;15
hep-th/9612054;hep-th/9612054;6;4;10
hep-th/9802045;hep-th/9802045;7;9;16
hep-th/9609126;hep-th/9609126;15;8;23
hep-th/9912127;hep-th/9912127;2;11;13
hep-th/9603107;hep-th/9603107;6;3;9
hep-th/0110275;hep-th/0110275;0;2;2
hep-th/0110273;hep-th/0110273;0;25;25
hep-ph/9910207;hep-ph/9910207;17;0;17
hep-ph/0108211;hep-ph/0108211;5;7;12
hep-th/0110270;hep-th/0110270;1;14;15
hep-th/0106187;hep-th/0106187;2;22;24
hep-th/0412177;hep-th/0412177;9;15;24
hep-th/0106183;hep-th/0106183;11;5;16
hep-th/0410051;hep-th/0410051;19;9;28
hep-th/0005044;hep-th/0005044;5;19;24
hep-ph/9704349;hep-ph/9704349;1;10;11
hep-th/0203170;hep-th/0203170;1;5;6
hep-th/9207007;hep-th/9207007;9;0;9
hep-th/0505183;hep-th/0505183;2;12;14
hep-th/0212123;hep-th/0212123;11;17;28
hep-th/0504227;hep-th/0504227;1;0;1
hep-th/0309219;hep-th/0309219;8;4;12
hep-th/0405004;hep-th/0405004;3;2;5
0902.0738;0902.0738;0;11;11
hep-th/0702209;hep-th/0702209;13;11;24
hep-th/0106057;hep-th/0106057;3;3;6
hep-th/9808121;hep-th/9808121;5;1;6
hep-th/0111022;hep-th/0111022;2;4;6
hep-th/0309169;hep-th/0309169;2;9;11
0909.0456;0909.0456;0;18;18
astro-ph/0703702;astro-ph/0703702;4;13;17
0705.4205;0705.4205;0;13;13
0909.0459;0909.0459;0;5;5
0706.2787;0706.2787;0;4;4
quant-ph/0701244;quant-ph/0701244;3;10;13
0707.0390;0707.0390;0;23;23
gr-qc/0604087;gr-qc/0604087;8;7;15
gr-qc/0611045;gr-qc/0611045;6;23;29
hep-th/9807054;hep-th/9807054;9;13;22
astro-ph/0701848;astro-ph/0701848;7;9;16
gr-qc/0404122;gr-qc/0404122;12;26;38
astro-ph/0610370;astro-ph/0610370;3;4;7
hep-th/9707072;hep-th/9707072;8;8;16
hep-th/0612232;hep-th/0612232;0;25;25
math/0409442;math/0409442;4;15;19
hep-th/0311052;hep-th/0311052;9;5;14
quant-ph/0004057;quant-ph/0004057;7;0;7
hep-th/0308157;hep-th/0308157;4;10;14
hep-th/0207035;hep-th/0207035;5;3;8
hep-th/9711190;hep-th/9711190;5;0;5
quant-ph/9910027;quant-ph/9910027;12;0;12
hep-th/0605221;hep-th/0605221;2;8;10
hep-th/0507019;hep-th/0507019;2;6;8
hep-th/0203011;hep-th/0203011;4;4;8
hep-th/0206143;hep-th/0206143;3;9;12
0908.2131;0908.2131;0;35;35
0809.1535;0809.1535;0;6;6
gr-qc/0506082;gr-qc/0506082;1;24;25
gr-qc/0412121;gr-qc/0412121;1;16;17
gr-qc/0401110;gr-qc/0401110;4;23;27
gr-qc/9812060;gr-qc/9812060;4;0;4
gr-qc/0107101;gr-qc/0107101;2;0;2
0707.3654;0707.3654;0;25;25
hep-ph/0503070;hep-ph/0503070;4;0;4
hep-ph/9905249;hep-ph/9905249;16;11;27
hep-th/0004153;hep-th/0004153;11;1;12
hep-th/0203212;hep-th/0203212;6;26;32
gr-qc/9702051;gr-qc/9702051;4;6;10
gr-qc/9512045;gr-qc/9512045;11;5;16
0907.3832;0907.3832;0;25;25
hep-th/0507252;hep-th/0507252;12;0;12
math/0607081;math/0607081;2;6;8
math/0508483;math/0508483;1;2;3
hep-th/0005106;hep-th/0005106;21;0;21
0803.1538;0803.1538;0;4;4
hep-lat/0207018;hep-lat/0207018;4;4;8
hep-lat/9509072;hep-lat/9509072;5;2;7
0803.1533;0803.1533;0;2;2
0803.1537;0803.1537;0;14;14
hep-th/0701159;hep-th/0701159;1;15;16
hep-ph/0210436;hep-ph/0210436;4;21;25
0806.3252;0806.3252;0;57;57
hep-th/0309264;hep-th/0309264;7;20;27
hep-th/0606163;hep-th/0606163;3;24;27
hep-th/0207086;hep-th/0207086;4;39;43
hep-th/0609035;hep-th/0609035;6;26;32
gr-qc/0204015;gr-qc/0204015;1;5;6
hep-th/0008159;hep-th/0008159;3;5;8
hep-th/0610122;hep-th/0610122;3;14;17
hep-th/0109109;hep-th/0109109;13;5;18
physics/0009055;physics/0009055;2;0;2
quant-ph/0010055;quant-ph/0010055;8;0;8
hep-th/9810221;hep-th/9810221;18;7;25
hep-th/0610182;hep-th/0610182;0;3;3
nlin/0605027;nlin/0605027;1;0;1
nlin/0507062;nlin/0507062;1;0;1
hep-th/0610185;hep-th/0610185;3;11;14
astro-ph/0606735;astro-ph/0606735;9;20;29
hep-th/0606017;hep-th/0606017;1;3;4
quant-ph/0607168;quant-ph/0607168;2;1;3
hep-th/0501205;hep-th/0501205;1;9;10
hep-th/9209063;hep-th/9209063;6;0;6
hep-th/9407103;hep-th/9407103;7;2;9
hep-ph/0411090;hep-ph/0411090;1;23;24
hep-th/0211285;hep-th/0211285;7;43;50
hep-th/0510184;hep-th/0510184;1;3;4
hep-th/0505150;hep-th/0505150;3;0;3
hep-th/0507072;hep-th/0507072;2;1;3
hep-th/0509206;hep-th/0509206;1;3;4
hep-th/9811029;hep-th/9811029;3;2;5
hep-th/0510186;hep-th/0510186;4;45;49
hep-th/0506133;hep-th/0506133;12;26;38
hep-th/0504059;hep-th/0504059;3;50;53
gr-qc/0304109;gr-qc/0304109;6;17;23
hep-th/0510187;hep-th/0510187;3;16;19
hep-th/0404164;hep-th/0404164;4;87;91
hep-th/0007225;hep-th/0007225;2;8;10
hep-ph/0410165;hep-ph/0410165;4;17;21
hep-th/9506145;hep-th/9506145;8;6;14
hep-th/0406203;hep-th/0406203;6;17;23
hep-ph/0403019;hep-ph/0403019;20;7;27
hep-th/0510182;hep-th/0510182;0;1;1
quant-ph/0202081;quant-ph/0202081;4;10;14
math/0112114;math/0112114;4;6;10
math/9910091;math/9910091;15;2;17
math/0107037;math/0107037;6;0;6
math/0105025;math/0105025;1;0;1
0903.4260;0903.4260;0;18;18
gr-qc/9301021;gr-qc/9301021;15;3;18
0802.2782;0802.2782;0;30;30
hep-th/0511245;hep-th/0511245;1;3;4
quant-ph/0108064;quant-ph/0108064;2;1;3
quant-ph/9904011;quant-ph/9904011;12;0;12
gr-qc/9601023;gr-qc/9601023;1;1;2
hep-th/0012105;hep-th/0012105;7;29;36
hep-th/0511266;hep-th/0511266;7;47;54
hep-th/0408043;hep-th/0408043;12;33;45
hep-th/0510023;hep-th/0510023;12;29;41
q-alg/9608024;q-alg/9608024;2;8;10
hep-th/9506111;hep-th/9506111;6;3;9
hep-th/9307102;hep-th/9307102;8;0;8
hep-th/9606011;hep-th/9606011;15;3;18
hep-th/9503077;hep-th/9503077;13;0;13
q-alg/9607030;q-alg/9607030;1;2;3
hep-th/0610231;hep-th/0610231;2;10;12
hep-th/0508200;hep-th/0508200;11;24;35
math/0203035;math/0203035;3;4;7
hep-th/0610236;hep-th/0610236;1;26;27
hep-th/9703152;hep-th/9703152;12;4;16
hep-th/0211166;hep-th/0211166;3;0;3
hep-th/9406053;hep-th/9406053;6;5;11
hep-th/9406056;hep-th/9406056;5;18;23
hep-th/9307073;hep-th/9307073;1;2;3
hep-th/9210106;hep-th/9210106;2;0;2
alg-geom/9310005;alg-geom/9310005;1;0;1
hep-th/9404006;hep-th/9404006;5;4;9
0802.3275;0802.3275;0;8;8
hep-ph/9511240;hep-ph/9511240;3;3;6
hep-th/0304167;hep-th/0304167;9;14;23
hep-th/0606176;hep-th/0606176;3;11;14
hep-ph/0008328;hep-ph/0008328;12;28;40
hep-ph/0005105;hep-ph/0005105;9;33;42
hep-ph/0011262;hep-ph/0011262;5;0;5
quant-ph/0606054;quant-ph/0606054;0;1;1
hep-ph/0105007;hep-ph/0105007;1;2;3
quant-ph/0407123;quant-ph/0407123;0;9;9
quant-ph/0211195;quant-ph/0211195;1;11;12
hep-th/9906170;hep-th/9906170;2;12;14
hep-th/0604130;hep-th/0604130;2;10;12
hep-th/0507271;hep-th/0507271;8;0;8
hep-ph/0111085;hep-ph/0111085;4;14;18
hep-th/9905087;hep-th/9905087;12;16;28
gr-qc/0501026;gr-qc/0501026;0;3;3
quant-ph/9609002;quant-ph/9609002;18;1;19
dg-ga/9611008;dg-ga/9611008;4;0;4
nucl-th/0011039;nucl-th/0011039;0;1;1
hep-th/0303190;hep-th/0303190;8;20;28
hep-th/9912224;hep-th/9912224;3;11;14
hep-th/0311271;hep-th/0311271;2;19;21
hep-th/0307216;hep-th/0307216;3;14;17
hep-th/0207183;hep-th/0207183;5;25;30
0806.3255;0806.3255;0;39;39
hep-th/0603109;hep-th/0603109;8;19;27
hep-th/9803191;hep-th/9803191;5;0;5
hep-th/0404172;hep-th/0404172;6;38;44
hep-th/0701046;hep-th/0701046;2;52;54
0707.1422;0707.1422;0;23;23
hep-th/0606041;hep-th/0606041;5;47;52
nlin/0305023;nlin/0305023;3;12;15
hep-th/9312108;hep-th/9312108;20;1;21
hep-th/0210267;hep-th/0210267;2;21;23
hep-th/9607017;hep-th/9607017;6;5;11
hep-th/0210136;hep-th/0210136;3;6;9
math-ph/9909008;math-ph/9909008;6;0;6
gr-qc/0302030;gr-qc/0302030;5;1;6
0707.1421;0707.1421;0;40;40
0812.4278;0812.4278;0;14;14
0710.0648;0710.0648;0;15;15
hep-th/9909210;hep-th/9909210;6;6;12
gr-qc/9802013;gr-qc/9802013;6;1;7
hep-th/9906043;hep-th/9906043;1;7;8
hep-th/9910097;hep-th/9910097;11;6;17
hep-th/9212021;hep-th/9212021;14;2;16
hep-th/9212019;hep-th/9212019;12;0;12
hep-th/9312150;hep-th/9312150;12;14;26
hep-th/9606140;hep-th/9606140;3;10;13
hep-th/9606147;hep-th/9606147;1;7;8
hep-th/9606146;hep-th/9606146;6;23;29
hep-th/9208038;hep-th/9208038;6;0;6
hep-th/9402111;hep-th/9402111;4;0;4
hep-lat/9303003;hep-lat/9303003;4;0;4
hep-th/9511192;hep-th/9511192;7;5;12
hep-th/9606133;hep-th/9606133;22;37;59
0805.2909;0805.2909;0;65;65
hep-th/9912111;hep-th/9912111;8;21;29
hep-th/0007227;hep-th/0007227;4;5;9
quant-ph/0002055;quant-ph/0002055;1;19;20
hep-th/9910127;hep-th/9910127;1;5;6
hep-th/9905136;hep-th/9905136;9;0;9
quant-ph/9702055;quant-ph/9702055;2;12;14
hep-th/9404193;hep-th/9404193;7;1;8
0707.0020;0707.0020;0;7;7
0705.0586;0705.0586;0;2;2
0708.2058;0708.2058;0;37;37
0712.1193;0712.1193;0;20;20
hep-th/9310073;hep-th/9310073;30;3;33
hep-th/9209047;hep-th/9209047;6;0;6
0808.0315;0808.0315;0;41;41
hep-th/0511253;hep-th/0511253;8;24;32
math/0503396;math/0503396;9;8;17
nlin/0102024;nlin/0102024;8;0;8
gr-qc/9809090;gr-qc/9809090;3;1;4
astro-ph/0107571;astro-ph/0107571;15;11;26
0905.1759;0905.1759;0;7;7
hep-th/9209110;hep-th/9209110;4;1;5
hep-th/0611036;hep-th/0611036;10;18;28
hep-th/9905019;hep-th/9905019;6;13;19
hep-th/9812053;hep-th/9812053;1;0;1
hep-th/9610149;hep-th/9610149;4;8;12
hep-th/9312064;hep-th/9312064;6;0;6
hep-th/9412193;hep-th/9412193;3;0;3
hep-th/9308046;hep-th/9308046;12;0;12
hep-th/9412205;hep-th/9412205;4;0;4
hep-th/9412204;hep-th/9412204;7;1;8
hep-th/9610044;hep-th/9610044;5;7;12
0903.1303;0903.1303;0;23;23
gr-qc/0405066;gr-qc/0405066;27;28;55
gr-qc/0312044;gr-qc/0312044;19;39;58
astro-ph/0510172;astro-ph/0510172;31;22;53
0903.1305;0903.1305;0;3;3
quant-ph/9710048;quant-ph/9710048;8;0;8
hep-th/9912228;hep-th/9912228;0;1;1
hep-th/9404136;hep-th/9404136;5;6;11
hep-th/9304015;hep-th/9304015;20;5;25
hep-lat/9407019;hep-lat/9407019;5;12;17
hep-th/9405080;hep-th/9405080;7;14;21
hep-lat/9601020;hep-lat/9601020;5;5;10
hep-th/9307173;hep-th/9307173;2;7;9
hep-th/9607013;hep-th/9607013;2;12;14
hep-th/9610146;hep-th/9610146;0;3;3
hep-th/9802111;hep-th/9802111;7;11;18
hep-th/9611078;hep-th/9611078;23;4;27
hep-th/9811174;hep-th/9811174;2;9;11
quant-ph/9805031;quant-ph/9805031;17;10;27
hep-th/9901013;hep-th/9901013;0;1;1
hep-th/9812254;hep-th/9812254;1;3;4
hep-th/9901019;hep-th/9901019;4;3;7
hep-th/9507130;hep-th/9507130;8;0;8
hep-th/9507131;hep-th/9507131;7;0;7
0808.2043;0808.2043;0;7;7
hep-ph/0511215;hep-ph/0511215;3;5;8
0808.2042;0808.2042;0;31;31
hep-th/0703265;hep-th/0703265;14;6;20
gr-qc/0411129;gr-qc/0411129;7;0;7
cond-mat/0306394;cond-mat/0306394;1;1;2
cond-mat/0309421;cond-mat/0309421;1;1;2
0912.0460;0912.0460;0;27;27
hep-th/0204199;hep-th/0204199;11;6;17
0912.0463;0912.0463;0;15;15
hep-ph/0510130;hep-ph/0510130;0;13;13
hep-th/0412174;hep-th/0412174;6;25;31
hep-th/9504117;hep-th/9504117;4;2;6
hep-th/0406080;hep-th/0406080;7;0;7
gr-qc/0606064;gr-qc/0606064;1;9;10
0912.2950;0912.2950;0;16;16
0810.3495;0810.3495;0;66;66
hep-th/0609142;hep-th/0609142;5;22;27
hep-th/0512192;hep-th/0512192;10;39;49
hep-th/0603236;hep-th/0603236;4;32;36
gr-qc/0603096;gr-qc/0603096;4;6;10
hep-th/0611034;hep-th/0611034;0;11;11
gr-qc/0305057;gr-qc/0305057;12;11;23
0908.2346;0908.2346;0;22;22
0903.4938;0903.4938;0;20;20
hep-ph/9503261;hep-ph/9503261;0;6;6
hep-ph/9707353;hep-ph/9707353;1;0;1
cond-mat/0308260;cond-mat/0308260;1;6;7
hep-th/0407041;hep-th/0407041;2;26;28
0907.1149;0907.1149;0;18;18
hep-th/0308170;hep-th/0308170;6;10;16
hep-th/0411244;hep-th/0411244;1;15;16
hep-th/0502152;hep-th/0502152;8;5;13
math/0411517;math/0411517;11;4;15
q-alg/9709032;q-alg/9709032;8;22;30
hep-th/9410199;hep-th/9410199;14;0;14
q-alg/9601006;q-alg/9601006;19;15;34
hep-th/0502153;hep-th/0502153;1;16;17
hep-th/0305022;hep-th/0305022;24;13;37
hep-th/0404199;hep-th/0404199;12;19;31
hep-th/9708135;hep-th/9708135;11;10;21
cond-mat/0007309;cond-mat/0007309;28;0;28
hep-th/0302097;hep-th/0302097;1;22;23
hep-th/9508130;hep-th/9508130;1;3;4
hep-th/9903144;hep-th/9903144;5;15;20
hep-th/0105201;hep-th/0105201;1;7;8
hep-th/0105202;hep-th/0105202;0;8;8
hep-th/0105209;hep-th/0105209;2;13;15
hep-th/9903267;hep-th/9903267;8;17;25
hep-lat/0207021;hep-lat/0207021;0;2;2
cond-mat/0205211;cond-mat/0205211;1;1;2
cond-mat/0204366;cond-mat/0204366;4;0;4
hep-th/0410083;hep-th/0410083;4;27;31
hep-th/9507096;hep-th/9507096;5;3;8
hep-th/0106228;hep-th/0106228;3;13;16
0810.3142;0810.3142;0;5;5
hep-ph/9912409;hep-ph/9912409;10;9;19
hep-ph/0502166;hep-ph/0502166;1;5;6
hep-th/0611032;hep-th/0611032;1;47;48
hep-th/0305180;hep-th/0305180;10;5;15
hep-th/0306230;hep-th/0306230;3;2;5
hep-th/0402208;hep-th/0402208;6;2;8
gr-qc/0608064;gr-qc/0608064;5;16;21
hep-th/0603095;hep-th/0603095;1;0;1
hep-ph/9907480;hep-ph/9907480;0;1;1
hep-th/9801088;hep-th/9801088;7;5;12
cond-mat/9911474;cond-mat/9911474;0;1;1
cond-mat/9607180;cond-mat/9607180;3;0;3
0705.4461;0705.4461;0;26;26
hep-th/0612109;hep-th/0612109;5;0;5
gr-qc/0008049;gr-qc/0008049;2;11;13
hep-th/9808180;hep-th/9808180;3;2;5
gr-qc/0007006;gr-qc/0007006;2;6;8
alg-geom/9410001;alg-geom/9410001;11;0;11
0708.2943;0708.2943;0;5;5
0803.4390;0803.4390;0;41;41
0909.1267;0909.1267;0;8;8
hep-th/0607134;hep-th/0607134;1;4;5
hep-th/0012211;hep-th/0012211;3;27;30
hep-th/0607136;hep-th/0607136;4;37;41
hep-th/0304243;hep-th/0304243;20;0;20
hep-th/0607131;hep-th/0607131;0;13;13
hep-th/9312055;hep-th/9312055;7;1;8
hep-th/0104204;hep-th/0104204;2;18;20
hep-th/0101041;hep-th/0101041;4;6;10
hep-th/9610244;hep-th/9610244;3;3;6
hep-th/9808187;hep-th/9808187;3;28;31
hep-lat/9207015;hep-lat/9207015;5;0;5
hep-th/0611030;hep-th/0611030;0;40;40
hep-ph/0512326;hep-ph/0512326;16;16;32
hep-th/0507151;hep-th/0507151;1;22;23
0801.4566;0801.4566;0;22;22
hep-th/9409072;hep-th/9409072;1;10;11
hep-th/0104203;hep-th/0104203;0;21;21
hep-th/0004025;hep-th/0004025;7;10;17
gr-qc/9912081;gr-qc/9912081;10;7;17
0801.4564;0801.4564;0;20;20
gr-qc/0206080;gr-qc/0206080;1;1;2
gr-qc/9407041;gr-qc/9407041;8;2;10
hep-ph/0003051;hep-ph/0003051;2;16;18
hep-th/0607241;hep-th/0607241;4;5;9
gr-qc/0409039;gr-qc/0409039;13;114;127
math-ph/0008037;math-ph/0008037;0;2;2
hep-th/9407188;hep-th/9407188;3;1;4
hep-th/0611031;hep-th/0611031;0;148;148
hep-th/0602036;hep-th/0602036;4;56;60
hep-th/9911187;hep-th/9911187;4;4;8
gr-qc/0508120;gr-qc/0508120;6;29;35
hep-th/0207142;hep-th/0207142;9;31;40
hep-th/0109029;hep-th/0109029;6;43;49
hep-th/0304009;hep-th/0304009;2;18;20
hep-th/0511210;hep-th/0511210;3;13;16
math/0510442;math/0510442;1;9;10
hep-th/0312202;hep-th/0312202;1;13;14
hep-th/0403257;hep-th/0403257;7;20;27
hep-th/9202005;hep-th/9202005;7;0;7
hep-th/0402094;hep-th/0402094;18;74;92
hep-th/0401205;hep-th/0401205;10;14;24
hep-th/0502054;hep-th/0502054;6;0;6
hep-th/0211288;hep-th/0211288;8;35;43
hep-th/9201071;hep-th/9201071;11;1;12
hep-th/9205065;hep-th/9205065;6;2;8
hep-th/9207109;hep-th/9207109;7;5;12
hep-th/9109024;hep-th/9109024;19;0;19
hep-th/9410023;hep-th/9410023;12;2;14
hep-th/9309042;hep-th/9309042;7;11;18
hep-th/9309043;hep-th/9309043;5;1;6
hep-th/9210013;hep-th/9210013;36;0;36
0712.2281;0712.2281;0;43;43
hep-th/0105075;hep-th/0105075;12;26;38
hep-th/0508199;hep-th/0508199;0;1;1
hep-ph/0105285;hep-ph/0105285;9;20;29
hep-th/9711080;hep-th/9711080;18;30;48
astro-ph/9912144;astro-ph/9912144;20;3;23
astro-ph/9912124;astro-ph/9912124;19;5;24
hep-th/9309049;hep-th/9309049;3;2;5
hep-th/0011252;hep-th/0011252;8;18;26
hep-th/0107154;hep-th/0107154;2;3;5
0912.2733;0912.2733;0;13;13
hep-th/0210117;hep-th/0210117;4;26;30
hep-th/0201055;hep-th/0201055;5;11;16
hep-th/0207260;hep-th/0207260;4;8;12
gr-qc/0505006;gr-qc/0505006;1;3;4
hep-th/0210129;hep-th/0210129;0;6;6
gr-qc/9904027;gr-qc/9904027;6;5;11
hep-th/0210128;hep-th/0210128;6;11;17
hep-th/9907160;hep-th/9907160;3;26;29
hep-th/0009077;hep-th/0009077;3;11;14
hep-th/0202125;hep-th/0202125;8;16;24
hep-th/0209230;hep-th/0209230;10;205;215
hep-th/0111050;hep-th/0111050;12;41;53
hep-th/0201116;hep-th/0201116;9;6;15
hep-th/0210125;hep-th/0210125;0;7;7
hep-th/9906128;hep-th/9906128;4;2;6
hep-th/9910027;hep-th/9910027;4;5;9
hep-th/9511113;hep-th/9511113;1;0;1
hep-th/0205039;hep-th/0205039;5;9;14
hep-th/0110292;hep-th/0110292;3;8;11
hep-th/9809173;hep-th/9809173;5;17;22
hep-th/0210121;hep-th/0210121;2;5;7
hep-th/0001048;hep-th/0001048;4;11;15
hep-th/0202059;hep-th/0202059;2;4;6
hep-th/9705006;hep-th/9705006;5;1;6
hep-th/9809019;hep-th/9809019;4;2;6
hep-th/0210120;hep-th/0210120;2;2;4
hep-th/0003107;hep-th/0003107;4;0;4
hep-th/0111140;hep-th/0111140;3;1;4
hep-th/0603140;hep-th/0603140;0;19;19
hep-th/0105043;hep-th/0105043;8;11;19
hep-th/0106135;hep-th/0106135;14;3;17
hep-th/9407107;hep-th/9407107;2;0;2
hep-th/0603143;hep-th/0603143;0;23;23
hep-th/9910224;hep-th/9910224;2;14;16
hep-th/9407176;hep-th/9407176;24;13;37
hep-th/9409044;hep-th/9409044;9;1;10
hep-th/9405126;hep-th/9405126;18;2;20
hep-th/0404009;hep-th/0404009;4;16;20
hep-th/0603130;hep-th/0603130;21;14;35
hep-th/0511179;hep-th/0511179;12;10;22
hep-th/0504066;hep-th/0504066;8;17;25
hep-th/0403297;hep-th/0403297;5;1;6
hep-th/0005257;hep-th/0005257;15;12;27
math-ph/9904019;math-ph/9904019;2;3;5
0711.0338;0711.0338;0;29;29
0911.5343;0911.5343;0;17;17
astro-ph/0604136;astro-ph/0604136;8;6;14
0910.5733;0910.5733;0;33;33
hep-ph/0503240;hep-ph/0503240;11;15;26
hep-th/0609002;hep-th/0609002;3;51;54
astro-ph/0601646;astro-ph/0601646;10;9;19
hep-ph/0310051;hep-ph/0310051;5;11;16
astro-ph/0612067;astro-ph/0612067;4;10;14
hep-ph/0503060;hep-ph/0503060;8;9;17
hep-th/0501212;hep-th/0501212;13;24;37
hep-th/0601086;hep-th/0601086;4;0;4
hep-ph/0510267;hep-ph/0510267;7;13;20
hep-th/0305239;hep-th/0305239;6;27;33
hep-th/0601070;hep-th/0601070;4;0;4
cond-mat/0205609;cond-mat/0205609;1;1;2
hep-th/9906047;hep-th/9906047;21;11;32
gr-qc/0202104;gr-qc/0202104;6;26;32
hep-th/0209257;hep-th/0209257;2;0;2
gr-qc/0105032;gr-qc/0105032;2;4;6
hep-th/0208151;hep-th/0208151;0;12;12
hep-th/9711044;hep-th/9711044;9;11;20
hep-th/0206116;hep-th/0206116;5;26;31
hep-th/0206154;hep-th/0206154;8;67;75
hep-th/0112117;hep-th/0112117;7;20;27
hep-th/9801079;hep-th/9801079;7;9;16
hep-th/0402164;hep-th/0402164;0;17;17
hep-th/9305042;hep-th/9305042;13;3;16
math/0310415;math/0310415;4;4;8
math/0405585;math/0405585;2;8;10
math/0405584;math/0405584;3;2;5
math/0309301;math/0309301;2;1;3
0907.1411;0907.1411;0;11;11
gr-qc/0505039;gr-qc/0505039;6;0;6
hep-th/0606254;hep-th/0606254;3;20;23
hep-th/0606185;hep-th/0606185;6;13;19
hep-th/0302179;hep-th/0302179;7;27;34
hep-th/0402169;hep-th/0402169;1;8;9
hep-ph/0510072;hep-ph/0510072;6;24;30
hep-ph/0410292;hep-ph/0410292;15;16;31
hep-ph/0207044;hep-ph/0207044;17;6;23
hep-th/9911224;hep-th/9911224;3;3;6
hep-ph/9804239;hep-ph/9804239;2;3;5
hep-ph/0310052;hep-ph/0310052;9;14;23
hep-th/9405163;hep-th/9405163;3;5;8
hep-ph/0310054;hep-ph/0310054;3;2;5
0801.2377;0801.2377;0;12;12
hep-th/0605282;hep-th/0605282;3;18;21
0712.3871;0712.3871;0;14;14
hep-th/0608223;hep-th/0608223;2;15;17
hep-th/0607102;hep-th/0607102;3;8;11
hep-th/9805043;hep-th/9805043;21;0;21
hep-th/0101215;hep-th/0101215;5;19;24
hep-th/0608129;hep-th/0608129;4;14;18
0707.0719;0707.0719;0;49;49
hep-th/0205292;hep-th/0205292;3;11;14
gr-qc/0601078;gr-qc/0601078;11;55;66
hep-ph/0205292;hep-ph/0205292;15;27;42
hep-lat/9806031;hep-lat/9806031;9;0;9
hep-lat/9808036;hep-lat/9808036;4;23;27
hep-th/9907094;hep-th/9907094;3;8;11
math-ph/0001039;math-ph/0001039;3;0;3
hep-th/0306221;hep-th/0306221;10;3;13
hep-th/9501013;hep-th/9501013;2;0;2
hep-th/9409093;hep-th/9409093;14;6;20
hep-th/9903087;hep-th/9903087;9;26;35
hep-th/0005053;hep-th/0005053;17;35;52
hep-th/0107112;hep-th/0107112;4;9;13
hep-th/0107111;hep-th/0107111;11;33;44
hep-th/9602075;hep-th/9602075;6;5;11
hep-th/9912044;hep-th/9912044;9;20;29
hep-th/9707162;hep-th/9707162;25;10;35
hep-th/0009028;hep-th/0009028;8;12;20
hep-th/0101216;hep-th/0101216;6;19;25
hep-th/9706023;hep-th/9706023;9;29;38
hep-th/9604174;hep-th/9604174;2;31;33
hep-th/9409097;hep-th/9409097;4;2;6
cond-mat/9403095;cond-mat/9403095;3;0;3
hep-th/9403022;hep-th/9403022;1;2;3
hep-th/9310058;hep-th/9310058;11;2;13
hep-th/9507053;hep-th/9507053;2;0;2
cond-mat/9512087;cond-mat/9512087;3;2;5
hep-th/9711020;hep-th/9711020;5;5;10
hep-th/9602144;hep-th/9602144;11;17;28
hep-th/9705185;hep-th/9705185;9;0;9
hep-th/9301020;hep-th/9301020;4;3;7
gr-qc/9402031;gr-qc/9402031;11;0;11
hep-th/9808008;hep-th/9808008;0;2;2
hep-th/9808009;hep-th/9808009;0;2;2
hep-th/9711039;hep-th/9711039;5;0;5
hep-th/0008251;hep-th/0008251;3;11;14
hep-th/9803105;hep-th/9803105;7;7;14
quant-ph/0008088;quant-ph/0008088;15;9;24
0708.4046;0708.4046;0;10;10
hep-th/0508236;hep-th/0508236;3;47;50
hep-th/0610123;hep-th/0610123;1;11;12
0905.3627;0905.3627;0;4;4
math-ph/0502017;math-ph/0502017;3;4;7
math/0002122;math/0002122;5;19;24
hep-th/9508096;hep-th/9508096;2;0;2
hep-th/9709129;hep-th/9709129;6;40;46
0906.0686;0906.0686;0;23;23
hep-th/0405248;hep-th/0405248;5;4;9
0905.3629;0905.3629;0;17;17
hep-th/9807229;hep-th/9807229;9;16;25
hep-th/0304164;hep-th/0304164;1;7;8
hep-th/0407073;hep-th/0407073;28;22;50
hep-th/0406231;hep-th/0406231;5;30;35
hep-th/0403249;hep-th/0403249;14;34;48
hep-th/0302046;hep-th/0302046;2;6;8
hep-th/0202101;hep-th/0202101;3;0;3
hep-th/0402025;hep-th/0402025;7;0;7
quant-ph/9601030;quant-ph/9601030;6;9;15
hep-th/0308189;hep-th/0308189;1;3;4
hep-th/9809089;hep-th/9809089;1;7;8
quant-ph/9709021;quant-ph/9709021;3;0;3
quant-ph/0303123;quant-ph/0303123;6;7;13
quant-ph/0211048;quant-ph/0211048;4;0;4
hep-th/0407076;hep-th/0407076;3;26;29
hep-th/9910222;hep-th/9910222;25;65;90
hep-th/0209036;hep-th/0209036;16;5;21
hep-th/0005282;hep-th/0005282;11;11;22
hep-th/9811254;hep-th/9811254;17;22;39
hep-th/0305097;hep-th/0305097;11;10;21
hep-th/0310247;hep-th/0310247;6;6;12
hep-th/9601045;hep-th/9601045;7;2;9
hep-th/0202081;hep-th/0202081;5;8;13
hep-th/0310165;hep-th/0310165;5;9;14
hep-th/0309263;hep-th/0309263;5;2;7
hep-th/0006019;hep-th/0006019;3;31;34
hep-th/0112058;hep-th/0112058;5;27;32
hep-th/0305257;hep-th/0305257;1;98;99
hep-th/0406082;hep-th/0406082;5;38;43
hep-th/0004187;hep-th/0004187;17;69;86
hep-th/0110163;hep-th/0110163;0;1;1
hep-th/0110160;hep-th/0110160;2;16;18
hep-ph/9211334;hep-ph/9211334;7;0;7
hep-th/0103221;hep-th/0103221;3;17;20
hep-th/9408079;hep-th/9408079;10;4;14
hep-th/0007082;hep-th/0007082;10;32;42
0804.3414;0804.3414;0;2;2
hep-th/9910063;hep-th/9910063;1;1;2
hep-th/0611337;hep-th/0611337;4;6;10
hep-ph/9802311;hep-ph/9802311;2;6;8
hep-ph/0610216;hep-ph/0610216;8;11;19
hep-th/9506164;hep-th/9506164;2;6;8
hep-th/9306130;hep-th/9306130;6;1;7
hep-th/9408178;hep-th/9408178;6;4;10
hep-th/9506166;hep-th/9506166;3;2;5
hep-th/9312060;hep-th/9312060;7;1;8
hep-th/9506161;hep-th/9506161;26;1;27
hep-th/9505166;hep-th/9505166;21;0;21
hep-th/9506163;hep-th/9506163;2;4;6
hep-th/9505109;hep-th/9505109;1;2;3
hep-ph/0605011;hep-ph/0605011;0;4;4
hep-ph/0512249;hep-ph/0512249;4;1;5
hep-ph/0603041;hep-ph/0603041;1;2;3
0908.2693;0908.2693;0;10;10
hep-th/0003299;hep-th/0003299;5;25;30
hep-th/9501078;hep-th/9501078;3;12;15
q-alg/9506017;q-alg/9506017;4;6;10
hep-th/9207015;hep-th/9207015;9;0;9
hep-th/9310183;hep-th/9310183;7;2;9
hep-th/9409035;hep-th/9409035;10;11;21
hep-th/9412162;hep-th/9412162;13;16;29
hep-th/9412163;hep-th/9412163;5;3;8
hep-th/9308102;hep-th/9308102;5;3;8
hep-th/9312185;hep-th/9312185;9;15;24
hep-th/9210118;hep-th/9210118;4;2;6
hep-th/9412166;hep-th/9412166;8;12;20
hep-th/9305110;hep-th/9305110;17;4;21
hep-th/9309144;hep-th/9309144;2;5;7
hep-ph/9405406;hep-ph/9405406;4;1;5
hep-th/9412168;hep-th/9412168;0;6;6
hep-th/9404118;hep-th/9404118;4;1;5
hep-th/9304144;hep-th/9304144;3;0;3
0801.0040;0801.0040;0;17;17
0708.1830;0708.1830;0;30;30
hep-th/0607229;hep-th/0607229;8;20;28
hep-th/0108156;hep-th/0108156;11;35;46
hep-th/0312295;hep-th/0312295;4;29;33
hep-ph/9511229;hep-ph/9511229;0;8;8
0909.2877;0909.2877;0;1;1
0808.0587;0808.0587;0;16;16
0708.3284;0708.3284;0;39;39
0712.4287;0712.4287;0;17;17
hep-th/0406223;hep-th/0406223;5;19;24
hep-th/9706075;hep-th/9706075;7;7;14
hep-th/9706076;hep-th/9706076;11;35;46
hep-th/9611097;hep-th/9611097;10;9;19
hep-th/9701045;hep-th/9701045;11;0;11
hep-th/9611049;hep-th/9611049;17;8;25
hep-th/9706077;hep-th/9706077;4;9;13
hep-th/9703107;hep-th/9703107;8;6;14
hep-th/9412104;hep-th/9412104;7;0;7
math/0310045;math/0310045;1;6;7
hep-th/0206193;hep-th/0206193;11;0;11
hep-ph/0602095;hep-ph/0602095;1;5;6
hep-ph/0505237;hep-ph/0505237;5;3;8
hep-ph/0512186;hep-ph/0512186;4;4;8
0706.1957;0706.1957;0;53;53
hep-th/0301040;hep-th/0301040;7;30;37
hep-th/0504006;hep-th/0504006;7;13;20
hep-th/0504007;hep-th/0504007;5;0;5
hep-th/0312259;hep-th/0312259;6;16;22
hep-th/0308058;hep-th/0308058;10;0;10
hep-th/0511083;hep-th/0511083;3;0;3
hep-th/0510242;hep-th/0510242;5;27;32
hep-th/0403287;hep-th/0403287;10;27;37
hep-th/0306227;hep-th/0306227;3;31;34
hep-th/0703089;hep-th/0703089;3;33;36
hep-th/0606147;hep-th/0606147;1;58;59
hep-th/0205233;hep-th/0205233;28;21;49
hep-th/0210302;hep-th/0210302;18;42;60
0803.4339;0803.4339;0;65;65
hep-lat/0305006;hep-lat/0305006;1;10;11
hep-th/9306073;hep-th/9306073;10;1;11
cond-mat/9407073;cond-mat/9407073;2;0;2
hep-th/0011074;hep-th/0011074;3;0;3
cond-mat/9603072;cond-mat/9603072;3;0;3
hep-th/9606114;hep-th/9606114;3;7;10
math/0006150;math/0006150;11;3;14
hep-th/9411001;hep-th/9411001;3;0;3
hep-th/9412197;hep-th/9412197;1;1;2
0911.2421;0911.2421;0;1;1
gr-qc/9705022;gr-qc/9705022;6;15;21
hep-th/9802099;hep-th/9802099;4;71;75
hep-th/9312122;hep-th/9312122;9;3;12
hep-th/9802098;hep-th/9802098;0;1;1
hep-th/9801159;hep-th/9801159;7;27;34
hep-th/9711030;hep-th/9711030;12;0;12
hep-th/9801007;hep-th/9801007;5;9;14
hep-th/9703159;hep-th/9703159;8;25;33
hep-th/9802091;hep-th/9802091;2;30;32
hep-th/9705013;hep-th/9705013;5;0;5
hep-th/9802005;hep-th/9802005;4;33;37
hep-th/9801194;hep-th/9801194;2;25;27
hep-th/9802090;hep-th/9802090;20;17;37
hep-th/9703118;hep-th/9703118;9;0;9
hep-th/9701188;hep-th/9701188;4;20;24
hep-th/9303163;hep-th/9303163;0;1;1
hep-th/9303169;hep-th/9303169;2;1;3
hep-th/9302016;hep-th/9302016;4;0;4
0710.1130;0710.1130;0;4;4
0709.3652;0709.3652;0;1;1
gr-qc/0601016;gr-qc/0601016;1;1;2
0911.5426;0911.5426;0;13;13
hep-th/9308066;hep-th/9308066;18;0;18
0704.2890;0704.2890;0;2;2
math/0205117;math/0205117;3;8;11
0704.2895;0704.2895;0;39;39
hep-th/0610031;hep-th/0610031;5;34;39
hep-th/9304084;hep-th/9304084;3;0;3
0908.0180;0908.0180;0;8;8
hep-th/0401190;hep-th/0401190;15;8;23
quant-ph/0605123;quant-ph/0605123;5;4;9
quant-ph/0508125;quant-ph/0508125;5;6;11
quant-ph/0607222;quant-ph/0607222;4;6;10
quant-ph/0408185;quant-ph/0408185;12;1;13
0910.0221;0910.0221;0;10;10
0708.4092;0708.4092;0;20;20
hep-ph/0509276;hep-ph/0509276;11;9;20
hep-lat/9911024;hep-lat/9911024;3;8;11
0902.2098;0902.2098;0;10;10
hep-th/0603089;hep-th/0603089;3;11;14
hep-th/0607114;hep-th/0607114;1;8;9
hep-ph/0106310;hep-ph/0106310;0;12;12
0903.2512;0903.2512;0;3;3
hep-th/0401166;hep-th/0401166;12;17;29
0907.5094;0907.5094;0;5;5
cond-mat/0503313;cond-mat/0503313;9;18;27
hep-th/0612131;hep-th/0612131;9;16;25
math-ph/0312056;math-ph/0312056;4;5;9
hep-th/9402063;hep-th/9402063;2;0;2
hep-ph/0506184;hep-ph/0506184;3;31;34
hep-th/0403162;hep-th/0403162;5;20;25
hep-th/0506082;hep-th/0506082;6;24;30
hep-th/0004082;hep-th/0004082;4;3;7
0808.3057;0808.3057;0;10;10
hep-lat/9411084;hep-lat/9411084;7;0;7
hep-lat/9701010;hep-lat/9701010;0;1;1
hep-th/9203062;hep-th/9203062;8;0;8
hep-th/9209002;hep-th/9209002;4;5;9
hep-th/9202040;hep-th/9202040;10;0;10
hep-th/0302038;hep-th/0302038;4;9;13
astro-ph/0606223;astro-ph/0606223;2;1;3
hep-th/0506189;hep-th/0506189;7;0;7
0708.3283;0708.3283;0;13;13
hep-th/0302045;hep-th/0302045;6;7;13
hep-th/0405209;hep-th/0405209;4;0;4
hep-th/0103189;hep-th/0103189;9;3;12
hep-th/0302013;hep-th/0302013;3;6;9
hep-th/9903064;hep-th/9903064;1;20;21
hep-th/9902072;hep-th/9902072;8;25;33
hep-th/9902107;hep-th/9902107;2;20;22
0804.0164;0804.0164;0;1;1
gr-qc/0609094;gr-qc/0609094;7;33;40
astro-ph/0507717;astro-ph/0507717;18;20;38
gr-qc/9611044;gr-qc/9611044;17;14;31
hep-th/9205098;hep-th/9205098;4;1;5
hep-th/9311059;hep-th/9311059;13;0;13
gr-qc/0109002;gr-qc/0109002;4;10;14
hep-th/9908136;hep-th/9908136;5;10;15
gr-qc/0609092;gr-qc/0609092;0;8;8
0910.2677;0910.2677;0;12;12
hep-th/0612188;hep-th/0612188;9;23;32
hep-th/9510153;hep-th/9510153;5;4;9
hep-th/9907141;hep-th/9907141;7;20;27
0707.4669;0707.4669;0;33;33
hep-th/0607204;hep-th/0607204;11;55;66
0704.3276;0704.3276;0;12;12
hep-th/0302036;hep-th/0302036;4;10;14
0704.3272;0704.3272;0;39;39
hep-ph/0505033;hep-ph/0505033;7;7;14
hep-th/0104122;hep-th/0104122;18;23;41
hep-th/0207084;hep-th/0207084;4;0;4
math-ph/0010008;math-ph/0010008;3;4;7
hep-th/9702188;hep-th/9702188;5;14;19
hep-th/0101224;hep-th/0101224;1;10;11
q-alg/9605030;q-alg/9605030;5;0;5
hep-th/0101223;hep-th/0101223;1;7;8
hep-ph/9909451;hep-ph/9909451;4;7;11
hep-ph/9812526;hep-ph/9812526;8;5;13
hep-ph/9812368;hep-ph/9812368;14;5;19
hep-ph/9807342;hep-ph/9807342;6;4;10
hep-ph/9904391;hep-ph/9904391;4;7;11
hep-th/0304160;hep-th/0304160;4;26;30
hep-th/9911016;hep-th/9911016;5;29;34
gr-qc/0210074;gr-qc/0210074;8;11;19
0904.4415;0904.4415;0;20;20
hep-th/0611150;hep-th/0611150;8;22;30
hep-ph/0703078;hep-ph/0703078;12;16;28
astro-ph/0607055;astro-ph/0607055;7;18;25
astro-ph/0508294;astro-ph/0508294;1;2;3
hep-th/9907034;hep-th/9907034;3;7;10
hep-th/0111253;hep-th/0111253;11;8;19
hep-th/0003128;hep-th/0003128;21;10;31
hep-th/9507023;hep-th/9507023;23;5;28
hep-th/0111252;hep-th/0111252;1;3;4
hep-th/0111251;hep-th/0111251;0;1;1
hep-th/0110150;hep-th/0110150;1;2;3
hep-th/0110153;hep-th/0110153;2;12;14
hep-th/0103075;hep-th/0103075;6;10;16
hep-th/0111255;hep-th/0111255;6;9;15
hep-th/0111254;hep-th/0111254;1;31;32
hep-th/0104163;hep-th/0104163;3;24;27
0910.0020;0910.0020;0;10;10
hep-th/0111258;hep-th/0111258;4;30;34
hep-th/0005011;hep-th/0005011;2;9;11
hep-th/0010053;hep-th/0010053;1;5;6
hep-th/9607181;hep-th/9607181;6;0;6
hep-th/0111273;hep-th/0111273;1;12;13
hep-th/9609108;hep-th/9609108;3;2;5
hep-th/0107125;hep-th/0107125;3;3;6
hep-ph/9601354;hep-ph/9601354;2;2;4
hep-th/0103087;hep-th/0103087;7;2;9
hep-th/0207269;hep-th/0207269;2;1;3
hep-th/9805044;hep-th/9805044;5;22;27
hep-th/9405164;hep-th/9405164;1;2;3
hep-th/9712247;hep-th/9712247;4;8;12
hep-th/9608088;hep-th/9608088;4;0;4
hep-th/9805047;hep-th/9805047;8;51;59
hep-th/9709132;hep-th/9709132;18;5;23
hep-th/9706048;hep-th/9706048;5;7;12
hep-th/9208009;hep-th/9208009;7;0;7
0802.2784;0802.2784;0;38;38
hep-th/9801040;hep-th/9801040;9;5;14
hep-th/0307197;hep-th/0307197;17;97;114
hep-th/0309028;hep-th/0309028;4;49;53
hep-th/0510019;hep-th/0510019;10;5;15
hep-th/0301241;hep-th/0301241;5;1;6
0802.2785;0802.2785;0;7;7
hep-th/0405234;hep-th/0405234;7;8;15
hep-th/0611159;hep-th/0611159;5;34;39
cond-mat/9702152;cond-mat/9702152;7;7;14
hep-th/0511146;hep-th/0511146;4;2;6
hep-th/9409191;hep-th/9409191;5;2;7
hep-th/0412068;hep-th/0412068;2;24;26
hep-th/0501221;hep-th/0501221;5;12;17
hep-th/0607152;hep-th/0607152;6;46;52
hep-th/0411179;hep-th/0411179;5;9;14
hep-th/0110300;hep-th/0110300;5;15;20
0808.2918;0808.2918;0;41;41
0708.2250;0708.2250;0;56;56
hep-th/9907061;hep-th/9907061;9;12;21
hep-th/0506242;hep-th/0506242;10;35;45
hep-th/0703160;hep-th/0703160;2;11;13
hep-th/0612239;hep-th/0612239;0;8;8
hep-th/0509133;hep-th/0509133;1;13;14
hep-th/0506207;hep-th/0506207;2;19;21
hep-th/9401057;hep-th/9401057;11;2;13
0708.4098;0708.4098;0;36;36
hep-th/9611139;hep-th/9611139;0;1;1
hep-th/0506146;hep-th/0506146;0;9;9
0807.2790;0807.2790;0;21;21
astro-ph/0410541;astro-ph/0410541;11;6;17
0808.2909;0808.2909;0;14;14
0806.3458;0806.3458;0;59;59
0710.0217;0710.0217;0;65;65
hep-th/0404135;hep-th/0404135;6;8;14
hep-th/0506243;hep-th/0506243;21;26;47
hep-th/0405262;hep-th/0405262;19;52;71
0804.4470;0804.4470;0;34;34
0805.4612;0805.4612;0;1;1
hep-th/9611132;hep-th/9611132;5;14;19
hep-th/9602123;hep-th/9602123;5;7;12
hep-th/9404156;hep-th/9404156;2;0;2
hep-th/9508053;hep-th/9508053;6;13;19
0809.2610;0809.2610;0;48;48
hep-ph/0606075;hep-ph/0606075;5;16;21
hep-th/9603026;hep-th/9603026;1;0;1
hep-th/9608050;hep-th/9608050;2;0;2
hep-th/9608058;hep-th/9608058;2;0;2
0902.0035;0902.0035;0;2;2
hep-lat/0409052;hep-lat/0409052;1;14;15
hep-th/0202162;hep-th/0202162;5;16;21
0811.2416;0811.2416;0;34;34
hep-ph/0105035;hep-ph/0105035;2;1;3
hep-ph/0511291;hep-ph/0511291;7;12;19
hep-th/0010161;hep-th/0010161;7;6;13
hep-ph/0101188;hep-ph/0101188;2;6;8
nlin/0208035;nlin/0208035;2;3;5
hep-th/9407146;hep-th/9407146;5;1;6
0709.1754;0709.1754;0;15;15
hep-th/9603173;hep-th/9603173;4;8;12
hep-th/0612196;hep-th/0612196;12;49;61
hep-th/0605146;hep-th/0605146;14;29;43
hep-th/0606221;hep-th/0606221;13;12;25
hep-th/0607093;hep-th/0607093;11;24;35
hep-th/0201141;hep-th/0201141;1;10;11
gr-qc/0008006;gr-qc/0008006;4;0;4
hep-th/0101069;hep-th/0101069;4;25;29
hep-th/0201147;hep-th/0201147;1;8;9
hep-th/9812223;hep-th/9812223;2;1;3
hep-th/9703141;hep-th/9703141;7;7;14
hep-th/0003017;hep-th/0003017;5;21;26
hep-th/0005256;hep-th/0005256;2;33;35
hep-ph/0409330;hep-ph/0409330;0;5;5
hep-ph/0304127;hep-ph/0304127;13;9;22
hep-th/0112217;hep-th/0112217;10;7;17
quant-ph/0104136;quant-ph/0104136;7;4;11
hep-th/9912283;hep-th/9912283;14;4;18
hep-th/0112148;hep-th/0112148;5;11;16
hep-th/9705218;hep-th/9705218;8;5;13
hep-ph/9807510;hep-ph/9807510;2;1;3
hep-ph/9707285;hep-ph/9707285;6;17;23
hep-ph/9511377;hep-ph/9511377;2;3;5
0803.3469;0803.3469;0;9;9
hep-th/0506231;hep-th/0506231;12;0;12
hep-th/9412093;hep-th/9412093;3;0;3
hep-th/9507103;hep-th/9507103;1;1;2
hep-th/9403106;hep-th/9403106;1;1;2
hep-th/9204059;hep-th/9204059;3;0;3
hep-th/9704024;hep-th/9704024;0;16;16
q-alg/9702002;q-alg/9702002;7;0;7
hep-th/9612235;hep-th/9612235;3;10;13
hep-th/9704027;hep-th/9704027;7;32;39
hep-th/9704023;hep-th/9704023;9;12;21
hep-th/9607044;hep-th/9607044;7;4;11
hep-th/9610090;hep-th/9610090;6;6;12
hep-th/9905110;hep-th/9905110;1;12;13
hep-th/9503224;hep-th/9503224;5;0;5
hep-lat/9909042;hep-lat/9909042;11;15;26
hep-th/0004202;hep-th/0004202;1;1;2
hep-th/9903080;hep-th/9903080;8;25;33
hep-th/9901048;hep-th/9901048;8;26;34
hep-th/9903079;hep-th/9903079;1;17;18
hep-th/9807208;hep-th/9807208;3;16;19
hep-th/9809172;hep-th/9809172;1;25;26
hep-th/9902068;hep-th/9902068;7;15;22
hep-th/9904035;hep-th/9904035;4;9;13
hep-th/9903007;hep-th/9903007;12;4;16
hep-th/9904101;hep-th/9904101;4;8;12
hep-th/9305097;hep-th/9305097;20;1;21
hep-th/9903209;hep-th/9903209;3;16;19
hep-th/9812250;hep-th/9812250;3;43;46
hep-th/9711011;hep-th/9711011;7;4;11
hep-th/9804209;hep-th/9804209;6;14;20
hep-th/9902122;hep-th/9902122;4;29;33
hep-th/9806089;hep-th/9806089;9;11;20
hep-th/9904113;hep-th/9904113;3;23;26
hep-th/9904050;hep-th/9904050;8;34;42
hep-th/9812044;hep-th/9812044;7;11;18
hep-th/9806188;hep-th/9806188;6;8;14
hep-th/9901088;hep-th/9901088;1;18;19
hep-th/9808051;hep-th/9808051;4;14;18
hep-th/9901030;hep-th/9901030;5;19;24
hep-th/9901135;hep-th/9901135;18;74;92
hep-th/9903240;hep-th/9903240;1;15;16
hep-th/9902106;hep-th/9902106;7;31;38
hep-th/9811057;hep-th/9811057;8;61;69
hep-th/9903058;hep-th/9903058;6;27;33
hep-th/9307085;hep-th/9307085;18;0;18
hep-th/0312077;hep-th/0312077;5;27;32
0904.3644;0904.3644;0;19;19
hep-th/0302201;hep-th/0302201;8;8;16
hep-th/0301078;hep-th/0301078;2;6;8
hep-th/0205117;hep-th/0205117;7;3;10
math/9809156;math/9809156;5;4;9
quant-ph/0110143;quant-ph/0110143;12;0;12
q-alg/9611007;q-alg/9611007;1;2;3
hep-th/9502089;hep-th/9502089;5;10;15
hep-th/9407091;hep-th/9407091;6;0;6
hep-th/9112019;hep-th/9112019;7;0;7
cond-mat/0702052;cond-mat/0702052;0;2;2
cond-mat/0610162;cond-mat/0610162;3;1;4
cond-mat/0607463;cond-mat/0607463;3;1;4
astro-ph/0610339;astro-ph/0610339;5;10;15
0812.0781;0812.0781;0;15;15
hep-th/0611142;hep-th/0611142;0;7;7
hep-th/9612252;hep-th/9612252;3;1;4
hep-th/9701163;hep-th/9701163;7;30;37
hep-th/9712135;hep-th/9712135;9;20;29
hep-th/0611144;hep-th/0611144;0;2;2
math-ph/0404064;math-ph/0404064;3;0;3
hep-th/9711113;hep-th/9711113;13;18;31
hep-th/9803069;hep-th/9803069;3;0;3
hep-th/9804020;hep-th/9804020;0;19;19
hep-th/9711074;hep-th/9711074;3;13;16
hep-th/9804021;hep-th/9804021;8;14;22
hep-th/9711041;hep-th/9711041;1;0;1
hep-th/9804018;hep-th/9804018;6;16;22
hep-th/9707054;hep-th/9707054;4;1;5
quant-ph/9706025;quant-ph/9706025;6;1;7
hep-th/9802118;hep-th/9802118;11;20;31
0709.1749;0709.1749;0;23;23
hep-th/0506222;hep-th/0506222;2;24;26
hep-th/0503029;hep-th/0503029;13;0;13
0909.5088;0909.5088;0;1;1
math/0210383;math/0210383;0;4;4
solv-int/9908009;solv-int/9908009;1;10;11
hep-th/0109042;hep-th/0109042;2;2;4
hep-ph/0112210;hep-ph/0112210;6;13;19
hep-ph/0201140;hep-ph/0201140;3;13;16
0802.3857;0802.3857;0;22;22
math/0508058;math/0508058;3;7;10
hep-th/0301121;hep-th/0301121;1;0;1
hep-th/9711058;hep-th/9711058;8;9;17
math/0209145;math/0209145;3;9;12
nlin/0505005;nlin/0505005;1;0;1
0812.4607;0812.4607;0;19;19
hep-th/0212094;hep-th/0212094;3;5;8
hep-th/9709219;hep-th/9709219;20;18;38
hep-th/9710004;hep-th/9710004;7;26;33
hep-th/9705023;hep-th/9705023;9;12;21
hep-th/9812084;hep-th/9812084;6;4;10
hep-th/9812086;hep-th/9812086;6;12;18
hep-th/9812081;hep-th/9812081;3;40;43
hep-th/9805031;hep-th/9805031;4;15;19
hep-th/9811186;hep-th/9811186;5;0;5
hep-th/9704011;hep-th/9704011;32;18;50
hep-th/9806097;hep-th/9806097;10;1;11
hep-th/9804136;hep-th/9804136;8;8;16
hep-th/9812083;hep-th/9812083;1;4;5
hep-th/9511211;hep-th/9511211;1;1;2
hep-th/9808105;hep-th/9808105;2;3;5
hep-th/0303086;hep-th/0303086;2;13;15
hep-th/9604012;hep-th/9604012;4;7;11
hep-th/9410214;hep-th/9410214;4;5;9
0906.5015;0906.5015;0;14;14
hep-th/9207045;hep-th/9207045;6;2;8
hep-th/0609117;hep-th/0609117;1;25;26
hep-th/0402008;hep-th/0402008;5;10;15
0804.0908;0804.0908;0;45;45
hep-th/0104117;hep-th/0104117;4;1;5
hep-th/9502143;hep-th/9502143;7;0;7
hep-th/0306172;hep-th/0306172;12;21;33
hep-th/0109036;hep-th/0109036;4;8;12
hep-th/9506208;hep-th/9506208;0;1;1
hep-th/9412002;hep-th/9412002;16;3;19
hep-th/9505147;hep-th/9505147;2;6;8
hep-th/9506201;hep-th/9506201;0;4;4
hep-th/9403002;hep-th/9403002;1;0;1
0812.4633;0812.4633;0;8;8
hep-ph/0702245;hep-ph/0702245;4;9;13
math/0103137;math/0103137;0;3;3
hep-ph/0104077;hep-ph/0104077;2;15;17
hep-ph/0003144;hep-ph/0003144;2;3;5
hep-ph/0002276;hep-ph/0002276;6;21;27
hep-th/0002079;hep-th/0002079;4;0;4
hep-th/9812213;hep-th/9812213;6;24;30
hep-th/0102124;hep-th/0102124;1;7;8
hep-th/9910254;hep-th/9910254;8;3;11
hep-th/0002015;hep-th/0002015;5;4;9
hep-th/9507132;hep-th/9507132;10;0;10
0804.2123;0804.2123;0;21;21
0706.1543;0706.1543;0;24;24
hep-th/9704162;hep-th/9704162;5;5;10
hep-th/9704211;hep-th/9704211;4;9;13
hep-th/9404081;hep-th/9404081;2;1;3
hep-th/0606227;hep-th/0606227;1;2;3
hep-th/0606226;hep-th/0606226;4;14;18
hep-th/0606224;hep-th/0606224;3;16;19
hep-th/9305173;hep-th/9305173;5;0;5
hep-th/0310172;hep-th/0310172;5;20;25
hep-ph/0311106;hep-ph/0311106;17;42;59
hep-th/0410069;hep-th/0410069;6;10;16
hep-th/0503023;hep-th/0503023;0;3;3
0806.3177;0806.3177;0;4;4
math/0506301;math/0506301;7;3;10
hep-th/0107145;hep-th/0107145;10;27;37
0805.1546;0805.1546;0;3;3
gr-qc/0607043;gr-qc/0607043;5;13;18
hep-th/0412064;hep-th/0412064;6;55;61
0809.2014;0809.2014;0;78;78
hep-th/9701134;hep-th/9701134;6;1;7
hep-th/0405070;hep-th/0405070;18;33;51
hep-th/9409042;hep-th/9409042;8;0;8
hep-th/9409109;hep-th/9409109;8;1;9
hep-th/0511091;hep-th/0511091;4;18;22
0809.2013;0809.2013;0;24;24
hep-th/0606036;hep-th/0606036;4;18;22
0801.2810;0801.2810;0;14;14
hep-th/0609057;hep-th/0609057;9;14;23
hep-th/0410002;hep-th/0410002;7;15;22
hep-th/0410145;hep-th/0410145;8;14;22
hep-th/9603083;hep-th/9603083;7;0;7
0910.4530;0910.4530;0;19;19
hep-ph/9709423;hep-ph/9709423;5;12;17
hep-th/0303081;hep-th/0303081;2;24;26
0712.1190;0712.1190;0;4;4
hep-th/9405112;hep-th/9405112;15;12;27
hep-th/0105215;hep-th/0105215;9;23;32
math/0212354;math/0212354;10;7;17
hep-th/9910208;hep-th/9910208;3;10;13
hep-th/9910209;hep-th/9910209;2;14;16
hep-th/9407116;hep-th/9407116;11;1;12
hep-th/9909173;hep-th/9909173;2;8;10
hep-th/9903232;hep-th/9903232;5;23;28
hep-th/9910204;hep-th/9910204;0;2;2
hep-th/9312088;hep-th/9312088;6;0;6
q-alg/9606004;q-alg/9606004;4;0;4
hep-th/9910205;hep-th/9910205;18;5;23
hep-th/9910203;hep-th/9910203;1;1;2
hep-th/9910200;hep-th/9910200;5;16;21
hep-th/9703017;hep-th/9703017;8;4;12
hep-th/0304012;hep-th/0304012;0;8;8
hep-th/0303080;hep-th/0303080;1;8;9
0706.4106;0706.4106;0;18;18
hep-th/0211119;hep-th/0211119;5;7;12
hep-th/9809123;hep-th/9809123;13;4;17
hep-th/0501252;hep-th/0501252;1;1;2
hep-th/0409257;hep-th/0409257;5;3;8
gr-qc/0211052;gr-qc/0211052;1;2;3
astro-ph/0202224;astro-ph/0202224;4;3;7
hep-th/9601017;hep-th/9601017;3;0;3
hep-th/9607082;hep-th/9607082;8;14;22
hep-th/9709061;hep-th/9709061;11;17;28
hep-th/0205295;hep-th/0205295;7;30;37
hep-th/0108106;hep-th/0108106;25;20;45
hep-th/0208032;hep-th/0208032;2;30;32
hep-th/0211116;hep-th/0211116;2;34;36
hep-th/0108053;hep-th/0108053;4;12;16
hep-th/0508180;hep-th/0508180;2;3;5
quant-ph/9810077;quant-ph/9810077;8;0;8
hep-th/0305141;hep-th/0305141;4;18;22
hep-th/0002055;hep-th/0002055;1;3;4
hep-th/0204251;hep-th/0204251;6;17;23
hep-th/0009154;hep-th/0009154;5;16;21
hep-th/0304017;hep-th/0304017;3;2;5
hep-th/9508105;hep-th/9508105;3;5;8
hep-th/9301121;hep-th/9301121;7;0;7
hep-th/9611167;hep-th/9611167;6;0;6
hep-th/9702066;hep-th/9702066;6;5;11
hep-th/0009075;hep-th/0009075;2;15;17
hep-th/0007179;hep-th/0007179;4;4;8
hep-th/0105040;hep-th/0105040;4;8;12
hep-th/9601035;hep-th/9601035;8;2;10
hep-th/9904192;hep-th/9904192;3;5;8
hep-th/9805009;hep-th/9805009;8;5;13
hep-th/9505064;hep-th/9505064;10;1;11
hep-th/9309021;hep-th/9309021;9;0;9
0901.2179;0901.2179;0;3;3
hep-th/0501253;hep-th/0501253;1;23;24
hep-th/0403088;hep-th/0403088;1;18;19
hep-th/0312089;hep-th/0312089;4;12;16
hep-th/0205035;hep-th/0205035;3;9;12
0901.2172;0901.2172;0;16;16
hep-th/0310297;hep-th/0310297;21;36;57
0806.1990;0806.1990;0;4;4
gr-qc/9609006;gr-qc/9609006;6;5;11
gr-qc/9508060;gr-qc/9508060;3;0;3
gr-qc/9411001;gr-qc/9411001;13;2;15
gr-qc/9604004;gr-qc/9604004;2;2;4
0909.2870;0909.2870;0;21;21
gr-qc/0108020;gr-qc/0108020;1;3;4
q-alg/9510021;q-alg/9510021;2;3;5
hep-th/9410039;hep-th/9410039;2;2;4
cond-mat/0307559;cond-mat/0307559;1;8;9
hep-th/0301188;hep-th/0301188;1;2;3
cond-mat/0306112;cond-mat/0306112;7;4;11
0906.1890;0906.1890;0;27;27
q-alg/9504008;q-alg/9504008;2;0;2
hep-th/0203171;hep-th/0203171;0;1;1
hep-th/9410024;hep-th/9410024;4;0;4
hep-th/9908150;hep-th/9908150;12;9;21
hep-th/0203176;hep-th/0203176;2;24;26
hep-th/0203179;hep-th/0203179;7;10;17
hep-th/0203025;hep-th/0203025;10;16;26
hep-th/0012075;hep-th/0012075;14;33;47
hep-th/9707131;hep-th/9707131;12;18;30
cond-mat/0510505;cond-mat/0510505;0;2;2
cond-mat/9502109;cond-mat/9502109;2;0;2
hep-th/0601215;hep-th/0601215;9;27;36
hep-th/0604199;hep-th/0604199;10;61;71
hep-th/0410291;hep-th/0410291;16;18;34
hep-th/0508138;hep-th/0508138;5;27;32
hep-th/0503074;hep-th/0503074;13;63;76
hep-th/0511251;hep-th/0511251;5;8;13
astro-ph/0207174;astro-ph/0207174;5;18;23
hep-th/9702092;hep-th/9702092;2;1;3
hep-th/9311038;hep-th/9311038;5;0;5
hep-th/9702090;hep-th/9702090;2;6;8
hep-th/9702091;hep-th/9702091;0;4;4
hep-th/9610132;hep-th/9610132;1;2;3
hep-th/9702095;hep-th/9702095;9;3;12
hep-th/9510016;hep-th/9510016;3;8;11
0812.0934;0812.0934;0;5;5
hep-th/0508246;hep-th/0508246;8;5;13
hep-ph/0103313;hep-ph/0103313;0;3;3
hep-ph/9211319;hep-ph/9211319;7;0;7
0901.1616;0901.1616;0;38;38
hep-th/0212322;hep-th/0212322;3;6;9
0708.0708;0708.0708;0;14;14
0711.3756;0711.3756;0;3;3
hep-th/0703212;hep-th/0703212;2;4;6
0708.0707;0708.0707;0;13;13
hep-th/9506045;hep-th/9506045;1;15;16
astro-ph/0108517;astro-ph/0108517;8;8;16
astro-ph/9912005;astro-ph/9912005;2;2;4
0710.2013;0710.2013;0;28;28
hep-th/0011176;hep-th/0011176;16;17;33
gr-qc/9806012;gr-qc/9806012;22;8;30
0706.3854;0706.3854;0;32;32
hep-th/0511121;hep-th/0511121;7;56;63
hep-th/0502004;hep-th/0502004;7;44;51
hep-th/0502089;hep-th/0502089;0;13;13
hep-th/9802009;hep-th/9802009;5;24;29
hep-th/0502080;hep-th/0502080;1;10;11
hep-th/0204173;hep-th/0204173;2;7;9
hep-th/0306065;hep-th/0306065;5;22;27
hep-th/0502081;hep-th/0502081;3;12;15
hep-th/9709059;hep-th/9709059;5;0;5
gr-qc/9811094;gr-qc/9811094;5;1;6
hep-th/0407029;hep-th/0407029;10;34;44
hep-th/0110155;hep-th/0110155;3;1;4
hep-th/0010179;hep-th/0010179;15;40;55
0903.5536;0903.5536;0;4;4
0803.3855;0803.3855;0;43;43
0803.3857;0803.3857;0;16;16
0804.0552;0804.0552;0;115;115
0909.5281;0909.5281;0;7;7
nucl-th/0505003;nucl-th/0505003;3;0;3
0708.3447;0708.3447;0;11;11
hep-th/0703153;hep-th/0703153;5;20;25
hep-lat/0610035;hep-lat/0610035;6;8;14
hep-th/0604055;hep-th/0604055;12;26;38
hep-th/9404169;hep-th/9404169;4;2;6
hep-th/0205191;hep-th/0205191;4;11;15
hep-th/0104198;hep-th/0104198;5;30;35
hep-th/0208153;hep-th/0208153;13;27;40
nlin/0207036;nlin/0207036;5;0;5
hep-ph/9704353;hep-ph/9704353;5;5;10
hep-th/9908032;hep-th/9908032;9;6;15
hep-ph/9903328;hep-ph/9903328;11;17;28
hep-th/0303163;hep-th/0303163;1;12;13
hep-th/9404160;hep-th/9404160;0;1;1
hep-th/9212018;hep-th/9212018;1;3;4
hep-th/9303172;hep-th/9303172;18;2;20
hep-th/9303025;hep-th/9303025;10;1;11
hep-th/9303122;hep-th/9303122;21;2;23
hep-th/9404167;hep-th/9404167;0;2;2
hep-th/9207047;hep-th/9207047;1;0;1
hep-th/9404166;hep-th/9404166;1;2;3
hep-th/0701232;hep-th/0701232;2;14;16
hep-th/0310164;hep-th/0310164;4;8;12
hep-th/0501110;hep-th/0501110;10;36;46
hep-th/0507106;hep-th/0507106;7;18;25
hep-th/0509046;hep-th/0509046;4;20;24
hep-th/0511087;hep-th/0511087;7;0;7
0809.4507;0809.4507;0;32;32
hep-th/0608124;hep-th/0608124;6;13;19
hep-th/9811241;hep-th/9811241;13;0;13
0908.4035;0908.4035;0;13;13
astro-ph/0106022;astro-ph/0106022;17;4;21
gr-qc/0007040;gr-qc/0007040;14;3;17
hep-th/0701230;hep-th/0701230;4;17;21
hep-th/0410104;hep-th/0410104;12;28;40
hep-th/0507028;hep-th/0507028;1;14;15
hep-th/9908073;hep-th/9908073;5;8;13
hep-th/0611324;hep-th/0611324;8;8;16
hep-th/0701208;hep-th/0701208;7;26;33
hep-th/0701234;hep-th/0701234;8;13;21
hep-th/0501235;hep-th/0501235;12;0;12
hep-th/9906016;hep-th/9906016;1;0;1
gr-qc/0302117;gr-qc/0302117;1;21;22
gr-qc/9806115;gr-qc/9806115;2;14;16
hep-th/0112131;hep-th/0112131;12;23;35
hep-th/0111011;hep-th/0111011;3;3;6
hep-th/9801064;hep-th/9801064;5;24;29
hep-th/0210089;hep-th/0210089;4;39;43
hep-th/0208018;hep-th/0208018;4;55;59
hep-th/0112164;hep-th/0112164;9;27;36
hep-th/9906236;hep-th/9906236;8;4;12
hep-th/0012237;hep-th/0012237;5;18;23
hep-th/0103076;hep-th/0103076;0;4;4
hep-th/0002108;hep-th/0002108;3;0;3
hep-th/0103070;hep-th/0103070;8;5;13
hep-th/0001096;hep-th/0001096;2;0;2
hep-th/0103073;hep-th/0103073;1;7;8
hep-th/0103126;hep-th/0103126;3;3;6
hep-th/0109012;hep-th/0109012;0;1;1
hep-th/0103079;hep-th/0103079;2;43;45
hep-th/0102063;hep-th/0102063;4;55;59
hep-th/0103021;hep-th/0103021;13;70;83
hep-th/0011029;hep-th/0011029;4;72;76
hep-th/0109210;hep-th/0109210;2;2;4
hep-th/0507103;hep-th/0507103;7;0;7
hep-ph/0103248;hep-ph/0103248;8;14;22
hep-ph/9801448;hep-ph/9801448;5;5;10
0801.2099;0801.2099;0;26;26
0905.4702;0905.4702;0;11;11
astro-ph/0104482;astro-ph/0104482;3;20;23
math/0702850;math/0702850;0;1;1
hep-th/0502213;hep-th/0502213;1;6;7
hep-th/9605197;hep-th/9605197;1;7;8
hep-th/9603018;hep-th/9603018;2;2;4
hep-th/9603041;hep-th/9603041;4;2;6
hep-th/9412146;hep-th/9412146;5;1;6
hep-th/9703058;hep-th/9703058;2;2;4
hep-th/9605193;hep-th/9605193;0;11;11
hep-th/9305096;hep-th/9305096;2;2;4
hep-th/9412006;hep-th/9412006;7;9;16
hep-th/9109054;hep-th/9109054;5;0;5
hep-th/9511172;hep-th/9511172;3;7;10
hep-th/9303166;hep-th/9303166;4;0;4
hep-th/9605192;hep-th/9605192;9;5;14
hep-th/9703057;hep-th/9703057;3;10;13
hep-th/9603023;hep-th/9603023;6;9;15
hep-th/9602088;hep-th/9602088;13;3;16
hep-th/9708016;hep-th/9708016;9;14;23
hep-th/9603094;hep-th/9603094;7;15;22
hep-th/9709017;hep-th/9709017;1;46;47
hep-th/9608185;hep-th/9608185;2;16;18
hep-th/9508039;hep-th/9508039;6;8;14
hep-th/0301075;hep-th/0301075;9;14;23
hep-th/0512058;hep-th/0512058;4;0;4
hep-th/9508135;hep-th/9508135;12;6;18
hep-th/9709018;hep-th/9709018;0;4;4
hep-th/9707161;hep-th/9707161;1;0;1
hep-th/0605227;hep-th/0605227;0;19;19
hep-th/0201107;hep-th/0201107;1;16;17
hep-th/0511191;hep-th/0511191;1;10;11
hep-th/0509217;hep-th/0509217;13;19;32
hep-th/0402203;hep-th/0402203;0;5;5
hep-th/0307180;hep-th/0307180;4;30;34
hep-th/0306216;hep-th/0306216;6;28;34
hep-ph/0101131;hep-ph/0101131;15;6;21
hep-ph/0308051;hep-ph/0308051;3;36;39
hep-th/9312139;hep-th/9312139;2;2;4
hep-th/9312134;hep-th/9312134;1;5;6
hep-th/9111020;hep-th/9111020;10;0;10
hep-th/9110055;hep-th/9110055;8;1;9
hep-th/9312135;hep-th/9312135;0;2;2
hep-th/9312136;hep-th/9312136;0;3;3
hep-th/9312137;hep-th/9312137;3;3;6
hep-th/9311099;hep-th/9311099;1;1;2
gr-qc/9911029;gr-qc/9911029;14;1;15
gr-qc/9902007;gr-qc/9902007;7;2;9
0712.0628;0712.0628;0;2;2
0711.3145;0711.3145;0;15;15
gr-qc/0511056;gr-qc/0511056;3;10;13
0802.3445;0802.3445;0;15;15
hep-th/0301070;hep-th/0301070;5;24;29
hep-th/9810059;hep-th/9810059;7;16;23
hep-th/0512322;hep-th/0512322;1;0;1
hep-th/0412296;hep-th/0412296;2;35;37
hep-th/0103142;hep-th/0103142;4;41;45
cond-mat/9606166;cond-mat/9606166;0;2;2
0805.4683;0805.4683;0;10;10
cond-mat/9606165;cond-mat/9606165;1;6;7
cond-mat/9604143;cond-mat/9604143;1;0;1
0811.0349;0811.0349;0;14;14
0712.0923;0712.0923;0;4;4
hep-th/9909190;hep-th/9909190;0;2;2
hep-th/0002071;hep-th/0002071;1;5;6
hep-th/9909192;hep-th/9909192;0;15;15
hep-th/9803225;hep-th/9803225;3;18;21
hep-th/9909193;hep-th/9909193;7;30;37
hep-th/9705076;hep-th/9705076;9;19;28
hep-th/9902150;hep-th/9902150;4;26;30
hep-th/9902201;hep-th/9902201;4;13;17
hep-th/9902163;hep-th/9902163;6;19;25
hep-th/9909195;hep-th/9909195;0;1;1
hep-th/9909196;hep-th/9909196;6;35;41
hep-th/9405018;hep-th/9405018;2;5;7
hep-th/9906207;hep-th/9906207;3;54;57
hep-th/9909197;hep-th/9909197;16;12;28
hep-th/9909198;hep-th/9909198;3;18;21
hep-th/9808142;hep-th/9808142;5;4;9
hep-th/9908174;hep-th/9908174;13;22;35
hep-th/9904021;hep-th/9904021;20;25;45
astro-ph/0202066;astro-ph/0202066;6;43;49
hep-th/0110013;hep-th/0110013;6;12;18
0902.3547;0902.3547;0;1;1
0810.1214;0810.1214;0;33;33
gr-qc/0203058;gr-qc/0203058;6;9;15
gr-qc/0111022;gr-qc/0111022;10;8;18
0808.0746;0808.0746;0;94;94
hep-th/9210016;hep-th/9210016;8;0;8
hep-th/0502133;hep-th/0502133;7;32;39
hep-th/0303046;hep-th/0303046;3;20;23
hep-th/9311080;hep-th/9311080;5;5;10
0902.0948;0902.0948;0;16;16
0705.2555;0705.2555;0;3;3
math-ph/0507058;math-ph/0507058;3;6;9
hep-th/0507220;hep-th/0507220;3;34;37
math-ph/0703019;math-ph/0703019;3;3;6
0707.0588;0707.0588;0;5;5
hep-th/0101018;hep-th/0101018;4;18;22
hep-th/0106188;hep-th/0106188;19;21;40
gr-qc/9905092;gr-qc/9905092;0;5;5
0807.4703;0807.4703;0;1;1
0903.5407;0903.5407;0;18;18
0707.0585;0707.0585;0;7;7
gr-qc/0206028;gr-qc/0206028;4;2;6
astro-ph/0111438;astro-ph/0111438;3;0;3
0909.2970;0909.2970;0;15;15
hep-th/0611145;hep-th/0611145;6;56;62
hep-th/9704002;hep-th/9704002;16;2;18
0909.2620;0909.2620;0;23;23
astro-ph/0607257;astro-ph/0607257;11;57;68
hep-th/0401153;hep-th/0401153;7;6;13
astro-ph/0601208;astro-ph/0601208;1;6;7
hep-th/0410259;hep-th/0410259;8;19;27
hep-ph/9406318;hep-ph/9406318;6;2;8
0704.0784;0704.0784;0;61;61
hep-th/0702125;hep-th/0702125;2;26;28
0802.3333;0802.3333;0;15;15
hep-th/0607097;hep-th/0607097;2;3;5
hep-ph/9503314;hep-ph/9503314;2;11;13
gr-qc/0401015;gr-qc/0401015;5;19;24
quant-ph/0109086;quant-ph/0109086;7;15;22
hep-th/0305131;hep-th/0305131;2;44;46
gr-qc/0411065;gr-qc/0411065;4;7;11
gr-qc/0505014;gr-qc/0505014;0;4;4
astro-ph/0407416;astro-ph/0407416;3;18;21
gr-qc/9906107;gr-qc/9906107;6;22;28
hep-th/9808110;hep-th/9808110;7;9;16
gr-qc/9502039;gr-qc/9502039;6;5;11
hep-th/0305206;hep-th/0305206;9;11;20
hep-th/9607028;hep-th/9607028;2;3;5
gr-qc/0305036;gr-qc/0305036;2;35;37
hep-th/0202100;hep-th/0202100;6;0;6
hep-th/0205231;hep-th/0205231;5;18;23
gr-qc/0108048;gr-qc/0108048;10;33;43
hep-th/0209133;hep-th/0209133;24;22;46
hep-th/0204065;hep-th/0204065;12;3;15
hep-th/0312087;hep-th/0312087;1;29;30
hep-th/9301125;hep-th/9301125;2;22;24
hep-th/0312209;hep-th/0312209;9;42;51
gr-qc/9807041;gr-qc/9807041;2;1;3
gr-qc/9506072;gr-qc/9506072;6;0;6
gr-qc/9807045;gr-qc/9807045;1;16;17
hep-th/9608162;hep-th/9608162;8;6;14
hep-th/0009058;hep-th/0009058;1;1;2
astro-ph/0207572;astro-ph/0207572;34;18;52
0710.1738;0710.1738;0;36;36
hep-th/0702081;hep-th/0702081;7;22;29
hep-th/9403132;hep-th/9403132;14;3;17
hep-th/9909106;hep-th/9909106;13;1;14
gr-qc/9812058;gr-qc/9812058;2;16;18
gr-qc/9707019;gr-qc/9707019;5;0;5
hep-th/0009057;hep-th/0009057;1;18;19
hep-th/9812021;hep-th/9812021;7;25;32
cond-mat/9609012;cond-mat/9609012;2;0;2
cond-mat/9804212;cond-mat/9804212;2;0;2
hep-th/9705141;hep-th/9705141;5;3;8
cond-mat/9610024;cond-mat/9610024;2;0;2
cond-mat/9802302;cond-mat/9802302;2;0;2
cond-mat/9607009;cond-mat/9607009;4;4;8
hep-th/9609025;hep-th/9609025;9;1;10
cond-mat/9703215;cond-mat/9703215;2;0;2
0712.3276;0712.3276;0;12;12
0901.3707;0901.3707;0;1;1
0805.2751;0805.2751;0;3;3
0712.3272;0712.3272;0;13;13
hep-th/0405122;hep-th/0405122;1;12;13
hep-lat/9311005;hep-lat/9311005;3;0;3
hep-lat/0005017;hep-lat/0005017;8;11;19
hep-th/9212024;hep-th/9212024;3;0;3
0903.4176;0903.4176;0;23;23
hep-th/0306021;hep-th/0306021;10;17;27
0708.2392;0708.2392;0;47;47
math-ph/0407049;math-ph/0407049;4;6;10
hep-th/0309243;hep-th/0309243;4;3;7
hep-th/9712107;hep-th/9712107;4;14;18
math-ph/0312010;math-ph/0312010;6;5;11
hep-ph/9901436;hep-ph/9901436;4;4;8
hep-th/9609100;hep-th/9609100;5;1;6
hep-ph/9506386;hep-ph/9506386;7;0;7
hep-th/0112005;hep-th/0112005;8;34;42
hep-th/0507071;hep-th/0507071;3;23;26
hep-th/0108023;hep-th/0108023;7;13;20
hep-th/0201267;hep-th/0201267;10;26;36
cond-mat/0502179;cond-mat/0502179;1;0;1
gr-qc/0607073;gr-qc/0607073;17;14;31
hep-th/0212114;hep-th/0212114;4;0;4
hep-th/0401191;hep-th/0401191;4;4;8
hep-th/0105289;hep-th/0105289;15;16;31
math/0102164;math/0102164;8;3;11
hep-th/0501219;hep-th/0501219;2;9;11
gr-qc/0012078;gr-qc/0012078;13;0;13
hep-th/0511048;hep-th/0511048;4;1;5
gr-qc/0110087;gr-qc/0110087;1;15;16
quant-ph/0506025;quant-ph/0506025;5;5;10
hep-th/0503100;hep-th/0503100;9;83;92
hep-th/0601219;hep-th/0601219;4;32;36
hep-th/0204024;hep-th/0204024;3;10;13
hep-th/0304104;hep-th/0304104;15;19;34
hep-th/0601218;hep-th/0601218;0;7;7
hep-th/0506244;hep-th/0506244;2;26;28
0910.0023;0910.0023;0;10;10
hep-th/0604034;hep-th/0604034;13;29;42
0907.0662;0907.0662;0;11;11
math-ph/0105040;math-ph/0105040;6;9;15
hep-th/0611012;hep-th/0611012;2;13;15
math-ph/0112025;math-ph/0112025;4;5;9
cond-mat/9810332;cond-mat/9810332;3;8;11
hep-th/0309018;hep-th/0309018;8;6;14
hep-th/9611006;hep-th/9611006;4;0;4
hep-th/9512004;hep-th/9512004;1;14;15
hep-th/9512003;hep-th/9512003;1;3;4
hep-th/9212144;hep-th/9212144;1;0;1
hep-th/9407177;hep-th/9407177;2;3;5
hep-th/9512001;hep-th/9512001;3;2;5
hep-th/9406156;hep-th/9406156;2;1;3
hep-th/9308148;hep-th/9308148;4;2;6
hep-th/9404174;hep-th/9404174;12;8;20
0811.3200;0811.3200;0;58;58
hep-th/0701128;hep-th/0701128;4;30;34
hep-th/0701269;hep-th/0701269;4;30;34
hep-th/0410140;hep-th/0410140;0;5;5
hep-th/9406159;hep-th/9406159;0;1;1
hep-th/9504058;hep-th/9504058;0;1;1
hep-th/9401082;hep-th/9401082;1;0;1
gr-qc/0503113;gr-qc/0503113;6;14;20
hep-th/9504050;hep-th/9504050;1;3;4
hep-th/9411185;hep-th/9411185;1;0;1
hep-th/9504057;hep-th/9504057;10;13;23
hep-th/9504054;hep-th/9504054;2;7;9
0809.0233;0809.0233;0;4;4
math-ph/0703061;math-ph/0703061;4;0;4
0809.4618;0809.4618;0;15;15
hep-th/0702149;hep-th/0702149;2;11;13
hep-th/9301060;hep-th/9301060;19;0;19
hep-th/0605051;hep-th/0605051;2;3;5
hep-th/0605050;hep-th/0605050;2;6;8
hep-th/9911107;hep-th/9911107;6;7;13
gr-qc/9911110;gr-qc/9911110;1;1;2
0803.2664;0803.2664;0;11;11
0801.2977;0801.2977;0;10;10
hep-th/0211156;hep-th/0211156;1;33;34
hep-th/0012068;hep-th/0012068;6;19;25
hep-th/0108076;hep-th/0108076;21;10;31
hep-th/0112081;hep-th/0112081;6;31;37
hep-th/0211150;hep-th/0211150;1;8;9
hep-th/9910156;hep-th/9910156;22;44;66
hep-th/0211153;hep-th/0211153;2;2;4
hep-th/0204003;hep-th/0204003;8;0;8
hep-th/0206008;hep-th/0206008;5;0;5
0711.2038;0711.2038;0;1;1
hep-th/0009109;hep-th/0009109;6;7;13
hep-th/0206003;hep-th/0206003;21;14;35
math-ph/0205047;math-ph/0205047;4;9;13
hep-th/0201139;hep-th/0201139;8;11;19
0707.1219;0707.1219;0;7;7
0804.1769;0804.1769;0;30;30
hep-th/0608137;hep-th/0608137;3;36;39
hep-th/0612171;hep-th/0612171;5;20;25
hep-th/0110060;hep-th/0110060;6;0;6
hep-th/0702140;hep-th/0702140;0;17;17
hep-th/0411142;hep-th/0411142;0;16;16
cond-mat/0501227;cond-mat/0501227;9;3;12
cond-mat/0501226;cond-mat/0501226;2;2;4
cond-mat/9808120;cond-mat/9808120;3;1;4
0805.1826;0805.1826;0;22;22
hep-th/0610171;hep-th/0610171;2;0;2
hep-th/0104042;hep-th/0104042;12;22;34
hep-th/9406096;hep-th/9406096;6;1;7
hep-th/0605259;hep-th/0605259;1;7;8
cond-mat/0605508;cond-mat/0605508;2;4;6
cond-mat/0606041;cond-mat/0606041;2;14;16
hep-th/0506131;hep-th/0506131;5;4;9
hep-th/0301195;hep-th/0301195;6;7;13
hep-th/0205115;hep-th/0205115;7;17;24
hep-th/9907098;hep-th/9907098;27;23;50
0704.3403;0704.3403;0;49;49
hep-th/0406122;hep-th/0406122;7;26;33
hep-th/0409129;hep-th/0409129;6;37;43
hep-th/0505001;hep-th/0505001;2;12;14
hep-th/0411253;hep-th/0411253;1;14;15
hep-th/0411164;hep-th/0411164;8;68;76
hep-th/0505226;hep-th/0505226;2;9;11
hep-th/0505119;hep-th/0505119;2;26;28
hep-th/0504042;hep-th/0504042;1;14;15
hep-th/0409141;hep-th/0409141;1;10;11
hep-th/0106226;hep-th/0106226;5;4;9
hep-th/0107133;hep-th/0107133;4;6;10
hep-th/0104165;hep-th/0104165;4;1;5
hep-th/9701124;hep-th/9701124;7;5;12
hep-th/9508031;hep-th/9508031;5;4;9
hep-th/0409143;hep-th/0409143;3;13;16
hep-th/0207065;hep-th/0207065;5;4;9
hep-th/0409142;hep-th/0409142;0;6;6
hep-th/9808102;hep-th/9808102;10;0;10
hep-th/0309071;hep-th/0309071;1;17;18
hep-th/0409144;hep-th/0409144;1;18;19
hep-th/0409146;hep-th/0409146;1;19;20
hep-th/9212105;hep-th/9212105;5;1;6
hep-th/9410032;hep-th/9410032;4;1;5
hep-ph/9308212;hep-ph/9308212;1;0;1
hep-th/9603165;hep-th/9603165;0;4;4
hep-th/9911026;hep-th/9911026;17;15;32
nlin/0608068;nlin/0608068;1;16;17
hep-th/0511006;hep-th/0511006;2;25;27
nlin/0311005;nlin/0311005;9;0;9
nlin/0606059;nlin/0606059;4;0;4
nlin/0509017;nlin/0509017;1;0;1
hep-th/9201065;hep-th/9201065;0;1;1
hep-th/9201064;hep-th/9201064;10;1;11
hep-th/9201066;hep-th/9201066;0;1;1
0807.1877;0807.1877;0;3;3
hep-th/9405127;hep-th/9405127;1;0;1
0708.3115;0708.3115;0;2;2
0711.4623;0711.4623;0;9;9
hep-th/9902209;hep-th/9902209;8;10;18
hep-lat/0111008;hep-lat/0111008;26;5;31
hep-th/9810127;hep-th/9810127;6;4;10
hep-th/9908026;hep-th/9908026;5;8;13
hep-th/0207265;hep-th/0207265;17;16;33
hep-th/9905220;hep-th/9905220;16;10;26
0710.3000;0710.3000;0;5;5
0705.1130;0705.1130;0;51;51
hep-th/0402126;hep-th/0402126;4;4;8
hep-th/0403137;hep-th/0403137;3;3;6
hep-ph/0209296;hep-ph/0209296;2;8;10
0710.3009;0710.3009;0;19;19
0910.1993;0910.1993;0;10;10
hep-th/0505234;hep-th/0505234;8;7;15
math-ph/9904009;math-ph/9904009;2;9;11
hep-th/9805098;hep-th/9805098;10;2;12
0711.2035;0711.2035;0;43;43
0807.2306;0807.2306;0;18;18
0905.0477;0905.0477;0;2;2
hep-th/9704004;hep-th/9704004;1;4;5
0905.0473;0905.0473;0;6;6
hep-th/0602177;hep-th/0602177;1;4;5
hep-ph/0601209;hep-ph/0601209;4;5;9
hep-th/0412057;hep-th/0412057;8;0;8
hep-th/0106102;hep-th/0106102;5;10;15
cond-mat/0411681;cond-mat/0411681;2;6;8
hep-th/0407011;hep-th/0407011;7;10;17
hep-th/0206134;hep-th/0206134;2;13;15
hep-th/9803110;hep-th/9803110;7;10;17
hep-th/0303206;hep-th/0303206;3;3;6
hep-th/0303201;hep-th/0303201;0;2;2
hep-th/9604108;hep-th/9604108;3;0;3
hep-th/0303200;hep-th/0303200;0;13;13
gr-qc/0301010;gr-qc/0301010;11;34;45
hep-th/9310067;hep-th/9310067;16;0;16
hep-th/9505096;hep-th/9505096;7;2;9
hep-th/9311008;hep-th/9311008;11;1;12
hep-th/9505090;hep-th/9505090;0;2;2
hep-th/9403129;hep-th/9403129;2;18;20
hep-th/9307119;hep-th/9307119;2;1;3
hep-th/9407189;hep-th/9407189;2;6;8
hep-th/9505092;hep-th/9505092;1;2;3
hep-th/0608030;hep-th/0608030;2;13;15
gr-qc/9610051;gr-qc/9610051;1;4;5
hep-th/9505099;hep-th/9505099;2;3;5
hep-th/9407006;hep-th/9407006;1;2;3
hep-th/9411022;hep-th/9411022;8;18;26
hep-th/9409151;hep-th/9409151;10;0;10
hep-th/0608031;hep-th/0608031;5;40;45
hep-th/0303196;hep-th/0303196;3;11;14
hep-th/0307171;hep-th/0307171;5;35;40
hep-th/9405138;hep-th/9405138;13;1;14
hep-th/9407032;hep-th/9407032;23;3;26
hep-th/0312178;hep-th/0312178;0;20;20
hep-th/0201132;hep-th/0201132;16;15;31
hep-th/9204063;hep-th/9204063;5;0;5
hep-th/0312177;hep-th/0312177;1;8;9
hep-th/0112022;hep-th/0112022;3;6;9
hep-th/9512057;hep-th/9512057;5;2;7
hep-th/9411032;hep-th/9411032;1;0;1
hep-th/9501031;hep-th/9501031;5;2;7
hep-th/9203064;hep-th/9203064;7;0;7
hep-ph/9405248;hep-ph/9405248;5;9;14
hep-th/0311162;hep-th/0311162;5;7;12
hep-th/0311026;hep-th/0311026;4;19;23
hep-th/9501135;hep-th/9501135;13;0;13
hep-th/9201034;hep-th/9201034;13;2;15
hep-th/9507054;hep-th/9507054;2;0;2
hep-th/9108014;hep-th/9108014;16;0;16
hep-th/0312173;hep-th/0312173;7;1;8
0807.2999;0807.2999;0;2;2
hep-th/0305070;hep-th/0305070;5;28;33
hep-th/9406211;hep-th/9406211;2;0;2
hep-th/0303027;hep-th/0303027;3;0;3
math/0412261;math/0412261;16;7;23
math/0303049;math/0303049;6;3;9
hep-th/9302020;hep-th/9302020;4;21;25
hep-th/9110062;hep-th/9110062;1;0;1
hep-th/9202008;hep-th/9202008;11;1;12
0909.1547;0909.1547;0;3;3
cond-mat/9809200;cond-mat/9809200;0;6;6
hep-th/9405036;hep-th/9405036;1;3;4
cond-mat/9706004;cond-mat/9706004;1;0;1
0912.1090;0912.1090;0;5;5
math/0410322;math/0410322;0;8;8
0812.3820;0812.3820;0;34;34
hep-th/0608054;hep-th/0608054;5;30;35
cond-mat/0311406;cond-mat/0311406;2;2;4
hep-th/9809105;hep-th/9809105;15;34;49
hep-th/0002215;hep-th/0002215;6;23;29
hep-ph/0109215;hep-ph/0109215;0;6;6
hep-ph/0002098;hep-ph/0002098;3;11;14
hep-th/0002095;hep-th/0002095;2;0;2
hep-th/9810207;hep-th/9810207;6;0;6
hep-th/0303109;hep-th/0303109;18;27;45
hep-ph/9507223;hep-ph/9507223;2;8;10
cond-mat/9505081;cond-mat/9505081;1;0;1
hep-ph/9404319;hep-ph/9404319;3;0;3
0710.2354;0710.2354;0;16;16
hep-th/9610213;hep-th/9610213;5;2;7
0906.0046;0906.0046;0;3;3
hep-th/9702129;hep-th/9702129;1;2;3
math-ph/0612003;math-ph/0612003;3;0;3
0804.3265;0804.3265;0;14;14
0906.0042;0906.0042;0;2;2
hep-ph/9909336;hep-ph/9909336;8;1;9
hep-ph/9210255;hep-ph/9210255;10;0;10
hep-th/0605252;hep-th/0605252;5;27;32
hep-th/0603163;hep-th/0603163;9;12;21
0910.4528;0910.4528;0;15;15
hep-ph/9909338;hep-ph/9909338;0;3;3
hep-lat/9903039;hep-lat/9903039;10;5;15
hep-th/9701002;hep-th/9701002;0;5;5
hep-th/9512051;hep-th/9512051;2;2;4
hep-th/9507034;hep-th/9507034;2;4;6
hep-th/9612244;hep-th/9612244;1;6;7
hep-th/9602171;hep-th/9602171;3;4;7
hep-th/9708009;hep-th/9708009;2;92;94
hep-th/9308131;hep-th/9308131;18;3;21
hep-th/9607148;hep-th/9607148;6;19;25
math/0410494;math/0410494;0;3;3
hep-th/9708007;hep-th/9708007;10;8;18
hep-th/9507173;hep-th/9507173;5;0;5
hep-th/9610141;hep-th/9610141;7;0;7
hep-th/9707117;hep-th/9707117;1;0;1
hep-th/0406268;hep-th/0406268;7;3;10
gr-qc/0012021;gr-qc/0012021;4;4;8
hep-th/0609202;hep-th/0609202;6;22;28
hep-th/0609204;hep-th/0609204;1;7;8
hep-th/0603040;hep-th/0603040;4;3;7
hep-th/0602079;hep-th/0602079;2;4;6
hep-th/0509087;hep-th/0509087;6;3;9
hep-th/0105251;hep-th/0105251;31;12;43
hep-th/0307208;hep-th/0307208;9;8;17
hep-th/0604061;hep-th/0604061;2;32;34
hep-th/0609207;hep-th/0609207;0;9;9
hep-th/9911014;hep-th/9911014;11;4;15
hep-th/0102083;hep-th/0102083;7;12;19
hep-th/0107205;hep-th/0107205;2;11;13
hep-th/0405183;hep-th/0405183;3;12;15
hep-th/0406262;hep-th/0406262;1;29;30
hep-th/9202089;hep-th/9202089;4;0;4
hep-th/0402206;hep-th/0402206;10;59;69
hep-th/9209112;hep-th/9209112;5;6;11
hep-th/0405237;hep-th/0405237;3;42;45
hep-th/0209146;hep-th/0209146;3;17;20
hep-th/0312160;hep-th/0312160;2;85;87
hep-th/0406265;hep-th/0406265;0;34;34
hep-th/9705215;hep-th/9705215;5;11;16
hep-th/9211085;hep-th/9211085;14;6;20
hep-th/0404208;hep-th/0404208;1;63;64
hep-ph/0203177;hep-ph/0203177;8;0;8
hep-th/0406267;hep-th/0406267;2;25;27
hep-th/9701003;hep-th/9701003;1;3;4
0910.2076;0910.2076;0;7;7
hep-th/0606116;hep-th/0606116;14;16;30
0802.4399;0802.4399;0;4;4
astro-ph/0509755;astro-ph/0509755;3;11;14
0910.2079;0910.2079;0;7;7
0903.1927;0903.1927;0;27;27
hep-th/0601191;hep-th/0601191;6;25;31
cond-mat/0408478;cond-mat/0408478;3;1;4
hep-ph/9504310;hep-ph/9504310;5;7;12
hep-ph/0007116;hep-ph/0007116;3;6;9
hep-th/0004059;hep-th/0004059;8;6;14
0704.1746;0704.1746;0;7;7
0705.3095;0705.3095;0;13;13
hep-th/0508175;hep-th/0508175;6;12;18
gr-qc/0105056;gr-qc/0105056;9;2;11
0704.1745;0704.1745;0;7;7
hep-ph/0702066;hep-ph/0702066;4;6;10
hep-ph/0606010;hep-ph/0606010;2;5;7
0708.4231;0708.4231;0;42;42
0706.3887;0706.3887;0;10;10
hep-ph/0104278;hep-ph/0104278;2;7;9
0802.0719;0802.0719;0;37;37
hep-ph/9207242;hep-ph/9207242;8;0;8
hep-ph/0008190;hep-ph/0008190;1;12;13
hep-th/0010143;hep-th/0010143;1;55;56
hep-th/0010015;hep-th/0010015;6;31;37
hep-th/0007236;hep-th/0007236;10;63;73
hep-th/0010142;hep-th/0010142;0;15;15
hep-th/0010140;hep-th/0010140;2;8;10
quant-ph/9904018;quant-ph/9904018;7;9;16
hep-th/0009173;hep-th/0009173;10;20;30
hep-th/0010147;hep-th/0010147;0;7;7
hep-th/9310094;hep-th/9310094;5;0;5
hep-ph/9702378;hep-ph/9702378;1;1;2
hep-th/9503096;hep-th/9503096;4;1;5
hep-th/0010146;hep-th/0010146;0;7;7
hep-th/0009169;hep-th/0009169;2;0;2
gr-qc/0004014;gr-qc/0004014;1;2;3
hep-th/9910215;hep-th/9910215;9;16;25
hep-th/0605043;hep-th/0605043;6;14;20
0912.4021;0912.4021;0;21;21
hep-th/0511193;hep-th/0511193;13;26;39
hep-th/0603025;hep-th/0603025;0;16;16
hep-th/0510020;hep-th/0510020;2;14;16
hep-th/0511272;hep-th/0511272;2;13;15
0709.3939;0709.3939;0;5;5
hep-th/0309191;hep-th/0309191;7;21;28
hep-th/0211173;hep-th/0211173;11;7;18
0705.2357;0705.2357;0;2;2
hep-th/0605112;hep-th/0605112;3;4;7
gr-qc/0510042;gr-qc/0510042;5;11;16
0903.0617;0903.0617;0;14;14
astro-ph/0512332;astro-ph/0512332;6;16;22
astro-ph/0507174;astro-ph/0507174;6;4;10
hep-th/9508115;hep-th/9508115;4;4;8
hep-th/9409195;hep-th/9409195;6;0;6
hep-th/9305179;hep-th/9305179;12;14;26
hep-th/9206008;hep-th/9206008;6;0;6
hep-th/9508112;hep-th/9508112;1;2;3
hep-th/9406109;hep-th/9406109;2;6;8
hep-th/9312200;hep-th/9312200;5;0;5
hep-th/9312101;hep-th/9312101;4;0;4
hep-th/9312103;hep-th/9312103;4;0;4
hep-th/9310083;hep-th/9310083;6;0;6
hep-th/9705202;hep-th/9705202;12;17;29
cond-mat/9607181;cond-mat/9607181;1;2;3
hep-th/9705203;hep-th/9705203;0;11;11
hep-th/9402146;hep-th/9402146;1;1;2
hep-th/9701108;hep-th/9701108;1;4;5
hep-th/9705201;hep-th/9705201;1;7;8
hep-th/9406061;hep-th/9406061;6;0;6
hep-th/9705207;hep-th/9705207;5;3;8
hep-th/9508119;hep-th/9508119;0;2;2
hep-th/9508118;hep-th/9508118;1;4;5
hep-th/9406068;hep-th/9406068;11;7;18
hep-ph/0210122;hep-ph/0210122;2;6;8
hep-ph/0111067;hep-ph/0111067;7;4;11
hep-ph/0106305;hep-ph/0106305;3;4;7
hep-ph/0102203;hep-ph/0102203;10;5;15
hep-th/9701189;hep-th/9701189;1;1;2
hep-th/9407021;hep-th/9407021;7;11;18
hep-th/9701181;hep-th/9701181;0;2;2
hep-th/9608142;hep-th/9608142;6;0;6
hep-th/9701183;hep-th/9701183;2;6;8
hep-th/9305186;hep-th/9305186;3;0;3
hep-th/9509068;hep-th/9509068;3;0;3
0706.0962;0706.0962;0;1;1
0906.3800;0906.3800;0;22;22
hep-lat/0508006;hep-lat/0508006;0;5;5
hep-lat/0508007;hep-lat/0508007;3;8;11
hep-th/0507221;hep-th/0507221;3;8;11
hep-lat/0503018;hep-lat/0503018;2;14;16
hep-lat/0310011;hep-lat/0310011;2;6;8
hep-lat/9709092;hep-lat/9709092;6;1;7
0705.4021;0705.4021;0;33;33
hep-th/9305003;hep-th/9305003;6;0;6
hep-th/9206069;hep-th/9206069;7;0;7
hep-th/0407137;hep-th/0407137;3;15;18
hep-th/0312079;hep-th/0312079;3;57;60
hep-lat/0405016;hep-lat/0405016;8;2;10
hep-th/0308014;hep-th/0308014;9;26;35
hep-th/9804059;hep-th/9804059;3;39;42
hep-th/0407131;hep-th/0407131;0;17;17
hep-th/0110291;hep-th/0110291;17;26;43
hep-th/9307193;hep-th/9307193;4;0;4
hep-th/0406191;hep-th/0406191;7;30;37
hep-th/0512062;hep-th/0512062;8;63;71
hep-ph/9711313;hep-ph/9711313;12;2;14
hep-th/0407270;hep-th/0407270;2;11;13
hep-th/0512065;hep-th/0512065;1;1;2
0905.2943;0905.2943;0;17;17
hep-th/0512064;hep-th/0512064;1;16;17
hep-th/0406004;hep-th/0406004;3;0;3
hep-th/9802110;hep-th/9802110;0;7;7
hep-th/9802114;hep-th/9802114;2;1;3
hep-th/9403063;hep-th/9403063;5;0;5
hep-th/9704088;hep-th/9704088;7;1;8
hep-th/0006031;hep-th/0006031;1;3;4
hep-th/9412164;hep-th/9412164;3;0;3
cond-mat/9709109;cond-mat/9709109;1;1;2
hep-th/0006084;hep-th/0006084;1;8;9
hep-th/9709182;hep-th/9709182;9;3;12
0904.1419;0904.1419;0;8;8
hep-th/0703067;hep-th/0703067;4;14;18
0906.5565;0906.5565;0;15;15
0906.5562;0906.5562;0;2;2
hep-th/9204014;hep-th/9204014;7;0;7
0910.5939;0910.5939;0;1;1
hep-th/0211192;hep-th/0211192;6;13;19
hep-th/0411126;hep-th/0411126;3;55;58
hep-th/0308144;hep-th/0308144;6;69;75
hep-th/0308120;hep-th/0308120;8;42;50
0709.2822;0709.2822;0;6;6
hep-th/0205195;hep-th/0205195;7;28;35
cond-mat/9904446;cond-mat/9904446;2;1;3
math-ph/0608042;math-ph/0608042;1;5;6
hep-th/0411010;hep-th/0411010;4;2;6
hep-th/0202146;hep-th/0202146;4;13;17
0801.0291;0801.0291;0;1;1
gr-qc/0203074;gr-qc/0203074;4;8;12
hep-th/0508210;hep-th/0508210;3;39;42
hep-th/0403086;hep-th/0403086;3;11;14
hep-th/9402049;hep-th/9402049;4;0;4
hep-th/9908097;hep-th/9908097;4;10;14
hep-th/0309210;hep-th/0309210;2;9;11
hep-th/0507181;hep-th/0507181;4;13;17
0705.3529;0705.3529;0;8;8
hep-th/0208040;hep-th/0208040;1;13;14
hep-th/0206190;hep-th/0206190;5;3;8
hep-th/0009190;hep-th/0009190;8;19;27
hep-th/0208045;hep-th/0208045;1;1;2
hep-th/9404105;hep-th/9404105;5;4;9
hep-th/9507061;hep-th/9507061;4;12;16
hep-th/9507065;hep-th/9507065;0;3;3
solv-int/9502002;solv-int/9502002;1;0;1
hep-th/9507068;hep-th/9507068;3;7;10
hep-th/9310056;hep-th/9310056;4;5;9
hep-th/9212015;hep-th/9212015;8;0;8
hep-th/9212010;hep-th/9212010;10;1;11
hep-th/0505082;hep-th/0505082;11;18;29
0712.1569;0712.1569;0;51;51
hep-th/0609188;hep-th/0609188;3;14;17
hep-th/0310212;hep-th/0310212;9;10;19
hep-th/0301249;hep-th/0301249;15;37;52
hep-th/0203222;hep-th/0203222;19;43;62
hep-th/0610271;hep-th/0610271;3;18;21
hep-th/0412134;hep-th/0412134;6;18;24
hep-th/0201243;hep-th/0201243;15;37;52
hep-th/0308114;hep-th/0308114;10;7;17
hep-th/0505210;hep-th/0505210;2;17;19
hep-th/0603153;hep-th/0603153;3;52;55
hep-th/0508195;hep-th/0508195;4;31;35
hep-th/0401027;hep-th/0401027;1;39;40
hep-th/0412128;hep-th/0412128;9;6;15
hep-th/0405258;hep-th/0405258;11;21;32
hep-th/0507029;hep-th/0507029;7;35;42
hep-th/0607167;hep-th/0607167;4;16;20
hep-th/0408147;hep-th/0408147;2;19;21
0704.2464;0704.2464;0;14;14
math/0002100;math/0002100;1;3;4
hep-th/0609226;hep-th/0609226;4;6;10
hep-th/0505080;hep-th/0505080;1;7;8
hep-th/0208135;hep-th/0208135;7;8;15
hep-th/0202194;hep-th/0202194;1;3;4
hep-th/0111171;hep-th/0111171;4;2;6
hep-th/0105302;hep-th/0105302;2;45;47
hep-th/0202196;hep-th/0202196;0;16;16
hep-th/0012095;hep-th/0012095;4;8;12
gr-qc/9811075;gr-qc/9811075;1;4;5
hep-th/9807053;hep-th/9807053;1;5;6
hep-th/9910229;hep-th/9910229;2;13;15
hep-th/9207059;hep-th/9207059;0;1;1
hep-th/9204021;hep-th/9204021;2;0;2
hep-th/9504123;hep-th/9504123;24;1;25
hep-ph/9910299;hep-ph/9910299;4;26;30
hep-th/9305079;hep-th/9305079;23;1;24
0809.4492;0809.4492;0;3;3
hep-ph/0410348;hep-ph/0410348;3;26;29
0706.2742;0706.2742;0;28;28
hep-th/9707172;hep-th/9707172;0;10;10
hep-th/9604145;hep-th/9604145;2;8;10
q-alg/9707024;q-alg/9707024;1;0;1
hep-th/9707173;hep-th/9707173;1;11;12
hep-th/9612161;hep-th/9612161;2;0;2
hep-th/9310088;hep-th/9310088;6;3;9
cond-mat/9607006;cond-mat/9607006;4;2;6
chao-dyn/9706013;chao-dyn/9706013;2;0;2
hep-th/9707127;hep-th/9707127;1;4;5
chao-dyn/9606011;chao-dyn/9606011;1;0;1
hep-th/9707171;hep-th/9707171;8;29;37
hep-th/9510133;hep-th/9510133;10;3;13
hep-th/9707020;hep-th/9707020;3;2;5
gr-qc/9611026;gr-qc/9611026;2;13;15
hep-th/9707055;hep-th/9707055;1;0;1
hep-th/9705135;hep-th/9705135;1;4;5
hep-th/9601179;hep-th/9601179;7;18;25
hep-th/9602015;hep-th/9602015;7;7;14
dg-ga/9604002;dg-ga/9604002;3;1;4
hep-th/0009070;hep-th/0009070;10;14;24
hep-th/0107263;hep-th/0107263;1;26;27
hep-th/0011268;hep-th/0011268;2;3;5
hep-th/0110004;hep-th/0110004;2;12;14
astro-ph/9705200;astro-ph/9705200;13;5;18
hep-th/0105180;hep-th/0105180;4;22;26
hep-th/9611058;hep-th/9611058;12;1;13
gr-qc/9809047;gr-qc/9809047;2;1;3
0704.1060;0704.1060;0;30;30
hep-th/0611284;hep-th/0611284;5;14;19
hep-th/0607047;hep-th/0607047;8;26;34
hep-th/0603180;hep-th/0603180;10;24;34
hep-th/9405090;hep-th/9405090;6;2;8
0906.2039;0906.2039;0;39;39
math/9810055;math/9810055;4;0;4
hep-th/0503130;hep-th/0503130;3;15;18
hep-th/0501019;hep-th/0501019;6;9;15
hep-th/0612298;hep-th/0612298;7;39;46
nlin/0102021;nlin/0102021;8;19;27
hep-th/0602093;hep-th/0602093;17;31;48
hep-th/9411241;hep-th/9411241;5;4;9
hep-th/0606280;hep-th/0606280;12;9;21
math/0109140;math/0109140;1;0;1
cond-mat/0210295;cond-mat/0210295;0;14;14
hep-th/0105213;hep-th/0105213;5;3;8
cond-mat/0205100;cond-mat/0205100;1;13;14
0912.0826;0912.0826;0;31;31
gr-qc/0703127;gr-qc/0703127;5;20;25
hep-ph/0309173;hep-ph/0309173;3;7;10
gr-qc/0605131;gr-qc/0605131;18;41;59
hep-ph/0601243;hep-ph/0601243;12;30;42
hep-ph/0612105;hep-ph/0612105;6;18;24
hep-ph/0111435;hep-ph/0111435;5;10;15
0911.2592;0911.2592;0;27;27
hep-th/0507054;hep-th/0507054;8;11;19
hep-th/0508060;hep-th/0508060;2;29;31
hep-th/0510015;hep-th/0510015;4;4;8
astro-ph/0308291;astro-ph/0308291;6;9;15
astro-ph/0206131;astro-ph/0206131;6;2;8
hep-th/0601189;hep-th/0601189;4;17;21
hep-th/0505109;hep-th/0505109;4;8;12
gr-qc/0006018;gr-qc/0006018;8;3;11
astro-ph/0209312;astro-ph/0209312;11;1;12
hep-ph/0401238;hep-ph/0401238;19;24;43
cond-mat/0008458;cond-mat/0008458;0;1;1
cond-mat/0008457;cond-mat/0008457;0;1;1
0810.4041;0810.4041;0;30;30
0912.3624;0912.3624;0;29;29
0705.1334;0705.1334;0;29;29
hep-th/0410244;hep-th/0410244;10;12;22
hep-th/9502039;hep-th/9502039;1;7;8
hep-th/9506074;hep-th/9506074;2;8;10
hep-th/0409002;hep-th/0409002;5;13;18
nlin/0406050;nlin/0406050;4;6;10
hep-th/0308004;hep-th/0308004;2;40;42
0911.4518;0911.4518;0;9;9
gr-qc/0602069;gr-qc/0602069;3;11;14
hep-lat/0104003;hep-lat/0104003;1;13;14
0901.4073;0901.4073;0;46;46
hep-th/0401043;hep-th/0401043;8;69;77
0704.3330;0704.3330;0;36;36
math-ph/9905010;math-ph/9905010;0;157;157
hep-th/9307024;hep-th/9307024;2;2;4
hep-th/9307023;hep-th/9307023;3;0;3
hep-th/9803101;hep-th/9803101;6;4;10
hep-th/9702156;hep-th/9702156;3;10;13
hep-th/9901120;hep-th/9901120;8;43;51
hep-th/9904119;hep-th/9904119;3;12;15
hep-th/9605162;hep-th/9605162;6;2;8
hep-th/9404011;hep-th/9404011;13;15;28
hep-th/9709138;hep-th/9709138;11;32;43
hep-th/9511175;hep-th/9511175;12;0;12
math/9809157;math/9809157;1;0;1
hep-th/9611062;hep-th/9611062;7;4;11
cond-mat/9412031;cond-mat/9412031;2;0;2
hep-th/9308039;hep-th/9308039;2;4;6
hep-th/9304095;hep-th/9304095;5;0;5
alg-geom/9605005;alg-geom/9605005;3;3;6
0704.3334;0704.3334;0;2;2
q-alg/9612021;q-alg/9612021;4;0;4
0706.3134;0706.3134;0;28;28
hep-th/0312056;hep-th/0312056;3;11;14
math/0001089;math/0001089;6;0;6
0901.0756;0901.0756;0;63;63
0912.4717;0912.4717;0;2;2
hep-th/0312329;hep-th/0312329;0;19;19
hep-th/0001008;hep-th/0001008;9;6;15
hep-th/0502199;hep-th/0502199;8;40;48
0803.1742;0803.1742;0;13;13
hep-th/0702166;hep-th/0702166;6;48;54
0903.3269;0903.3269;0;10;10
astro-ph/0604457;astro-ph/0604457;9;9;18
0908.3875;0908.3875;0;12;12
0706.3130;0706.3130;0;5;5
hep-ph/9510427;hep-ph/9510427;5;0;5
cond-mat/0202129;cond-mat/0202129;0;2;2
hep-lat/0011043;hep-lat/0011043;1;0;1
cond-mat/0202128;cond-mat/0202128;1;0;1
0809.2619;0809.2619;0;24;24
hep-th/9610199;hep-th/9610199;20;9;29
0808.1213;0808.1213;0;13;13
0705.2250;0705.2250;0;30;30
0806.1897;0806.1897;0;4;4
astro-ph/9803029;astro-ph/9803029;0;4;4
hep-ph/9803223;hep-ph/9803223;2;4;6
hep-th/9709023;hep-th/9709023;14;15;29
0909.3519;0909.3519;0;13;13
0707.4039;0707.4039;0;7;7
0808.1212;0808.1212;0;25;25
hep-th/0702192;hep-th/0702192;7;11;18
0908.1816;0908.1816;0;50;50
hep-th/9209073;hep-th/9209073;7;0;7
0808.3309;0808.3309;0;3;3
physics/0608095;physics/0608095;3;1;4
astro-ph/0310764;astro-ph/0310764;2;5;7
hep-th/0312008;hep-th/0312008;4;57;61
hep-ph/9405350;hep-ph/9405350;0;2;2
0908.2546;0908.2546;0;31;31
0909.5108;0909.5108;0;19;19
hep-ph/0504021;hep-ph/0504021;2;0;2
hep-th/9909141;hep-th/9909141;13;8;21
math-ph/0112063;math-ph/0112063;0;4;4
gr-qc/9406011;gr-qc/9406011;1;5;6
gr-qc/9405056;gr-qc/9405056;2;0;2
hep-th/9305008;hep-th/9305008;2;0;2
0907.1178;0907.1178;0;26;26
hep-th/0602157;hep-th/0602157;13;11;24
hep-th/0701010;hep-th/0701010;15;55;70
hep-th/0508111;hep-th/0508111;16;2;18
astro-ph/0509878;astro-ph/0509878;6;6;12
astro-ph/0110497;astro-ph/0110497;17;12;29
gr-qc/0412135;gr-qc/0412135;7;18;25
physics/0402094;physics/0402094;0;8;8
hep-th/9407095;hep-th/9407095;3;1;4
hep-th/9811189;hep-th/9811189;15;12;27
hep-th/9706032;hep-th/9706032;10;27;37
hep-th/9806247;hep-th/9806247;2;0;2
hep-th/9807009;hep-th/9807009;7;11;18
0908.2014;0908.2014;0;13;13
hep-th/9805199;hep-th/9805199;8;12;20
gr-qc/9808025;gr-qc/9808025;1;3;4
gr-qc/9703047;gr-qc/9703047;11;1;12
hep-th/9811182;hep-th/9811182;3;10;13
hep-th/9601094;hep-th/9601094;5;5;10
hep-th/9603205;hep-th/9603205;4;5;9
hep-th/9503103;hep-th/9503103;2;5;7
physics/9712002;physics/9712002;1;2;3
hep-th/9811187;hep-th/9811187;8;4;12
gr-qc/9801045;gr-qc/9801045;10;0;10
gr-qc/9808020;gr-qc/9808020;0;2;2
hep-ph/0006117;hep-ph/0006117;5;4;9
hep-ph/0404012;hep-ph/0404012;7;10;17
0912.4721;0912.4721;0;23;23
hep-th/0001044;hep-th/0001044;3;17;20
hep-th/9907164;hep-th/9907164;19;18;37
hep-th/0001045;hep-th/0001045;1;3;4
hep-th/9912102;hep-th/9912102;5;2;7
hep-th/9802149;hep-th/9802149;4;0;4
hep-th/9912291;hep-th/9912291;6;4;10
hep-th/9705156;hep-th/9705156;13;12;25
hep-th/9807052;hep-th/9807052;12;14;26
hep-th/9505078;hep-th/9505078;3;0;3
hep-th/9906080;hep-th/9906080;1;3;4
hep-th/0001040;hep-th/0001040;1;1;2
hep-th/9912054;hep-th/9912054;4;0;4
hep-th/9410191;hep-th/9410191;3;0;3
hep-ph/9612244;hep-ph/9612244;13;3;16
hep-th/9908161;hep-th/9908161;2;16;18
quant-ph/0001031;quant-ph/0001031;4;0;4
hep-th/0301050;hep-th/0301050;3;6;9
hep-th/0301051;hep-th/0301051;0;7;7
hep-th/9707128;hep-th/9707128;5;1;6
0810.1053;0810.1053;0;55;55
0810.1058;0810.1058;0;5;5
cond-mat/0104072;cond-mat/0104072;3;27;30
math-ph/0304032;math-ph/0304032;7;10;17
hep-th/9703025;hep-th/9703025;3;0;3
hep-th/9505026;hep-th/9505026;3;0;3
solv-int/9701019;solv-int/9701019;5;4;9
hep-th/9611108;hep-th/9611108;8;8;16
hep-th/0511072;hep-th/0511072;4;35;39
0709.0314;0709.0314;0;17;17
0904.1753;0904.1753;0;4;4
hep-ph/0409321;hep-ph/0409321;3;4;7
astro-ph/0509291;astro-ph/0509291;4;6;10
hep-ph/0312305;hep-ph/0312305;5;4;9
hep-th/9510136;hep-th/9510136;11;6;17
hep-th/9702065;hep-th/9702065;14;7;21
hep-th/0102190;hep-th/0102190;6;12;18
hep-th/0012133;hep-th/0012133;8;11;19
hep-th/0112059;hep-th/0112059;4;45;49
hep-th/0201263;hep-th/0201263;0;6;6
hep-th/0011263;hep-th/0011263;1;3;4
hep-th/0201260;hep-th/0201260;12;21;33
hep-th/0312309;hep-th/0312309;8;46;54
hep-th/0312311;hep-th/0312311;7;41;48
hep-th/0212339;hep-th/0212339;8;15;23
hep-th/0205310;hep-th/0205310;10;53;63
0808.0706;0808.0706;0;44;44
astro-ph/0604101;astro-ph/0604101;8;0;8
hep-th/0111182;hep-th/0111182;18;86;104
hep-th/0111276;hep-th/0111276;17;26;43
hep-th/0201269;hep-th/0201269;1;2;3
0706.2836;0706.2836;0;8;8
math/9911049;math/9911049;4;8;12
hep-th/9302084;hep-th/9302084;2;0;2
0810.1583;0810.1583;0;20;20
hep-th/0504216;hep-th/0504216;8;51;59
hep-th/9909183;hep-th/9909183;18;14;32
hep-th/9501122;hep-th/9501122;9;0;9
0709.1952;0709.1952;0;15;15
0811.2936;0811.2936;0;46;46
hep-th/0510073;hep-th/0510073;4;0;4
0912.4724;0912.4724;0;14;14
hep-th/0608114;hep-th/0608114;5;16;21
hep-th/0608132;hep-th/0608132;4;24;28
hep-th/0703111;hep-th/0703111;8;8;16
hep-th/0702126;hep-th/0702126;12;10;22
hep-th/9801080;hep-th/9801080;14;8;22
0811.2939;0811.2939;0;1;1
nucl-th/0608004;nucl-th/0608004;1;0;1
0902.0487;0902.0487;0;3;3
hep-lat/9512011;hep-lat/9512011;13;0;13
hep-th/0306008;hep-th/0306008;4;11;15
hep-th/0510254;hep-th/0510254;1;16;17
hep-th/0510196;hep-th/0510196;1;12;13
hep-th/0509060;hep-th/0509060;2;6;8
0905.1259;0905.1259;0;14;14
alg-geom/9710022;alg-geom/9710022;12;0;12
hep-th/0510099;hep-th/0510099;2;31;33
hep-ph/9601259;hep-ph/9601259;1;5;6
hep-th/0204063;hep-th/0204063;3;10;13
hep-ph/9806335;hep-ph/9806335;5;1;6
hep-ph/9711230;hep-ph/9711230;7;4;11
0908.0039;0908.0039;0;11;11
hep-th/0009218;hep-th/0009218;2;1;3
hep-th/0204166;hep-th/0204166;2;7;9
hep-th/9709039;hep-th/9709039;14;3;17
hep-ph/9810519;hep-ph/9810519;9;4;13
hep-th/0204086;hep-th/0204086;1;14;15
hep-th/0204167;hep-th/0204167;7;36;43
hep-th/0204165;hep-th/0204165;0;14;14
hep-th/0008080;hep-th/0008080;5;16;21
hep-th/0009215;hep-th/0009215;6;26;32
hep-th/0001011;hep-th/0001011;4;20;24
hep-th/0003204;hep-th/0003204;5;34;39
hep-th/0009214;hep-th/0009214;3;21;24
hep-th/0009113;hep-th/0009113;2;14;16
hep-th/9905044;hep-th/9905044;2;12;14
hep-th/0005202;hep-th/0005202;5;12;17
hep-th/9910015;hep-th/9910015;4;18;22
hep-th/0009216;hep-th/0009216;0;7;7
hep-th/9911020;hep-th/9911020;4;6;10
0901.3147;0901.3147;0;23;23
0809.0082;0809.0082;0;10;10
astro-ph/0701212;astro-ph/0701212;2;15;17
0712.4120;0712.4120;0;18;18
hep-th/0703090;hep-th/0703090;20;17;37
hep-th/0207147;hep-th/0207147;4;7;11
hep-th/0601054;hep-th/0601054;11;45;56
hep-th/0601057;hep-th/0601057;0;2;2
hep-ph/0503257;hep-ph/0503257;3;1;4
hep-ph/0008026;hep-ph/0008026;5;1;6
math/0301362;math/0301362;1;9;10
math/9906104;math/9906104;6;2;8
math/0011172;math/0011172;4;2;6
math/0106129;math/0106129;2;0;2
hep-th/0511030;hep-th/0511030;4;24;28
hep-th/0506245;hep-th/0506245;8;70;78
0711.0707;0711.0707;0;46;46
quant-ph/9709032;quant-ph/9709032;3;0;3
hep-th/0510057;hep-th/0510057;2;4;6
hep-th/0410120;hep-th/0410120;7;5;12
hep-th/0510055;hep-th/0510055;4;3;7
math-ph/0406028;math-ph/0406028;1;7;8
hep-th/0205199;hep-th/0205199;9;7;16
hep-th/0306156;hep-th/0306156;7;10;17
math-ph/0111001;math-ph/0111001;1;8;9
0809.0083;0809.0083;0;43;43
0907.0910;0907.0910;0;53;53
hep-th/0012100;hep-th/0012100;29;39;68
hep-ph/0404105;hep-ph/0404105;1;9;10
0901.4246;0901.4246;0;1;1
hep-th/0312015;hep-th/0312015;3;2;5
astro-ph/0604225;astro-ph/0604225;6;7;13
astro-ph/9905303;astro-ph/9905303;12;3;15
astro-ph/0508122;astro-ph/0508122;4;3;7
0705.2510;0705.2510;0;28;28
hep-th/0605150;hep-th/0605150;4;34;38
hep-ph/0405188;hep-ph/0405188;6;14;20
hep-ph/0607314;hep-ph/0607314;1;20;21
0910.5584;0910.5584;0;15;15
0707.1919;0707.1919;0;5;5
hep-th/0602020;hep-th/0602020;5;5;10
hep-th/0701018;hep-th/0701018;2;6;8
hep-th/0509205;hep-th/0509205;7;5;12
hep-ph/0612032;hep-ph/0612032;5;5;10
hep-th/9304137;hep-th/9304137;0;2;2
hep-th/9304134;hep-th/9304134;1;2;3
hep-th/9303084;hep-th/9303084;2;0;2
hep-th/9301107;hep-th/9301107;2;0;2
math/0305424;math/0305424;3;12;15
hep-th/9401118;hep-th/9401118;13;0;13
hep-th/0002123;hep-th/0002123;10;7;17
hep-th/0210087;hep-th/0210087;2;6;8
0904.0668;0904.0668;0;6;6
0904.0663;0904.0663;0;15;15
hep-th/0208175;hep-th/0208175;6;0;6
0904.0664;0904.0664;0;5;5
hep-th/0511092;hep-th/0511092;11;11;22
hep-th/0411101;hep-th/0411101;0;3;3
hep-th/9301101;hep-th/9301101;7;0;7
hep-th/0309129;hep-th/0309129;5;10;15
hep-th/0102079;hep-th/0102079;20;13;33
hep-th/0002122;hep-th/0002122;7;3;10
hep-th/9811215;hep-th/9811215;11;6;17
hep-th/0309123;hep-th/0309123;0;12;12
hep-th/0003125;hep-th/0003125;3;3;6
hep-th/0008100;hep-th/0008100;1;18;19
hep-th/0309120;hep-th/0309120;7;28;35
hep-th/9707050;hep-th/9707050;1;8;9
hep-th/0309121;hep-th/0309121;7;22;29
hep-th/0309126;hep-th/0309126;0;5;5
hep-th/0208069;hep-th/0208069;3;5;8
hep-th/0304110;hep-th/0304110;1;9;10
hep-th/0309127;hep-th/0309127;1;31;32
hep-th/0309186;hep-th/0309186;12;0;12
hep-th/0309125;hep-th/0309125;0;20;20
hep-th/9407109;hep-th/9407109;4;0;4
0709.3831;0709.3831;0;13;13
hep-th/0608107;hep-th/0608107;1;12;13
hep-th/9412077;hep-th/9412077;4;9;13
0803.2467;0803.2467;0;10;10
hep-th/0404098;hep-th/0404098;3;32;35
0705.0444;0705.0444;1;7;8
gr-qc/0106084;gr-qc/0106084;4;0;4
hep-th/0311172;hep-th/0311172;4;17;21
0803.2462;0803.2462;0;14;14
0811.2067;0811.2067;0;3;3
0706.3688;0706.3688;0;6;6
hep-th/0512169;hep-th/0512169;10;6;16
0803.4106;0803.4106;0;3;3
0805.4301;0805.4301;0;9;9
0912.3712;0912.3712;0;14;14
gr-qc/0301046;gr-qc/0301046;2;3;5
hep-th/0612091;hep-th/0612091;9;0;9
hep-th/0007101;hep-th/0007101;7;2;9
hep-th/0703114;hep-th/0703114;8;24;32
0805.2507;0805.2507;0;9;9
hep-th/0201240;hep-th/0201240;2;7;9
cond-mat/0606217;cond-mat/0606217;4;5;9
0810.2778;0810.2778;0;12;12
0912.0030;0912.0030;0;18;18
hep-th/0505155;hep-th/0505155;9;29;38
hep-th/9311076;hep-th/9311076;4;1;5
hep-th/9311077;hep-th/9311077;0;2;2
hep-th/9311073;hep-th/9311073;5;1;6
hep-th/0310089;hep-th/0310089;7;0;7
0901.4860;0901.4860;0;3;3
0803.0826;0803.0826;0;7;7
0803.0827;0803.0827;0;31;31
math/0202297;math/0202297;1;1;2
hep-th/0010234;hep-th/0010234;3;6;9
hep-ph/0009319;hep-ph/0009319;3;18;21
gr-qc/0405074;gr-qc/0405074;4;4;8
gr-qc/0211040;gr-qc/0211040;5;3;8
hep-th/0103184;hep-th/0103184;12;29;41
0903.5508;0903.5508;0;4;4
0707.0908;0707.0908;0;8;8
hep-th/0701258;hep-th/0701258;2;6;8
hep-th/0702219;hep-th/0702219;1;15;16
hep-th/9602090;hep-th/9602090;2;1;3
hep-th/9602095;hep-th/9602095;0;3;3
hep-th/9309061;hep-th/9309061;2;0;2
hep-th/9602094;hep-th/9602094;2;14;16
hep-th/9601033;hep-th/9601033;13;6;19
hep-th/9502121;hep-th/9502121;3;4;7
hep-th/9312125;hep-th/9312125;1;4;5
hep-th/9602078;hep-th/9602078;6;8;14
hep-th/9602099;hep-th/9602099;0;10;10
hep-th/9602098;hep-th/9602098;4;2;6
cond-mat/9711308;cond-mat/9711308;1;1;2
hep-th/0611253;hep-th/0611253;1;13;14
hep-th/0503242;hep-th/0503242;3;38;41
0903.5502;0903.5502;0;2;2
hep-th/0610095;hep-th/0610095;8;1;9
hep-th/0402210;hep-th/0402210;3;5;8
hep-th/0606054;hep-th/0606054;1;3;4
hep-ph/0504225;hep-ph/0504225;8;8;16
hep-th/0604029;hep-th/0604029;3;25;28
hep-th/0606050;hep-th/0606050;1;10;11
hep-th/0512183;hep-th/0512183;3;11;14
hep-th/9512194;hep-th/9512194;1;3;4
0707.1676;0707.1676;0;45;45
hep-th/0108239;hep-th/0108239;10;15;25
hep-th/0207162;hep-th/0207162;9;19;28
hep-th/0204244;hep-th/0204244;4;6;10
0809.4203;0809.4203;0;5;5
0706.1893;0706.1893;0;42;42
hep-th/0102135;hep-th/0102135;12;25;37
0908.1713;0908.1713;0;1;1
0912.4604;0912.4604;0;27;27
0903.1542;0903.1542;0;2;2
hep-th/9405159;hep-th/9405159;0;8;8
hep-th/9307076;hep-th/9307076;2;3;5
hep-th/9405158;hep-th/9405158;3;2;5
hep-th/9302012;hep-th/9302012;3;0;3
hep-th/9312018;hep-th/9312018;7;5;12
hep-th/0410162;hep-th/0410162;0;10;10
hep-th/0307154;hep-th/0307154;14;0;14
hep-th/0306279;hep-th/0306279;9;10;19
hep-th/0312274;hep-th/0312274;8;4;12
hep-th/0410001;hep-th/0410001;10;5;15
hep-th/9903118;hep-th/9903118;7;15;22
hep-th/9703195;hep-th/9703195;7;34;41
hep-th/9712078;hep-th/9712078;2;4;6
hep-th/9712155;hep-th/9712155;9;19;28
hep-th/9903116;hep-th/9903116;7;1;8
hep-th/9805161;hep-th/9805161;6;1;7
hep-th/9903117;hep-th/9903117;3;22;25
hep-th/9903114;hep-th/9903114;0;4;4
hep-th/9903115;hep-th/9903115;1;13;14
hep-th/9611080;hep-th/9611080;1;5;6
hep-th/9812065;hep-th/9812065;2;10;12
hep-th/9801164;hep-th/9801164;1;7;8
quant-ph/0212036;quant-ph/0212036;0;1;1
cond-mat/0202346;cond-mat/0202346;14;9;23
hep-th/0209246;hep-th/0209246;22;7;29
hep-th/0104008;hep-th/0104008;31;5;36
hep-th/0104074;hep-th/0104074;2;0;2
0902.4434;0902.4434;0;1;1
0801.4203;0801.4203;0;22;22
0912.2988;0912.2988;0;14;14
hep-th/9609049;hep-th/9609049;1;7;8
hep-th/9609045;hep-th/9609045;14;3;17
hep-th/9602024;hep-th/9602024;10;0;10
hep-th/9607053;hep-th/9607053;2;0;2
hep-th/9609043;hep-th/9609043;3;7;10
hep-th/9607111;hep-th/9607111;1;1;2
hep-th/9606057;hep-th/9606057;2;9;11
hep-th/0307213;hep-th/0307213;1;14;15
hep-th/9504137;hep-th/9504137;3;6;9
hep-th/0306182;hep-th/0306182;7;22;29
hep-th/9811110;hep-th/9811110;7;12;19
dg-ga/9706004;dg-ga/9706004;4;3;7
hep-th/0104188;hep-th/0104188;1;20;21
hep-th/9710095;hep-th/9710095;4;9;13
hep-th/0307214;hep-th/0307214;0;1;1
astro-ph/0110705;astro-ph/0110705;1;0;1
hep-th/0205152;hep-th/0205152;7;1;8
hep-th/0104186;hep-th/0104186;1;2;3
hep-lat/0102008;hep-lat/0102008;1;1;2
hep-ph/0012284;hep-ph/0012284;6;2;8
hep-th/0104183;hep-th/0104183;0;1;1
hep-th/0104182;hep-th/0104182;1;1;2
0803.0176;0803.0176;0;17;17
0808.1799;0808.1799;0;18;18
hep-th/0511263;hep-th/0511263;1;23;24
hep-th/0209250;hep-th/0209250;3;3;6
hep-th/0608066;hep-th/0608066;1;5;6
hep-th/0509110;hep-th/0509110;2;11;13
hep-th/0202154;hep-th/0202154;2;3;5
0803.0175;0803.0175;0;9;9
hep-ph/0509334;hep-ph/0509334;5;7;12
hep-ph/0506097;hep-ph/0506097;3;6;9
hep-ph/0605323;hep-ph/0605323;3;10;13
hep-th/0504053;hep-th/0504053;7;5;12
hep-th/9909003;hep-th/9909003;3;13;16
hep-th/9908017;hep-th/9908017;2;23;25
hep-th/9907023;hep-th/9907023;6;30;36
hep-th/9912217;hep-th/9912217;11;11;22
hep-th/9903047;hep-th/9903047;2;0;2
hep-lat/9404007;hep-lat/9404007;16;0;16
hep-th/9507002;hep-th/9507002;7;1;8
hep-th/9509125;hep-th/9509125;9;1;10
hep-th/9804197;hep-th/9804197;5;2;7
hep-th/9809151;hep-th/9809151;4;3;7
hep-th/9912213;hep-th/9912213;1;6;7
hep-th/9811146;hep-th/9811146;10;10;20
0707.0015;0707.0015;0;75;75
hep-th/0612203;hep-th/0612203;5;6;11
hep-th/0312296;hep-th/0312296;8;38;46
hep-th/0102100;hep-th/0102100;3;15;18
hep-th/0512085;hep-th/0512085;4;14;18
hep-th/0010278;hep-th/0010278;8;21;29
hep-th/0612256;hep-th/0612256;1;30;31
hep-th/0411083;hep-th/0411083;1;47;48
hep-th/0604022;hep-th/0604022;9;24;33
hep-th/0109212;hep-th/0109212;7;112;119
hep-th/0308146;hep-th/0308146;2;16;18
hep-th/0410210;hep-th/0410210;5;7;12
hep-th/0212300;hep-th/0212300;4;12;16
hep-th/9509071;hep-th/9509071;9;6;15
hep-th/9606003;hep-th/9606003;8;13;21
hep-th/0010082;hep-th/0010082;19;11;30
hep-th/9906095;hep-th/9906095;5;14;19
hep-th/9207057;hep-th/9207057;4;0;4
hep-th/9504099;hep-th/9504099;6;9;15
quant-ph/0608013;quant-ph/0608013;0;27;27
quant-ph/0111146;quant-ph/0111146;2;0;2
hep-th/0409087;hep-th/0409087;3;1;4
hep-th/0411161;hep-th/0411161;7;10;17
hep-th/0502123;hep-th/0502123;7;20;27
hep-th/0305235;hep-th/0305235;10;8;18
hep-th/0403114;hep-th/0403114;7;20;27
hep-th/0310063;hep-th/0310063;8;4;12
hep-th/9906097;hep-th/9906097;0;3;3
hep-th/9803008;hep-th/9803008;2;0;2
hep-th/9903084;hep-th/9903084;1;2;3
cond-mat/9705066;cond-mat/9705066;3;0;3
hep-th/0502125;hep-th/0502125;0;16;16
math-ph/0405005;math-ph/0405005;4;9;13
hep-th/0501178;hep-th/0501178;2;1;3
hep-th/9705033;hep-th/9705033;3;1;4
math-ph/0405067;math-ph/0405067;14;20;34
hep-th/0411189;hep-th/0411189;11;3;14
math/9903104;math/9903104;17;7;24
math/0011162;math/0011162;10;23;33
hep-th/0405060;hep-th/0405060;2;9;11
hep-th/9906091;hep-th/9906091;3;3;6
hep-th/9901035;hep-th/9901035;7;0;7
hep-th/9507167;hep-th/9507167;2;9;11
hep-th/9404134;hep-th/9404134;15;0;15
hep-th/0104233;hep-th/0104233;0;2;2
hep-th/9605010;hep-th/9605010;1;16;17
hep-th/9509043;hep-th/9509043;4;13;17
hep-th/9602117;hep-th/9602117;9;9;18
hep-th/9604011;hep-th/9604011;6;7;13
hep-th/9605014;hep-th/9605014;0;1;1
hep-th/9505169;hep-th/9505169;11;0;11
hep-th/9605015;hep-th/9605015;0;2;2
hep-th/9605017;hep-th/9605017;2;15;17
0711.3541;0711.3541;0;27;27
0711.3994;0711.3994;0;6;6
hep-th/0306104;hep-th/0306104;2;4;6
gr-qc/0202093;gr-qc/0202093;2;0;2
math-ph/0105016;math-ph/0105016;3;0;3
gr-qc/0408060;gr-qc/0408060;1;10;11
astro-ph/9909143;astro-ph/9909143;3;6;9
hep-th/9810131;hep-th/9810131;8;0;8
0709.3963;0709.3963;0;9;9
hep-th/0310207;hep-th/0310207;1;0;1
hep-th/0604142;hep-th/0604142;3;0;3
cond-mat/9311038;cond-mat/9311038;1;2;3
cond-mat/9310027;cond-mat/9310027;2;1;3
hep-th/0303178;hep-th/0303178;3;20;23
math/9905113;math/9905113;1;2;3
hep-th/0306243;hep-th/0306243;1;8;9
hep-th/0109046;hep-th/0109046;1;3;4
0803.0417;0803.0417;0;4;4
math/0505475;math/0505475;4;0;4
hep-th/0306240;hep-th/0306240;0;6;6
hep-th/0209165;hep-th/0209165;3;3;6
hep-th/0306080;hep-th/0306080;2;6;8
hep-ph/9911521;hep-ph/9911521;2;15;17
hep-th/0306241;hep-th/0306241;3;3;6
0706.2887;0706.2887;0;1;1
hep-th/0306246;hep-th/0306246;2;1;3
hep-th/0206018;hep-th/0206018;9;27;36
0905.1668;0905.1668;0;4;4
hep-th/9807112;hep-th/9807112;2;0;2
0903.3903;0903.3903;0;20;20
hep-th/0310070;hep-th/0310070;4;1;5
hep-th/9907127;hep-th/9907127;0;8;8
alg-geom/9603025;alg-geom/9603025;1;1;2
hep-th/9705025;hep-th/9705025;6;22;28
hep-th/9907122;hep-th/9907122;4;2;6
hep-th/9903035;hep-th/9903035;3;1;4
hep-th/9809131;hep-th/9809131;3;0;3
hep-th/9907121;hep-th/9907121;1;5;6
hep-th/9907128;hep-th/9907128;4;21;25
gr-qc/9802031;gr-qc/9802031;6;0;6
astro-ph/0403586;astro-ph/0403586;5;14;19
gr-qc/9711026;gr-qc/9711026;5;1;6
astro-ph/0403110;astro-ph/0403110;4;10;14
gr-qc/9903037;gr-qc/9903037;4;2;6
hep-th/9512074;hep-th/9512074;9;16;25
hep-th/9402041;hep-th/9402041;6;4;10
cond-mat/0607788;cond-mat/0607788;1;4;5
hep-th/0001211;hep-th/0001211;12;20;32
hep-th/0007197;hep-th/0007197;7;27;34
hep-th/0010209;hep-th/0010209;1;1;2
0810.5236;0810.5236;0;12;12
math/0308015;math/0308015;4;1;5
0810.5234;0810.5234;0;60;60
hep-th/9610071;hep-th/9610071;3;1;4
hep-th/9111053;hep-th/9111053;4;0;4
hep-th/9502050;hep-th/9502050;1;16;17
hep-th/9502051;hep-th/9502051;2;2;4
hep-th/9502052;hep-th/9502052;1;5;6
hep-th/9509087;hep-th/9509087;1;9;10
hep-th/9407058;hep-th/9407058;9;0;9
hep-th/9401104;hep-th/9401104;3;0;3
hep-th/9110070;hep-th/9110070;11;0;11
hep-th/9502058;hep-th/9502058;1;9;10
hep-th/9410157;hep-th/9410157;3;14;17
hep-th/9502059;hep-th/9502059;1;10;11
hep-th/9406086;hep-th/9406086;5;2;7
hep-th/9509088;hep-th/9509088;5;5;10
hep-th/9312049;hep-th/9312049;7;10;17
hep-th/9509089;hep-th/9509089;1;1;2
hep-th/9410007;hep-th/9410007;1;1;2
hep-th/0101002;hep-th/0101002;3;30;33
hep-th/0102170;hep-th/0102170;0;11;11
hep-th/9706146;hep-th/9706146;4;8;12
hep-th/0102171;hep-th/0102171;3;7;10
hep-th/0004128;hep-th/0004128;7;8;15
hep-th/9307089;hep-th/9307089;2;1;3
hep-th/0102177;hep-th/0102177;4;3;7
gr-qc/0401046;gr-qc/0401046;3;2;5
hep-th/0008234;hep-th/0008234;2;9;11
hep-th/9907181;hep-th/9907181;1;1;2
hep-th/0006143;hep-th/0006143;1;3;4
hep-lat/0306009;hep-lat/0306009;0;24;24
hep-lat/0011035;hep-lat/0011035;3;8;11
hep-lat/9708020;hep-lat/9708020;3;2;5
hep-lat/9912020;hep-lat/9912020;2;0;2
hep-lat/9607047;hep-lat/9607047;2;2;4
hep-lat/9911022;hep-lat/9911022;8;19;27
hep-lat/9605003;hep-lat/9605003;8;1;9
hep-lat/9605005;hep-lat/9605005;10;5;15
hep-lat/0109002;hep-lat/0109002;2;5;7
0705.1924;0705.1924;0;8;8
hep-th/0102179;hep-th/0102179;3;7;10
hep-th/0003153;hep-th/0003153;9;27;36
hep-th/9409199;hep-th/9409199;4;1;5
hep-th/0101050;hep-th/0101050;2;8;10
hep-th/0211183;hep-th/0211183;4;11;15
hep-th/9908084;hep-th/9908084;3;6;9
0705.1923;0705.1923;0;9;9
0710.5356;0710.5356;0;22;22
hep-th/9301090;hep-th/9301090;1;1;2
solv-int/9909028;solv-int/9909028;3;0;3
hep-th/9307115;hep-th/9307115;6;5;11
hep-th/9207081;hep-th/9207081;4;1;5
0708.1248;0708.1248;0;112;112
hep-th/9908201;hep-th/9908201;10;29;39
hep-th/9706003;hep-th/9706003;5;1;6
hep-th/0006140;hep-th/0006140;5;38;43
hep-th/9905209;hep-th/9905209;16;20;36
hep-th/0703207;hep-th/0703207;2;13;15
hep-th/0305009;hep-th/0305009;3;0;3
hep-th/0509161;hep-th/0509161;3;3;6
hep-th/0307296;hep-th/0307296;5;5;10
hep-th/0608045;hep-th/0608045;2;6;8
nlin/0202042;nlin/0202042;0;7;7
math/0004118;math/0004118;1;3;4
hep-th/0010184;hep-th/0010184;2;12;14
hep-ph/9408211;hep-ph/9408211;0;3;3
nlin/0202043;nlin/0202043;0;6;6
0712.0537;0712.0537;0;9;9
hep-th/0207014;hep-th/0207014;7;62;69
0802.2098;0802.2098;0;4;4
hep-th/0205075;hep-th/0205075;5;36;41
hep-th/9810240;hep-th/9810240;5;0;5
hep-th/9409128;hep-th/9409128;4;7;11
hep-th/9807184;hep-th/9807184;0;26;26
hep-th/9702009;hep-th/9702009;2;8;10
gr-qc/9805058;gr-qc/9805058;4;51;55
gr-qc/9704077;gr-qc/9704077;9;8;17
hep-th/9801058;hep-th/9801058;6;25;31
hep-th/0009157;hep-th/0009157;3;9;12
hep-th/9806005;hep-th/9806005;12;31;43
hep-th/9510070;hep-th/9510070;2;7;9
hep-th/9611117;hep-th/9611117;6;14;20
hep-th/9609233;hep-th/9609233;13;14;27
hep-th/9603029;hep-th/9603029;11;1;12
hep-th/9605214;hep-th/9605214;12;0;12
hep-th/0009150;hep-th/0009150;6;11;17
hep-th/9808160;hep-th/9808160;21;2;23
hep-th/0009151;hep-th/0009151;0;6;6
gr-qc/9812059;gr-qc/9812059;4;12;16
hep-th/9705210;hep-th/9705210;9;28;37
hep-th/9612200;hep-th/9612200;5;29;34
hep-th/9709223;hep-th/9709223;1;2;3
gr-qc/9608053;gr-qc/9608053;12;15;27
gr-qc/9412065;gr-qc/9412065;9;4;13
hep-th/0412115;hep-th/0412115;2;20;22
hep-th/9910080;hep-th/9910080;5;6;11
hep-th/0412112;hep-th/0412112;3;13;16
hep-th/0304027;hep-th/0304027;15;19;34
hep-th/0412113;hep-th/0412113;0;6;6
hep-th/9912103;hep-th/9912103;8;8;16
hep-th/0309002;hep-th/0309002;20;25;45
hep-ph/9509219;hep-ph/9509219;0;4;4
hep-th/9408063;hep-th/9408063;1;0;1
hep-ph/0507298;hep-ph/0507298;2;11;13
hep-ph/0412066;hep-ph/0412066;4;0;4
hep-ph/0408284;hep-ph/0408284;11;10;21
hep-ph/0408335;hep-ph/0408335;7;2;9
hep-th/0407268;hep-th/0407268;4;25;29
hep-th/0405071;hep-th/0405071;6;13;19
hep-th/0310142;hep-th/0310142;11;30;41
0903.5483;0903.5483;0;35;35
hep-th/0506216;hep-th/0506216;4;31;35
hep-th/0208108;hep-th/0208108;11;0;11
0808.1051;0808.1051;0;19;19
physics/0406033;physics/0406033;0;9;9
math-ph/0204040;math-ph/0204040;3;0;3
math-ph/0105051;math-ph/0105051;1;6;7
hep-th/9805147;hep-th/9805147;1;9;10
hep-th/9810242;hep-th/9810242;3;0;3
physics/9712052;physics/9712052;1;2;3
0809.1600;0809.1600;0;7;7
hep-th/0609133;hep-th/0609133;1;18;19
physics/0406009;physics/0406009;1;0;1
hep-th/0401193;hep-th/0401193;1;4;5
gr-qc/0009087;gr-qc/0009087;3;1;4
hep-th/0309073;hep-th/0309073;9;7;16
hep-th/0701045;hep-th/0701045;0;1;1
hep-th/0509138;hep-th/0509138;1;0;1
math/0311293;math/0311293;4;1;5
math/0309408;math/0309408;4;1;5
0708.2743;0708.2743;0;18;18
gr-qc/9408023;gr-qc/9408023;5;2;7
hep-th/0412097;hep-th/0412097;7;6;13
hep-th/0111170;hep-th/0111170;2;0;2
0901.0785;0901.0785;0;5;5
hep-th/0006010;hep-th/0006010;22;16;38
hep-th/0703172;hep-th/0703172;9;18;27
astro-ph/0406168;astro-ph/0406168;7;6;13
hep-ph/0109261;hep-ph/0109261;3;5;8
hep-ph/9911537;hep-ph/9911537;5;8;13
0708.2747;0708.2747;0;24;24
hep-th/9505060;hep-th/9505060;7;3;10
0803.0820;0803.0820;0;5;5
0710.0452;0710.0452;0;10;10
hep-th/0703240;hep-th/0703240;3;13;16
cond-mat/0607444;cond-mat/0607444;2;0;2
0708.2744;0708.2744;0;5;5
hep-th/0611319;hep-th/0611319;3;11;14
0910.1589;0910.1589;0;30;30
quant-ph/0506005;quant-ph/0506005;4;7;11
quant-ph/0412192;quant-ph/0412192;3;2;5
hep-th/0701044;hep-th/0701044;4;11;15
hep-th/0602209;hep-th/0602209;2;14;16
hep-th/0401009;hep-th/0401009;5;9;14
hep-th/0406079;hep-th/0406079;3;0;3
hep-th/9409135;hep-th/9409135;3;3;6
hep-th/9304006;hep-th/9304006;3;1;4
hep-th/0103254;hep-th/0103254;5;2;7
0912.1021;0912.1021;0;12;12
quant-ph/0503113;quant-ph/0503113;1;1;2
hep-th/0403008;hep-th/0403008;3;1;4
cond-mat/9906359;cond-mat/9906359;3;4;7
0912.1029;0912.1029;0;15;15
hep-th/0304051;hep-th/0304051;10;34;44
hep-th/9811038;hep-th/9811038;6;10;16
hep-th/9305169;hep-th/9305169;2;2;4
hep-th/9903075;hep-th/9903075;5;3;8
hep-th/0101067;hep-th/0101067;4;4;8
solv-int/9601001;solv-int/9601001;4;2;6
hep-th/9606101;hep-th/9606101;7;6;13
hep-th/9511091;hep-th/9511091;3;0;3
hep-th/9712081;hep-th/9712081;7;4;11
0801.4058;0801.4058;0;5;5
hep-th/0206119;hep-th/0206119;9;3;12
hep-th/0212271;hep-th/0212271;6;10;16
hep-th/0103062;hep-th/0103062;7;4;11
hep-th/0408176;hep-th/0408176;0;1;1
hep-th/0406249;hep-th/0406249;1;1;2
hep-th/0408175;hep-th/0408175;9;125;134
hep-th/0402223;hep-th/0402223;5;13;18
hep-th/9811045;hep-th/9811045;9;15;24
hep-th/0408174;hep-th/0408174;8;26;34
hep-th/0309215;hep-th/0309215;10;6;16
hep-th/0408173;hep-th/0408173;6;14;20
hep-th/0103245;hep-th/0103245;0;7;7
hep-th/0103066;hep-th/0103066;1;24;25
hep-th/9503193;hep-th/9503193;1;3;4
0907.0496;0907.0496;0;9;9
hep-th/0001114;hep-th/0001114;4;26;30
hep-th/0012220;hep-th/0012220;2;18;20
hep-th/9805072;hep-th/9805072;2;6;8
hep-ph/0007212;hep-ph/0007212;1;4;5
hep-th/9801113;hep-th/9801113;0;13;13
hep-th/9709174;hep-th/9709174;4;14;18
hep-th/9801112;hep-th/9801112;0;4;4
hep-th/9801111;hep-th/9801111;0;10;10
hep-th/9710049;hep-th/9710049;10;17;27
hep-th/9711021;hep-th/9711021;4;5;9
hep-th/9801117;hep-th/9801117;1;2;3
hep-th/9801116;hep-th/9801116;0;36;36
hep-th/9801115;hep-th/9801115;7;5;12
hep-th/9606196;hep-th/9606196;6;19;25
hep-th/0103244;hep-th/0103244;3;19;22
0704.3129;0704.3129;0;6;6
cond-mat/0605225;cond-mat/0605225;4;3;7
gr-qc/0611075;gr-qc/0611075;7;20;27
0705.1864;0705.1864;0;66;66
hep-th/0612250;hep-th/0612250;8;23;31
gr-qc/9906115;gr-qc/9906115;2;4;6
0903.5326;0903.5326;0;6;6
hep-th/0401185;hep-th/0401185;4;36;40
hep-th/9412137;hep-th/9412137;1;0;1
hep-th/9811001;hep-th/9811001;2;3;5
hep-th/0301256;hep-th/0301256;4;0;4
hep-th/9312078;hep-th/9312078;2;0;2
hep-th/9810120;hep-th/9810120;2;2;4
hep-th/0401186;hep-th/0401186;0;28;28
hep-th/0401181;hep-th/0401181;4;18;22
hep-th/0307120;hep-th/0307120;6;19;25
hep-th/0401183;hep-th/0401183;0;1;1
gr-qc/9909090;gr-qc/9909090;4;4;8
hep-th/0401182;hep-th/0401182;0;13;13
hep-th/0305033;hep-th/0305033;5;21;26
gr-qc/0207076;gr-qc/0207076;8;9;17
hep-ph/0205190;hep-ph/0205190;7;3;10
hep-th/0401189;hep-th/0401189;1;5;6
gr-qc/9211014;gr-qc/9211014;6;1;7
hep-th/0401188;hep-th/0401188;0;4;4
0903.0541;0903.0541;0;18;18
0811.3755;0811.3755;0;61;61
hep-th/0412158;hep-th/0412158;3;20;23
hep-th/9211065;hep-th/9211065;1;0;1
q-alg/9412009;q-alg/9412009;1;0;1
0705.3500;0705.3500;0;55;55
hep-th/0310140;hep-th/0310140;8;51;59
hep-th/0403097;hep-th/0403097;11;45;56
astro-ph/0502439;astro-ph/0502439;0;4;4
hep-th/0601116;hep-th/0601116;7;19;26
quant-ph/0108081;quant-ph/0108081;4;1;5
hep-th/9812123;hep-th/9812123;5;0;5
gr-qc/0602054;gr-qc/0602054;3;3;6
gr-qc/0210045;gr-qc/0210045;18;2;20
hep-th/0511057;hep-th/0511057;2;7;9
0912.3717;0912.3717;0;18;18
gr-qc/9604026;gr-qc/9604026;12;2;14
gr-qc/9805056;gr-qc/9805056;10;3;13
gr-qc/9709045;gr-qc/9709045;12;2;14
gr-qc/9808004;gr-qc/9808004;2;1;3
gr-qc/9907024;gr-qc/9907024;1;0;1
0807.1939;0807.1939;0;147;147
hep-ph/0610391;hep-ph/0610391;6;5;11
hep-ph/0204255;hep-ph/0204255;4;19;23
hep-ph/0202223;hep-ph/0202223;7;17;24
hep-th/0508117;hep-th/0508117;5;7;12
hep-th/0510203;hep-th/0510203;4;17;21
hep-ph/0205106;hep-ph/0205106;33;44;77
0707.0864;0707.0864;0;12;12
hep-th/0409190;hep-th/0409190;2;11;13
0801.3879;0801.3879;0;4;4
gr-qc/0007016;gr-qc/0007016;1;0;1
gr-qc/0003061;gr-qc/0003061;1;0;1
0712.2775;0712.2775;0;49;49
0712.2777;0712.2777;0;26;26
hep-th/0703117;hep-th/0703117;1;25;26
astro-ph/0606266;astro-ph/0606266;10;6;16
astro-ph/0604279;astro-ph/0604279;8;7;15
hep-th/0403040;hep-th/0403040;0;16;16
0906.3272;0906.3272;0;21;21
hep-th/9906078;hep-th/9906078;4;33;37
0906.3275;0906.3275;0;34;34
hep-th/0611139;hep-th/0611139;7;15;22
hep-th/0403221;hep-th/0403221;5;63;68
hep-th/0404128;hep-th/0404128;1;9;10
hep-th/9304118;hep-th/9304118;1;0;1
hep-th/0305260;hep-th/0305260;5;4;9
hep-th/0212084;hep-th/0212084;1;18;19
hep-th/0404121;hep-th/0404121;5;29;34
hep-th/0012062;hep-th/0012062;6;120;126
hep-th/0210069;hep-th/0210069;6;4;10
astro-ph/0111287;astro-ph/0111287;2;5;7
hep-th/0107241;hep-th/0107241;5;28;33
hep-ph/0307361;hep-ph/0307361;2;5;7
hep-th/0311195;hep-th/0311195;4;19;23
hep-ph/9807321;hep-ph/9807321;14;2;16
hep-ph/9611277;hep-ph/9611277;8;5;13
hep-ph/0302119;hep-ph/0302119;7;20;27
hep-ph/0008243;hep-ph/0008243;3;1;4
hep-th/0403105;hep-th/0403105;5;30;35
hep-th/0606260;hep-th/0606260;6;16;22
hep-th/0606160;hep-th/0606160;9;14;23
hep-th/0606146;hep-th/0606146;14;39;53
0906.2469;0906.2469;0;6;6
hep-ph/9212248;hep-ph/9212248;7;2;9
hep-ph/9508202;hep-ph/9508202;19;4;23
hep-th/0607088;hep-th/0607088;0;142;142
hep-th/0501007;hep-th/0501007;10;12;22
hep-th/0206199;hep-th/0206199;3;5;8
hep-th/0209175;hep-th/0209175;6;11;17
hep-th/9711196;hep-th/9711196;6;14;20
hep-th/0506229;hep-th/0506229;4;2;6
hep-th/0510068;hep-th/0510068;6;28;34
hep-th/0402141;hep-th/0402141;9;0;9
hep-th/0412154;hep-th/0412154;5;10;15
hep-th/0110051;hep-th/0110051;11;8;19
hep-th/0608052;hep-th/0608052;2;5;7
hep-th/0603148;hep-th/0603148;2;0;2
hep-th/0204018;hep-th/0204018;4;3;7
math/0606323;math/0606323;4;5;9
hep-th/0602284;hep-th/0602284;10;23;33
hep-th/0602094;hep-th/0602094;7;13;20
hep-th/0505165;hep-th/0505165;2;12;14
hep-th/0006172;hep-th/0006172;6;24;30
hep-th/0607084;hep-th/0607084;3;35;38
hep-th/0211008;hep-th/0211008;17;15;32
hep-th/0607086;hep-th/0607086;10;15;25
hep-th/0604190;hep-th/0604190;1;0;1
hep-th/9505118;hep-th/9505118;0;1;1
hep-th/9811150;hep-th/9811150;19;10;29
hep-th/0003288;hep-th/0003288;12;14;26
hep-th/0106119;hep-th/0106119;6;2;8
hep-th/9712088;hep-th/9712088;17;10;27
physics/0006056;physics/0006056;11;2;13
hep-th/0405253;hep-th/0405253;7;7;14
0804.3063;0804.3063;0;26;26
hep-th/0007058;hep-th/0007058;5;37;42
0806.3801;0806.3801;0;7;7
hep-th/0607144;hep-th/0607144;9;4;13
hep-th/0605295;hep-th/0605295;11;5;16
0804.3066;0804.3066;0;20;20
hep-ph/0402119;hep-ph/0402119;3;15;18
hep-th/0511265;hep-th/0511265;4;10;14
hep-th/0412176;hep-th/0412176;6;14;20
hep-ph/0610116;hep-ph/0610116;2;7;9
hep-th/0603065;hep-th/0603065;4;16;20
hep-lat/0412043;hep-lat/0412043;8;3;11
hep-th/0008202;hep-th/0008202;3;7;10
hep-th/9505110;hep-th/9505110;2;1;3
hep-th/9505111;hep-th/9505111;4;3;7
hep-th/9301030;hep-th/9301030;5;0;5
hep-th/9505114;hep-th/9505114;1;3;4
hep-th/9411092;hep-th/9411092;8;2;10
hep-th/9505115;hep-th/9505115;2;3;5
hep-th/9505116;hep-th/9505116;12;9;21
hep-th/9503029;hep-th/9503029;15;8;23
hep-lat/9507012;hep-lat/9507012;1;1;2
hep-lat/9305008;hep-lat/9305008;2;0;2
hep-lat/9401022;hep-lat/9401022;9;2;11
gr-qc/0005089;gr-qc/0005089;1;1;2
hep-th/9306123;hep-th/9306123;2;1;3
hep-th/9209021;hep-th/9209021;4;4;8
hep-th/0701124;hep-th/0701124;2;2;4
hep-th/0602098;hep-th/0602098;1;1;2
hep-th/0507022;hep-th/0507022;4;3;7
0811.3753;0811.3753;0;8;8
hep-th/0407217;hep-th/0407217;1;2;3
hep-th/0010116;hep-th/0010116;12;22;34
hep-th/9904043;hep-th/9904043;1;15;16
hep-th/0011135;hep-th/0011135;0;4;4
hep-th/9807022;hep-th/9807022;11;7;18
hep-th/9907052;hep-th/9907052;2;14;16
hep-th/9408072;hep-th/9408072;1;0;1
hep-th/9711103;hep-th/9711103;1;3;4
hep-th/9609135;hep-th/9609135;2;4;6
hep-th/9711105;hep-th/9711105;5;19;24
hep-th/9711082;hep-th/9711082;7;58;65
hep-th/9710124;hep-th/9710124;5;28;33
hep-th/9711109;hep-th/9711109;2;19;21
hep-th/9709037;hep-th/9709037;1;17;18
nlin/0511067;nlin/0511067;0;18;18
math/0403246;math/0403246;2;14;16
math/0104071;math/0104071;5;4;9
hep-th/9312031;hep-th/9312031;2;5;7
math/0307026;math/0307026;2;8;10
hep-th/0308127;hep-th/0308127;10;5;15
hep-th/0306086;hep-th/0306086;1;11;12
cond-mat/0210046;cond-mat/0210046;2;7;9
cond-mat/0011305;cond-mat/0011305;8;19;27
cond-mat/0106372;cond-mat/0106372;6;8;14
hep-th/0306100;hep-th/0306100;1;8;9
hep-th/0501162;hep-th/0501162;3;21;24
hep-lat/0408041;hep-lat/0408041;0;5;5
hep-th/9709178;hep-th/9709178;11;13;24
hep-th/0501168;hep-th/0501168;5;23;28
hep-th/0409037;hep-th/0409037;13;63;76
hep-th/9712102;hep-th/9712102;4;24;28
0903.4670;0903.4670;0;6;6
hep-th/0311038;hep-th/0311038;0;4;4
hep-th/0107017;hep-th/0107017;7;4;11
hep-th/0006153;hep-th/0006153;8;5;13
hep-th/9907168;hep-th/9907168;13;4;17
hep-th/9907044;hep-th/9907044;12;2;14
hep-th/9908172;hep-th/9908172;10;7;17
hep-th/0206215;hep-th/0206215;0;7;7
hep-th/0311035;hep-th/0311035;0;16;16
0711.0543;0711.0543;0;5;5
hep-th/0206181;hep-th/0206181;4;20;24
hep-ph/9802400;hep-ph/9802400;2;1;3
hep-ph/0311329;hep-ph/0311329;4;21;25
math-ph/0210022;math-ph/0210022;2;6;8
hep-th/0103119;hep-th/0103119;2;2;4
hep-th/0108067;hep-th/0108067;5;5;10
math-ph/0210021;math-ph/0210021;2;6;8
hep-th/0011076;hep-th/0011076;7;6;13
math-ph/0009038;math-ph/0009038;4;3;7
hep-th/9411184;hep-th/9411184;3;8;11
hep-th/9303064;hep-th/9303064;4;1;5
hep-th/9303071;hep-th/9303071;3;0;3
hep-th/9312040;hep-th/9312040;3;2;5
hep-th/9411186;hep-th/9411186;1;5;6
hep-th/9211093;hep-th/9211093;11;2;13
hep-th/9411181;hep-th/9411181;0;2;2
hep-th/9411180;hep-th/9411180;7;1;8
hep-th/9208062;hep-th/9208062;8;0;8
hep-th/9411183;hep-th/9411183;0;8;8
hep-th/9310019;hep-th/9310019;5;3;8
hep-th/9411182;hep-th/9411182;1;1;2
hep-th/9212056;hep-th/9212056;1;0;1
hep-th/9706060;hep-th/9706060;4;6;10
hep-th/0310026;hep-th/0310026;7;5;12
hep-th/0212029;hep-th/0212029;16;0;16
hep-th/0406182;hep-th/0406182;1;7;8
hep-th/0310152;hep-th/0310152;4;7;11
hep-th/0310097;hep-th/0310097;1;4;5
hep-th/0206105;hep-th/0206105;3;6;9
hep-ph/0111333;hep-ph/0111333;2;30;32
hep-ph/0012076;hep-ph/0012076;5;16;21
hep-ph/0105262;hep-ph/0105262;8;18;26
hep-th/0508197;hep-th/0508197;0;6;6
hep-ph/9810230;hep-ph/9810230;7;4;11
hep-th/0311152;hep-th/0311152;7;20;27
gr-qc/0205104;gr-qc/0205104;4;2;6
hep-th/0208183;hep-th/0208183;3;7;10
hep-th/9306090;hep-th/9306090;5;0;5
hep-th/9304089;hep-th/9304089;4;0;4
hep-th/0309254;hep-th/0309254;6;5;11
hep-th/0409116;hep-th/0409116;5;9;14
hep-th/0508192;hep-th/0508192;0;14;14
hep-th/0105226;hep-th/0105226;7;7;14
hep-th/0005238;hep-th/0005238;0;10;10
hep-ph/9307209;hep-ph/9307209;20;1;21
hep-th/0005236;hep-th/0005236;6;21;27
hep-ph/0003112;hep-ph/0003112;4;14;18
gr-qc/9903022;gr-qc/9903022;9;20;29
hep-th/0005231;hep-th/0005231;2;2;4
hep-th/0001018;hep-th/0001018;11;22;33
0906.4558;0906.4558;0;2;2
0705.0258;0705.0258;0;1;1
0711.0090;0711.0090;0;1;1
hep-th/0606155;hep-th/0606155;4;20;24
cond-mat/9809259;cond-mat/9809259;4;8;12
hep-th/9905117;hep-th/9905117;4;22;26
hep-th/9509052;hep-th/9509052;18;17;35
hep-th/9902135;hep-th/9902135;5;0;5
hep-ph/9908293;hep-ph/9908293;3;0;3
hep-th/9306103;hep-th/9306103;8;3;11
hep-ph/9911307;hep-ph/9911307;3;8;11
hep-th/0010261;hep-th/0010261;0;9;9
hep-ph/9809272;hep-ph/9809272;7;5;12
hep-th/0007016;hep-th/0007016;3;5;8
hep-th/0609019;hep-th/0609019;0;11;11
hep-th/0609018;hep-th/0609018;0;17;17
hep-th/0401061;hep-th/0401061;5;8;13
hep-th/0508050;hep-th/0508050;2;6;8
hep-th/0509170;hep-th/0509170;26;47;73
hep-th/9605126;hep-th/9605126;4;8;12
hep-th/9302134;hep-th/9302134;3;3;6
hep-th/9407069;hep-th/9407069;2;13;15
hep-th/0606159;hep-th/0606159;1;13;14
hep-th/9701027;hep-th/9701027;24;2;26
hep-th/0501040;hep-th/0501040;4;4;8
hep-th/9706188;hep-th/9706188;10;9;19
hep-th/0606158;hep-th/0606158;1;13;14
hep-th/9903216;hep-th/9903216;8;5;13
hep-th/0506198;hep-th/0506198;10;4;14
hep-th/9601002;hep-th/9601002;13;0;13
hep-th/0302094;hep-th/0302094;0;1;1
0811.2262;0811.2262;0;15;15
physics/0407022;physics/0407022;4;5;9
gr-qc/0210066;gr-qc/0210066;3;0;3
physics/0402051;physics/0402051;1;2;3
quant-ph/9810062;quant-ph/9810062;1;0;1
hep-th/9408174;hep-th/9408174;3;1;4
gr-qc/9411055;gr-qc/9411055;5;5;10
0902.2174;0902.2174;0;18;18
hep-th/0111095;hep-th/0111095;0;8;8
hep-th/0507147;hep-th/0507147;8;8;16
0905.1087;0905.1087;0;33;33
0706.1618;0706.1618;0;22;22
0906.0261;0906.0261;0;2;2
0905.2774;0905.2774;0;5;5
gr-qc/0102110;gr-qc/0102110;8;12;20
gr-qc/0603107;gr-qc/0603107;1;2;3
gr-qc/0604043;gr-qc/0604043;2;2;4
hep-th/0605032;hep-th/0605032;2;19;21
hep-th/0111094;hep-th/0111094;4;19;23
hep-th/0202018;hep-th/0202018;2;5;7
hep-th/0202019;hep-th/0202019;2;6;8
cond-mat/0108051;cond-mat/0108051;9;10;19
math-ph/0312074;math-ph/0312074;0;3;3
math-ph/0207019;math-ph/0207019;3;1;4
math-ph/0306028;math-ph/0306028;2;1;3
hep-th/0202013;hep-th/0202013;1;2;3
hep-th/0201217;hep-th/0201217;2;0;2
hep-th/9608100;hep-th/9608100;4;2;6
hep-th/0202014;hep-th/0202014;8;58;66
hep-th/0104232;hep-th/0104232;3;39;42
hep-th/0202015;hep-th/0202015;2;3;5
hep-th/0112049;hep-th/0112049;7;10;17
hep-th/0202016;hep-th/0202016;2;10;12
hep-th/0112165;hep-th/0112165;16;13;29
hep-th/9706149;hep-th/9706149;1;3;4
cond-mat/0302377;cond-mat/0302377;0;2;2
hep-th/9606192;hep-th/9606192;4;11;15
0808.2575;0808.2575;0;3;3
0901.2005;0901.2005;0;6;6
hep-th/0507065;hep-th/0507065;7;46;53
hep-th/9312120;hep-th/9312120;1;3;4
hep-th/9609154;hep-th/9609154;4;3;7
physics/0607099;physics/0607099;0;2;2
physics/0401062;physics/0401062;5;0;5
hep-th/9704144;hep-th/9704144;15;0;15
0806.1519;0806.1519;0;15;15
0905.0634;0905.0634;0;15;15
math/0009144;math/0009144;9;1;10
0706.1244;0706.1244;0;45;45
hep-th/0405227;hep-th/0405227;9;126;135
0711.4674;0711.4674;0;3;3
gr-qc/0601013;gr-qc/0601013;16;6;22
0706.1240;0706.1240;0;38;38
0806.1512;0806.1512;0;5;5
hep-th/9706064;hep-th/9706064;1;0;1
hep-th/0601021;hep-th/0601021;5;2;7
hep-th/0601048;hep-th/0601048;4;2;6
0806.0643;0806.0643;0;16;16
0806.0642;0806.0642;0;21;21
gr-qc/0610104;gr-qc/0610104;4;7;11
quant-ph/0109108;quant-ph/0109108;0;5;5
hep-th/9803169;hep-th/9803169;3;3;6
0911.0270;0911.0270;0;9;9
hep-th/9803261;hep-th/9803261;12;12;24
gr-qc/0611119;gr-qc/0611119;3;19;22
hep-th/0011228;hep-th/0011228;0;5;5
0811.1794;0811.1794;0;28;28
hep-ph/0302087;hep-ph/0302087;12;13;25
gr-qc/0501040;gr-qc/0501040;16;0;16
hep-th/0603037;hep-th/0603037;1;17;18
hep-th/0510144;hep-th/0510144;12;54;66
hep-th/0508131;hep-th/0508131;10;47;57
0811.1799;0811.1799;0;9;9
gr-qc/0611040;gr-qc/0611040;10;17;27
hep-lat/9709039;hep-lat/9709039;6;6;12
hep-lat/9709038;hep-lat/9709038;2;2;4
hep-lat/9801010;hep-lat/9801010;9;7;16
0910.5347;0910.5347;0;13;13
hep-ph/0107174;hep-ph/0107174;2;4;6
astro-ph/0007247;astro-ph/0007247;4;8;12
0707.3885;0707.3885;0;34;34
0810.0227;0810.0227;0;24;24
hep-th/0301187;hep-th/0301187;11;41;52
hep-th/0701285;hep-th/0701285;1;15;16
0902.4630;0902.4630;0;23;23
hep-th/0607095;hep-th/0607095;9;31;40
gr-qc/0003010;gr-qc/0003010;2;6;8
gr-qc/9305001;gr-qc/9305001;5;0;5
quant-ph/9809068;quant-ph/9809068;0;1;1
hep-th/0603036;hep-th/0603036;0;5;5
hep-th/0412196;hep-th/0412196;2;4;6
hep-th/0301087;hep-th/0301087;1;0;1
hep-th/0205124;hep-th/0205124;3;12;15
hep-th/9405191;hep-th/9405191;6;0;6
0809.2778;0809.2778;0;6;6
hep-th/0609190;hep-th/0609190;2;5;7
math-ph/0204014;math-ph/0204014;4;0;4
0809.2779;0809.2779;0;9;9
gr-qc/0610013;gr-qc/0610013;16;20;36
hep-th/0307050;hep-th/0307050;3;31;34
hep-th/0007187;hep-th/0007187;8;9;17
hep-th/0302075;hep-th/0302075;6;83;89
hep-th/0307053;hep-th/0307053;0;2;2
hep-th/0108217;hep-th/0108217;1;2;3
hep-th/0306107;hep-th/0306107;8;40;48
quant-ph/0008107;quant-ph/0008107;0;1;1
quant-ph/0008077;quant-ph/0008077;2;0;2
cond-mat/0211531;cond-mat/0211531;5;9;14
cond-mat/0107318;cond-mat/0107318;6;16;22
hep-ex/0008017;hep-ex/0008017;9;13;22
0803.0377;0803.0377;0;25;25
hep-th/0611338;hep-th/0611338;6;23;29
0712.2468;0712.2468;0;25;25
astro-ph/0610427;astro-ph/0610427;7;17;24
0912.2712;0912.2712;0;11;11
0808.0360;0808.0360;0;26;26
0804.4575;0804.4575;0;22;22
hep-th/0009224;hep-th/0009224;8;45;53
hep-th/9601095;hep-th/9601095;1;5;6
hep-th/9203038;hep-th/9203038;8;0;8
hep-th/0512214;hep-th/0512214;0;23;23
hep-th/0511145;hep-th/0511145;3;38;41
hep-th/9404175;hep-th/9404175;17;11;28
hep-th/0512211;hep-th/0512211;0;22;22
hep-th/0402163;hep-th/0402163;3;26;29
0909.2776;0909.2776;0;205;205
hep-th/0304004;hep-th/0304004;11;30;41
astro-ph/0504132;astro-ph/0504132;7;11;18
astro-ph/0411033;astro-ph/0411033;10;11;21
gr-qc/0609104;gr-qc/0609104;2;0;2
gr-qc/0505096;gr-qc/0505096;12;22;34
hep-th/0410197;hep-th/0410197;5;12;17
hep-th/0509027;hep-th/0509027;1;3;4
hep-ph/0509044;hep-ph/0509044;1;7;8
hep-th/0404253;hep-th/0404253;2;14;16
hep-th/9502137;hep-th/9502137;9;4;13
hep-th/9908143;hep-th/9908143;6;10;16
hep-th/9904121;hep-th/9904121;3;31;34
hep-th/9905126;hep-th/9905126;4;25;29
hep-th/9810066;hep-th/9810066;3;5;8
0810.3885;0810.3885;0;3;3
hep-th/0403022;hep-th/0403022;3;1;4
0705.0117;0705.0117;0;11;11
gr-qc/9903078;gr-qc/9903078;8;4;12
0906.1754;0906.1754;0;6;6
hep-th/0611220;hep-th/0611220;1;6;7
hep-th/9710220;hep-th/9710220;1;0;1
hep-th/9801102;hep-th/9801102;2;14;16
hep-th/9810134;hep-th/9810134;1;20;21
hep-th/9810133;hep-th/9810133;0;1;1
hep-th/9306072;hep-th/9306072;7;0;7
hep-th/9810130;hep-th/9810130;2;1;3
0904.2972;0904.2972;0;4;4
0904.2976;0904.2976;0;8;8
math-ph/0511064;math-ph/0511064;2;10;12
hep-th/9803057;hep-th/9803057;4;0;4
hep-th/9711066;hep-th/9711066;3;1;4
0911.2558;0911.2558;0;2;2
hep-th/9509004;hep-th/9509004;1;6;7
hep-th/9501028;hep-th/9501028;7;5;12
hep-th/9209130;hep-th/9209130;12;0;12
math/0308225;math/0308225;1;3;4
0707.2786;0707.2786;0;16;16
hep-ph/0406277;hep-ph/0406277;5;9;14
hep-ph/0202185;hep-ph/0202185;3;5;8
0901.1173;0901.1173;0;5;5
0802.3456;0802.3456;1;15;16
hep-th/0209106;hep-th/0209106;4;38;42
hep-ph/9911349;hep-ph/9911349;4;8;12
0707.0310;0707.0310;0;22;22
hep-th/0611254;hep-th/0611254;3;19;22
0707.0317;0707.0317;0;44;44
hep-ph/0602129;hep-ph/0602129;11;72;83
gr-qc/0302057;gr-qc/0302057;6;5;11
gr-qc/0011035;gr-qc/0011035;7;1;8
gr-qc/0001015;gr-qc/0001015;8;0;8
0811.0117;0811.0117;1;5;6
hep-ph/0606294;hep-ph/0606294;7;23;30
hep-th/9603016;hep-th/9603016;3;5;8
0811.0112;0811.0112;0;9;9
hep-th/0412293;hep-th/0412293;2;26;28
hep-th/0406159;hep-th/0406159;3;7;10
hep-th/9812099;hep-th/9812099;7;1;8
hep-th/9708088;hep-th/9708088;1;2;3
hep-th/9706214;hep-th/9706214;14;0;14
hep-th/0209107;hep-th/0209107;2;5;7
hep-ph/9908492;hep-ph/9908492;4;17;21
hep-th/9701052;hep-th/9701052;3;6;9
hep-th/0209105;hep-th/0209105;9;11;20
hep-th/0209103;hep-th/0209103;3;18;21
hep-th/0203232;hep-th/0203232;1;6;7
0710.4598;0710.4598;0;4;4
hep-th/0011032;hep-th/0011032;1;65;66
hep-th/9911210;hep-th/9911210;7;10;17
hep-th/9410078;hep-th/9410078;4;2;6
hep-th/9911084;hep-th/9911084;8;14;22
hep-th/9809176;hep-th/9809176;2;14;16
hep-th/9806134;hep-th/9806134;4;3;7
hep-th/9609005;hep-th/9609005;4;12;16
hep-th/0004046;hep-th/0004046;1;10;11
hep-th/0209108;hep-th/0209108;1;2;3
hep-th/9912286;hep-th/9912286;0;8;8
hep-th/9603017;hep-th/9603017;0;24;24
hep-th/9503116;hep-th/9503116;4;0;4
hep-th/9304010;hep-th/9304010;1;16;17
hep-th/9302132;hep-th/9302132;6;4;10
hep-th/9509112;hep-th/9509112;3;0;3
hep-th/9401083;hep-th/9401083;7;0;7
0811.1242;0811.1242;0;11;11
0906.3439;0906.3439;0;19;19
hep-ph/0203203;hep-ph/0203203;12;9;21
hep-th/0302098;hep-th/0302098;5;18;23
hep-th/0306012;hep-th/0306012;0;8;8
hep-th/0306010;hep-th/0306010;1;3;4
hep-th/9906003;hep-th/9906003;4;0;4
hep-th/0301204;hep-th/0301204;2;1;3
hep-th/0306016;hep-th/0306016;2;1;3
hep-th/0209177;hep-th/0209177;6;1;7
hep-th/0306015;hep-th/0306015;1;3;4
gr-qc/0110076;gr-qc/0110076;9;1;10
hep-th/0206030;hep-th/0206030;2;1;3
hep-th/0306014;hep-th/0306014;9;42;51
hep-th/0212275;hep-th/0212275;9;20;29
hep-th/0108035;hep-th/0108035;12;18;30
hep-th/0208087;hep-th/0208087;10;15;25
hep-th/0205143;hep-th/0205143;11;8;19
hep-th/0211003;hep-th/0211003;11;16;27
hep-th/0210014;hep-th/0210014;6;29;35
hep-th/0110267;hep-th/0110267;24;19;43
hep-th/0105305;hep-th/0105305;21;13;34
0802.2969;0802.2969;0;44;44
hep-th/0209260;hep-th/0209260;3;10;13
0903.3095;0903.3095;0;28;28
0902.2910;0902.2910;0;18;18
hep-th/0511258;hep-th/0511258;4;2;6
gr-qc/0212041;gr-qc/0212041;1;2;3
hep-th/0201124;hep-th/0201124;13;5;18
0705.0112;0705.0112;0;10;10
hep-th/9712002;hep-th/9712002;1;3;4
0909.5374;0909.5374;0;8;8
hep-th/9311100;hep-th/9311100;13;0;13
q-alg/9609009;q-alg/9609009;1;5;6
hep-th/9312205;hep-th/9312205;4;4;8
hep-th/0110259;hep-th/0110259;7;11;18
hep-th/9311155;hep-th/9311155;12;1;13
gr-qc/0306111;gr-qc/0306111;12;43;55
hep-th/0009049;hep-th/0009049;2;9;11
gr-qc/0104092;gr-qc/0104092;11;6;17
hep-th/9801177;hep-th/9801177;3;2;5
q-alg/9609007;q-alg/9609007;2;7;9
hep-th/0001163;hep-th/0001163;3;12;15
hep-th/9411242;hep-th/9411242;19;7;26
hep-th/0111143;hep-th/0111143;0;1;1
hep-th/0111141;hep-th/0111141;2;9;11
math-ph/0411047;math-ph/0411047;0;8;8
hep-th/0411016;hep-th/0411016;4;21;25
hep-th/0008181;hep-th/0008181;10;6;16
hep-ph/9712429;hep-ph/9712429;13;6;19
hep-ph/9705452;hep-ph/9705452;19;4;23
hep-ph/9610415;hep-ph/9610415;23;5;28
hep-th/9703018;hep-th/9703018;3;2;5
hep-th/9811184;hep-th/9811184;13;4;17
hep-ph/9804385;hep-ph/9804385;8;1;9
hep-th/9610025;hep-th/9610025;8;4;12
hep-lat/9411047;hep-lat/9411047;2;1;3
hep-th/9410019;hep-th/9410019;4;0;4
hep-th/9707236;hep-th/9707236;7;21;28
hep-th/0111148;hep-th/0111148;0;5;5
hep-th/9804054;hep-th/9804054;2;0;2
hep-th/9801186;hep-th/9801186;3;0;3
hep-th/9807178;hep-th/9807178;4;0;4
hep-th/9904057;hep-th/9904057;2;5;7
hep-th/9402153;hep-th/9402153;3;2;5
hep-th/9407013;hep-th/9407013;3;4;7
hep-th/9407187;hep-th/9407187;10;6;16
hep-th/9406148;hep-th/9406148;2;0;2
hep-th/9407184;hep-th/9407184;0;1;1
hep-th/9304076;hep-th/9304076;1;0;1
hep-th/9407183;hep-th/9407183;4;1;5
hep-th/9310003;hep-th/9310003;5;0;5
math/0610293;math/0610293;4;16;20
0909.3106;0909.3106;0;30;30
hep-th/9208077;hep-th/9208077;7;0;7
hep-th/9207092;hep-th/9207092;8;2;10
hep-th/9303168;hep-th/9303168;7;0;7
hep-th/9311102;hep-th/9311102;3;5;8
hep-th/0510100;hep-th/0510100;7;21;28
hep-th/0510101;hep-th/0510101;5;44;49
hep-th/0208050;hep-th/0208050;7;0;7
hep-th/0311272;hep-th/0311272;0;2;2
hep-th/0406204;hep-th/0406204;3;13;16
astro-ph/0305123;astro-ph/0305123;3;6;9
gr-qc/0210037;gr-qc/0210037;13;1;14
0808.2142;0808.2142;0;37;37
math/0412328;math/0412328;3;33;36
hep-th/0701206;hep-th/0701206;2;11;13
hep-th/0703210;hep-th/0703210;4;19;23
quant-ph/0207180;quant-ph/0207180;0;1;1
quant-ph/9511002;quant-ph/9511002;2;0;2
0909.2854;0909.2854;0;11;11
gr-qc/0506006;gr-qc/0506006;2;9;11
gr-qc/0412110;gr-qc/0412110;4;9;13
gr-qc/0412117;gr-qc/0412117;3;18;21
gr-qc/0412097;gr-qc/0412097;4;15;19
gr-qc/0412090;gr-qc/0412090;4;23;27
0804.1544;0804.1544;0;10;10
0908.3263;0908.3263;0;17;17
0810.0878;0810.0878;0;2;2
cond-mat/9603196;cond-mat/9603196;4;0;4
cond-mat/9505158;cond-mat/9505158;1;1;2
hep-ph/0408155;hep-ph/0408155;2;30;32
0910.4736;0910.4736;0;4;4
astro-ph/0603171;astro-ph/0603171;5;5;10
0811.2320;0811.2320;0;29;29
hep-th/0701238;hep-th/0701238;10;5;15
hep-th/9903039;hep-th/9903039;7;17;24
hep-th/9904140;hep-th/9904140;0;8;8
hep-th/9408076;hep-th/9408076;11;7;18
hep-th/9604131;hep-th/9604131;5;11;16
gr-qc/9608016;gr-qc/9608016;9;6;15
0806.4777;0806.4777;0;14;14
0711.2803;0711.2803;0;9;9
math/0410294;math/0410294;3;0;3
hep-th/0508188;hep-th/0508188;4;9;13
math/0204318;math/0204318;6;2;8
math/9910136;math/9910136;7;3;10
hep-ph/0309344;hep-ph/0309344;2;16;18
hep-th/0307224;hep-th/0307224;3;0;3
0806.4774;0806.4774;0;9;9
hep-th/0109014;hep-th/0109014;6;6;12
0806.0006;0806.0006;0;54;54
hep-th/0610109;hep-th/0610109;0;9;9
hep-th/0603246;hep-th/0603246;11;15;26
hep-th/0610108;hep-th/0610108;1;16;17
hep-th/0610100;hep-th/0610100;0;14;14
0802.2037;0802.2037;1;32;33
math-ph/0008008;math-ph/0008008;1;0;1
hep-ph/0308160;hep-ph/0308160;4;12;16
hep-ph/0612365;hep-ph/0612365;6;4;10
hep-th/9312202;hep-th/9312202;1;2;3
hep-th/9312203;hep-th/9312203;0;3;3
hep-th/9312201;hep-th/9312201;0;2;2
hep-th/9312207;hep-th/9312207;7;1;8
hep-th/9301041;hep-th/9301041;3;0;3
quant-ph/0401163;quant-ph/0401163;7;0;7
nlin/0109002;nlin/0109002;2;16;18
hep-th/0012176;hep-th/0012176;12;8;20
hep-th/0511271;hep-th/0511271;2;8;10
hep-th/0410114;hep-th/0410114;3;6;9
hep-th/0410025;hep-th/0410025;4;8;12
hep-th/0309163;hep-th/0309163;7;31;38
hep-th/0406217;hep-th/0406217;17;63;80
0905.0905;0905.0905;0;10;10
hep-ph/0007067;hep-ph/0007067;8;4;12
hep-ph/9703238;hep-ph/9703238;7;0;7
hep-th/0511278;hep-th/0511278;0;8;8
gr-qc/0409011;gr-qc/0409011;8;3;11
hep-th/0106173;hep-th/0106173;4;7;11
hep-th/9607090;hep-th/9607090;8;8;16
hep-th/0008094;hep-th/0008094;10;8;18
hep-th/0004044;hep-th/0004044;12;4;16
0806.0195;0806.0195;0;14;14
hep-ph/0612233;hep-ph/0612233;1;4;5
math/0006024;math/0006024;1;3;4
math/0004151;math/0004151;2;0;2
0912.1558;0912.1558;0;22;22
hep-th/0203092;hep-th/0203092;8;13;21
0912.1556;0912.1556;0;9;9
0912.1557;0912.1557;0;2;2
0705.4682;0705.4682;0;46;46
hep-th/9304077;hep-th/9304077;0;1;1
hep-th/9203037;hep-th/9203037;2;0;2
hep-th/9303034;hep-th/9303034;3;2;5
hep-th/9206040;hep-th/9206040;3;0;3
hep-th/9211079;hep-th/9211079;3;4;7
0912.3873;0912.3873;0;12;12
0711.0599;0711.0599;0;15;15
0909.2637;0909.2637;0;7;7
hep-th/0411117;hep-th/0411117;1;4;5
hep-th/0411116;hep-th/0411116;0;18;18
hep-th/9703158;hep-th/9703158;6;32;38
hep-th/0405275;hep-th/0405275;8;36;44
hep-th/9806184;hep-th/9806184;5;0;5
hep-th/0401075;hep-th/0401075;2;13;15
hep-th/0411115;hep-th/0411115;0;2;2
hep-th/0310124;hep-th/0310124;4;5;9
math/0308275;math/0308275;11;2;13
hep-th/0105315;hep-th/0105315;3;0;3
hep-ph/9401354;hep-ph/9401354;3;0;3
math-ph/0311013;math-ph/0311013;1;6;7
hep-th/0405051;hep-th/0405051;3;27;30
0705.2844;0705.2844;0;36;36
hep-th/9905231;hep-th/9905231;0;6;6
hep-th/9905230;hep-th/9905230;11;29;40
hep-th/9803192;hep-th/9803192;7;19;26
hep-th/0201101;hep-th/0201101;6;1;7
hep-th/0212106;hep-th/0212106;2;9;11
math/0305195;math/0305195;1;9;10
cond-mat/9410026;cond-mat/9410026;5;0;5
math/9810170;math/9810170;1;0;1
hep-th/9411098;hep-th/9411098;4;1;5
hep-th/9305183;hep-th/9305183;5;0;5
cond-mat/9506119;cond-mat/9506119;8;3;11
cond-mat/0105416;cond-mat/0105416;1;0;1
hep-ph/0303066;hep-ph/0303066;2;12;14
0907.0658;0907.0658;0;11;11
0905.1068;0905.1068;0;3;3
hep-th/0510155;hep-th/0510155;10;17;27
hep-lat/0502010;hep-lat/0502010;1;14;15
hep-lat/0311012;hep-lat/0311012;5;9;14
hep-lat/0312012;hep-lat/0312012;6;10;16
hep-lat/0406010;hep-lat/0406010;10;7;17
hep-th/9402072;hep-th/9402072;4;0;4
astro-ph/0111551;astro-ph/0111551;5;4;9
0811.2207;0811.2207;0;47;47
0812.4276;0812.4276;0;18;18
hep-th/0112141;hep-th/0112141;2;19;21
0712.3557;0712.3557;0;10;10
hep-th/0305205;hep-th/0305205;3;6;9
0710.0922;0710.0922;0;2;2
hep-th/0606283;hep-th/0606283;1;19;20
0712.3551;0712.3551;0;11;11
hep-th/9801039;hep-th/9801039;2;0;2
0709.0903;0709.0903;0;1;1
hep-th/0602122;hep-th/0602122;5;0;5
0911.0931;0911.0931;0;41;41
hep-ph/0409274;hep-ph/0409274;13;18;31
hep-ph/9907540;hep-ph/9907540;3;1;4
hep-th/0509130;hep-th/0509130;5;11;16
hep-th/9904172;hep-th/9904172;14;5;19
hep-ph/0011264;hep-ph/0011264;5;5;10
hep-ph/0408319;hep-ph/0408319;2;1;3
hep-th/0105281;hep-th/0105281;0;11;11
hep-th/9803165;hep-th/9803165;7;3;10
hep-th/0105280;hep-th/0105280;1;2;3
hep-th/0003036;hep-th/0003036;6;10;16
hep-th/0105282;hep-th/0105282;1;14;15
hep-th/0101149;hep-th/0101149;3;9;12
quant-ph/9706007;quant-ph/9706007;11;0;11
gr-qc/9907073;gr-qc/9907073;4;0;4
hep-th/9803032;hep-th/9803032;1;0;1
hep-th/0105285;hep-th/0105285;0;2;2
hep-th/9906005;hep-th/9906005;1;1;2
hep-th/9907058;hep-th/9907058;19;14;33
hep-th/0005157;hep-th/0005157;9;8;17
hep-th/0105287;hep-th/0105287;1;2;3
cond-mat/9703113;cond-mat/9703113;4;1;5
hep-th/9607102;hep-th/9607102;7;12;19
0907.0380;0907.0380;0;12;12
hep-ph/0603263;hep-ph/0603263;2;9;11
0904.0413;0904.0413;0;2;2
0708.0782;0708.0782;0;36;36
hep-th/9609109;hep-th/9609109;3;3;6
hep-th/0508014;hep-th/0508014;1;15;16
math/0112160;math/0112160;9;2;11
hep-th/0511085;hep-th/0511085;1;0;1
math/0112161;math/0112161;11;2;13
hep-th/0405074;hep-th/0405074;2;68;70
hep-th/0512054;hep-th/0512054;8;0;8
math/0112159;math/0112159;9;1;10
0707.1394;0707.1394;0;18;18
hep-th/0404139;hep-th/0404139;19;30;49
hep-th/9902112;hep-th/9902112;3;0;3
hep-th/0009011;hep-th/0009011;6;7;13
quant-ph/9903053;quant-ph/9903053;1;2;3
hep-th/9902020;hep-th/9902020;2;0;2
quant-ph/9903043;quant-ph/9903043;2;0;2
hep-ph/0003120;hep-ph/0003120;2;27;29
0709.4651;0709.4651;0;2;2
hep-th/0512272;hep-th/0512272;2;14;16
0711.1597;0711.1597;0;69;69
astro-ph/0602415;astro-ph/0602415;13;19;32
0711.1596;0711.1596;0;5;5
0906.0987;0906.0987;0;55;55
0704.0083;0704.0083;0;10;10
hep-th/9711164;hep-th/9711164;7;7;14
hep-th/0701201;hep-th/0701201;1;12;13
hep-th/9611231;hep-th/9611231;1;6;7
hep-th/9605182;hep-th/9605182;27;8;35
hep-th/9611232;hep-th/9611232;2;4;6
hep-th/9606178;hep-th/9606178;4;0;4
hep-th/9408122;hep-th/9408122;4;0;4
hep-th/9611235;hep-th/9611235;0;20;20
hep-th/9606157;hep-th/9606157;6;0;6
hep-th/9611234;hep-th/9611234;0;2;2
hep-th/9610169;hep-th/9610169;1;0;1
hep-th/9611237;hep-th/9611237;2;19;21
hep-lat/0603017;hep-lat/0603017;1;11;12
hep-th/0405136;hep-th/0405136;1;0;1
0704.0081;0704.0081;0;4;4
hep-th/0301033;hep-th/0301033;10;8;18
hep-th/0510154;hep-th/0510154;7;7;14
math/0701079;math/0701079;3;2;5
hep-th/0604146;hep-th/0604146;8;11;19
supr-con/9510001;supr-con/9510001;1;1;2
cond-mat/9308007;cond-mat/9308007;2;0;2
math-ph/0406002;math-ph/0406002;4;3;7
hep-th/0011209;hep-th/0011209;7;2;9
hep-th/9402121;hep-th/9402121;5;0;5
hep-th/0603230;hep-th/0603230;6;26;32
hep-th/0405238;hep-th/0405238;12;6;18
hep-th/0601206;hep-th/0601206;7;33;40
astro-ph/0301566;astro-ph/0301566;7;3;10
hep-th/9509070;hep-th/9509070;18;32;50
hep-th/0409255;hep-th/0409255;15;39;54
hep-th/9410193;hep-th/9410193;4;0;4
gr-qc/0412114;gr-qc/0412114;9;38;47
hep-th/9408141;hep-th/9408141;5;0;5
hep-th/9511150;hep-th/9511150;0;1;1
hep-th/9209069;hep-th/9209069;3;0;3
hep-th/9509097;hep-th/9509097;7;0;7
hep-th/9508062;hep-th/9508062;3;4;7
hep-th/9303158;hep-th/9303158;5;1;6
hep-th/9511155;hep-th/9511155;0;1;1
hep-th/9411189;hep-th/9411189;1;0;1
hep-th/0007173;hep-th/0007173;15;42;57
hep-ph/0308033;hep-ph/0308033;1;23;24
hep-th/0407181;hep-th/0407181;7;52;59
hep-th/0409274;hep-th/0409274;18;88;106
0909.1197;0909.1197;0;29;29
hep-th/9609210;hep-th/9609210;21;11;32
hep-th/0611045;hep-th/0611045;8;35;43
hep-th/0703209;hep-th/0703209;1;43;44
hep-th/0505253;hep-th/0505253;10;24;34
hep-th/0602274;hep-th/0602274;6;65;71
hep-th/9902169;hep-th/9902169;16;13;29
hep-th/0503082;hep-th/0503082;6;17;23
0805.3233;0805.3233;0;14;14
hep-ph/0109080;hep-ph/0109080;8;7;15
hep-th/0510097;hep-th/0510097;3;3;6
hep-th/0505251;hep-th/0505251;1;16;17
hep-th/0604036;hep-th/0604036;1;5;6
0903.2175;0903.2175;0;11;11
hep-th/9305034;hep-th/9305034;1;5;6
hep-th/9110057;hep-th/9110057;21;0;21
hep-th/9204020;hep-th/9204020;11;0;11
gr-qc/0112028;gr-qc/0112028;14;33;47
quant-ph/0012144;quant-ph/0012144;10;1;11
0712.1954;0712.1954;0;38;38
hep-th/9712019;hep-th/9712019;15;9;24
hep-th/9502015;hep-th/9502015;16;9;25
hep-th/9506204;hep-th/9506204;8;0;8
hep-th/9312080;hep-th/9312080;21;0;21
hep-th/9310128;hep-th/9310128;11;0;11
hep-th/9707049;hep-th/9707049;21;25;46
hep-th/9705068;hep-th/9705068;8;17;25
hep-th/9406093;hep-th/9406093;4;9;13
hep-th/9712016;hep-th/9712016;2;2;4
hep-th/9712014;hep-th/9712014;0;4;4
0807.2074;0807.2074;0;13;13
hep-th/0012199;hep-th/0012199;8;26;34
hep-th/0508147;hep-th/0508147;1;25;26
hep-th/0508146;hep-th/0508146;1;38;39
hep-th/9404141;hep-th/9404141;4;4;8
hep-th/0507116;hep-th/0507116;2;76;78
cond-mat/0212557;cond-mat/0212557;0;11;11
hep-th/9707234;hep-th/9707234;3;5;8
hep-th/0204046;hep-th/0204046;2;7;9
0810.2193;0810.2193;0;7;7
hep-th/9404099;hep-th/9404099;1;2;3
0907.1497;0907.1497;0;19;19
hep-th/0111205;hep-th/0111205;12;0;12
cond-mat/9210028;cond-mat/9210028;9;0;9
hep-th/9304103;hep-th/9304103;7;1;8
hep-th/9404097;hep-th/9404097;3;6;9
hep-th/9404090;hep-th/9404090;0;4;4
hep-th/9402080;hep-th/9402080;8;6;14
hep-th/9201009;hep-th/9201009;3;0;3
gr-qc/0205037;gr-qc/0205037;7;11;18
gr-qc/0305079;gr-qc/0305079;6;14;20
hep-ph/9903232;hep-ph/9903232;1;6;7
hep-ph/9611206;hep-ph/9611206;2;4;6
0904.3983;0904.3983;0;6;6
hep-th/9310177;hep-th/9310177;3;4;7
0907.4367;0907.4367;0;3;3
hep-th/0406106;hep-th/0406106;10;52;62
hep-th/9310178;hep-th/9310178;1;2;3
hep-th/9206042;hep-th/9206042;4;0;4
hep-th/9202009;hep-th/9202009;3;0;3
math/0109090;math/0109090;2;1;3
hep-th/0109106;hep-th/0109106;3;11;14
hep-th/9702161;hep-th/9702161;10;6;16
hep-th/9803148;hep-th/9803148;3;12;15
hep-th/0007166;hep-th/0007166;7;19;26
hep-th/9803112;hep-th/9803112;18;7;25
hep-th/9911124;hep-th/9911124;13;25;38
hep-ph/9405272;hep-ph/9405272;5;1;6
hep-ph/0304093;hep-ph/0304093;0;17;17
hep-ph/9501288;hep-ph/9501288;1;7;8
hep-th/0212333;hep-th/0212333;22;11;33
astro-ph/0202513;astro-ph/0202513;3;25;28
hep-th/0111287;hep-th/0111287;5;19;24
gr-qc/0312043;gr-qc/0312043;1;5;6
gr-qc/0309028;gr-qc/0309028;2;58;60
hep-th/9808018;hep-th/9808018;1;10;11
hep-th/9912268;hep-th/9912268;10;1;11
hep-th/0002133;hep-th/0002133;1;15;16
hep-th/9605026;hep-th/9605026;11;5;16
hep-th/9212022;hep-th/9212022;6;0;6
hep-th/9508088;hep-th/9508088;15;7;22
hep-th/9608188;hep-th/9608188;3;8;11
hep-th/0211146;hep-th/0211146;4;26;30
hep-th/0208088;hep-th/0208088;4;4;8
hep-th/9608184;hep-th/9608184;0;5;5
hep-th/9608187;hep-th/9608187;4;2;6
hep-th/9501081;hep-th/9501081;9;0;9
hep-th/9608181;hep-th/9608181;5;3;8
nucl-th/9306002;nucl-th/9306002;11;0;11
chao-dyn/9607001;chao-dyn/9607001;7;3;10
0807.4895;0807.4895;0;23;23
0710.2788;0710.2788;0;18;18
hep-lat/0703010;hep-lat/0703010;4;16;20
hep-th/0111125;hep-th/0111125;12;5;17
hep-th/0408219;hep-th/0408219;0;11;11
hep-th/0604174;hep-th/0604174;0;73;73
hep-th/0209071;hep-th/0209071;9;2;11
hep-th/0207036;hep-th/0207036;1;8;9
hep-th/9702068;hep-th/9702068;9;9;18
hep-th/9710035;hep-th/9710035;9;20;29
gr-qc/9803095;gr-qc/9803095;6;11;17
hep-th/9808136;hep-th/9808136;4;11;15
hep-th/9808135;hep-th/9808135;4;9;13
hep-th/9912026;hep-th/9912026;2;6;8
hep-th/9911121;hep-th/9911121;2;0;2
0812.1403;0812.1403;0;8;8
hep-ph/0310255;hep-ph/0310255;8;0;8
0901.4773;0901.4773;0;10;10
hep-th/0604172;hep-th/0604172;7;46;53
hep-th/0601039;hep-th/0601039;4;58;62
hep-th/0403259;hep-th/0403259;4;39;43
hep-th/0311086;hep-th/0311086;7;18;25
hep-th/0310061;hep-th/0310061;13;22;35
hep-th/0403258;hep-th/0403258;0;26;26
hep-th/0311230;hep-th/0311230;4;88;92
hep-th/0103200;hep-th/0103200;5;14;19
gr-qc/0302036;gr-qc/0302036;4;12;16
hep-th/0304038;hep-th/0304038;2;11;13
hep-ph/0610293;hep-ph/0610293;1;11;12
physics/0606153;physics/0606153;1;0;1
hep-th/0003105;hep-th/0003105;1;2;3
hep-ph/9803258;hep-ph/9803258;5;15;20
hep-th/9908086;hep-th/9908086;0;6;6
hep-th/9908081;hep-th/9908081;0;6;6
hep-th/9908083;hep-th/9908083;0;8;8
hep-th/9703213;hep-th/9703213;4;8;12
0710.2547;0710.2547;0;4;4
0908.3921;0908.3921;0;25;25
0708.0326;0708.0326;0;35;35
0708.0325;0708.0325;0;30;30
hep-th/0605013;hep-th/0605013;6;48;54
hep-th/0612175;hep-th/0612175;7;31;38
hep-th/0604193;hep-th/0604193;6;45;51
0708.0321;0708.0321;0;2;2
hep-th/0411055;hep-th/0411055;8;33;41
gr-qc/0507013;gr-qc/0507013;5;17;22
0807.3336;0807.3336;0;5;5
gr-qc/0502027;gr-qc/0502027;2;9;11
gr-qc/0502025;gr-qc/0502025;0;18;18
hep-th/0310028;hep-th/0310028;1;6;7
gr-qc/9908047;gr-qc/9908047;2;16;18
0909.3841;0909.3841;0;3;3
hep-ph/9606350;hep-ph/9606350;1;2;3
0809.4038;0809.4038;0;37;37
hep-th/0611333;hep-th/0611333;0;9;9
hep-th/0604095;hep-th/0604095;2;6;8
hep-ph/0508224;hep-ph/0508224;3;11;14
hep-th/0106246;hep-th/0106246;1;21;22
hep-th/0106240;hep-th/0106240;1;15;16
hep-th/0105061;hep-th/0105061;3;20;23
0712.4208;0712.4208;0;4;4
hep-th/0106248;hep-th/0106248;0;3;3
hep-th/9912085;hep-th/9912085;3;16;19
0709.4163;0709.4163;0;6;6
hep-th/0402199;hep-th/0402199;12;5;17
hep-th/9811126;hep-th/9811126;24;9;33
0910.2955;0910.2955;0;7;7
physics/0209108;physics/0209108;5;5;10
0905.2571;0905.2571;0;3;3
0905.2573;0905.2573;0;2;2
math/0212387;math/0212387;1;4;5
hep-th/0112144;hep-th/0112144;0;5;5
physics/9702019;physics/9702019;4;1;5
physics/9803024;physics/9803024;2;0;2
math-ph/9804004;math-ph/9804004;1;0;1
q-alg/9702023;q-alg/9702023;1;0;1
hep-th/0112145;hep-th/0112145;3;53;56
hep-th/0110041;hep-th/0110041;12;42;54
hep-th/0112142;hep-th/0112142;1;4;5
hep-th/0112143;hep-th/0112143;0;3;3
hep-th/0111136;hep-th/0111136;1;36;37
cond-mat/9208016;cond-mat/9208016;2;0;2
hep-th/0110290;hep-th/0110290;2;2;4
hep-th/0210226;hep-th/0210226;1;0;1
hep-th/0101142;hep-th/0101142;5;7;12
0705.2469;0705.2469;0;28;28
dg-ga/9610001;dg-ga/9610001;5;2;7
dg-ga/9609012;dg-ga/9609012;3;0;3
hep-th/0512043;hep-th/0512043;0;3;3
hep-th/0512042;hep-th/0512042;1;1;2
hep-th/0312126;hep-th/0312126;1;6;7
0705.2460;0705.2460;0;6;6
hep-th/0108130;hep-th/0108130;4;22;26
hep-th/0511213;hep-th/0511213;2;16;18
math/0501218;math/0501218;1;0;1
hep-th/9206100;hep-th/9206100;3;0;3
0709.2072;0709.2072;0;25;25
hep-ph/0606143;hep-ph/0606143;5;35;40
0804.2720;0804.2720;0;5;5
0905.4939;0905.4939;0;5;5
math-ph/0702034;math-ph/0702034;4;15;19
0709.4169;0709.4169;0;16;16
hep-th/9812203;hep-th/9812203;9;1;10
0804.2724;0804.2724;0;47;47
hep-th/0402125;hep-th/0402125;1;22;23
hep-th/0210279;hep-th/0210279;6;19;25
hep-th/0511098;hep-th/0511098;1;20;21
astro-ph/0111292;astro-ph/0111292;18;23;41
0911.3586;0911.3586;0;10;10
hep-th/0110254;hep-th/0110254;1;0;1
hep-th/0008055;hep-th/0008055;8;17;25
hep-th/0110018;hep-th/0110018;12;22;34
hep-th/0107174;hep-th/0107174;2;13;15
hep-th/0110118;hep-th/0110118;5;43;48
hep-th/0103265;hep-th/0103265;8;15;23
hep-th/0106286;hep-th/0106286;1;13;14
0712.2989;0712.2989;0;17;17
0801.3621;0801.3621;0;2;2
hep-th/9410115;hep-th/9410115;10;0;10
cond-mat/0503539;cond-mat/0503539;0;3;3
cond-mat/9705127;cond-mat/9705127;5;0;5
0903.2591;0903.2591;0;9;9
math/0405043;math/0405043;8;14;22
math-ph/0411040;math-ph/0411040;3;6;9
0906.0706;0906.0706;0;3;3
hep-th/0512041;hep-th/0512041;8;16;24
0903.2595;0903.2595;0;29;29
hep-th/0011253;hep-th/0011253;5;57;62
hep-th/0507129;hep-th/0507129;2;1;3
hep-th/0503235;hep-th/0503235;4;0;4
hep-th/0703258;hep-th/0703258;6;18;24
math/0511351;math/0511351;2;3;5
hep-th/9309026;hep-th/9309026;8;6;14
0809.2982;0809.2982;0;16;16
0903.2596;0903.2596;0;18;18
0812.5107;0812.5107;0;55;55
hep-th/0111107;hep-th/0111107;5;24;29
0812.5105;0812.5105;0;27;27
0812.5103;0812.5103;0;20;20
gr-qc/0312055;gr-qc/0312055;5;3;8
0907.2085;0907.2085;0;7;7
0904.4715;0904.4715;0;1;1
cond-mat/0509765;cond-mat/0509765;1;24;25
cond-mat/0402625;cond-mat/0402625;12;19;31
hep-th/0412191;hep-th/0412191;19;9;28
hep-th/0505091;hep-th/0505091;3;15;18
hep-th/0506171;hep-th/0506171;12;5;17
hep-th/0506114;hep-th/0506114;2;13;15
cond-mat/0302564;cond-mat/0302564;11;9;20
hep-th/0507290;hep-th/0507290;5;21;26
hep-th/0504072;hep-th/0504072;7;15;22
cond-mat/0304475;cond-mat/0304475;11;0;11
hep-th/0504008;hep-th/0504008;4;14;18
cond-mat/0412062;cond-mat/0412062;13;12;25
hep-th/0512040;hep-th/0512040;0;19;19
hep-th/0309248;hep-th/0309248;1;11;12
hep-lat/9903013;hep-lat/9903013;8;3;11
hep-lat/9907023;hep-lat/9907023;4;3;7
hep-lat/9912055;hep-lat/9912055;1;9;10
hep-lat/9812010;hep-lat/9812010;11;9;20
hep-lat/9911010;hep-lat/9911010;8;22;30
0907.3614;0907.3614;0;37;37
hep-th/0012051;hep-th/0012051;11;21;32
hep-lat/9912058;hep-lat/9912058;0;11;11
hep-lat/9906007;hep-lat/9906007;7;11;18
hep-lat/9912005;hep-lat/9912005;3;11;14
hep-lat/9910029;hep-lat/9910029;5;6;11
hep-lat/9908023;hep-lat/9908023;5;4;9
0904.2832;0904.2832;0;1;1
0912.0388;0912.0388;0;10;10
hep-th/0607014;hep-th/0607014;6;13;19
0907.1938;0907.1938;0;3;3
quant-ph/0006020;quant-ph/0006020;0;1;1
hep-th/9410077;hep-th/9410077;8;0;8
hep-th/0311166;hep-th/0311166;2;12;14
0802.4177;0802.4177;0;3;3
hep-th/0611194;hep-th/0611194;1;25;26
0911.0586;0911.0586;0;12;12
0802.4176;0802.4176;0;11;11
0812.0682;0812.0682;0;26;26
gr-qc/0503061;gr-qc/0503061;5;6;11
hep-th/0212321;hep-th/0212321;6;4;10
hep-ph/0208225;hep-ph/0208225;2;8;10
hep-th/0304105;hep-th/0304105;3;32;35
hep-th/0009031;hep-th/0009031;5;7;12
hep-th/0311131;hep-th/0311131;2;8;10
hep-th/0301207;hep-th/0301207;2;8;10
hep-th/0311133;hep-th/0311133;2;9;11
hep-th/0307294;hep-th/0307294;5;2;7
hep-th/0307295;hep-th/0307295;4;6;10
hep-th/0310185;hep-th/0310185;3;8;11
hep-th/9503198;hep-th/9503198;5;8;13
hep-th/9503196;hep-th/9503196;0;1;1
hep-th/9304145;hep-th/9304145;2;0;2
hep-th/9305132;hep-th/9305132;9;2;11
hep-th/9401140;hep-th/9401140;4;0;4
hep-th/9404183;hep-th/9404183;3;2;5
hep-th/9503190;hep-th/9503190;7;7;14
0901.1681;0901.1681;0;12;12
hep-th/0604154;hep-th/0604154;6;14;20
hep-th/0403043;hep-th/0403043;7;29;36
0705.4158;0705.4158;0;15;15
hep-th/0703053;hep-th/0703053;3;5;8
astro-ph/0608523;astro-ph/0608523;5;0;5
astro-ph/0603613;astro-ph/0603613;3;2;5
0904.2333;0904.2333;0;41;41
0912.4199;0912.4199;0;32;32
hep-th/0611288;hep-th/0611288;8;51;59
0709.2164;0709.2164;0;17;17
hep-th/0204205;hep-th/0204205;2;18;20
0704.2812;0704.2812;0;55;55
hep-th/0701125;hep-th/0701125;1;0;1
hep-ph/0011188;hep-ph/0011188;2;5;7
gr-qc/0302010;gr-qc/0302010;5;13;18
0709.2166;0709.2166;0;6;6
gr-qc/0310092;gr-qc/0310092;0;9;9
hep-th/0202034;hep-th/0202034;4;11;15
gr-qc/0310093;gr-qc/0310093;1;6;7
0709.2162;0709.2162;0;3;3
0709.2168;0709.2168;0;38;38
0805.3877;0805.3877;0;15;15
0910.0445;0910.0445;0;4;4
cond-mat/9906147;cond-mat/9906147;4;5;9
0910.0441;0910.0441;0;6;6
0804.3929;0804.3929;0;16;16
hep-lat/9908030;hep-lat/9908030;3;7;10
hep-ph/0306068;hep-ph/0306068;3;6;9
hep-ph/0212063;hep-ph/0212063;3;3;6
0905.4069;0905.4069;0;13;13
cond-mat/9410097;cond-mat/9410097;3;0;3
hep-th/9503028;hep-th/9503028;7;5;12
hep-th/9412194;hep-th/9412194;4;2;6
hep-ph/0011193;hep-ph/0011193;6;13;19
hep-th/9801098;hep-th/9801098;3;1;4
hep-lat/9706009;hep-lat/9706009;16;18;34
hep-lat/9611032;hep-lat/9611032;11;9;20
hep-th/9204070;hep-th/9204070;5;0;5
hep-th/9503225;hep-th/9503225;20;8;28
0811.1905;0811.1905;0;5;5
quant-ph/0512065;quant-ph/0512065;7;6;13
0911.3169;0911.3169;0;10;10
0910.2571;0910.2571;0;46;46
hep-th/0610026;hep-th/0610026;2;68;70
hep-th/0603186;hep-th/0603186;3;24;27
0803.0557;0803.0557;0;6;6
0808.2360;0808.2360;0;20;20
hep-th/9912202;hep-th/9912202;7;18;25
gr-qc/0512030;gr-qc/0512030;5;10;15
hep-th/0104040;hep-th/0104040;2;2;4
cond-mat/0402196;cond-mat/0402196;19;19;38
cond-mat/0207487;cond-mat/0207487;10;5;15
math-ph/0301009;math-ph/0301009;3;0;3
cond-mat/0210330;cond-mat/0210330;2;5;7
cond-mat/0308466;cond-mat/0308466;8;4;12
cond-mat/0306171;cond-mat/0306171;3;0;3
cond-mat/0211062;cond-mat/0211062;6;8;14
cond-mat/0310761;cond-mat/0310761;6;7;13
math-ph/0311039;math-ph/0311039;2;0;2
0809.0555;0809.0555;0;15;15
hep-th/0608174;hep-th/0608174;4;9;13
gr-qc/0604050;gr-qc/0604050;2;40;42
astro-ph/0512077;astro-ph/0512077;3;0;3
astro-ph/0604265;astro-ph/0604265;17;15;32
0812.3423;0812.3423;0;14;14
0812.3421;0812.3421;0;22;22
hep-th/0501009;hep-th/0501009;1;8;9
gr-qc/0201076;gr-qc/0201076;0;1;1
hep-th/0409079;hep-th/0409079;1;5;6
hep-th/0209083;hep-th/0209083;3;8;11
hep-th/0409078;hep-th/0409078;11;14;25
hep-th/9511216;hep-th/9511216;2;2;4
hep-th/9505193;hep-th/9505193;5;3;8
hep-th/9511214;hep-th/9511214;1;32;33
hep-th/9507141;hep-th/9507141;12;18;30
hep-th/9501090;hep-th/9501090;3;26;29
hep-th/9504091;hep-th/9504091;8;0;8
hep-th/9501039;hep-th/9501039;4;8;12
hep-th/9503172;hep-th/9503172;9;21;30
hep-th/9511210;hep-th/9511210;5;5;10
hep-th/9507056;hep-th/9507056;8;0;8
0706.3736;0706.3736;0;7;7
hep-th/0608023;hep-th/0608023;2;2;4
math-ph/0508041;math-ph/0508041;3;2;5
hep-th/0408022;hep-th/0408022;2;20;22
0812.1151;0812.1151;0;1;1
0706.3730;0706.3730;0;7;7
0712.3615;0712.3615;0;23;23
0712.3616;0712.3616;0;16;16
hep-th/0407250;hep-th/0407250;7;74;81
hep-th/9206091;hep-th/9206091;8;1;9
hep-th/9109037;hep-th/9109037;6;0;6
hep-th/9210079;hep-th/9210079;2;7;9
gr-qc/9707038;gr-qc/9707038;0;2;2
gr-qc/9510007;gr-qc/9510007;3;0;3
0911.3164;0911.3164;0;3;3
hep-th/9504164;hep-th/9504164;2;2;4
hep-th/9406026;hep-th/9406026;2;0;2
hep-th/9409198;hep-th/9409198;2;2;4
hep-th/9504163;hep-th/9504163;0;2;2
cond-mat/9406032;cond-mat/9406032;1;0;1
hep-th/9204033;hep-th/9204033;2;0;2
hep-th/9504161;hep-th/9504161;1;26;27
0906.3049;0906.3049;0;18;18
hep-th/0703064;hep-th/0703064;3;11;14
hep-th/0004198;hep-th/0004198;7;89;96
hep-th/0605237;hep-th/0605237;3;12;15
hep-th/0303246;hep-th/0303246;3;13;16
hep-th/0203227;hep-th/0203227;12;53;65
hep-th/0212055;hep-th/0212055;4;58;62
0805.3873;0805.3873;0;7;7
gr-qc/9908004;gr-qc/9908004;3;6;9
gr-qc/0011003;gr-qc/0011003;3;6;9
0902.4318;0902.4318;0;2;2
hep-th/0304186;hep-th/0304186;1;4;5
quant-ph/0506026;quant-ph/0506026;0;12;12
hep-th/0412160;hep-th/0412160;4;0;4
quant-ph/0101102;quant-ph/0101102;4;0;4
quant-ph/0502174;quant-ph/0502174;1;7;8
quant-ph/0501087;quant-ph/0501087;6;30;36
hep-th/0305106;hep-th/0305106;2;12;14
hep-th/0203223;hep-th/0203223;2;8;10
0710.2840;0710.2840;0;8;8
hep-th/0103082;hep-th/0103082;6;18;24
hep-th/0101136;hep-th/0101136;7;20;27
0902.1906;0902.1906;0;19;19
hep-th/0005227;hep-th/0005227;4;5;9
hep-th/0007027;hep-th/0007027;1;4;5
hep-th/9804206;hep-th/9804206;5;27;32
hep-th/9912016;hep-th/9912016;4;17;21
hep-th/0007021;hep-th/0007021;1;27;28
hep-th/0611238;hep-th/0611238;0;47;47
hep-th/0008180;hep-th/0008180;9;23;32
math/0406408;math/0406408;1;1;2
math/0312172;math/0312172;3;0;3
quant-ph/0102135;quant-ph/0102135;3;1;4
hep-lat/9607073;hep-lat/9607073;2;7;9
hep-lat/9511029;hep-lat/9511029;5;8;13
0808.2857;0808.2857;0;74;74
hep-th/0512075;hep-th/0512075;3;0;3
hep-th/0012030;hep-th/0012030;2;0;2
hep-th/0604020;hep-th/0604020;2;30;32
hep-th/0112221;hep-th/0112221;5;33;38
0912.2262;0912.2262;0;7;7
hep-ph/9910367;hep-ph/9910367;5;1;6
hep-th/9710090;hep-th/9710090;4;2;6
hep-th/0512166;hep-th/0512166;8;53;61
hep-th/0409253;hep-th/0409253;4;27;31
hep-th/0209038;hep-th/0209038;6;18;24
hep-th/0507075;hep-th/0507075;7;57;64
hep-th/0209266;hep-th/0209266;4;17;21
0808.2853;0808.2853;0;3;3
hep-th/9906089;hep-th/9906089;14;14;28
0809.0496;0809.0496;0;33;33
hep-ph/0505182;hep-ph/0505182;5;13;18
hep-th/0605023;hep-th/0605023;5;0;5
hep-lat/0609058;hep-lat/0609058;8;4;12
gr-qc/0607006;gr-qc/0607006;1;31;32
hep-th/0606068;hep-th/0606068;3;58;61
0806.3657;0806.3657;0;36;36
0704.0507;0704.0507;0;14;14
gr-qc/0605017;gr-qc/0605017;2;23;25
hep-th/0508170;hep-th/0508170;4;11;15
0704.0505;0704.0505;0;12;12
hep-th/0210037;hep-th/0210037;4;3;7
hep-th/0408068;hep-th/0408068;13;7;20
gr-qc/0407098;gr-qc/0407098;8;8;16
hep-th/9705181;hep-th/9705181;14;30;44
hep-ph/9503467;hep-ph/9503467;3;0;3
hep-lat/9710001;hep-lat/9710001;7;3;10
hep-ph/9705411;hep-ph/9705411;6;23;29
hep-th/0609162;hep-th/0609162;2;56;58
0810.2817;0810.2817;0;23;23
hep-th/0609222;hep-th/0609222;11;38;49
hep-th/0602167;hep-th/0602167;8;5;13
hep-th/0411254;hep-th/0411254;11;19;30
0706.4366;0706.4366;0;8;8
hep-th/9410139;hep-th/9410139;0;1;1
hep-ph/9712333;hep-ph/9712333;7;1;8
hep-th/9309016;hep-th/9309016;26;0;26
hep-th/9410137;hep-th/9410137;2;2;4
hep-th/9406173;hep-th/9406173;2;2;4
hep-th/9410135;hep-th/9410135;2;3;5
hep-th/9305048;hep-th/9305048;8;0;8
0908.3065;0908.3065;0;51;51
gr-qc/0110074;gr-qc/0110074;1;10;11
math-ph/0701071;math-ph/0701071;0;2;2
hep-th/9605137;hep-th/9605137;5;0;5
hep-th/0208211;hep-th/0208211;5;12;17
hep-th/9811030;hep-th/9811030;10;3;13
hep-th/9812001;hep-th/9812001;0;7;7
hep-th/9703138;hep-th/9703138;2;23;25
hep-th/9812002;hep-th/9812002;3;6;9
gr-qc/0311028;gr-qc/0311028;5;12;17
gr-qc/0405115;gr-qc/0405115;3;10;13
hep-th/9803136;hep-th/9803136;4;12;16
hep-th/9812008;hep-th/9812008;4;42;46
hep-th/9805070;hep-th/9805070;16;13;29
hep-th/9801047;hep-th/9801047;18;7;25
gr-qc/0312081;gr-qc/0312081;2;7;9
gr-qc/0404088;gr-qc/0404088;2;0;2
hep-th/0411165;hep-th/0411165;3;22;25
hep-th/9404078;hep-th/9404078;4;0;4
gr-qc/0207077;gr-qc/0207077;11;11;22
0902.3885;0902.3885;0;12;12
hep-th/0303175;hep-th/0303175;6;2;8
hep-th/0302042;hep-th/0302042;5;0;5
hep-th/0311087;hep-th/0311087;6;5;11
hep-ph/0101284;hep-ph/0101284;0;5;5
hep-ph/0007037;hep-ph/0007037;1;13;14
hep-th/9905090;hep-th/9905090;5;3;8
hep-ph/0101216;hep-ph/0101216;2;0;2
hep-th/0411219;hep-th/0411219;0;1;1
hep-th/0012205;hep-th/0012205;1;0;1
gr-qc/0110079;gr-qc/0110079;4;4;8
gr-qc/0110078;gr-qc/0110078;4;1;5
hep-ph/0512078;hep-ph/0512078;5;13;18
0706.0416;0706.0416;0;4;4
hep-th/0301175;hep-th/0301175;1;3;4
hep-th/0111042;hep-th/0111042;3;3;6
hep-th/0511235;hep-th/0511235;1;1;2
hep-ph/0411259;hep-ph/0411259;3;3;6
0706.0411;0706.0411;0;29;29
hep-th/0703132;hep-th/0703132;4;3;7
0706.0410;0706.0410;0;18;18
astro-ph/0603601;astro-ph/0603601;4;17;21
hep-ph/9504229;hep-ph/9504229;2;3;5
quant-ph/0102128;quant-ph/0102128;4;7;11
quant-ph/9710018;quant-ph/9710018;2;1;3
hep-th/9303121;hep-th/9303121;1;0;1
hep-th/0612083;hep-th/0612083;11;15;26
astro-ph/0311334;astro-ph/0311334;10;0;10
0809.1367;0809.1367;0;26;26
hep-th/0403015;hep-th/0403015;4;0;4
cond-mat/0506613;cond-mat/0506613;0;2;2
0809.1360;0809.1360;0;22;22
hep-th/0606264;hep-th/0606264;13;26;39
astro-ph/0104379;astro-ph/0104379;7;19;26
0704.1146;0704.1146;0;16;16
hep-th/0312212;hep-th/0312212;3;28;31
0911.2491;0911.2491;0;5;5
cond-mat/0202057;cond-mat/0202057;0;6;6
0709.0471;0709.0471;0;38;38
hep-th/0604202;hep-th/0604202;1;12;13
hep-th/0101181;hep-th/0101181;2;0;2
hep-th/0011105;hep-th/0011105;7;8;15
hep-th/0411087;hep-th/0411087;9;23;32
solv-int/9711001;solv-int/9711001;0;6;6
solv-int/9705001;solv-int/9705001;1;0;1
hep-th/9707065;hep-th/9707065;1;7;8
hep-th/9210083;hep-th/9210083;2;0;2
solv-int/9704002;solv-int/9704002;1;0;1
hep-th/9301077;hep-th/9301077;6;0;6
hep-th/9501033;hep-th/9501033;2;4;6
hep-th/9210071;hep-th/9210071;4;0;4
quant-ph/9703044;quant-ph/9703044;0;8;8
0901.0466;0901.0466;0;22;22
cond-mat/0511619;cond-mat/0511619;0;1;1
cond-mat/0501110;cond-mat/0501110;2;9;11
0803.2819;0803.2819;0;61;61
0911.0961;0911.0961;0;3;3
0712.4119;0712.4119;0;60;60
hep-th/0610186;hep-th/0610186;8;10;18
hep-th/0504215;hep-th/0504215;13;9;22
hep-th/0107034;hep-th/0107034;5;7;12
hep-th/0206007;hep-th/0206007;3;41;44
hep-th/9701073;hep-th/9701073;5;12;17
hep-th/0011080;hep-th/0011080;3;17;20
hep-th/0206006;hep-th/0206006;3;66;69
hep-th/0003141;hep-th/0003141;3;10;13
hep-th/0201259;hep-th/0201259;7;0;7
math-ph/0101001;math-ph/0101001;4;0;4
hep-th/0201161;hep-th/0201161;2;12;14
0906.2441;0906.2441;0;5;5
hep-th/0511108;hep-th/0511108;4;2;6
hep-th/0511166;hep-th/0511166;4;0;4
hep-th/9812120;hep-th/9812120;3;8;11
cond-mat/0404104;cond-mat/0404104;2;6;8
gr-qc/9704040;gr-qc/9704040;4;0;4
gr-qc/0101073;gr-qc/0101073;5;8;13
gr-qc/9306014;gr-qc/9306014;9;0;9
gr-qc/0102052;gr-qc/0102052;8;14;22
hep-th/9902190;hep-th/9902190;4;0;4
quant-ph/0612059;quant-ph/0612059;0;5;5
0906.3046;0906.3046;0;9;9
hep-th/0701099;hep-th/0701099;3;12;15
hep-ph/0607158;hep-ph/0607158;6;9;15
0808.3435;0808.3435;0;56;56
0901.3848;0901.3848;0;16;16
0806.1491;0806.1491;0;25;25
hep-th/0609087;hep-th/0609087;4;86;90
hep-th/0309017;hep-th/0309017;16;66;82
gr-qc/0607105;gr-qc/0607105;0;10;10
hep-th/0108026;hep-th/0108026;2;9;11
0902.2498;0902.2498;0;7;7
hep-ph/0303086;hep-ph/0303086;2;5;7
hep-ph/9310245;hep-ph/9310245;4;0;4
hep-th/0307286;hep-th/0307286;2;3;5
hep-th/0101010;hep-th/0101010;6;16;22
0908.0745;0908.0745;0;14;14
hep-th/9809203;hep-th/9809203;1;24;25
hep-th/9412149;hep-th/9412149;6;6;12
hep-th/9412124;hep-th/9412124;5;1;6
hep-th/9610005;hep-th/9610005;2;45;47
hep-th/9611210;hep-th/9611210;6;12;18
hep-th/9701053;hep-th/9701053;6;39;45
hep-th/9110014;hep-th/9110014;6;0;6
hep-th/9611182;hep-th/9611182;2;17;19
hep-th/9510080;hep-th/9510080;3;0;3
hep-th/9606047;hep-th/9606047;5;16;21
hep-th/9611161;hep-th/9611161;9;19;28
hep-th/9611162;hep-th/9611162;5;0;5
hep-th/9608106;hep-th/9608106;5;0;5
hep-th/9702058;hep-th/9702058;5;12;17
hep-th/9611111;hep-th/9611111;16;16;32
hep-th/9505063;hep-th/9505063;2;0;2
hep-th/9710044;hep-th/9710044;0;7;7
hep-th/9701105;hep-th/9701105;3;8;11
hep-th/9710045;hep-th/9710045;0;4;4
hep-th/9405116;hep-th/9405116;2;1;3
hep-th/9701029;hep-th/9701029;4;4;8
hep-th/9710043;hep-th/9710043;0;4;4
hep-th/9701013;hep-th/9701013;4;13;17
hep-th/9602175;hep-th/9602175;10;8;18
hep-th/9710040;hep-th/9710040;1;2;3
hep-th/9709162;hep-th/9709162;2;1;3
hep-th/9612160;hep-th/9612160;1;17;18
hep-th/9202086;hep-th/9202086;4;2;6
hep-th/9604085;hep-th/9604085;4;0;4
hep-th/0612257;hep-th/0612257;0;28;28
astro-ph/9804311;astro-ph/9804311;18;6;24
hep-th/0605078;hep-th/0605078;3;53;56
hep-th/0605208;hep-th/0605208;2;20;22
astro-ph/0308288;astro-ph/0308288;3;3;6
gr-qc/9911116;gr-qc/9911116;7;17;24
hep-th/0104166;hep-th/0104166;4;14;18
hep-th/0104101;hep-th/0104101;4;9;13
hep-th/0003163;hep-th/0003163;3;18;21
hep-th/9611060;hep-th/9611060;2;15;17
hep-th/9610062;hep-th/9610062;5;21;26
hep-th/9604136;hep-th/9604136;23;3;26
hep-th/9605097;hep-th/9605097;8;1;9
hep-th/0411211;hep-th/0411211;0;3;3
hep-th/9705217;hep-th/9705217;3;12;15
hep-th/0411212;hep-th/0411212;3;6;9
hep-th/9611012;hep-th/9611012;2;17;19
hep-th/9702016;hep-th/9702016;2;2;4
0911.4583;0911.4583;0;29;29
hep-th/9601075;hep-th/9601075;12;6;18
hep-th/0611088;hep-th/0611088;6;59;65
hep-th/0003158;hep-th/0003158;8;6;14
0911.4586;0911.4586;0;6;6
0809.3322;0809.3322;0;8;8
0710.1829;0710.1829;0;21;21
hep-th/0401206;hep-th/0401206;14;56;70
hep-th/0506265;hep-th/0506265;17;16;33
0902.2700;0902.2700;0;5;5
hep-th/0603078;hep-th/0603078;17;9;26
hep-th/0310155;hep-th/0310155;8;37;45
0908.2351;0908.2351;0;2;2
0807.0825;0807.0825;0;40;40
hep-th/0302127;hep-th/0302127;2;48;50
hep-th/0212345;hep-th/0212345;4;18;22
0807.0826;0807.0826;0;3;3
hep-th/9811113;hep-th/9811113;3;1;4
hep-th/9708094;hep-th/9708094;2;6;8
hep-th/9203004;hep-th/9203004;9;0;9
0805.4571;0805.4571;0;28;28
hep-th/0408240;hep-th/0408240;2;25;27
0709.3357;0709.3357;0;8;8
0902.1243;0902.1243;0;32;32
hep-ph/0605326;hep-ph/0605326;4;32;36
0705.0056;0705.0056;0;33;33
0902.1247;0902.1247;0;8;8
cond-mat/0210059;cond-mat/0210059;0;1;1
hep-th/9606137;hep-th/9606137;4;4;8
0803.3121;0803.3121;0;6;6
nlin/0411050;nlin/0411050;4;0;4
hep-ph/9707519;hep-ph/9707519;21;1;22
physics/0004010;physics/0004010;6;0;6
0704.2591;0704.2591;0;6;6
hep-th/0410163;hep-th/0410163;6;22;28
cond-mat/0210647;cond-mat/0210647;13;4;17
hep-th/0305002;hep-th/0305002;8;19;27
hep-th/0301192;hep-th/0301192;3;11;14
hep-th/0211080;hep-th/0211080;10;13;23
hep-th/0210282;hep-th/0210282;4;16;20
hep-th/0301252;hep-th/0301252;6;0;6
hep-th/0402023;hep-th/0402023;0;13;13
hep-ph/0402278;hep-ph/0402278;9;20;29
hep-th/0506034;hep-th/0506034;1;7;8
hep-th/0506032;hep-th/0506032;2;14;16
math/0504123;math/0504123;9;3;12
hep-th/0504160;hep-th/0504160;3;59;62
hep-th/0412325;hep-th/0412325;9;20;29
hep-th/0503234;hep-th/0503234;7;5;12
math/9904026;math/9904026;3;7;10
hep-th/0502174;hep-th/0502174;3;4;7
hep-th/0506031;hep-th/0506031;3;35;38
hep-th/0402048;hep-th/0402048;11;35;46
hep-th/0304231;hep-th/0304231;6;42;48
hep-ph/9703261;hep-ph/9703261;3;6;9
hep-th/9406043;hep-th/9406043;4;1;5
hep-th/9305067;hep-th/9305067;12;3;15
hep-th/9206065;hep-th/9206065;5;0;5
hep-lat/0309066;hep-lat/0309066;2;9;11
hep-th/0511281;hep-th/0511281;5;11;16
hep-th/0701259;hep-th/0701259;0;3;3
hep-th/0602181;hep-th/0602181;2;3;5
hep-th/0006138;hep-th/0006138;7;3;10
hep-th/9804066;hep-th/9804066;5;9;14
hep-lat/0208033;hep-lat/0208033;1;10;11
cond-mat/9510046;cond-mat/9510046;2;4;6
hep-th/9612092;hep-th/9612092;3;5;8
cond-mat/9506032;cond-mat/9506032;1;7;8
hep-th/0003174;hep-th/0003174;7;19;26
hep-th/0006136;hep-th/0006136;0;4;4
hep-th/0006131;hep-th/0006131;0;4;4
hep-th/9901125;hep-th/9901125;18;1;19
hep-th/0006130;hep-th/0006130;0;3;3
gr-qc/9611049;gr-qc/9611049;3;2;5
gr-qc/9704003;gr-qc/9704003;6;1;7
gr-qc/9704004;gr-qc/9704004;10;1;11
cond-mat/9910109;cond-mat/9910109;1;1;2
0806.3814;0806.3814;0;25;25
gr-qc/0609085;gr-qc/0609085;9;20;29
hep-th/0212022;hep-th/0212022;5;2;7
cond-mat/9612069;cond-mat/9612069;1;1;2
0906.5492;0906.5492;0;5;5
hep-ph/0205347;hep-ph/0205347;4;16;20
0809.3580;0809.3580;0;7;7
0712.2178;0712.2178;0;58;58
hep-th/0510018;hep-th/0510018;3;5;8
0711.2226;0711.2226;0;7;7
hep-ph/0507288;hep-ph/0507288;3;4;7
astro-ph/0611353;astro-ph/0611353;1;4;5
astro-ph/0603494;astro-ph/0603494;10;11;21
0903.4190;0903.4190;0;31;31
hep-th/9407092;hep-th/9407092;3;0;3
hep-th/0109091;hep-th/0109091;2;27;29
hep-th/9907142;hep-th/9907142;15;34;49
hep-th/0008062;hep-th/0008062;7;0;7
hep-th/0106101;hep-th/0106101;7;3;10
hep-th/0208177;hep-th/0208177;4;11;15
hep-th/0208171;hep-th/0208171;1;22;23
hep-th/0208170;hep-th/0208170;2;3;5
hep-th/0208173;hep-th/0208173;2;11;13
0809.1046;0809.1046;0;20;20
0907.1378;0907.1378;0;1;1
0902.3079;0902.3079;0;14;14
0902.3070;0902.3070;0;13;13
0708.3715;0708.3715;0;22;22
math/0304245;math/0304245;1;2;3
math/9808130;math/9808130;4;0;4
hep-ph/0010095;hep-ph/0010095;1;5;6
hep-th/9909029;hep-th/9909029;3;11;14
hep-th/9811221;hep-th/9811221;8;9;17
gr-qc/9901033;gr-qc/9901033;15;4;19
0909.5485;0909.5485;0;6;6
hep-th/0003042;hep-th/0003042;7;20;27
hep-th/0003043;hep-th/0003043;4;7;11
hep-th/9911231;hep-th/9911231;6;10;16
hep-th/0003040;hep-th/0003040;0;4;4
hep-th/9803113;hep-th/9803113;4;2;6
hep-th/0003047;hep-th/0003047;0;13;13
hep-th/0003044;hep-th/0003044;3;10;13
0809.0805;0809.0805;0;8;8
0809.0806;0809.0806;0;9;9
0808.0082;0808.0082;0;29;29
hep-th/0611323;hep-th/0611323;5;22;27
hep-th/0602229;hep-th/0602229;11;27;38
hep-th/0505169;hep-th/0505169;18;9;27
hep-th/0201237;hep-th/0201237;19;13;32
hep-th/0309242;hep-th/0309242;15;22;37
hep-th/0304047;hep-th/0304047;3;4;7
hep-th/0512007;hep-th/0512007;3;7;10
hep-th/0509063;hep-th/0509063;14;39;53
hep-th/0512006;hep-th/0512006;6;11;17
hep-th/0504218;hep-th/0504218;6;2;8
physics/0402105;physics/0402105;1;0;1
gr-qc/0209049;gr-qc/0209049;0;5;5
hep-th/0105021;hep-th/0105021;8;3;11
gr-qc/9801020;gr-qc/9801020;26;4;30
0903.3979;0903.3979;0;13;13
hep-th/0005191;hep-th/0005191;2;5;7
hep-th/0508164;hep-th/0508164;5;26;31
hep-th/0405143;hep-th/0405143;7;48;55
0907.4503;0907.4503;0;12;12
astro-ph/0106245;astro-ph/0106245;2;0;2
0704.0829;0704.0829;0;3;3
hep-th/0703059;hep-th/0703059;4;0;4
hep-th/0703060;hep-th/0703060;4;2;6
hep-th/9811099;hep-th/9811099;6;1;7
0809.2351;0809.2351;0;10;10
hep-th/0703041;hep-th/0703041;6;12;18
0809.5101;0809.5101;0;4;4
0801.1408;0801.1408;0;9;9
0812.5042;0812.5042;0;9;9
hep-th/0305162;hep-th/0305162;1;20;21
math/0105148;math/0105148;10;6;16
math/0105146;math/0105146;0;1;1
0908.2074;0908.2074;0;11;11
hep-ph/0403281;hep-ph/0403281;11;14;25
hep-ph/0403231;hep-ph/0403231;4;20;24
hep-ph/0302151;hep-ph/0302151;4;15;19
0908.2070;0908.2070;0;23;23
astro-ph/0409238;astro-ph/0409238;5;13;18
hep-ph/9703323;hep-ph/9703323;5;6;11
hep-th/9705079;hep-th/9705079;9;33;42
hep-th/9811036;hep-th/9811036;3;26;29
hep-th/9801104;hep-th/9801104;9;14;23
hep-th/9709211;hep-th/9709211;8;27;35
hep-th/9709089;hep-th/9709089;3;10;13
hep-th/9511141;hep-th/9511141;4;6;10
hep-th/9804145;hep-th/9804145;2;10;12
hep-th/9205077;hep-th/9205077;7;0;7
hep-th/9811032;hep-th/9811032;3;21;24
hep-th/0101212;hep-th/0101212;4;48;52
hep-th/0306199;hep-th/0306199;0;3;3
hep-th/0206015;hep-th/0206015;8;5;13
hep-th/0306083;hep-th/0306083;7;3;10
hep-th/0306085;hep-th/0306085;4;6;10
hep-th/0306196;hep-th/0306196;3;7;10
hep-th/9512218;hep-th/9512218;10;7;17
hep-th/0202041;hep-th/0202041;8;12;20
hep-th/0306197;hep-th/0306197;0;8;8
hep-th/9607115;hep-th/9607115;14;0;14
hep-th/0004099;hep-th/0004099;2;10;12
hep-th/0301046;hep-th/0301046;13;6;19
gr-qc/0110126;gr-qc/0110126;6;6;12
gr-qc/9412018;gr-qc/9412018;8;9;17
gr-qc/0301110;gr-qc/0301110;7;4;11
hep-th/9804033;hep-th/9804033;21;8;29
hep-th/0305152;hep-th/0305152;4;22;26
hep-th/0302015;hep-th/0302015;6;14;20
hep-th/0306192;hep-th/0306192;1;2;3
hep-th/0306193;hep-th/0306193;18;18;36
hep-th/0305140;hep-th/0305140;11;18;29
hep-th/0305160;hep-th/0305160;3;4;7
0910.2576;0910.2576;0;12;12
hep-th/0310027;hep-th/0310027;4;10;14
hep-th/9602056;hep-th/9602056;3;4;7
hep-th/0601067;hep-th/0601067;6;10;16
hep-ph/9601325;hep-ph/9601325;3;19;22
gr-qc/0505091;gr-qc/0505091;0;13;13
gr-qc/0503073;gr-qc/0503073;1;9;10
0811.4484;0811.4484;0;19;19
hep-th/9407024;hep-th/9407024;0;1;1
hep-th/9305085;hep-th/9305085;1;0;1
hep-th/9407026;hep-th/9407026;6;13;19
cond-mat/0508618;cond-mat/0508618;4;11;15
cond-mat/0412421;cond-mat/0412421;8;36;44
hep-th/0506105;hep-th/0506105;2;18;20
0810.0746;0810.0746;0;20;20
astro-ph/0703762;astro-ph/0703762;6;20;26
gr-qc/0612191;gr-qc/0612191;2;9;11
hep-th/0305108;hep-th/0305108;8;16;24
hep-th/0104173;hep-th/0104173;12;0;12
hep-th/9707135;hep-th/9707135;7;0;7
gr-qc/9506001;gr-qc/9506001;2;10;12
gr-qc/9403052;gr-qc/9403052;8;16;24
0903.2753;0903.2753;0;40;40
hep-th/0107032;hep-th/0107032;1;85;86
hep-th/9910134;hep-th/9910134;7;2;9
gr-qc/9707042;gr-qc/9707042;7;6;13
0709.0735;0709.0735;0;4;4
0709.0732;0709.0732;0;5;5
0709.0731;0709.0731;0;16;16
quant-ph/9907103;quant-ph/9907103;5;2;7
hep-th/9512086;hep-th/9512086;15;24;39
hep-th/9503021;hep-th/9503021;6;8;14
hep-th/9806145;hep-th/9806145;1;2;3
hep-th/9512085;hep-th/9512085;2;12;14
hep-th/9911167;hep-th/9911167;3;6;9
hep-th/9702003;hep-th/9702003;7;3;10
hep-th/9309035;hep-th/9309035;10;0;10
hep-th/0204009;hep-th/0204009;4;28;32
hep-th/0105194;hep-th/0105194;5;20;25
hep-th/0202057;hep-th/0202057;10;34;44
hep-th/0106142;hep-th/0106142;11;31;42
hep-th/0301160;hep-th/0301160;0;1;1
0807.1889;0807.1889;0;61;61
hep-ph/0604126;hep-ph/0604126;4;51;55
hep-th/0601003;hep-th/0601003;10;23;33
hep-th/0603217;hep-th/0603217;5;49;54
hep-th/0305165;hep-th/0305165;4;15;19
0812.0445;0812.0445;0;25;25
0710.5873;0710.5873;0;30;30
0910.1542;0910.1542;0;6;6
hep-th/0611042;hep-th/0611042;3;22;25
hep-lat/9309013;hep-lat/9309013;2;1;3
hep-lat/9309012;hep-lat/9309012;1;1;2
0710.1956;0710.1956;0;8;8
math/0305216;math/0305216;2;10;12
0907.2939;0907.2939;0;27;27
0812.4533;0812.4533;0;6;6
gr-qc/0408086;gr-qc/0408086;1;12;13
gr-qc/0303009;gr-qc/0303009;7;11;18
hep-th/0307162;hep-th/0307162;6;19;25
hep-th/0201216;hep-th/0201216;7;8;15
hep-th/0311050;hep-th/0311050;4;13;17
gr-qc/9509034;gr-qc/9509034;13;0;13
hep-th/0308070;hep-th/0308070;3;13;16
hep-th/9804140;hep-th/9804140;7;7;14
hep-th/0310151;hep-th/0310151;4;1;5
hep-th/0308077;hep-th/0308077;3;8;11
0712.0076;0712.0076;0;51;51
hep-th/0701134;hep-th/0701134;1;14;15
hep-th/0203053;hep-th/0203053;7;16;23
hep-th/0201109;hep-th/0201109;8;18;26
hep-th/0204172;hep-th/0204172;6;27;33
gr-qc/9701027;gr-qc/9701027;0;1;1
hep-th/9710020;hep-th/9710020;10;31;41
hep-th/9802151;hep-th/9802151;4;55;59
hep-th/9806092;hep-th/9806092;9;22;31
hep-th/9806170;hep-th/9806170;2;22;24
hep-th/9804114;hep-th/9804114;8;42;50
hep-th/9806172;hep-th/9806172;1;2;3
0901.3785;0901.3785;0;21;21
0812.0369;0812.0369;0;18;18
gr-qc/9511048;gr-qc/9511048;6;10;16
hep-th/9410194;hep-th/9410194;1;0;1
hep-th/9511156;hep-th/9511156;2;0;2
hep-th/9509055;hep-th/9509055;1;2;3
0902.4805;0902.4805;0;1;1
0708.2311;0708.2311;0;23;23
0811.2882;0811.2882;0;13;13
gr-qc/0501075;gr-qc/0501075;4;18;22
quant-ph/0209016;quant-ph/0209016;3;3;6
hep-th/0307251;hep-th/0307251;3;28;31
hep-th/0111236;hep-th/0111236;8;48;56
0803.0344;0803.0344;0;21;21
hep-th/0410254;hep-th/0410254;4;11;15
0905.3526;0905.3526;0;6;6
hep-th/0410241;hep-th/0410241;3;25;28
hep-th/9906111;hep-th/9906111;3;5;8
hep-th/9911071;hep-th/9911071;1;0;1
hep-lat/0601011;hep-lat/0601011;0;4;4
cond-mat/0502339;cond-mat/0502339;10;1;11
astro-ph/0402485;astro-ph/0402485;6;82;88
gr-qc/0301036;gr-qc/0301036;5;20;25
hep-th/0410011;hep-th/0410011;2;12;14
gr-qc/9511051;gr-qc/9511051;1;2;3
gr-qc/9503049;gr-qc/9503049;9;9;18
hep-th/0410013;hep-th/0410013;10;29;39
hep-lat/0106009;hep-lat/0106009;13;10;23
hep-th/0405110;hep-th/0405110;3;15;18
hep-th/0309136;hep-th/0309136;7;9;16
hep-th/9910078;hep-th/9910078;0;1;1
hep-th/9506021;hep-th/9506021;6;2;8
hep-th/9901112;hep-th/9901112;8;6;14
math/9809103;math/9809103;2;2;4
hep-th/9601107;hep-th/9601107;4;0;4
hep-th/9806249;hep-th/9806249;14;0;14
hep-th/9901113;hep-th/9901113;1;3;4
hep-th/9403175;hep-th/9403175;6;5;11
hep-th/9607198;hep-th/9607198;5;5;10
hep-th/9609196;hep-th/9609196;4;6;10
hep-th/9901114;hep-th/9901114;1;7;8
hep-th/9901116;hep-th/9901116;3;21;24
hep-th/9811096;hep-th/9811096;5;34;39
hep-th/9110029;hep-th/9110029;7;0;7
hep-th/0012223;hep-th/0012223;14;9;23
hep-th/0304266;hep-th/0304266;7;28;35
hep-th/0304264;hep-th/0304264;1;5;6
hep-th/0006147;hep-th/0006147;12;3;15
hep-th/9803125;hep-th/9803125;4;3;7
0803.3421;0803.3421;0;16;16
0803.3420;0803.3420;0;15;15
hep-ph/0203014;hep-ph/0203014;9;2;11
hep-th/0002096;hep-th/0002096;11;11;22
hep-th/9704154;hep-th/9704154;10;5;15
hep-th/0105027;hep-th/0105027;8;15;23
hep-th/9805095;hep-th/9805095;8;2;10
0912.0504;0912.0504;0;8;8
hep-th/9705070;hep-th/9705070;1;2;3
hep-th/9807043;hep-th/9807043;13;2;15
hep-th/0111131;hep-th/0111131;2;9;11
0912.3851;0912.3851;0;5;5
0705.2868;0705.2868;0;5;5
cond-mat/9411085;cond-mat/9411085;0;1;1
0704.0549;0704.0549;0;16;16
hep-th/0307125;hep-th/0307125;13;9;22
hep-th/9108024;hep-th/9108024;7;0;7
hep-th/0401064;hep-th/0401064;2;10;12
hep-th/0401065;hep-th/0401065;0;3;3
hep-th/0309019;hep-th/0309019;7;16;23
hep-th/0401060;hep-th/0401060;1;18;19
hep-ph/0308290;hep-ph/0308290;2;15;17
hep-ph/0101107;hep-ph/0101107;2;18;20
hep-th/0401069;hep-th/0401069;4;48;52
gr-qc/0308004;gr-qc/0308004;6;2;8
gr-qc/9907064;gr-qc/9907064;5;0;5
gr-qc/9509010;gr-qc/9509010;7;8;15
hep-th/9701031;hep-th/9701031;4;4;8
gr-qc/9911078;gr-qc/9911078;8;12;20
hep-th/0312105;hep-th/0312105;3;34;37
gr-qc/0307108;gr-qc/0307108;2;11;13
hep-ph/9310202;hep-ph/9310202;0;1;1
hep-th/9912166;hep-th/9912166;5;8;13
gr-qc/0511118;gr-qc/0511118;5;10;15
math-ph/0412014;math-ph/0412014;3;0;3
math-ph/0304005;math-ph/0304005;1;0;1
0707.2013;0707.2013;0;26;26
hep-th/0609146;hep-th/0609146;2;2;4
0901.2431;0901.2431;0;7;7
hep-th/0412159;hep-th/0412159;10;20;30
hep-th/0511162;hep-th/0511162;7;0;7
0712.1850;0712.1850;0;24;24
hep-th/0701108;hep-th/0701108;9;24;33
0904.4357;0904.4357;0;1;1
hep-th/9712196;hep-th/9712196;0;19;19
hep-th/9705094;hep-th/9705094;4;33;37
hep-th/9712194;hep-th/9712194;3;24;27
hep-th/9712192;hep-th/9712192;1;3;4
hep-th/9712190;hep-th/9712190;1;3;4
0809.1413;0809.1413;0;7;7
hep-ph/9708215;hep-ph/9708215;4;0;4
hep-th/9308031;hep-th/9308031;0;1;1
0708.2865;0708.2865;0;155;155
hep-th/0701215;hep-th/0701215;6;63;69
0807.2917;0807.2917;0;13;13
hep-th/0602184;hep-th/0602184;3;102;105
0803.4299;0803.4299;0;6;6
cond-mat/0607736;cond-mat/0607736;6;10;16
0812.2843;0812.2843;0;10;10
hep-th/0109198;hep-th/0109198;14;19;33
dg-ga/9702018;dg-ga/9702018;8;0;8
hep-ph/0004081;hep-ph/0004081;2;11;13
hep-th/9907071;hep-th/9907071;6;10;16
hep-th/9209013;hep-th/9209013;10;6;16
hep-th/9303023;hep-th/9303023;1;0;1
hep-th/9202090;hep-th/9202090;8;0;8
hep-th/9311140;hep-th/9311140;0;2;2
hep-th/9311141;hep-th/9311141;1;5;6
0711.4085;0711.4085;0;10;10
hep-th/0412167;hep-th/0412167;10;25;35
hep-th/9712225;hep-th/9712225;1;5;6
hep-th/9710029;hep-th/9710029;3;14;17
hep-th/9711140;hep-th/9711140;11;8;19
0710.2104;0710.2104;0;5;5
hep-ph/0612286;hep-ph/0612286;3;10;13
hep-ph/0603042;hep-ph/0603042;2;33;35
hep-th/9305165;hep-th/9305165;5;5;10
gr-qc/9304027;gr-qc/9304027;4;3;7
hep-th/9611005;hep-th/9611005;3;5;8
gr-qc/9510016;gr-qc/9510016;0;3;3
hep-th/9309121;hep-th/9309121;0;5;5
hep-th/9309120;hep-th/9309120;1;3;4
hep-th/9305098;hep-th/9305098;4;13;17
hep-th/9302114;hep-th/9302114;8;0;8
hep-th/9308114;hep-th/9308114;9;6;15
hep-th/9209065;hep-th/9209065;5;0;5
0712.1940;0712.1940;0;11;11
cond-mat/9710083;cond-mat/9710083;4;0;4
hep-th/0703078;hep-th/0703078;4;21;25
cond-mat/9709252;cond-mat/9709252;4;0;4
cond-mat/9709163;cond-mat/9709163;4;0;4
hep-ph/0611198;hep-ph/0611198;0;3;3
hep-th/9309129;hep-th/9309129;2;3;5
hep-th/9205093;hep-th/9205093;4;0;4
0908.2987;0908.2987;0;4;4
hep-th/0605058;hep-th/0605058;4;3;7
hep-th/0309271;hep-th/0309271;9;1;10
hep-th/0312214;hep-th/0312214;7;1;8
hep-th/9806014;hep-th/9806014;11;0;11
gr-qc/0208059;gr-qc/0208059;0;17;17
hep-th/9902184;hep-th/9902184;10;0;10
0810.3623;0810.3623;0;16;16
0811.2197;0811.2197;0;21;21
gr-qc/0208053;gr-qc/0208053;1;3;4
hep-th/9908206;hep-th/9908206;1;0;1
gr-qc/0208052;gr-qc/0208052;0;4;4
0811.2196;0811.2196;0;20;20
hep-th/0701239;hep-th/0701239;2;26;28
gr-qc/0612084;gr-qc/0612084;4;19;23
gr-qc/0610074;gr-qc/0610074;5;20;25
0906.4531;0906.4531;0;8;8
hep-th/0407022;hep-th/0407022;2;25;27
hep-th/9307003;hep-th/9307003;5;0;5
hep-th/9310048;hep-th/9310048;1;1;2
0810.5509;0810.5509;0;6;6
hep-th/0012079;hep-th/0012079;7;38;45
0810.5506;0810.5506;0;30;30
gr-qc/0702098;gr-qc/0702098;5;4;9
hep-th/9911088;hep-th/9911088;20;23;43
0811.2190;0811.2190;0;26;26
hep-th/9406179;hep-th/9406179;5;2;7
hep-th/9306065;hep-th/9306065;6;2;8
hep-th/9505069;hep-th/9505069;3;4;7
hep-th/9510012;hep-th/9510012;0;9;9
hep-th/9310079;hep-th/9310079;1;3;4
hep-th/9409052;hep-th/9409052;1;0;1
hep-th/9510010;hep-th/9510010;0;4;4
hep-th/9408138;hep-th/9408138;1;2;3
hep-th/9412091;hep-th/9412091;1;3;4
hep-th/9510018;hep-th/9510018;1;10;11
0708.3738;0708.3738;0;20;20
hep-th/0401202;hep-th/0401202;5;3;8
hep-th/0302176;hep-th/0302176;4;20;24
hep-th/0306072;hep-th/0306072;1;6;7
hep-th/0605123;hep-th/0605123;7;14;21
hep-th/0108105;hep-th/0108105;13;8;21
hep-th/0106215;hep-th/0106215;13;11;24
hep-th/0303222;hep-th/0303222;9;76;85
hep-th/0312017;hep-th/0312017;6;60;66
hep-th/0312316;hep-th/0312316;2;27;29
hep-th/0201027;hep-th/0201027;6;13;19
hep-th/0305034;hep-th/0305034;4;0;4
hep-th/0402006;hep-th/0402006;3;4;7
hep-th/0302002;hep-th/0302002;5;5;10
hep-th/0311003;hep-th/0311003;4;2;6
hep-th/0212243;hep-th/0212243;4;10;14
hep-th/9205063;hep-th/9205063;3;0;3
hep-th/0201231;hep-th/0201231;3;7;10
hep-th/0312149;hep-th/0312149;9;17;26
hep-th/9205076;hep-th/9205076;1;0;1
hep-th/9906116;hep-th/9906116;3;7;10
hep-th/0312242;hep-th/0312242;9;27;36
hep-th/9602038;hep-th/9602038;3;4;7
0710.3620;0710.3620;0;4;4
hep-th/0602105;hep-th/0602105;1;20;21
hep-th/0409128;hep-th/0409128;13;9;22
gr-qc/0011092;gr-qc/0011092;13;23;36
gr-qc/9709013;gr-qc/9709013;19;2;21
cond-mat/0110054;cond-mat/0110054;0;3;3
hep-th/9909142;hep-th/9909142;5;4;9
0911.0320;0911.0320;0;11;11
hep-th/0307219;hep-th/0307219;4;12;16
hep-th/0602108;hep-th/0602108;2;16;18
hep-th/0505217;hep-th/0505217;6;26;32
hep-th/0602109;hep-th/0602109;2;12;14
0812.0260;0812.0260;0;2;2
hep-ph/0306124;hep-ph/0306124;6;18;24
hep-th/0107018;hep-th/0107018;1;33;34
hep-th/0012064;hep-th/0012064;1;5;6
hep-th/0103158;hep-th/0103158;3;17;20
hep-th/0103257;hep-th/0103257;5;27;32
hep-th/0103009;hep-th/0103009;4;17;21
hep-th/9506117;hep-th/9506117;6;3;9
0712.0813;0712.0813;0;1;1
hep-th/9204054;hep-th/9204054;4;2;6
hep-th/9706213;hep-th/9706213;8;12;20
hep-th/9806173;hep-th/9806173;9;31;40
hep-th/9806013;hep-th/9806013;5;9;14
hep-ph/9601228;hep-ph/9601228;8;0;8
hep-th/9705242;hep-th/9705242;8;12;20
hep-th/9807035;hep-th/9807035;5;10;15
hep-th/9512135;hep-th/9512135;13;11;24
hep-th/9612073;hep-th/9612073;10;15;25
hep-th/9808123;hep-th/9808123;0;2;2
0805.2005;0805.2005;0;25;25
hep-th/9411063;hep-th/9411063;4;2;6
hep-th/9410202;hep-th/9410202;7;2;9
0808.3274;0808.3274;0;40;40
gr-qc/0512117;gr-qc/0512117;4;16;20
cond-mat/0511657;cond-mat/0511657;2;18;20
astro-ph/0612444;astro-ph/0612444;11;7;18
astro-ph/0406063;astro-ph/0406063;3;0;3
hep-th/9706215;hep-th/9706215;1;0;1
hep-th/9411069;hep-th/9411069;2;2;4
hep-th/9403080;hep-th/9403080;4;1;5
0806.0737;0806.0737;0;2;2
gr-qc/0405121;gr-qc/0405121;0;2;2
astro-ph/0311063;astro-ph/0311063;2;5;7
0807.0424;0807.0424;0;11;11
hep-th/0508099;hep-th/0508099;4;98;102
hep-ph/0101270;hep-ph/0101270;4;3;7
hep-th/0303068;hep-th/0303068;7;19;26
astro-ph/0112565;astro-ph/0112565;12;6;18
hep-th/0310025;hep-th/0310025;10;26;36
hep-th/0403240;hep-th/0403240;13;31;44
0912.3767;0912.3767;0;7;7
hep-th/0503170;hep-th/0503170;4;16;20
hep-th/0508091;hep-th/0508091;0;2;2
hep-th/0508090;hep-th/0508090;1;25;26
hep-th/0308059;hep-th/0308059;8;0;8
hep-th/0508096;hep-th/0508096;0;12;12
hep-th/0508063;hep-th/0508063;1;3;4
hep-th/0508095;hep-th/0508095;4;16;20
gr-qc/0508001;gr-qc/0508001;1;1;2
0808.0155;0808.0155;0;12;12
0905.3894;0905.3894;0;8;8
0905.3893;0905.3893;0;4;4
hep-th/0703268;hep-th/0703268;3;2;5
hep-th/9406166;hep-th/9406166;6;0;6
hep-th/9304157;hep-th/9304157;4;0;4
hep-th/9206009;hep-th/9206009;3;0;3
hep-th/9205105;hep-th/9205105;3;1;4
hep-th/9506046;hep-th/9506046;0;4;4
hep-th/9409084;hep-th/9409084;1;0;1
hep-th/9410105;hep-th/9410105;9;6;15
hep-th/9412005;hep-th/9412005;0;3;3
hep-th/9409016;hep-th/9409016;9;12;21
hep-th/9412004;hep-th/9412004;1;2;3
hep-th/9207058;hep-th/9207058;3;0;3
hep-th/0012151;hep-th/0012151;4;0;4
0705.3906;0705.3906;0;4;4
math-ph/9906011;math-ph/9906011;0;4;4
math-ph/9805009;math-ph/9805009;2;1;3
gr-qc/9605073;gr-qc/9605073;7;0;7
0804.3685;0804.3685;0;9;9
hep-th/0406054;hep-th/0406054;6;8;14
cond-mat/0205101;cond-mat/0205101;3;0;3
0704.2656;0704.2656;0;27;27
cond-mat/9711152;cond-mat/9711152;1;0;1
cond-mat/9411132;cond-mat/9411132;1;0;1
hep-th/9205082;hep-th/9205082;7;0;7
hep-th/9911239;hep-th/9911239;11;15;26
hep-th/0509167;hep-th/0509167;8;20;28
hep-th/0603056;hep-th/0603056;9;26;35
0705.2059;0705.2059;0;35;35
hep-th/0611208;hep-th/0611208;4;0;4
hep-th/0407147;hep-th/0407147;6;34;40
hep-th/0601202;hep-th/0601202;4;34;38
hep-th/0506051;hep-th/0506051;18;93;111
hep-th/0703177;hep-th/0703177;15;37;52
hep-th/0509065;hep-th/0509065;3;48;51
hep-th/9701104;hep-th/9701104;12;16;28
hep-th/9611143;hep-th/9611143;6;7;13
astro-ph/9605155;astro-ph/9605155;12;7;19
q-alg/9602031;q-alg/9602031;9;1;10
hep-th/9701100;hep-th/9701100;4;8;12
hep-th/9504132;hep-th/9504132;5;3;8
hep-ph/9505401;hep-ph/9505401;0;18;18
hep-th/9411193;hep-th/9411193;6;3;9
hep-th/9212120;hep-th/9212120;5;2;7
hep-th/9505033;hep-th/9505033;3;12;15
0906.5080;0906.5080;0;12;12
math-ph/0503057;math-ph/0503057;3;2;5
0912.1814;0912.1814;0;23;23
math-ph/0001027;math-ph/0001027;0;3;3
hep-th/9706056;hep-th/9706056;10;3;13
0909.2219;0909.2219;0;1;1
hep-th/9202067;hep-th/9202067;0;2;2
hep-th/9202060;hep-th/9202060;7;1;8
hep-th/9712023;hep-th/9712023;9;18;27
hep-ph/0010257;hep-ph/0010257;5;2;7
0807.3882;0807.3882;0;17;17
hep-th/0611063;hep-th/0611063;4;11;15
hep-th/0409194;hep-th/0409194;6;4;10
hep-th/0701212;hep-th/0701212;5;15;20
hep-th/0408168;hep-th/0408168;11;5;16
0804.2082;0804.2082;0;7;7
gr-qc/0401093;gr-qc/0401093;4;2;6
gr-qc/0302073;gr-qc/0302073;4;6;10
0710.4049;0710.4049;0;22;22
hep-th/0401117;hep-th/0401117;3;16;19
hep-th/0404069;hep-th/0404069;12;17;29
hep-th/9807096;hep-th/9807096;23;36;59
hep-th/0012078;hep-th/0012078;3;20;23
hep-th/9912273;hep-th/9912273;6;15;21
0708.2267;0708.2267;0;16;16
gr-qc/0701030;gr-qc/0701030;2;12;14
gr-qc/0405087;gr-qc/0405087;1;6;7
hep-th/0008014;hep-th/0008014;1;9;10
hep-th/0011254;hep-th/0011254;19;24;43
hep-th/9912276;hep-th/9912276;4;6;10
0805.4044;0805.4044;0;19;19
0903.2258;0903.2258;0;15;15
gr-qc/0110070;gr-qc/0110070;7;6;13
gr-qc/0507051;gr-qc/0507051;3;6;9
0709.2981;0709.2981;0;3;3
0807.1481;0807.1481;0;22;22
hep-th/0601176;hep-th/0601176;0;10;10
hep-th/9905189;hep-th/9905189;3;0;3
hep-th/9810156;hep-th/9810156;4;1;5
hep-th/0301019;hep-th/0301019;3;7;10
0807.0391;0807.0391;0;8;8
hep-ph/9412210;hep-ph/9412210;5;2;7
hep-th/0211044;hep-th/0211044;3;19;22
hep-th/9912220;hep-th/9912220;1;4;5
0705.1507;0705.1507;0;6;6
hep-th/0308130;hep-th/0308130;3;16;19
hep-th/0601172;hep-th/0601172;0;6;6
0804.1194;0804.1194;0;8;8
0709.2988;0709.2988;0;4;4
hep-th/0601173;hep-th/0601173;1;19;20
quant-ph/0605068;quant-ph/0605068;0;3;3
hep-th/0505178;hep-th/0505178;7;29;36
hep-lat/0011039;hep-lat/0011039;4;10;14
hep-th/9901158;hep-th/9901158;7;23;30
hep-th/0512201;hep-th/0512201;2;38;40
hep-th/0511187;hep-th/0511187;2;28;30
0709.2390;0709.2390;0;26;26
hep-th/0606112;hep-th/0606112;6;23;29
hep-ph/0106187;hep-ph/0106187;4;1;5
hep-ph/0003285;hep-ph/0003285;7;5;12
0709.2399;0709.2399;0;49;49
hep-th/9912221;hep-th/9912221;2;10;12
0706.2341;0706.2341;0;5;5
0706.2342;0706.2342;0;7;7
0812.0167;0812.0167;0;3;3
0812.0166;0812.0166;0;9;9
0812.0165;0812.0165;0;9;9
hep-th/0511219;hep-th/0511219;0;1;1
0812.0161;0812.0161;0;11;11
hep-th/0110264;hep-th/0110264;7;7;14
hep-th/0510153;hep-th/0510153;5;21;26
hep-ph/9804452;hep-ph/9804452;2;1;3
quant-ph/0408127;quant-ph/0408127;6;2;8
quant-ph/0311096;quant-ph/0311096;8;5;13
hep-th/0410168;hep-th/0410168;6;36;42
0904.2533;0904.2533;0;23;23
hep-th/0610252;hep-th/0610252;3;1;4
math/0504224;math/0504224;2;0;2
hep-ph/0211175;hep-ph/0211175;2;2;4
hep-th/0110206;hep-th/0110206;5;20;25
hep-th/0702020;hep-th/0702020;4;22;26
hep-th/0607019;hep-th/0607019;5;2;7
hep-th/0212097;hep-th/0212097;6;15;21
hep-th/0702027;hep-th/0702027;5;9;14
hep-th/0507033;hep-th/0507033;3;9;12
hep-th/0603241;hep-th/0603241;10;13;23
hep-th/0607106;hep-th/0607106;1;10;11
hep-th/0702024;hep-th/0702024;2;4;6
hep-th/0611014;hep-th/0611014;14;30;44
0803.1809;0803.1809;0;8;8
hep-th/0211213;hep-th/0211213;2;22;24
hep-th/0206064;hep-th/0206064;3;35;38
hep-th/0211214;hep-th/0211214;2;7;9
hep-ph/0103228;hep-ph/0103228;1;2;3
0705.3600;0705.3600;0;3;3
0708.0759;0708.0759;0;15;15
hep-th/9505077;hep-th/9505077;8;3;11
cond-mat/0505367;cond-mat/0505367;1;7;8
hep-th/0006238;hep-th/0006238;2;13;15
hep-th/0005081;hep-th/0005081;1;20;21
hep-th/0011207;hep-th/0011207;3;25;28
hep-th/0006110;hep-th/0006110;2;39;41
hep-th/0006214;hep-th/0006214;4;3;7
hep-th/9610145;hep-th/9610145;10;0;10
0910.3107;0910.3107;0;11;11
hep-th/9201016;hep-th/9201016;14;0;14
hep-th/9212013;hep-th/9212013;3;2;5
hep-th/9411039;hep-th/9411039;9;12;21
hep-th/9408031;hep-th/9408031;5;11;16
hep-th/9304161;hep-th/9304161;8;2;10
hep-th/9408059;hep-th/9408059;3;1;4
hep-lat/0610073;hep-lat/0610073;2;8;10
hep-ph/9604405;hep-ph/9604405;5;2;7
0910.3109;0910.3109;0;2;2
0808.2449;0808.2449;0;6;6
hep-ph/0007167;hep-ph/0007167;4;2;6
hep-ph/9911532;hep-ph/9911532;6;18;24
hep-th/9407143;hep-th/9407143;2;0;2
hep-th/9506058;hep-th/9506058;4;12;16
hep-th/9804162;hep-th/9804162;1;9;10
hep-th/9905106;hep-th/9905106;1;14;15
0811.0362;0811.0362;0;21;21
hep-th/0506094;hep-th/0506094;7;18;25
hep-th/0612147;hep-th/0612147;5;30;35
hep-th/9403120;hep-th/9403120;3;0;3
hep-th/0304173;hep-th/0304173;2;0;2
hep-th/0604180;hep-th/0604180;2;0;2
cond-mat/0404016;cond-mat/0404016;1;12;13
math-ph/0402059;math-ph/0402059;1;5;6
0905.2058;0905.2058;0;55;55
hep-th/9408041;hep-th/9408041;10;1;11
hep-th/9405087;hep-th/9405087;17;1;18
math/0510174;math/0510174;4;0;4
cond-mat/0302282;cond-mat/0302282;1;16;17
hep-th/0105127;hep-th/0105127;12;17;29
cond-mat/0012207;cond-mat/0012207;4;1;5
cond-mat/9804294;cond-mat/9804294;9;8;17
0806.3713;0806.3713;0;88;88
gr-qc/0703009;gr-qc/0703009;7;4;11
hep-ph/0703291;hep-ph/0703291;6;11;17
hep-ph/0407020;hep-ph/0407020;5;34;39
hep-th/0607214;hep-th/0607214;5;3;8
hep-th/0309162;hep-th/0309162;4;21;25
0911.0008;0911.0008;0;12;12
hep-th/9611054;hep-th/9611054;6;4;10
0908.2270;0908.2270;0;33;33
0905.0097;0905.0097;0;8;8
0902.1998;0902.1998;0;10;10
0908.2274;0908.2274;0;11;11
hep-th/0610115;hep-th/0610115;1;20;21
hep-th/0512016;hep-th/0512016;3;39;42
math-ph/0208015;math-ph/0208015;0;2;2
hep-ph/0206276;hep-ph/0206276;1;3;4
0906.1273;0906.1273;0;11;11
hep-ph/0412042;hep-ph/0412042;1;8;9
hep-lat/0312018;hep-lat/0312018;6;3;9
hep-th/0406027;hep-th/0406027;2;8;10
hep-th/0212305;hep-th/0212305;2;12;14
hep-th/0109164;hep-th/0109164;3;18;21
hep-th/0406021;hep-th/0406021;3;3;6
hep-th/9301128;hep-th/9301128;1;2;3
0805.1265;0805.1265;0;6;6
0906.2965;0906.2965;0;1;1
hep-th/9711153;hep-th/9711153;4;60;64
hep-th/9809049;hep-th/9809049;7;5;12
0907.5264;0907.5264;0;12;12
hep-th/0003154;hep-th/0003154;9;11;20
0711.0832;0711.0832;0;18;18
hep-th/0512114;hep-th/0512114;2;21;23
hep-lat/9503016;hep-lat/9503016;8;0;8
hep-lat/9606017;hep-lat/9606017;5;2;7
cond-mat/9408100;cond-mat/9408100;3;0;3
gr-qc/0404033;gr-qc/0404033;0;5;5
gr-qc/0404034;gr-qc/0404034;0;4;4
0906.4493;0906.4493;0;16;16
hep-th/9410008;hep-th/9410008;7;22;29
hep-th/9403015;hep-th/9403015;1;0;1
hep-ph/0404278;hep-ph/0404278;0;6;6
0901.1766;0901.1766;0;2;2
hep-th/9906017;hep-th/9906017;5;5;10
cond-mat/0006403;cond-mat/0006403;1;2;3
cond-mat/9908048;cond-mat/9908048;3;0;3
hep-th/9804108;hep-th/9804108;6;15;21
hep-th/0611064;hep-th/0611064;3;46;49
hep-th/0611066;hep-th/0611066;2;17;19
hep-th/0312277;hep-th/0312277;2;4;6
cond-mat/0007226;cond-mat/0007226;2;8;10
hep-th/9804107;hep-th/9804107;0;2;2
astro-ph/0404233;astro-ph/0404233;12;10;22
hep-th/9206017;hep-th/9206017;1;0;1
hep-th/9410075;hep-th/9410075;0;1;1
hep-th/9410071;hep-th/9410071;4;1;5
hep-th/9303161;hep-th/9303161;6;0;6
hep-th/9911183;hep-th/9911183;4;25;29
hep-th/9911193;hep-th/9911193;6;24;30
hep-th/9912288;hep-th/9912288;7;30;37
hep-th/9612159;hep-th/9612159;2;1;3
hep-th/9911184;hep-th/9911184;0;12;12
hep-th/9911185;hep-th/9911185;2;14;16
0803.3428;0803.3428;0;7;7
quant-ph/9501012;quant-ph/9501012;2;0;2
cond-mat/0601391;cond-mat/0601391;4;2;6
hep-th/9911188;hep-th/9911188;2;20;22
hep-th/9707140;hep-th/9707140;1;4;5
hep-th/9702200;hep-th/9702200;1;14;15
hep-th/9810017;hep-th/9810017;1;5;6
hep-th/9809136;hep-th/9809136;20;8;28
hep-th/9911189;hep-th/9911189;1;13;14
0706.4039;0706.4039;0;19;19
0910.5506;0910.5506;0;4;4
0902.1837;0902.1837;0;18;18
hep-th/0504077;hep-th/0504077;5;16;21
hep-th/0409153;hep-th/0409153;10;20;30
hep-th/0606103;hep-th/0606103;4;10;14
hep-th/0512110;hep-th/0512110;8;13;21
0808.0910;0808.0910;0;17;17
0902.1832;0902.1832;0;5;5
hep-ph/0212231;hep-ph/0212231;6;0;6
0706.4031;0706.4031;0;3;3
astro-ph/0609518;astro-ph/0609518;1;1;2
0706.4033;0706.4033;0;16;16
0910.5509;0910.5509;0;26;26
math/0701825;math/0701825;2;4;6
0711.2514;0711.2514;0;13;13
hep-th/9401167;hep-th/9401167;10;1;11
hep-th/9403197;hep-th/9403197;10;4;14
hep-th/9501032;hep-th/9501032;0;1;1
hep-th/9208071;hep-th/9208071;7;0;7
hep-th/9501035;hep-th/9501035;6;1;7
hep-th/9410213;hep-th/9410213;1;0;1
cond-mat/0703445;cond-mat/0703445;0;9;9
cond-mat/0609672;cond-mat/0609672;4;18;22
cond-mat/0607614;cond-mat/0607614;4;9;13
cond-mat/0605211;cond-mat/0605211;4;4;8
cond-mat/0703226;cond-mat/0703226;1;0;1
0902.1476;0902.1476;0;1;1
hep-th/9910005;hep-th/9910005;1;8;9
hep-th/9212139;hep-th/9212139;0;7;7
hep-th/9212138;hep-th/9212138;0;1;1
gr-qc/9902048;gr-qc/9902048;1;3;4
gr-qc/9902047;gr-qc/9902047;0;13;13
gr-qc/9711006;gr-qc/9711006;2;17;19
0904.4841;0904.4841;0;2;2
0809.3206;0809.3206;0;2;2
hep-lat/0112035;hep-lat/0112035;6;22;28
hep-th/0205250;hep-th/0205250;1;5;6
hep-th/9911053;hep-th/9911053;2;3;5
cond-mat/0108253;cond-mat/0108253;8;0;8
hep-th/0205255;hep-th/0205255;0;19;19
hep-th/9905052;hep-th/9905052;0;7;7
hep-th/9704017;hep-th/9704017;13;4;17
q-alg/9602015;q-alg/9602015;3;0;3
hep-th/9704136;hep-th/9704136;5;7;12
hep-th/9704034;hep-th/9704034;10;7;17
hep-th/9608191;hep-th/9608191;7;8;15
hep-th/9508043;hep-th/9508043;8;14;22
hep-th/9705121;hep-th/9705121;0;3;3
hep-th/9705126;hep-th/9705126;1;11;12
hep-th/9705125;hep-th/9705125;1;1;2
hep-ph/9402293;hep-ph/9402293;1;0;1
0707.1056;0707.1056;0;16;16
hep-th/0009066;hep-th/0009066;2;10;12
hep-th/9906233;hep-th/9906233;0;4;4
0903.5088;0903.5088;0;31;31
hep-ph/9504411;hep-ph/9504411;3;4;7
0802.2449;0802.2449;0;38;38
0911.1479;0911.1479;0;7;7
quant-ph/0610204;quant-ph/0610204;2;8;10
hep-th/0406254;hep-th/0406254;1;28;29
hep-th/0409196;hep-th/0409196;1;48;49
hep-th/0207244;hep-th/0207244;13;0;13
hep-th/0303054;hep-th/0303054;5;25;30
hep-th/9203073;hep-th/9203073;0;1;1
hep-th/0003084;hep-th/0003084;2;11;13
hep-ph/0006051;hep-ph/0006051;5;6;11
0903.0380;0903.0380;0;22;22
0808.1597;0808.1597;0;8;8
hep-th/0502150;hep-th/0502150;4;6;10
hep-th/0507229;hep-th/0507229;3;31;34
hep-th/0411118;hep-th/0411118;12;95;107
hep-th/0504016;hep-th/0504016;8;37;45
hep-th/0506196;hep-th/0506196;7;19;26
hep-th/0503173;hep-th/0503173;8;26;34
hep-th/9505140;hep-th/9505140;4;13;17
hep-th/0309151;hep-th/0309151;15;33;48
hep-th/9212028;hep-th/9212028;1;0;1
gr-qc/9512046;gr-qc/9512046;0;5;5
hep-th/0201165;hep-th/0201165;5;25;30
hep-lat/9907011;hep-lat/9907011;3;7;10
hep-lat/9902007;hep-lat/9902007;2;9;11
hep-th/0106071;hep-th/0106071;2;16;18
hep-lat/0002002;hep-lat/0002002;4;8;12
hep-th/0201167;hep-th/0201167;5;6;11
hep-lat/9511019;hep-lat/9511019;5;4;9
hep-lat/9903021;hep-lat/9903021;2;6;8
0809.2280;0809.2280;0;17;17
0910.3363;0910.3363;0;10;10
hep-th/0207085;hep-th/0207085;7;0;7
math/0102196;math/0102196;5;13;18
hep-th/0306061;hep-th/0306061;2;2;4
hep-ph/0109173;hep-ph/0109173;14;12;26
hep-th/0210172;hep-th/0210172;5;0;5
hep-ph/0501144;hep-ph/0501144;2;2;4
hep-th/9905059;hep-th/9905059;2;12;14
0902.4143;0902.4143;0;9;9
quant-ph/0305148;quant-ph/0305148;2;4;6
0708.0069;0708.0069;0;17;17
0910.5778;0910.5778;0;16;16
q-alg/9710019;q-alg/9710019;5;4;9
hep-th/0702215;hep-th/0702215;15;54;69
hep-th/0605133;hep-th/0605133;18;42;60
hep-th/0404111;hep-th/0404111;4;30;34
0804.1207;0804.1207;0;31;31
hep-th/0204111;hep-th/0204111;6;8;14
hep-ph/0205219;hep-ph/0205219;0;5;5
hep-ph/0201059;hep-ph/0201059;3;9;12
0709.4385;0709.4385;0;19;19
hep-th/0006170;hep-th/0006170;6;8;14
hep-th/9602013;hep-th/9602013;2;6;8
hep-th/9503117;hep-th/9503117;3;0;3
hep-th/9412017;hep-th/9412017;4;2;6
hep-th/0511190;hep-th/0511190;14;5;19
hep-th/9303106;hep-th/9303106;2;4;6
0812.2120;0812.2120;0;10;10
0803.2683;0803.2683;0;51;51
0709.2666;0709.2666;0;46;46
0707.0092;0707.0092;0;31;31
0804.0553;0804.0553;0;44;44
hep-th/0404027;hep-th/0404027;3;21;24
0706.3951;0706.3951;0;12;12
0809.2869;0809.2869;0;15;15
hep-th/0104265;hep-th/0104265;0;6;6
hep-th/0002216;hep-th/0002216;2;11;13
hep-th/0001072;hep-th/0001072;2;5;7
hep-th/9906195;hep-th/9906195;12;6;18
hep-th/0002217;hep-th/0002217;8;24;32
gr-qc/9801072;gr-qc/9801072;6;9;15
hep-th/0303042;hep-th/0303042;1;23;24
hep-th/0303041;hep-th/0303041;0;39;39
hep-th/0303040;hep-th/0303040;2;5;7
hep-th/0104266;hep-th/0104266;2;8;10
hep-th/9907197;hep-th/9907197;2;4;6
hep-th/0009133;hep-th/0009133;3;23;26
0810.3020;0810.3020;0;6;6
hep-th/9309146;hep-th/9309146;6;3;9
0811.0607;0811.0607;0;30;30
hep-th/0012094;hep-th/0012094;3;7;10
hep-th/0406044;hep-th/0406044;1;7;8
math-ph/0007037;math-ph/0007037;2;1;3
math/0306283;math/0306283;0;1;1
hep-th/0111175;hep-th/0111175;0;8;8
hep-th/9903126;hep-th/9903126;2;0;2
astro-ph/0411153;astro-ph/0411153;0;10;10
0805.0187;0805.0187;0;23;23
gr-qc/0603051;gr-qc/0603051;6;27;33
hep-th/9903257;hep-th/9903257;12;9;21
hep-th/0307293;hep-th/0307293;1;17;18
hep-th/0307290;hep-th/0307290;0;6;6
hep-th/9906014;hep-th/9906014;1;6;7
hep-th/0307232;hep-th/0307232;11;15;26
hep-ph/9805455;hep-ph/9805455;3;0;3
hep-th/0102165;hep-th/0102165;6;4;10
hep-th/9808104;hep-th/9808104;2;4;6
hep-th/0104103;hep-th/0104103;1;20;21
math-ph/0403051;math-ph/0403051;0;3;3
hep-th/0104109;hep-th/0104109;0;1;1
hep-th/0104108;hep-th/0104108;11;14;25
hep-th/9712183;hep-th/9712183;1;7;8
0903.3787;0903.3787;0;11;11
hep-th/9709136;hep-th/9709136;1;3;4
0810.5076;0810.5076;0;20;20
0707.3035;0707.3035;0;17;17
0810.5072;0810.5072;0;7;7
0905.3807;0905.3807;0;10;10
hep-th/9303086;hep-th/9303086;3;2;5
solv-int/9808008;solv-int/9808008;3;0;3
hep-th/0104092;hep-th/0104092;7;7;14
math-ph/0209022;math-ph/0209022;1;8;9
hep-th/0108059;hep-th/0108059;2;13;15
hep-ph/0407301;hep-ph/0407301;1;3;4
hep-ph/0407300;hep-ph/0407300;2;4;6
hep-th/9901090;hep-th/9901090;5;0;5
hep-th/0003080;hep-th/0003080;4;2;6
0707.3549;0707.3549;0;25;25
hep-th/0510135;hep-th/0510135;2;27;29
hep-th/9902207;hep-th/9902207;4;2;6
hep-th/0011214;hep-th/0011214;3;8;11
hep-th/0007102;hep-th/0007102;3;12;15
hep-th/0102189;hep-th/0102189;1;3;4
0709.0131;0709.0131;0;2;2
0710.5469;0710.5469;0;38;38
0909.1879;0909.1879;0;5;5
0706.1095;0706.1095;0;78;78
hep-th/0207075;hep-th/0207075;4;11;15
hep-th/0605040;hep-th/0605040;2;12;14
hep-th/0308040;hep-th/0308040;2;14;16
hep-th/0507027;hep-th/0507027;7;31;38
hep-th/0610176;hep-th/0610176;0;24;24
hep-th/0104222;hep-th/0104222;4;11;15
hep-th/0602227;hep-th/0602227;5;10;15
0903.4782;0903.4782;0;15;15
hep-th/0505069;hep-th/0505069;0;35;35
hep-th/9701136;hep-th/9701136;4;1;5
hep-th/9511009;hep-th/9511009;1;4;5
hep-th/9408006;hep-th/9408006;10;6;16
hep-th/9409131;hep-th/9409131;2;0;2
hep-th/9605095;hep-th/9605095;1;6;7
hep-th/9607146;hep-th/9607146;15;25;40
hep-th/9703151;hep-th/9703151;0;10;10
hep-th/9703153;hep-th/9703153;0;9;9
hep-th/9602029;hep-th/9602029;11;24;35
hep-th/9608176;hep-th/9608176;4;13;17
hep-th/9703155;hep-th/9703155;1;3;4
cond-mat/9606041;cond-mat/9606041;4;13;17
cond-mat/9601105;cond-mat/9601105;1;0;1
hep-th/9602007;hep-th/9602007;3;10;13
hep-th/0107229;hep-th/0107229;7;25;32
0907.4221;0907.4221;0;9;9
0712.0386;0712.0386;0;12;12
0907.4229;0907.4229;0;12;12
hep-th/9506018;hep-th/9506018;2;0;2
hep-th/9410018;hep-th/9410018;1;4;5
hep-ph/9605322;hep-ph/9605322;3;7;10
0904.4180;0904.4180;0;4;4
cond-mat/0511736;cond-mat/0511736;1;6;7
hep-th/9507119;hep-th/9507119;3;2;5
cond-mat/0402418;cond-mat/0402418;4;0;4
cond-mat/0409683;cond-mat/0409683;4;0;4
astro-ph/0504576;astro-ph/0504576;15;26;41
hep-th/9708146;hep-th/9708146;8;3;11
astro-ph/0611770;astro-ph/0611770;4;62;66
hep-th/0610028;hep-th/0610028;4;24;28
0903.4432;0903.4432;0;10;10
0812.4026;0812.4026;0;12;12
hep-th/0011068;hep-th/0011068;2;9;11
hep-th/9902143;hep-th/9902143;1;1;2
hep-th/9902144;hep-th/9902144;5;1;6
hep-th/9902145;hep-th/9902145;7;4;11
hep-th/9902148;hep-th/9902148;2;20;22
hep-th/0410071;hep-th/0410071;1;2;3
hep-th/9211003;hep-th/9211003;17;0;17
hep-lat/0402031;hep-lat/0402031;2;5;7
hep-th/0212295;hep-th/0212295;6;30;36
math-ph/0311020;math-ph/0311020;5;5;10
hep-th/0305135;hep-th/0305135;5;7;12
hep-th/0410039;hep-th/0410039;8;11;19
hep-th/0605079;hep-th/0605079;0;3;3
hep-th/0412199;hep-th/0412199;3;2;5
hep-th/0510157;hep-th/0510157;1;2;3
hep-th/0509116;hep-th/0509116;1;1;2
0907.1761;0907.1761;0;8;8
0810.0715;0810.0715;0;6;6
0907.1769;0907.1769;0;5;5
hep-th/0410070;hep-th/0410070;5;19;24
hep-th/0309085;hep-th/0309085;1;0;1
0810.4999;0810.4999;0;17;17
0912.3265;0912.3265;0;94;94
hep-th/9410016;hep-th/9410016;7;7;14
hep-th/9509006;hep-th/9509006;0;2;2
hep-th/9503104;hep-th/9503104;5;27;32
hep-th/9409122;hep-th/9409122;3;6;9
hep-th/9304083;hep-th/9304083;6;2;8
hep-th/9409170;hep-th/9409170;2;5;7
hep-ph/9412358;hep-ph/9412358;3;8;11
0805.4577;0805.4577;0;11;11
hep-th/0510150;hep-th/0510150;2;28;30
hep-th/9604023;hep-th/9604023;5;11;16
hep-th/9703115;hep-th/9703115;3;12;15
hep-th/9908113;hep-th/9908113;5;9;14
0809.2641;0809.2641;0;47;47
hep-ph/0407090;hep-ph/0407090;5;4;9
0801.0478;0801.0478;0;29;29
0801.0471;0801.0471;0;9;9
hep-th/0611137;hep-th/0611137;1;3;4
hep-th/0501131;hep-th/0501131;2;16;18
gr-qc/0409112;gr-qc/0409112;4;6;10
gr-qc/0601010;gr-qc/0601010;3;0;3
quant-ph/0603269;quant-ph/0603269;4;6;10
0909.2747;0909.2747;0;20;20
cond-mat/0201285;cond-mat/0201285;3;2;5
hep-lat/9205018;hep-lat/9205018;3;0;3
cond-mat/9905234;cond-mat/9905234;3;0;3
hep-th/0109161;hep-th/0109161;2;10;12
gr-qc/0007005;gr-qc/0007005;3;9;12
hep-th/9707165;hep-th/9707165;2;1;3
0812.3129;0812.3129;0;18;18
0907.3941;0907.3941;0;8;8
0812.3127;0812.3127;0;4;4
0801.4507;0801.4507;0;10;10
hep-th/9709165;hep-th/9709165;4;5;9
gr-qc/0501082;gr-qc/0501082;1;2;3
hep-th/9404124;hep-th/9404124;6;1;7
0907.3946;0907.3946;0;37;37
hep-th/9802004;hep-th/9802004;10;0;10
hep-th/9503085;hep-th/9503085;1;0;1
0807.3953;0807.3953;0;8;8
hep-th/0703247;hep-th/0703247;6;21;27
hep-th/9807103;hep-th/9807103;0;1;1
hep-th/9505076;hep-th/9505076;2;3;5
hep-th/9309062;hep-th/9309062;2;0;2
hep-th/9807106;hep-th/9807106;4;9;13
hep-th/9807104;hep-th/9807104;1;17;18
hep-th/9806141;hep-th/9806141;4;37;41
hep-th/9807105;hep-th/9807105;0;10;10
hep-th/9404012;hep-th/9404012;4;1;5
hep-th/9402091;hep-th/9402091;6;0;6
0707.0775;0707.0775;0;5;5
0911.3464;0911.3464;0;3;3
hep-th/0107207;hep-th/0107207;8;7;15
0905.2928;0905.2928;0;3;3
hep-th/9409078;hep-th/9409078;1;0;1
hep-th/9412241;hep-th/9412241;2;4;6
0901.3622;0901.3622;0;7;7
hep-th/0107267;hep-th/0107267;3;20;23
0903.2498;0903.2498;0;48;48
hep-th/0208219;hep-th/0208219;13;33;46
hep-th/0312261;hep-th/0312261;12;17;29
physics/9807054;physics/9807054;5;1;6
math-ph/0210037;math-ph/0210037;0;6;6
0907.0410;0907.0410;0;15;15
hep-th/9603075;hep-th/9603075;2;22;24
0907.2276;0907.2276;0;22;22
hep-th/9512126;hep-th/9512126;9;20;29
hep-th/9512123;hep-th/9512123;2;12;14
hep-th/9512122;hep-th/9512122;0;2;2
hep-th/9504106;hep-th/9504106;2;0;2
hep-th/9506212;hep-th/9506212;3;0;3
hep-th/9509013;hep-th/9509013;7;22;29
hep-th/0212179;hep-th/0212179;3;47;50
hep-th/9906162;hep-th/9906162;10;23;33
hep-th/0305076;hep-th/0305076;0;2;2
hep-th/0012239;hep-th/0012239;2;32;34
hep-th/0208051;hep-th/0208051;6;0;6
hep-th/0107085;hep-th/0107085;0;12;12
0912.0269;0912.0269;0;5;5
0708.2127;0708.2127;0;7;7
hep-th/0402136;hep-th/0402136;4;22;26
astro-ph/0607586;astro-ph/0607586;6;9;15
astro-ph/0401070;astro-ph/0401070;8;4;12
hep-th/0307008;hep-th/0307008;9;32;41
hep-th/0203250;hep-th/0203250;11;22;33
0708.2123;0708.2123;0;36;36
hep-th/0701006;hep-th/0701006;3;22;25
hep-th/0011057;hep-th/0011057;5;40;45
hep-th/0009025;hep-th/0009025;14;21;35
0804.0009;0804.0009;0;33;33
hep-th/0102015;hep-th/0102015;8;13;21
gr-qc/9409034;gr-qc/9409034;0;2;2
hep-th/9404023;hep-th/9404023;3;1;4
hep-th/9406042;hep-th/9406042;1;0;1
hep-th/9406172;hep-th/9406172;2;1;3
hep-th/9508168;hep-th/9508168;3;1;4
hep-th/9607211;hep-th/9607211;7;0;7
0803.2626;0803.2626;0;5;5
hep-th/0405276;hep-th/0405276;1;18;19
hep-th/9612031;hep-th/9612031;6;1;7
hep-th/9508169;hep-th/9508169;1;1;2
hep-th/9308035;hep-th/9308035;2;0;2
0801.1797;0801.1797;0;6;6
hep-th/9406079;hep-th/9406079;11;2;13
hep-th/9503095;hep-th/9503095;12;3;15
0706.2363;0706.2363;0;30;30
cond-mat/9509012;cond-mat/9509012;0;2;2
0909.3109;0909.3109;0;10;10
hep-th/9809052;hep-th/9809052;9;41;50
hep-th/0211050;hep-th/0211050;0;18;18
hep-th/0211053;hep-th/0211053;1;25;26
hep-th/0207231;hep-th/0207231;3;22;25
hep-th/0205065;hep-th/0205065;4;19;23
hep-th/9702130;hep-th/9702130;3;0;3
hep-th/0005113;hep-th/0005113;4;19;23
hep-th/0302065;hep-th/0302065;10;11;21
hep-th/0111110;hep-th/0111110;5;14;19
hep-th/0207113;hep-th/0207113;11;0;11
gr-qc/0304079;gr-qc/0304079;3;1;4
hep-th/0203247;hep-th/0203247;10;41;51
0705.3586;0705.3586;0;54;54
0901.2574;0901.2574;0;25;25
hep-th/0301027;hep-th/0301027;6;7;13
gr-qc/0402082;gr-qc/0402082;1;13;14
0909.0939;0909.0939;0;29;29
gr-qc/0406061;gr-qc/0406061;3;4;7
physics/0401083;physics/0401083;2;3;5
hep-th/9802028;hep-th/9802028;4;3;7
0707.1553;0707.1553;0;8;8
hep-th/0012117;hep-th/0012117;5;48;53
hep-th/0404213;hep-th/0404213;2;8;10
hep-th/9606039;hep-th/9606039;5;16;21
hep-th/9512107;hep-th/9512107;10;3;13
hep-th/9606038;hep-th/9606038;0;1;1
hep-th/9606035;hep-th/9606035;0;12;12
hep-th/9503009;hep-th/9503009;3;3;6
hep-th/9405185;hep-th/9405185;2;8;10
hep-th/9504045;hep-th/9504045;1;2;3
hep-th/9606030;hep-th/9606030;1;2;3
hep-th/9605043;hep-th/9605043;9;12;21
hep-th/9307034;hep-th/9307034;4;2;6
hep-th/9610247;hep-th/9610247;7;2;9
hep-th/9603005;hep-th/9603005;0;1;1
hep-th/9603007;hep-th/9603007;0;7;7
hep-th/9603008;hep-th/9603008;0;14;14
hep-th/9605103;hep-th/9605103;6;2;8
hep-th/9610055;hep-th/9610055;6;4;10
hep-th/9801198;hep-th/9801198;0;2;2
hep-th/9712093;hep-th/9712093;7;8;15
hep-th/9601093;hep-th/9601093;4;3;7
hep-th/0505149;hep-th/0505149;0;6;6
hep-th/0505137;hep-th/0505137;1;4;5
hep-th/0505134;hep-th/0505134;1;4;5
hep-th/0505088;hep-th/0505088;5;1;6
hep-th/0505116;hep-th/0505116;3;3;6
hep-th/0505032;hep-th/0505032;6;0;6
hep-th/0505105;hep-th/0505105;4;2;6
hep-th/0410087;hep-th/0410087;5;16;21
math/9811092;math/9811092;1;0;1
hep-th/0410084;hep-th/0410084;0;6;6
hep-th/0402112;hep-th/0402112;1;14;15
hep-th/9805216;hep-th/9805216;5;10;15
0807.4723;0807.4723;0;26;26
hep-th/0607039;hep-th/0607039;5;8;13
astro-ph/0202302;astro-ph/0202302;5;1;6
hep-ph/0402142;hep-ph/0402142;2;9;11
0803.1949;0803.1949;0;1;1
hep-th/0410261;hep-th/0410261;1;26;27
hep-th/0310125;hep-th/0310125;2;2;4
hep-th/0406081;hep-th/0406081;2;2;4
0806.0001;0806.0001;0;40;40
hep-th/0702204;hep-th/0702204;4;35;39
0706.0976;0706.0976;0;46;46
hep-th/0412275;hep-th/0412275;35;30;65
hep-th/0609011;hep-th/0609011;7;29;36
hep-th/0109158;hep-th/0109158;1;4;5
hep-th/0503131;hep-th/0503131;3;11;14
0708.2591;0708.2591;0;18;18
cond-mat/0411419;cond-mat/0411419;5;11;16
hep-th/9703067;hep-th/9703067;2;1;3
0705.2982;0705.2982;0;14;14
0705.2980;0705.2980;0;31;31
hep-th/0506159;hep-th/0506159;4;24;28
hep-th/0611281;hep-th/0611281;2;6;8
0905.0537;0905.0537;0;3;3
math/0601193;math/0601193;6;4;10
0905.0535;0905.0535;0;14;14
0705.2989;0705.2989;0;29;29
hep-th/0106018;hep-th/0106018;9;0;9
0909.5208;0909.5208;0;3;3
math-ph/0609085;math-ph/0609085;2;7;9
hep-th/0304031;hep-th/0304031;0;4;4
hep-th/0203263;hep-th/0203263;1;7;8
hep-th/0207007;hep-th/0207007;12;11;23
hep-th/0210173;hep-th/0210173;2;0;2
hep-th/0304036;hep-th/0304036;1;30;31
hep-th/0208022;hep-th/0208022;2;0;2
hep-th/0106175;hep-th/0106175;25;26;51
hep-th/9906044;hep-th/9906044;2;76;78
hep-th/9710242;hep-th/9710242;2;14;16
hep-th/0304034;hep-th/0304034;3;4;7
hep-th/9601159;hep-th/9601159;6;0;6
hep-th/0305246;hep-th/0305246;0;8;8
hep-th/0602030;hep-th/0602030;0;4;4
physics/0405023;physics/0405023;1;0;1
quant-ph/0406022;quant-ph/0406022;1;0;1
q-alg/9503004;q-alg/9503004;5;0;5
hep-th/0601044;hep-th/0601044;12;36;48
hep-th/0507050;hep-th/0507050;6;13;19
hep-th/0602037;hep-th/0602037;2;3;5
hep-ph/0409114;hep-ph/0409114;4;6;10
hep-th/0602034;hep-th/0602034;4;24;28
hep-th/0405185;hep-th/0405185;8;19;27
hep-th/0602035;hep-th/0602035;5;17;22
hep-th/0607008;hep-th/0607008;1;27;28
hep-th/9506089;hep-th/9506089;5;28;33
hep-th/0507061;hep-th/0507061;4;32;36
hep-th/0507261;hep-th/0507261;15;24;39
hep-th/0602038;hep-th/0602038;12;60;72
hep-th/9505191;hep-th/9505191;0;1;1
hep-th/9409171;hep-th/9409171;1;0;1
0804.1835;0804.1835;0;12;12
hep-th/0506186;hep-th/0506186;6;44;50
0804.1832;0804.1832;0;10;10
0801.2165;0801.2165;0;21;21
gr-qc/0406062;gr-qc/0406062;2;4;6
cond-mat/9508055;cond-mat/9508055;1;1;2
cond-mat/9508053;cond-mat/9508053;1;1;2
hep-th/9906042;hep-th/9906042;0;12;12
0801.0998;0801.0998;0;66;66
hep-th/0412237;hep-th/0412237;6;32;38
0811.4684;0811.4684;0;13;13
0901.3543;0901.3543;0;32;32
hep-th/0101094;hep-th/0101094;2;9;11
hep-ph/9507457;hep-ph/9507457;6;3;9
hep-ph/9507466;hep-ph/9507466;6;1;7
hep-th/9904177;hep-th/9904177;3;5;8
hep-th/9904178;hep-th/9904178;5;1;6
hep-th/9910061;hep-th/9910061;1;6;7
hep-th/0106254;hep-th/0106254;2;6;8
hep-th/0208001;hep-th/0208001;8;3;11
hep-th/0009100;hep-th/0009100;5;14;19
math/9806162;math/9806162;4;11;15
hep-th/9303021;hep-th/9303021;3;0;3
hep-ph/9507300;hep-ph/9507300;1;4;5
hep-th/9906041;hep-th/9906041;7;76;83
hep-th/9802164;hep-th/9802164;7;14;21
hep-th/9905144;hep-th/9905144;8;0;8
hep-th/9803040;hep-th/9803040;7;14;21
hep-th/9804202;hep-th/9804202;9;27;36
hep-th/9707110;hep-th/9707110;5;49;54
hep-th/9805209;hep-th/9805209;5;0;5
0912.4774;0912.4774;0;4;4
hep-th/0305243;hep-th/0305243;6;12;18
0711.2556;0711.2556;0;6;6
hep-th/9903021;hep-th/9903021;1;21;22
hep-th/0407120;hep-th/0407120;0;1;1
hep-th/9904004;hep-th/9904004;9;5;14
0807.0457;0807.0457;0;7;7
hep-th/0112028;hep-th/0112028;11;0;11
hep-th/9809191;hep-th/9809191;1;2;3
hep-th/9305177;hep-th/9305177;5;2;7
hep-th/9810187;hep-th/9810187;4;24;28
hep-ph/9608214;hep-ph/9608214;8;24;32
hep-ph/9710388;hep-ph/9710388;2;10;12
hep-ph/9904446;hep-ph/9904446;0;21;21
hep-ph/9802228;hep-ph/9802228;2;10;12
hep-ph/9901292;hep-ph/9901292;4;66;70
hep-th/9808091;hep-th/9808091;3;4;7
0907.0593;0907.0593;0;22;22
hep-th/9712176;hep-th/9712176;9;7;16
0905.0759;0905.0759;0;20;20
gr-qc/9412054;gr-qc/9412054;3;10;13
hep-ph/9810420;hep-ph/9810420;7;1;8
hep-ph/9801212;hep-ph/9801212;9;7;16
0811.4774;0811.4774;0;15;15
hep-th/0406061;hep-th/0406061;3;41;44
hep-th/0402211;hep-th/0402211;5;43;48
hep-th/0307033;hep-th/0307033;4;20;24
hep-th/0308123;hep-th/0308123;6;27;33
gr-qc/0005125;gr-qc/0005125;8;3;11
hep-th/0403218;hep-th/0403218;1;12;13
hep-th/0702203;hep-th/0702203;11;20;31
hep-th/0406109;hep-th/0406109;1;25;26
hep-th/0403214;hep-th/0403214;2;22;24
hep-th/9706028;hep-th/9706028;2;1;3
hep-th/0405115;hep-th/0405115;2;28;30
hep-th/0402031;hep-th/0402031;4;3;7
hep-th/0412291;hep-th/0412291;1;5;6
hep-ph/0501159;hep-ph/0501159;1;2;3
0905.2398;0905.2398;0;21;21
0812.2053;0812.2053;0;3;3
math/9911201;math/9911201;2;4;6
q-alg/9709036;q-alg/9709036;3;0;3
math/0203201;math/0203201;5;0;5
gr-qc/9911094;gr-qc/9911094;2;12;14
hep-th/9203007;hep-th/9203007;4;0;4
alg-geom/9404013;alg-geom/9404013;1;0;1
gr-qc/9209011;gr-qc/9209011;12;1;13
gr-qc/9505024;gr-qc/9505024;1;1;2
cond-mat/0408538;cond-mat/0408538;3;13;16
gr-qc/9304005;gr-qc/9304005;3;2;5
hep-th/0604062;hep-th/0604062;0;1;1
hep-th/0508032;hep-th/0508032;8;2;10
hep-th/0407051;hep-th/0407051;5;16;21
hep-th/0604184;hep-th/0604184;10;16;26
hep-th/9406074;hep-th/9406074;4;1;5
hep-th/9703142;hep-th/9703142;3;17;20
hep-th/0604065;hep-th/0604065;4;7;11
0807.3381;0807.3381;0;14;14
astro-ph/0210049;astro-ph/0210049;4;13;17
hep-ph/0309082;hep-ph/0309082;3;0;3
0905.2267;0905.2267;0;24;24
0905.2266;0905.2266;0;8;8
0809.5262;0809.5262;1;17;18
0810.3849;0810.3849;0;6;6
0912.4004;0912.4004;0;20;20
hep-th/0205013;hep-th/0205013;2;8;10
hep-th/9508010;hep-th/9508010;5;3;8
hep-th/9308142;hep-th/9308142;14;0;14
hep-th/9404086;hep-th/9404086;1;0;1
hep-th/9412182;hep-th/9412182;4;0;4
hep-th/9508018;hep-th/9508018;2;5;7
hep-th/9508019;hep-th/9508019;0;2;2
hep-th/0103037;hep-th/0103037;8;0;8
math-ph/0105009;math-ph/0105009;3;0;3
hep-th/0001125;hep-th/0001125;2;28;30
math-ph/9812010;math-ph/9812010;7;7;14
0807.4238;0807.4238;0;47;47
hep-th/0505196;hep-th/0505196;1;3;4
hep-th/0601105;hep-th/0601105;7;22;29
math/0104030;math/0104030;0;6;6
math/9907113;math/9907113;2;0;2
hep-th/0007194;hep-th/0007194;1;6;7
math/9806028;math/9806028;3;9;12
hep-th/0701151;hep-th/0701151;1;11;12
hep-th/0109001;hep-th/0109001;1;2;3
hep-th/9809073;hep-th/9809073;3;16;19
0805.4491;0805.4491;0;4;4
cond-mat/0206045;cond-mat/0206045;1;3;4
hep-th/0407275;hep-th/0407275;1;9;10
nlin/0003005;nlin/0003005;4;0;4
hep-th/0012058;hep-th/0012058;4;28;32
hep-th/0107208;hep-th/0107208;0;12;12
hep-th/0104128;hep-th/0104128;1;13;14
hep-th/0102040;hep-th/0102040;2;17;19
hep-th/9711159;hep-th/9711159;3;5;8
hep-th/0203185;hep-th/0203185;6;16;22
hep-th/0111172;hep-th/0111172;6;22;28
hep-th/0407272;hep-th/0407272;2;28;30
hep-th/0402213;hep-th/0402213;4;20;24
astro-ph/0001197;astro-ph/0001197;3;3;6
hep-th/0107201;hep-th/0107201;2;9;11
hep-th/0103006;hep-th/0103006;3;9;12
hep-th/9307012;hep-th/9307012;6;0;6
gr-qc/9808038;gr-qc/9808038;1;5;6
gr-qc/9712066;gr-qc/9712066;3;4;7
hep-th/9803124;hep-th/9803124;3;41;44
hep-th/9801154;hep-th/9801154;1;12;13
hep-th/9612053;hep-th/9612053;2;5;7
0809.4269;0809.4269;0;8;8
hep-th/0508205;hep-th/0508205;5;22;27
hep-th/0412078;hep-th/0412078;16;19;35
hep-th/0510051;hep-th/0510051;1;15;16
hep-th/0607129;hep-th/0607129;8;13;21
gr-qc/0506073;gr-qc/0506073;4;22;26
hep-th/9705090;hep-th/9705090;10;23;33
hep-th/0609050;hep-th/0609050;3;16;19
hep-th/0111218;hep-th/0111218;5;20;25
hep-th/0312035;hep-th/0312035;6;15;21
hep-th/0012270;hep-th/0012270;5;10;15
hep-th/0701025;hep-th/0701025;8;53;61
hep-th/0701024;hep-th/0701024;1;3;4
hep-th/9906049;hep-th/9906049;13;33;46
hep-th/9711054;hep-th/9711054;6;2;8
0812.3617;0812.3617;0;13;13
hep-th/0701028;hep-th/0701028;2;22;24
hep-th/0604092;hep-th/0604092;4;11;15
hep-th/0603114;hep-th/0603114;5;0;5
0709.3096;0709.3096;0;14;14
hep-th/9709141;hep-th/9709141;4;2;6
hep-th/9610175;hep-th/9610175;3;4;7
hep-th/9709147;hep-th/9709147;7;3;10
hep-th/9604120;hep-th/9604120;5;9;14
hep-th/0510265;hep-th/0510265;0;3;3
hep-th/0009029;hep-th/0009029;9;2;11
hep-th/9710010;hep-th/9710010;3;27;30
hep-th/0108233;hep-th/0108233;2;24;26
astro-ph/0308002;astro-ph/0308002;7;3;10
astro-ph/0406354;astro-ph/0406354;16;7;23
hep-ph/0410178;hep-ph/0410178;0;8;8
hep-ph/0405215;hep-ph/0405215;7;0;7
hep-th/9706007;hep-th/9706007;25;17;42
0804.3527;0804.3527;0;3;3
0709.4277;0709.4277;0;35;35
hep-th/0602250;hep-th/0602250;6;26;32
0808.1043;0808.1043;0;22;22
gr-qc/0612148;gr-qc/0612148;5;14;19
gr-qc/0507028;gr-qc/0507028;12;3;15
0710.1620;0710.1620;0;6;6
0804.1019;0804.1019;0;37;37
hep-ph/0701150;hep-ph/0701150;8;5;13
0910.3058;0910.3058;0;1;1
hep-th/0305249;hep-th/0305249;2;27;29
0804.4067;0804.4067;0;7;7
0804.4066;0804.4066;0;31;31
hep-th/0510195;hep-th/0510195;2;27;29
hep-th/9507100;hep-th/9507100;10;4;14
hep-th/9507102;hep-th/9507102;0;6;6
hep-th/9507107;hep-th/9507107;0;1;1
hep-th/9405065;hep-th/9405065;1;5;6
gr-qc/0003096;gr-qc/0003096;0;1;1
physics/9703030;physics/9703030;0;1;1
hep-ph/0203066;hep-ph/0203066;6;3;9
hep-ph/0108236;hep-ph/0108236;2;29;31
hep-ph/0305091;hep-ph/0305091;3;6;9
0912.1304;0912.1304;0;7;7
hep-th/0605144;hep-th/0605144;0;4;4
hep-th/0106158;hep-th/0106158;0;9;9
hep-th/9907185;hep-th/9907185;6;10;16
hep-th/9406029;hep-th/9406029;21;7;28
hep-th/0106150;hep-th/0106150;1;8;9
hep-th/9509168;hep-th/9509168;14;2;16
hep-th/0106154;hep-th/0106154;0;1;1
hep-th/9511048;hep-th/9511048;1;22;23
hep-th/0010086;hep-th/0010086;2;24;26
hep-th/0106156;hep-th/0106156;0;1;1
hep-th/0006042;hep-th/0006042;1;3;4
0904.0277;0904.0277;0;15;15
0808.3000;0808.3000;0;16;16
hep-th/9707231;hep-th/9707231;3;1;4
hep-th/9707230;hep-th/9707230;2;10;12
hep-th/9410085;hep-th/9410085;6;1;7
hep-th/9512100;hep-th/9512100;4;0;4
hep-th/9707233;hep-th/9707233;2;8;10
hep-th/9707232;hep-th/9707232;3;2;5
hep-th/9411019;hep-th/9411019;10;0;10
hep-th/9707238;hep-th/9707238;0;1;1
math-ph/0512094;math-ph/0512094;2;25;27
hep-th/0408012;hep-th/0408012;2;7;9
hep-th/0408238;hep-th/0408238;0;10;10
math-ph/0302059;math-ph/0302059;1;3;4
hep-th/0205308;hep-th/0205308;6;11;17
hep-th/0408239;hep-th/0408239;1;7;8
hep-th/9409120;hep-th/9409120;9;0;9
gr-qc/9705083;gr-qc/9705083;10;4;14
0906.2374;0906.2374;0;20;20
hep-th/0201215;hep-th/0201215;5;40;45
hep-th/0301167;hep-th/0301167;3;7;10
hep-th/0202082;hep-th/0202082;14;16;30
hep-th/0203118;hep-th/0203118;10;7;17
hep-th/9803009;hep-th/9803009;3;0;3
cond-mat/0405663;cond-mat/0405663;1;14;15
hep-th/9607118;hep-th/9607118;7;6;13
hep-th/0408230;hep-th/0408230;3;9;12
hep-th/0307301;hep-th/0307301;4;9;13
hep-th/0402074;hep-th/0402074;2;9;11
hep-th/0408231;hep-th/0408231;1;10;11
hep-th/0201047;hep-th/0201047;8;27;35
hep-th/0408232;hep-th/0408232;0;22;22
hep-th/0201056;hep-th/0201056;9;22;31
hep-th/0209262;hep-th/0209262;5;9;14
hep-th/0407164;hep-th/0407164;3;0;3
hep-th/9303015;hep-th/9303015;3;4;7
hep-th/9210053;hep-th/9210053;3;0;3
hep-th/9211027;hep-th/9211027;8;1;9
hep-th/9212125;hep-th/9212125;9;2;11
hep-th/0302125;hep-th/0302125;4;122;126
hep-th/0411012;hep-th/0411012;2;55;57
0709.2051;0709.2051;0;42;42
hep-lat/9709101;hep-lat/9709101;2;0;2
hep-th/0309109;hep-th/0309109;1;8;9
hep-th/0108160;hep-th/0108160;3;7;10
solv-int/9805003;solv-int/9805003;2;0;2
0910.4837;0910.4837;0;2;2
0804.0763;0804.0763;0;24;24
cs/0608005;cs/0608005;9;1;10
hep-th/0307298;hep-th/0307298;10;19;29
0804.3675;0804.3675;0;30;30
0908.1019;0908.1019;0;26;26
gr-qc/0008063;gr-qc/0008063;4;9;13
0801.1561;0801.1561;0;50;50
0705.2197;0705.2197;0;35;35
hep-th/0209189;hep-th/0209189;0;14;14
hep-th/0209188;hep-th/0209188;2;52;54
hep-th/0012139;hep-th/0012139;3;17;20
hep-th/0201030;hep-th/0201030;6;2;8
astro-ph/0105532;astro-ph/0105532;0;2;2
hep-ph/0201009;hep-ph/0201009;2;8;10
hep-th/9909073;hep-th/9909073;12;31;43
gr-qc/0307064;gr-qc/0307064;0;10;10
hep-ph/0004104;hep-ph/0004104;3;0;3
hep-th/9709060;hep-th/9709060;4;2;6
gr-qc/9810050;gr-qc/9810050;0;2;2
gr-qc/9806046;gr-qc/9806046;1;0;1
0808.1793;0808.1793;0;12;12
gr-qc/9810055;gr-qc/9810055;2;1;3
hep-th/0207066;hep-th/0207066;0;4;4
hep-th/0202002;hep-th/0202002;8;26;34
hep-th/9812103;hep-th/9812103;2;5;7
hep-th/0203042;hep-th/0203042;1;9;10
hep-th/0207062;hep-th/0207062;2;6;8
hep-ph/9908209;hep-ph/9908209;6;18;24
hep-th/9601157;hep-th/9601157;1;1;2
hep-th/9603047;hep-th/9603047;7;0;7
hep-th/0405257;hep-th/0405257;5;16;21
hep-th/0308143;hep-th/0308143;5;0;5
hep-th/0406110;hep-th/0406110;6;17;23
hep-th/0405256;hep-th/0405256;15;35;50
hep-th/0208182;hep-th/0208182;2;11;13
hep-th/9812130;hep-th/9812130;7;2;9
hep-th/0306078;hep-th/0306078;4;1;5
math-ph/0403047;math-ph/0403047;8;9;17
hep-th/0106272;hep-th/0106272;1;6;7
hep-th/0209170;hep-th/0209170;4;4;8
hep-th/0008113;hep-th/0008113;1;5;6
hep-th/9509040;hep-th/9509040;1;0;1
hep-th/0210168;hep-th/0210168;2;16;18
hep-th/0212020;hep-th/0212020;5;33;38
math/0303179;math/0303179;14;4;18
hep-th/0207068;hep-th/0207068;3;27;30
hep-th/0311261;hep-th/0311261;2;3;5
hep-th/0101230;hep-th/0101230;2;4;6
0809.4266;0809.4266;0;38;38
0901.1242;0901.1242;0;8;8
hep-th/9809174;hep-th/9809174;5;9;14
hep-th/0607193;hep-th/0607193;8;11;19
0712.0370;0712.0370;0;12;12
astro-ph/0702555;astro-ph/0702555;8;4;12
astro-ph/0508411;astro-ph/0508411;3;5;8
astro-ph/0703586;astro-ph/0703586;2;0;2
0903.5062;0903.5062;0;16;16
0802.3526;0802.3526;0;7;7
0802.3525;0802.3525;0;13;13
0707.4286;0707.4286;0;11;11
cond-mat/0304088;cond-mat/0304088;0;5;5
cond-mat/0208500;cond-mat/0208500;3;7;10
hep-th/0109037;hep-th/0109037;5;4;9
hep-th/0104211;hep-th/0104211;5;11;16
astro-ph/0603360;astro-ph/0603360;3;4;7
0810.3364;0810.3364;0;2;2
hep-th/9902015;hep-th/9902015;2;2;4
hep-ph/9908460;hep-ph/9908460;2;8;10
hep-ph/9710292;hep-ph/9710292;2;4;6
hep-th/9807193;hep-th/9807193;1;7;8
hep-th/9702181;hep-th/9702181;5;4;9
0809.4156;0809.4156;0;7;7
0904.4567;0904.4567;0;4;4
0904.4565;0904.4565;0;3;3
hep-th/0001123;hep-th/0001123;9;23;32
hep-th/9912190;hep-th/9912190;2;0;2
hep-th/9911060;hep-th/9911060;9;14;23
hep-th/9908066;hep-th/9908066;9;13;22
hep-th/9412125;hep-th/9412125;14;1;15
hep-th/9802020;hep-th/9802020;5;10;15
hep-lat/9812015;hep-lat/9812015;5;14;19
hep-lat/9907027;hep-lat/9907027;6;13;19
hep-lat/9907012;hep-lat/9907012;3;16;19
hep-lat/9806035;hep-lat/9806035;6;3;9
hep-lat/9905015;hep-lat/9905015;2;0;2
hep-lat/9605020;hep-lat/9605020;7;0;7
hep-lat/9205029;hep-lat/9205029;4;0;4
hep-th/9807215;hep-th/9807215;8;2;10
0903.1353;0903.1353;0;9;9
0912.3212;0912.3212;0;22;22
0806.0558;0806.0558;0;18;18
0806.3520;0806.3520;0;9;9
0805.2933;0805.2933;0;13;13
hep-th/0507215;hep-th/0507215;10;5;15
0806.3529;0806.3529;0;1;1
quant-ph/0611280;quant-ph/0611280;1;0;1
hep-th/0306093;hep-th/0306093;1;2;3
hep-th/0212228;hep-th/0212228;11;22;33
hep-th/0306095;hep-th/0306095;2;12;14
hep-th/0306094;hep-th/0306094;5;12;17
0909.3635;0909.3635;0;22;22
0902.3177;0902.3177;0;25;25
hep-th/0403130;hep-th/0403130;7;18;25
gr-qc/9504033;gr-qc/9504033;7;6;13
hep-th/0011011;hep-th/0011011;10;0;10
hep-ph/0507192;hep-ph/0507192;9;5;14
0912.1521;0912.1521;0;2;2
hep-th/0405032;hep-th/0405032;7;0;7
0902.4102;0902.4102;0;11;11
0912.2488;0912.2488;0;12;12
0806.1786;0806.1786;0;72;72
hep-th/0501077;hep-th/0501077;18;24;42
quant-ph/0611068;quant-ph/0611068;1;7;8
quant-ph/0407235;quant-ph/0407235;2;2;4
math/0209124;math/0209124;1;3;4
hep-th/0109072;hep-th/0109072;4;6;10
hep-th/0201038;hep-th/0201038;2;12;14
hep-th/9812177;hep-th/9812177;9;16;25
hep-th/0201033;hep-th/0201033;1;10;11
hep-th/0101032;hep-th/0101032;8;10;18
hep-th/0110036;hep-th/0110036;3;35;38
hep-th/0011031;hep-th/0011031;6;21;27
hep-th/0108090;hep-th/0108090;10;4;14
hep-th/0112003;hep-th/0112003;15;0;15
gr-qc/0211016;gr-qc/0211016;3;14;17
gr-qc/0202074;gr-qc/0202074;2;40;42
0908.3402;0908.3402;0;58;58
hep-th/0601151;hep-th/0601151;4;6;10
hep-th/0501200;hep-th/0501200;12;0;12
hep-th/0101232;hep-th/0101232;4;39;43
hep-th/0601155;hep-th/0601155;5;1;6
hep-th/0601158;hep-th/0601158;0;137;137
hep-th/0403107;hep-th/0403107;2;31;33
hep-th/0111284;hep-th/0111284;2;109;111
hep-th/0211281;hep-th/0211281;4;14;18
hep-th/0203098;hep-th/0203098;4;10;14
0904.3115;0904.3115;0;27;27
0906.1396;0906.1396;0;3;3
0707.2531;0707.2531;0;10;10
hep-th/0611116;hep-th/0611116;2;7;9
hep-th/0703103;hep-th/0703103;1;12;13
hep-th/0611228;hep-th/0611228;4;9;13
0909.0287;0909.0287;0;6;6
gr-qc/0604101;gr-qc/0604101;4;13;17
hep-ph/0206096;hep-ph/0206096;16;14;30
hep-th/0204036;hep-th/0204036;0;2;2
hep-th/0109205;hep-th/0109205;2;2;4
hep-th/9807158;hep-th/9807158;13;0;13
0902.1972;0902.1972;0;13;13
cond-mat/0403546;cond-mat/0403546;2;7;9
hep-th/9802181;hep-th/9802181;1;0;1
cond-mat/0502136;cond-mat/0502136;2;18;20
cond-mat/0009451;cond-mat/0009451;1;4;5
hep-th/0212053;hep-th/0212053;3;4;7
cond-mat/0403417;cond-mat/0403417;5;0;5
astro-ph/0211345;astro-ph/0211345;3;23;26
0706.0301;0706.0301;0;4;4
hep-th/0703109;hep-th/0703109;2;3;5
hep-th/0703107;hep-th/0703107;2;2;4
hep-th/9801155;hep-th/9801155;8;18;26
hep-ph/9411397;hep-ph/9411397;8;6;14
hep-th/9810020;hep-th/9810020;4;0;4
astro-ph/9807020;astro-ph/9807020;2;1;3
0907.3568;0907.3568;0;2;2
astro-ph/0101369;astro-ph/0101369;1;1;2
math/9904139;math/9904139;2;3;5
hep-th/0005176;hep-th/0005176;0;32;32
0707.2283;0707.2283;0;3;3
0710.3080;0710.3080;0;68;68
hep-th/0608022;hep-th/0608022;9;31;40
0912.5239;0912.5239;0;1;1
gr-qc/9309011;gr-qc/9309011;1;1;2
hep-th/0311259;hep-th/0311259;5;10;15
math/0408197;math/0408197;1;1;2
gr-qc/0410025;gr-qc/0410025;4;24;28
0802.3920;0802.3920;0;12;12
hep-th/0109074;hep-th/0109074;6;12;18
math/0208191;math/0208191;9;10;19
hep-th/0201049;hep-th/0201049;2;7;9
hep-th/9210089;hep-th/9210089;1;0;1
hep-th/9112053;hep-th/9112053;2;0;2
0905.1098;0905.1098;0;4;4
0910.5710;0910.5710;0;6;6
hep-th/0609192;hep-th/0609192;12;8;20
hep-th/0612292;hep-th/0612292;13;9;22
hep-ph/9710242;hep-ph/9710242;0;1;1
hep-ph/9703424;hep-ph/9703424;5;7;12
hep-ph/9710246;hep-ph/9710246;2;6;8
hep-th/9509024;hep-th/9509024;18;3;21
hep-th/9409075;hep-th/9409075;4;0;4
hep-th/9607031;hep-th/9607031;1;4;5
0803.3070;0803.3070;0;90;90
hep-th/0703095;hep-th/0703095;19;49;68
hep-lat/0203018;hep-lat/0203018;5;2;7
hep-th/0207227;hep-th/0207227;4;4;8
hep-ph/0702210;hep-ph/0702210;4;0;4
0801.4696;0801.4696;0;18;18
0802.1294;0802.1294;0;4;4
hep-th/0106060;hep-th/0106060;2;3;5
hep-th/0003246;hep-th/0003246;10;8;18
hep-th/0105306;hep-th/0105306;5;4;9
hep-th/9908035;hep-th/9908035;12;21;33
hep-th/9809107;hep-th/9809107;1;13;14
0707.1396;0707.1396;0;54;54
hep-lat/9808027;hep-lat/9808027;5;12;17
0707.1393;0707.1393;0;13;13
quant-ph/0610248;quant-ph/0610248;6;6;12
0907.2560;0907.2560;0;28;28
hep-th/0606269;hep-th/0606269;6;32;38
0907.2562;0907.2562;0;38;38
hep-th/0611101;hep-th/0611101;4;12;16
hep-ph/0701139;hep-ph/0701139;7;7;14
hep-th/0106063;hep-th/0106063;1;8;9
0910.2892;0910.2892;0;6;6
0903.1865;0903.1865;0;2;2
hep-th/0011237;hep-th/0011237;4;7;11
hep-th/9912089;hep-th/9912089;2;8;10
hep-th/9707107;hep-th/9707107;2;1;3
hep-th/9910008;hep-th/9910008;4;0;4
0901.3358;0901.3358;0;44;44
hep-th/0009076;hep-th/0009076;10;0;10
hep-th/0001009;hep-th/0001009;14;1;15
hep-ph/0608066;hep-ph/0608066;8;0;8
hep-lat/0204021;hep-lat/0204021;0;6;6
0812.1356;0812.1356;0;3;3
math/0307010;math/0307010;6;0;6
hep-th/0612296;hep-th/0612296;9;2;11
hep-th/0108134;hep-th/0108134;1;15;16
hep-th/9911113;hep-th/9911113;7;30;37
hep-th/0108136;hep-th/0108136;0;3;3
hep-th/9804169;hep-th/9804169;2;4;6
hep-th/0002002;hep-th/0002002;2;27;29
hep-th/9907134;hep-th/9907134;12;38;50
hep-th/0002127;hep-th/0002127;5;21;26
hep-th/0004119;hep-th/0004119;10;32;42
hep-th/0108132;hep-th/0108132;1;9;10
hep-ph/0308223;hep-ph/0308223;0;8;8
hep-th/9607124;hep-th/9607124;8;0;8
0911.2449;0911.2449;0;4;4
hep-th/0503119;hep-th/0503119;3;1;4
hep-th/0503118;hep-th/0503118;2;17;19
hep-th/0404140;hep-th/0404140;5;20;25
hep-th/0407088;hep-th/0407088;5;15;20
hep-th/0405149;hep-th/0405149;9;21;30
hep-th/0410240;hep-th/0410240;0;16;16
hep-th/0005010;hep-th/0005010;15;11;26
hep-th/0305112;hep-th/0305112;9;22;31
hep-th/0305102;hep-th/0305102;3;17;20
hep-th/0111259;hep-th/0111259;6;11;17
0903.1868;0903.1868;0;9;9
hep-th/0610243;hep-th/0610243;1;3;4
math/0402248;math/0402248;4;7;11
math/0010321;math/0010321;6;1;7
math/0401400;math/0401400;3;4;7
0905.0731;0905.0731;0;3;3
hep-th/9310164;hep-th/9310164;8;0;8
0805.0076;0805.0076;0;44;44
hep-th/0312216;hep-th/0312216;5;7;12
hep-th/0312217;hep-th/0312217;6;11;17
hep-th/0506143;hep-th/0506143;3;27;30
hep-th/9406170;hep-th/9406170;6;0;6
0807.3196;0807.3196;0;32;32
0711.1045;0711.1045;0;38;38
0901.0003;0901.0003;0;12;12
gr-qc/9911107;gr-qc/9911107;4;2;6
hep-th/9909220;hep-th/9909220;6;6;12
0805.4265;0805.4265;0;12;12
0706.1163;0706.1163;0;13;13
hep-th/9601087;hep-th/9601087;3;1;4
hep-th/9601084;hep-th/9601084;1;4;5
hep-th/9410231;hep-th/9410231;2;1;3
hep-th/9812024;hep-th/9812024;7;39;46
hep-th/9908048;hep-th/9908048;4;6;10
0907.4107;0907.4107;0;15;15
hep-th/9802056;hep-th/9802056;5;4;9
gr-qc/0504018;gr-qc/0504018;4;5;9
gr-qc/0111064;gr-qc/0111064;4;3;7
hep-ph/9705380;hep-ph/9705380;7;4;11
hep-th/9609170;hep-th/9609170;5;4;9
gr-qc/9611059;gr-qc/9611059;5;28;33
hep-th/9712096;hep-th/9712096;2;5;7
hep-th/9304101;hep-th/9304101;3;1;4
hep-th/9601136;hep-th/9601136;8;2;10
hep-th/9503153;hep-th/9503153;2;1;3
hep-th/9712098;hep-th/9712098;0;3;3
hep-th/0001208;hep-th/0001208;3;17;20
hep-th/9812042;hep-th/9812042;9;0;9
hep-th/0306055;hep-th/0306055;6;10;16
gr-qc/9906031;gr-qc/9906031;3;16;19
gr-qc/9812056;gr-qc/9812056;5;3;8
hep-th/0308025;hep-th/0308025;2;13;15
hep-th/0110030;hep-th/0110030;1;5;6
0805.4194;0805.4194;0;36;36
hep-th/0703198;hep-th/0703198;1;1;2
0805.4190;0805.4190;0;22;22
hep-th/9404014;hep-th/9404014;0;2;2
hep-th/9311089;hep-th/9311089;5;9;14
cond-mat/0303349;cond-mat/0303349;1;7;8
cond-mat/0112077;cond-mat/0112077;1;5;6
hep-th/0106139;hep-th/0106139;5;3;8
nlin/0103027;nlin/0103027;6;12;18
hep-th/0110033;hep-th/0110033;0;8;8
hep-th/9404019;hep-th/9404019;0;3;3
0809.3748;0809.3748;0;31;31
astro-ph/0503428;astro-ph/0503428;7;9;16
astro-ph/0105513;astro-ph/0105513;0;1;1
0808.1693;0808.1693;0;2;2
quant-ph/9808034;quant-ph/9808034;0;1;1
hep-th/0409039;hep-th/0409039;6;57;63
0801.3375;0801.3375;0;14;14
math/0309320;math/0309320;0;1;1
astro-ph/0301578;astro-ph/0301578;0;1;1
0911.0940;0911.0940;0;13;13
0909.5105;0909.5105;0;4;4
hep-th/0404115;hep-th/0404115;6;8;14
hep-th/0610111;hep-th/0610111;2;3;5
0906.1025;0906.1025;0;13;13
hep-th/9602068;hep-th/9602068;2;14;16
hep-th/9209038;hep-th/9209038;3;0;3
hep-th/9603151;hep-th/9603151;7;0;7
0708.0016;0708.0016;0;22;22
0710.2709;0710.2709;0;25;25
0705.4514;0705.4514;0;28;28
0711.0192;0711.0192;0;3;3
nlin/0112016;nlin/0112016;0;5;5
solv-int/9910010;solv-int/9910010;2;6;8
hep-th/0212272;hep-th/0212272;3;15;18
hep-th/9805190;hep-th/9805190;15;19;34
hep-th/0207188;hep-th/0207188;5;63;68
hep-th/0301251;hep-th/0301251;3;0;3
0905.1582;0905.1582;0;42;42
0906.2028;0906.2028;0;21;21
hep-th/0606270;hep-th/0606270;4;10;14
hep-th/0611255;hep-th/0611255;2;83;85
hep-th/9606025;hep-th/9606025;9;12;21
0812.3761;0812.3761;0;47;47
hep-th/9908004;hep-th/9908004;3;136;139
hep-th/9108012;hep-th/9108012;2;0;2
hep-th/9908002;hep-th/9908002;1;7;8
0906.1764;0906.1764;0;18;18
hep-th/0306266;hep-th/0306266;3;11;14
0809.4212;0809.4212;0;12;12
math/0012058;math/0012058;6;6;12
hep-th/9908009;hep-th/9908009;4;6;10
math/9806146;math/9806146;7;4;11
hep-th/9610058;hep-th/9610058;5;1;6
physics/9711001;physics/9711001;1;10;11
hep-th/0203012;hep-th/0203012;8;10;18
hep-th/0302103;hep-th/0302103;0;2;2
hep-th/0302102;hep-th/0302102;0;1;1
hep-th/0302101;hep-th/0302101;1;0;1
hep-th/0107041;hep-th/0107041;6;1;7
0803.1340;0803.1340;0;14;14
hep-th/0403013;hep-th/0403013;8;3;11
hep-lat/0411035;hep-lat/0411035;4;8;12
hep-ph/0108162;hep-ph/0108162;5;2;7
hep-th/0204130;hep-th/0204130;2;4;6
hep-th/0403012;hep-th/0403012;3;45;48
hep-th/9710120;hep-th/9710120;8;6;14
hep-th/0311186;hep-th/0311186;4;18;22
hep-th/9509155;hep-th/9509155;4;0;4
hep-th/0306165;hep-th/0306165;10;23;33
hep-th/0205276;hep-th/0205276;6;11;17
0907.5327;0907.5327;0;14;14
hep-th/0404200;hep-th/0404200;7;8;15
hep-th/0612025;hep-th/0612025;4;16;20
hep-th/0601227;hep-th/0601227;7;3;10
0807.1415;0807.1415;0;4;4
hep-th/9604154;hep-th/9604154;3;8;11
hep-th/9406193;hep-th/9406193;5;5;10
hep-th/0511094;hep-th/0511094;16;11;27
0904.0444;0904.0444;0;15;15
0911.1017;0911.1017;0;8;8
hep-th/0504057;hep-th/0504057;1;11;12
0812.1258;0812.1258;0;22;22
math/0109162;math/0109162;6;2;8
0811.3410;0811.3410;0;10;10
hep-th/0107235;hep-th/0107235;7;3;10
hep-th/9612158;hep-th/9612158;1;12;13
0906.1767;0906.1767;0;29;29
hep-th/0702012;hep-th/0702012;4;0;4
0912.0906;0912.0906;0;12;12
math/0703586;math/0703586;4;0;4
hep-th/0506147;hep-th/0506147;4;6;10
hep-th/9612151;hep-th/9612151;0;3;3
hep-th/9505086;hep-th/9505086;6;0;6
hep-th/9612155;hep-th/9612155;1;8;9
hep-th/9609194;hep-th/9609194;10;6;16
hep-th/0505225;hep-th/0505225;0;13;13
hep-th/0302164;hep-th/0302164;0;18;18
hep-th/0505221;hep-th/0505221;1;3;4
quant-ph/0509117;quant-ph/0509117;1;3;4
quant-ph/0507093;quant-ph/0507093;1;2;3
hep-th/0408017;hep-th/0408017;3;3;6
hep-ph/0508106;hep-ph/0508106;1;7;8
gr-qc/0110046;gr-qc/0110046;5;9;14
hep-th/0505229;hep-th/0505229;0;18;18
hep-th/0111014;hep-th/0111014;2;7;9
0901.0090;0901.0090;0;40;40
hep-th/0608011;hep-th/0608011;5;55;60
gr-qc/0610121;gr-qc/0610121;5;26;31
hep-th/0408050;hep-th/0408050;0;1;1
hep-th/0312179;hep-th/0312179;2;0;2
math/0401386;math/0401386;2;2;4
hep-th/9710087;hep-th/9710087;7;10;17
hep-th/0108159;hep-th/0108159;4;9;13
hep-th/9905088;hep-th/9905088;8;12;20
hep-th/9801196;hep-th/9801196;5;12;17
hep-th/0605136;hep-th/0605136;1;28;29
hep-th/0605134;hep-th/0605134;2;4;6
hep-th/0605016;hep-th/0605016;1;4;5
hep-th/0605135;hep-th/0605135;0;3;3
hep-th/0605131;hep-th/0605131;9;19;28
hep-ph/0305001;hep-ph/0305001;5;4;9
0903.5164;0903.5164;0;5;5
astro-ph/0409594;astro-ph/0409594;9;4;13
hep-ph/0611152;hep-ph/0611152;5;8;13
gr-qc/9602009;gr-qc/9602009;2;6;8
gr-qc/9602005;gr-qc/9602005;2;4;6
hep-th/9312002;hep-th/9312002;13;4;17
hep-th/9401071;hep-th/9401071;2;2;4
hep-th/9308068;hep-th/9308068;3;8;11
0711.1824;0711.1824;0;9;9
0705.2399;0705.2399;0;17;17
hep-ph/0503184;hep-ph/0503184;5;11;16
math-ph/0610051;math-ph/0610051;0;1;1
0809.4899;0809.4899;0;8;8
0705.1675;0705.1675;0;20;20
q-alg/9703014;q-alg/9703014;1;0;1
0705.2395;0705.2395;0;1;1
hep-th/0408052;hep-th/0408052;1;16;17
hep-th/0108173;hep-th/0108173;3;10;13
cond-mat/0002330;cond-mat/0002330;19;0;19
cond-mat/0102451;cond-mat/0102451;2;8;10
0710.1423;0710.1423;0;8;8
hep-th/0207087;hep-th/0207087;3;0;3
hep-th/0604152;hep-th/0604152;1;0;1
hep-th/0512156;hep-th/0512156;2;1;3
hep-th/9909069;hep-th/9909069;0;8;8
hep-th/9909066;hep-th/9909066;1;8;9
hep-th/9702135;hep-th/9702135;3;0;3
hep-th/9809185;hep-th/9809185;6;31;37
hep-th/9609013;hep-th/9609013;2;0;2
hep-th/9605167;hep-th/9605167;3;9;12
hep-th/9806111;hep-th/9806111;2;6;8
gr-qc/9603047;gr-qc/9603047;6;9;15
hep-th/9701146;hep-th/9701146;14;10;24
hep-th/9708153;hep-th/9708153;4;24;28
hep-th/9908029;hep-th/9908029;1;5;6
hep-th/9909063;hep-th/9909063;3;9;12
cond-mat/0308591;cond-mat/0308591;3;4;7
0910.1464;0910.1464;0;10;10
hep-th/9706033;hep-th/9706033;6;7;13
hep-th/9609074;hep-th/9609074;9;9;18
hep-th/9703183;hep-th/9703183;6;2;8
hep-th/9502124;hep-th/9502124;7;3;10
0708.2990;0708.2990;0;4;4
0903.1313;0903.1313;0;21;21
math/0510078;math/0510078;1;4;5
hep-th/0409200;hep-th/0409200;15;23;38
gr-qc/9308022;gr-qc/9308022;1;1;2
gr-qc/9308020;gr-qc/9308020;0;1;1
hep-th/9409071;hep-th/9409071;1;8;9
hep-th/9311132;hep-th/9311132;10;0;10
hep-th/9409073;hep-th/9409073;0;1;1
hep-th/9305178;hep-th/9305178;3;1;4
hep-th/9312121;hep-th/9312121;10;3;13
hep-th/9409077;hep-th/9409077;0;1;1
hep-th/9409079;hep-th/9409079;2;23;25
hep-th/9305127;hep-th/9305127;1;3;4
hep-th/9211009;hep-th/9211009;1;5;6
hep-th/9212039;hep-th/9212039;1;1;2
hep-th/9305180;hep-th/9305180;1;0;1
hep-th/9307032;hep-th/9307032;2;0;2
hep-th/9407003;hep-th/9407003;1;0;1
hep-th/9303096;hep-th/9303096;3;0;3
hep-th/9108017;hep-th/9108017;7;0;7
hep-th/9303132;hep-th/9303132;3;0;3
0709.2307;0709.2307;0;15;15
hep-th/0204177;hep-th/0204177;0;1;1
hep-th/9503118;hep-th/9503118;8;7;15
hep-th/9502108;hep-th/9502108;9;0;9
hep-th/0702018;hep-th/0702018;0;29;29
0704.3152;0704.3152;0;15;15
hep-th/0408055;hep-th/0408055;2;24;26
hep-th/0009129;hep-th/0009129;2;3;5
0705.0827;0705.0827;0;2;2
hep-th/0510239;hep-th/0510239;10;2;12
hep-th/0107191;hep-th/0107191;1;11;12
hep-th/9603141;hep-th/9603141;1;0;1
hep-th/9611051;hep-th/9611051;5;0;5
hep-th/9110030;hep-th/9110030;3;0;3
hep-th/9402083;hep-th/9402083;6;8;14
hep-th/9206010;hep-th/9206010;4;0;4
hep-th/9607223;hep-th/9607223;3;23;26
hep-th/9604101;hep-th/9604101;2;11;13
hep-th/9607222;hep-th/9607222;4;1;5
hep-th/9306149;hep-th/9306149;4;0;4
hep-th/9607228;hep-th/9607228;1;5;6
0907.0591;0907.0591;0;2;2
hep-th/0105124;hep-th/0105124;2;2;4
hep-th/0106166;hep-th/0106166;1;5;6
hep-th/9707212;hep-th/9707212;3;41;44
hep-th/9801013;hep-th/9801013;1;3;4
hep-th/9709083;hep-th/9709083;1;3;4
hep-th/9801010;hep-th/9801010;4;6;10
hep-th/9806043;hep-th/9806043;2;15;17
hep-th/9806045;hep-th/9806045;0;6;6
hep-th/9804100;hep-th/9804100;1;0;1
math/0312138;math/0312138;0;2;2
math/0206223;math/0206223;4;0;4
0806.3730;0806.3730;0;2;2
hep-ph/0403001;hep-ph/0403001;1;5;6
0903.3800;0903.3800;0;26;26
0802.4065;0802.4065;0;14;14
hep-th/0403229;hep-th/0403229;4;6;10
hep-th/0302039;hep-th/0302039;2;7;9
hep-th/0412276;hep-th/0412276;1;1;2
hep-th/9503173;hep-th/9503173;4;3;7
hep-th/0204178;hep-th/0204178;2;31;33
quant-ph/0203142;quant-ph/0203142;2;0;2
quant-ph/0008132;quant-ph/0008132;4;0;4
quant-ph/0012011;quant-ph/0012011;2;1;3
quant-ph/9810043;quant-ph/9810043;3;1;4
gr-qc/0112053;gr-qc/0112053;6;2;8
hep-ph/9708254;hep-ph/9708254;1;1;2
hep-ph/9701325;hep-ph/9701325;2;8;10
hep-lat/0310062;hep-lat/0310062;0;10;10
hep-lat/0105016;hep-lat/0105016;3;0;3
hep-lat/0305020;hep-lat/0305020;10;19;29
hep-th/9908074;hep-th/9908074;6;6;12
0808.0497;0808.0497;0;5;5
0905.3943;0905.3943;0;12;12
0705.3422;0705.3422;0;11;11
0705.3420;0705.3420;0;1;1
0911.1360;0911.1360;0;3;3
hep-th/0210112;hep-th/0210112;2;0;2
quant-ph/0110005;quant-ph/0110005;5;9;14
0803.2554;0803.2554;0;10;10
hep-ph/0202141;hep-ph/0202141;10;12;22
gr-qc/9308029;gr-qc/9308029;1;0;1
hep-th/9302142;hep-th/9302142;1;0;1
hep-th/9405009;hep-th/9405009;3;1;4
hep-th/9308009;hep-th/9308009;6;0;6
hep-th/9303147;hep-th/9303147;6;0;6
hep-th/9405006;hep-th/9405006;3;2;5
hep-th/9307147;hep-th/9307147;5;12;17
hep-th/9407017;hep-th/9407017;6;6;12
hep-th/9209101;hep-th/9209101;4;0;4
hep-th/9403037;hep-th/9403037;1;2;3
hep-th/9410208;hep-th/9410208;2;2;4
nlin/0007020;nlin/0007020;4;7;11
0907.2646;0907.2646;0;19;19
hep-th/0112139;hep-th/0112139;14;14;28
hep-th/9407038;hep-th/9407038;7;1;8
hep-th/9410204;hep-th/9410204;0;2;2
hep-th/9410207;hep-th/9410207;0;5;5
hep-th/9410058;hep-th/9410058;3;0;3
hep-th/9410059;hep-th/9410059;2;0;2
hep-th/9410061;hep-th/9410061;2;0;2
hep-th/9410060;hep-th/9410060;2;0;2
hep-th/9410062;hep-th/9410062;2;0;2
0805.3015;0805.3015;0;5;5
gr-qc/0409077;gr-qc/0409077;2;14;16
0704.0732;0704.0732;0;19;19
0705.3112;0705.3112;0;24;24
hep-th/9406016;hep-th/9406016;2;18;20
hep-th/0111083;hep-th/0111083;3;2;5
hep-th/9302094;hep-th/9302094;7;0;7
0805.3018;0805.3018;0;15;15
hep-th/9612018;hep-th/9612018;12;8;20
0706.4245;0706.4245;0;15;15
hep-th/0702221;hep-th/0702221;7;187;194
hep-th/0112200;hep-th/0112200;6;29;35
hep-th/0602060;hep-th/0602060;3;28;31
hep-th/0408064;hep-th/0408064;14;65;79
hep-th/0607188;hep-th/0607188;3;34;37
0803.2553;0803.2553;0;16;16
cond-mat/9809173;cond-mat/9809173;5;0;5
0905.4607;0905.4607;0;12;12
0710.3135;0710.3135;0;17;17
hep-th/0607092;hep-th/0607092;3;17;20
hep-th/0601195;hep-th/0601195;2;15;17
0805.3089;0805.3089;0;36;36
astro-ph/0502556;astro-ph/0502556;12;9;21
gr-qc/0407007;gr-qc/0407007;8;16;24
hep-th/0103092;hep-th/0103092;14;9;23
gr-qc/0510024;gr-qc/0510024;2;19;21
hep-th/9306047;hep-th/9306047;0;2;2
hep-th/9304163;hep-th/9304163;6;3;9
quant-ph/0005027;quant-ph/0005027;1;3;4
0711.3532;0711.3532;0;22;22
nucl-th/9405021;nucl-th/9405021;0;2;2
nucl-th/9303026;nucl-th/9303026;1;0;1
hep-th/0605061;hep-th/0605061;4;0;4
hep-th/9711065;hep-th/9711065;2;1;3
hep-th/9711062;hep-th/9711062;0;12;12
hep-th/9711061;hep-th/9711061;2;14;16
hep-th/9511105;hep-th/9511105;4;0;4
hep-th/9711060;hep-th/9711060;0;1;1
hep-th/9612175;hep-th/9612175;3;2;5
hep-th/0107178;hep-th/0107178;25;34;59
hep-th/9806059;hep-th/9806059;13;36;49
hep-th/0106053;hep-th/0106053;12;15;27
hep-th/0204068;hep-th/0204068;22;15;37
hep-th/9812063;hep-th/9812063;6;10;16
hep-th/0112123;hep-th/0112123;5;1;6
hep-ph/0101309;hep-ph/0101309;4;8;12
hep-th/0204241;hep-th/0204241;1;4;5
hep-th/0011249;hep-th/0011249;5;13;18
hep-th/0509218;hep-th/0509218;0;10;10
hep-ph/0409113;hep-ph/0409113;1;9;10
hep-th/0503245;hep-th/0503245;5;48;53
hep-th/0501154;hep-th/0501154;8;17;25
hep-ph/0507273;hep-ph/0507273;3;0;3
hep-th/0412074;hep-th/0412074;10;33;43
hep-th/0509210;hep-th/0509210;1;2;3
hep-ph/0503164;hep-ph/0503164;2;1;3
hep-th/9603101;hep-th/9603101;14;15;29
hep-th/0606012;hep-th/0606012;13;23;36
hep-th/0012124;hep-th/0012124;5;16;21
hep-th/0509215;hep-th/0509215;6;13;19
0912.5517;0912.5517;0;20;20
hep-th/0303244;hep-th/0303244;3;15;18
nucl-th/0403039;nucl-th/0403039;6;0;6
hep-ph/0603256;hep-ph/0603256;8;10;18
hep-th/0401074;hep-th/0401074;2;9;11
gr-qc/0503027;gr-qc/0503027;1;2;3
hep-th/0112129;hep-th/0112129;2;5;7
0711.0464;0711.0464;0;11;11
0712.4404;0712.4404;0;34;34
0904.4246;0904.4246;0;11;11
0712.4403;0712.4403;0;9;9
0707.4006;0707.4006;0;16;16
hep-th/0208112;hep-th/0208112;4;0;4
hep-th/0312027;hep-th/0312027;5;16;21
hep-th/0310204;hep-th/0310204;8;10;18
hep-th/0502110;hep-th/0502110;1;7;8
hep-ph/9702271;hep-ph/9702271;5;7;12
cond-mat/0311536;cond-mat/0311536;0;3;3
quant-ph/0311177;quant-ph/0311177;1;2;3
0809.1674;0809.1674;0;26;26
hep-th/9312030;hep-th/9312030;3;3;6
hep-th/9508108;hep-th/9508108;2;2;4
hep-th/9706154;hep-th/9706154;4;20;24
hep-th/9305137;hep-th/9305137;6;3;9
hep-th/9502115;hep-th/9502115;5;12;17
hep-th/9704199;hep-th/9704199;6;18;24
hep-th/9801152;hep-th/9801152;6;29;35
math-ph/0005002;math-ph/0005002;1;0;1
math/0002044;math/0002044;2;8;10
hep-th/9803088;hep-th/9803088;11;25;36
0907.0290;0907.0290;0;10;10
hep-th/0108212;hep-th/0108212;0;7;7
hep-th/0609114;hep-th/0609114;0;9;9
0910.5158;0910.5158;0;50;50
hep-th/0701170;hep-th/0701170;12;24;36
math-ph/0612014;math-ph/0612014;4;25;29
hep-th/0404262;hep-th/0404262;0;59;59
hep-th/0207197;hep-th/0207197;0;20;20
hep-th/0201248;hep-th/0201248;2;31;33
0910.5150;0910.5150;0;3;3
0910.5155;0910.5155;0;5;5
gr-qc/9710047;gr-qc/9710047;1;4;5
hep-th/0108218;hep-th/0108218;15;12;27
hep-ph/9712432;hep-ph/9712432;8;9;17
hep-th/9210030;hep-th/9210030;2;0;2
hep-th/0011294;hep-th/0011294;2;20;22
alg-geom/9512018;alg-geom/9512018;3;0;3
hep-ph/0701031;hep-ph/0701031;0;10;10
hep-th/0412259;hep-th/0412259;1;10;11
hep-th/0412151;hep-th/0412151;1;7;8
0906.4767;0906.4767;0;17;17
hep-th/0010039;hep-th/0010039;0;1;1
hep-th/0010038;hep-th/0010038;6;14;20
hep-th/9911212;hep-th/9911212;2;3;5
hep-th/9903037;hep-th/9903037;11;20;31
hep-th/0010035;hep-th/0010035;6;4;10
hep-th/0010033;hep-th/0010033;5;8;13
hep-th/9910123;hep-th/9910123;2;17;19
hep-th/0010030;hep-th/0010030;3;2;5
hep-th/9910175;hep-th/9910175;2;24;26
hep-th/9907017;hep-th/9907017;2;14;16
hep-th/9811088;hep-th/9811088;5;4;9
hep-th/9307177;hep-th/9307177;10;9;19
gr-qc/0701124;gr-qc/0701124;1;8;9
math/0406627;math/0406627;2;10;12
gr-qc/9702022;gr-qc/9702022;19;5;24
gr-qc/0410017;gr-qc/0410017;2;11;13
hep-th/9410048;hep-th/9410048;5;0;5
hep-th/9612219;hep-th/9612219;1;5;6
hep-th/9511196;hep-th/9511196;3;1;4
hep-th/9612214;hep-th/9612214;2;1;3
hep-th/9612213;hep-th/9612213;4;14;18
hep-th/9612211;hep-th/9612211;1;1;2
hep-th/9609168;hep-th/9609168;2;0;2
hep-th/9512221;hep-th/9512221;1;3;4
solv-int/9710026;solv-int/9710026;3;0;3
solv-int/9708002;solv-int/9708002;3;0;3
0708.1233;0708.1233;0;12;12
hep-th/0702223;hep-th/0702223;0;22;22
hep-th/0603120;hep-th/0603120;5;37;42
chao-dyn/9406006;chao-dyn/9406006;3;0;3
cond-mat/0102368;cond-mat/0102368;1;11;12
cond-mat/9909087;cond-mat/9909087;7;8;15
hep-ph/0210012;hep-ph/0210012;1;3;4
hep-th/0703165;hep-th/0703165;0;10;10
hep-th/0212268;hep-th/0212268;0;1;1
hep-th/0204131;hep-th/0204131;8;0;8
hep-th/0211169;hep-th/0211169;2;21;23
hep-th/0212260;hep-th/0212260;4;29;33
quant-ph/0210193;quant-ph/0210193;5;10;15
quant-ph/0111114;quant-ph/0111114;5;9;14
hep-th/9904084;hep-th/9904084;3;4;7
quant-ph/0306059;quant-ph/0306059;3;0;3
hep-th/0210170;hep-th/0210170;3;0;3
hep-th/0303088;hep-th/0303088;9;8;17
hep-th/0003292;hep-th/0003292;5;5;10
quant-ph/0302106;quant-ph/0302106;3;17;20
math-ph/0211021;math-ph/0211021;1;17;18
hep-lat/9610038;hep-lat/9610038;7;6;13
0807.0596;0807.0596;0;1;1
0706.1360;0706.1360;0;15;15
0706.1361;0706.1361;0;18;18
hep-th/0207080;hep-th/0207080;3;8;11
hep-th/0203074;hep-th/0203074;8;8;16
hep-lat/9509047;hep-lat/9509047;12;11;23
0908.3888;0908.3888;0;7;7
hep-th/9711001;hep-th/9711001;9;42;51
gr-qc/9707048;gr-qc/9707048;3;4;7
hep-th/9802021;hep-th/9802021;1;1;2
0911.3793;0911.3793;0;4;4
gr-qc/9401028;gr-qc/9401028;7;0;7
hep-th/0101144;hep-th/0101144;0;22;22
hep-th/0012108;hep-th/0012108;2;9;11
hep-th/0012254;hep-th/0012254;5;17;22
0709.3684;0709.3684;0;19;19
0911.5105;0911.5105;0;30;30
gr-qc/0608085;gr-qc/0608085;1;7;8
hep-th/0206039;hep-th/0206039;2;5;7
hep-th/9311094;hep-th/9311094;6;0;6
0911.5101;0911.5101;0;7;7
gr-qc/0608080;gr-qc/0608080;1;42;43
gr-qc/9703088;gr-qc/9703088;6;1;7
quant-ph/0204156;quant-ph/0204156;0;1;1
quant-ph/0204151;quant-ph/0204151;0;5;5
hep-th/9407175;hep-th/9407175;17;1;18
0709.4540;0709.4540;0;4;4
math-ph/0601061;math-ph/0601061;3;0;3
math-ph/0604006;math-ph/0604006;3;1;4
0706.1025;0706.1025;0;27;27
hep-th/0102017;hep-th/0102017;3;12;15
0706.2188;0706.2188;0;1;1
math-ph/0110021;math-ph/0110021;2;15;17
hep-th/0002225;hep-th/0002225;9;19;28
cond-mat/0108411;cond-mat/0108411;3;16;19
math-ph/0110020;math-ph/0110020;2;11;13
0708.3214;0708.3214;0;15;15
0811.0877;0811.0877;0;17;17
0809.2807;0809.2807;0;4;4
hep-th/0210055;hep-th/0210055;1;15;16
0902.4062;0902.4062;0;15;15
0902.0615;0902.0615;0;16;16
0706.1980;0706.1980;0;23;23
gr-qc/0205031;gr-qc/0205031;8;4;12
gr-qc/0306027;gr-qc/0306027;6;5;11
0705.3160;0705.3160;0;10;10
hep-th/0501228;hep-th/0501228;2;13;15
hep-th/9906115;hep-th/9906115;2;2;4
0807.0755;0807.0755;0;62;62
hep-th/0506225;hep-th/0506225;8;14;22
hep-th/0103162;hep-th/0103162;10;59;69
math/0306084;math/0306084;6;11;17
math/0108207;math/0108207;6;3;9
math/0108221;math/0108221;8;10;18
hep-th/0205076;hep-th/0205076;15;25;40
0907.5359;0907.5359;0;4;4
hep-th/9504038;hep-th/9504038;1;1;2
hep-th/9610030;hep-th/9610030;6;5;11
hep-th/9603065;hep-th/9603065;8;1;9
hep-th/9707006;hep-th/9707006;1;4;5
hep-th/9707007;hep-th/9707007;3;14;17
hep-th/9604008;hep-th/9604008;3;3;6
hep-th/9603096;hep-th/9603096;1;8;9
hep-th/9608042;hep-th/9608042;4;1;5
hep-th/0512081;hep-th/0512081;0;7;7
hep-th/0511026;hep-th/0511026;2;6;8
hep-th/9606100;hep-th/9606100;13;1;14
hep-th/9810079;hep-th/9810079;0;1;1
hep-th/9605188;hep-th/9605188;3;2;5
hep-ph/0102330;hep-ph/0102330;4;17;21
hep-th/9808007;hep-th/9808007;1;16;17
hep-th/9608043;hep-th/9608043;8;9;17
hep-th/0007081;hep-th/0007081;6;5;11
hep-ph/0107290;hep-ph/0107290;11;20;31
hep-th/0109101;hep-th/0109101;4;0;4
hep-ph/0105113;hep-ph/0105113;8;12;20
gr-qc/9401017;gr-qc/9401017;7;2;9
hep-th/9609201;hep-th/9609201;1;5;6
hep-th/9709181;hep-th/9709181;2;5;7
hep-th/9202077;hep-th/9202077;5;0;5
gr-qc/9710046;gr-qc/9710046;1;3;4
gr-qc/9503032;gr-qc/9503032;1;0;1
hep-th/9810071;hep-th/9810071;0;15;15
cond-mat/9408083;cond-mat/9408083;1;0;1
cond-mat/9402058;cond-mat/9402058;3;0;3
cond-mat/9806349;cond-mat/9806349;1;3;4
hep-th/9810077;hep-th/9810077;2;3;5
hep-th/9802172;hep-th/9802172;2;1;3
quant-ph/9706051;quant-ph/9706051;2;10;12
hep-th/9810074;hep-th/9810074;0;4;4
0809.3501;0809.3501;0;13;13
0906.3695;0906.3695;0;25;25
hep-ph/0601014;hep-ph/0601014;5;22;27
0807.1315;0807.1315;0;8;8
0707.4583;0707.4583;0;36;36
0911.2458;0911.2458;0;11;11
0707.2863;0707.2863;0;1;1
hep-th/9405048;hep-th/9405048;1;3;4
0707.2860;0707.2860;0;14;14
hep-th/0702054;hep-th/0702054;2;18;20
hep-ph/9612232;hep-ph/9612232;2;4;6
hep-th/0011026;hep-th/0011026;1;4;5
0711.3170;0711.3170;0;15;15
hep-th/0602011;hep-th/0602011;4;0;4
hep-th/9907040;hep-th/9907040;0;7;7
hep-th/9802003;hep-th/9802003;4;14;18
hep-th/9801046;hep-th/9801046;9;15;24
gr-qc/9806122;gr-qc/9806122;4;4;8
hep-th/9708047;hep-th/9708047;4;9;13
hep-th/9710096;hep-th/9710096;1;15;16
hep-th/9908069;hep-th/9908069;3;4;7
hep-th/9907049;hep-th/9907049;4;4;8
0805.2645;0805.2645;0;7;7
hep-th/0203121;hep-th/0203121;3;11;14
hep-th/0209220;hep-th/0209220;2;14;16
hep-th/9806176;hep-th/9806176;7;11;18
0908.2756;0908.2756;0;28;28
hep-th/0606255;hep-th/0606255;7;28;35
hep-th/0607119;hep-th/0607119;4;8;12
hep-th/0608123;hep-th/0608123;3;6;9
hep-th/0301170;hep-th/0301170;0;3;3
math/0205190;math/0205190;2;14;16
gr-qc/0106069;gr-qc/0106069;8;9;17
gr-qc/0106068;gr-qc/0106068;8;0;8
gr-qc/0608066;gr-qc/0608066;5;5;10
gr-qc/0610082;gr-qc/0610082;3;4;7
gr-qc/0509096;gr-qc/0509096;4;0;4
hep-th/0501085;hep-th/0501085;3;1;4
hep-th/0306115;hep-th/0306115;1;2;3
hep-th/0306110;hep-th/0306110;4;4;8
hep-th/9607089;hep-th/9607089;36;7;43
math-ph/0606037;math-ph/0606037;0;1;1
math-ph/0512011;math-ph/0512011;1;0;1
math-ph/0606039;math-ph/0606039;2;23;25
hep-th/0212049;hep-th/0212049;6;4;10
math-ph/0602004;math-ph/0602004;5;11;16
math/0408405;math/0408405;10;16;26
hep-th/0602121;hep-th/0602121;2;3;5
hep-th/0508154;hep-th/0508154;9;9;18
hep-th/0508155;hep-th/0508155;7;28;35
hep-th/0510202;hep-th/0510202;9;47;56
hep-th/0408145;hep-th/0408145;14;27;41
0906.3044;0906.3044;0;16;16
0709.0095;0709.0095;0;35;35
hep-th/0612048;hep-th/0612048;7;16;23
0705.0924;0705.0924;0;12;12
hep-th/0510165;hep-th/0510165;7;11;18
astro-ph/0511570;astro-ph/0511570;1;0;1
0709.1170;0709.1170;0;36;36
0709.1171;0709.1171;0;36;36
hep-th/0501063;hep-th/0501063;8;14;22
hep-th/0505024;hep-th/0505024;5;6;11
hep-th/0505026;hep-th/0505026;0;39;39
hep-th/9807159;hep-th/9807159;3;0;3
hep-ph/0202090;hep-ph/0202090;11;12;23
hep-ph/0202107;hep-ph/0202107;14;13;27
hep-th/0505020;hep-th/0505020;1;17;18
hep-th/0505023;hep-th/0505023;0;3;3
hep-ph/0204106;hep-ph/0204106;1;5;6
hep-th/0204106;hep-th/0204106;2;6;8
hep-th/0303033;hep-th/0303033;9;51;60
cond-mat/0506529;cond-mat/0506529;1;8;9
hep-lat/0211024;hep-lat/0211024;4;4;8
cond-mat/0504193;cond-mat/0504193;2;4;6
hep-th/0502013;hep-th/0502013;4;5;9
0710.2022;0710.2022;0;8;8
hep-th/0412098;hep-th/0412098;0;13;13
hep-th/0202080;hep-th/0202080;6;14;20
0902.1540;0902.1540;0;89;89
0902.1541;0902.1541;0;8;8
math/0701489;math/0701489;5;8;13
hep-ph/9306286;hep-ph/9306286;0;7;7
hep-th/0412093;hep-th/0412093;19;31;50
hep-th/0405187;hep-th/0405187;9;10;19
hep-th/0412091;hep-th/0412091;0;4;4
hep-th/0410264;hep-th/0410264;3;44;47
hep-th/0407081;hep-th/0407081;10;36;46
hep-th/0404237;hep-th/0404237;7;57;64
hep-th/0310079;hep-th/0310079;6;29;35
gr-qc/0410144;gr-qc/0410144;1;6;7
hep-th/0501033;hep-th/0501033;6;54;60
hep-th/0410211;hep-th/0410211;7;45;52
0808.1646;0808.1646;0;15;15
hep-ph/0003252;hep-ph/0003252;3;23;26
0712.0486;0712.0486;0;13;13
gr-qc/0604031;gr-qc/0604031;6;20;26
astro-ph/0702423;astro-ph/0702423;5;10;15
gr-qc/0506111;gr-qc/0506111;3;4;7
hep-th/9901132;hep-th/9901132;2;1;3
0908.3300;0908.3300;0;10;10
0903.0227;0903.0227;0;16;16
0801.4782;0801.4782;0;2;2
hep-th/0702226;hep-th/0702226;3;5;8
gr-qc/0210011;gr-qc/0210011;4;3;7
hep-th/0004105;hep-th/0004105;2;6;8
hep-th/9703173;hep-th/9703173;1;0;1
hep-th/9801083;hep-th/9801083;7;17;24
hep-th/9707216;hep-th/9707216;2;0;2
gr-qc/9706030;gr-qc/9706030;2;3;5
astro-ph/0307413;astro-ph/0307413;8;22;30
0709.0221;0709.0221;0;30;30
quant-ph/0412199;quant-ph/0412199;0;1;1
gr-qc/0409069;gr-qc/0409069;2;7;9
gr-qc/9711054;gr-qc/9711054;1;1;2
0710.5755;0710.5755;0;2;2
hep-th/9612040;hep-th/9612040;13;1;14
0802.2173;0802.2173;0;38;38
0802.3923;0802.3923;0;7;7
0810.3782;0810.3782;0;8;8
0911.4180;0911.4180;0;5;5
hep-th/0112189;hep-th/0112189;2;32;34
0902.4888;0902.4888;0;20;20
0811.2807;0811.2807;0;4;4
hep-ph/0610054;hep-ph/0610054;3;28;31
hep-th/9505143;hep-th/9505143;5;4;9
0811.2804;0811.2804;0;36;36
0706.1795;0706.1795;0;24;24
hep-th/0703275;hep-th/0703275;7;38;45
0811.2801;0811.2801;0;40;40
math/0601419;math/0601419;0;1;1
0708.3550;0708.3550;0;15;15
hep-ph/0605047;hep-ph/0605047;4;1;5
hep-th/0412306;hep-th/0412306;8;8;16
hep-th/0608070;hep-th/0608070;4;5;9
astro-ph/0703625;astro-ph/0703625;7;12;19
0812.4946;0812.4946;0;4;4
0901.4088;0901.4088;0;33;33
hep-ph/0306119;hep-ph/0306119;1;3;4
hep-th/0607139;hep-th/0607139;6;16;22
hep-th/0504049;hep-th/0504049;0;13;13
hep-th/0312200;hep-th/0312200;2;0;2
hep-th/0311245;hep-th/0311245;3;43;46
hep-th/0207160;hep-th/0207160;4;26;30
hep-th/0307040;hep-th/0307040;7;28;35
hep-th/0504046;hep-th/0504046;0;10;10
hep-th/0212230;hep-th/0212230;5;3;8
hep-th/0401176;hep-th/0401176;1;3;4
hep-th/0503184;hep-th/0503184;11;50;61
0803.2513;0803.2513;0;58;58
0811.1904;0811.1904;0;3;3
hep-th/9410089;hep-th/9410089;4;1;5
hep-th/0608140;hep-th/0608140;3;2;5
hep-th/0606081;hep-th/0606081;4;5;9
0912.1456;0912.1456;0;8;8
0803.2514;0803.2514;0;16;16
0803.2518;0803.2518;0;15;15
nlin/0202018;nlin/0202018;2;6;8
hep-th/9807045;hep-th/9807045;3;6;9
hep-th/0104250;hep-th/0104250;0;2;2
hep-th/0507195;hep-th/0507195;3;4;7
0909.2041;0909.2041;0;1;1
0907.1952;0907.1952;0;24;24
0912.5525;0912.5525;0;2;2
hep-th/0511040;hep-th/0511040;4;6;10
hep-th/9904059;hep-th/9904059;7;8;15
math-ph/0504014;math-ph/0504014;2;0;2
hep-th/0511041;hep-th/0511041;0;9;9
hep-th/0407267;hep-th/0407267;3;5;8
hep-th/0407028;hep-th/0407028;2;18;20
hep-th/0307150;hep-th/0307150;0;2;2
hep-th/0411013;hep-th/0411013;1;26;27
hep-ph/9403285;hep-ph/9403285;5;1;6
hep-th/0004161;hep-th/0004161;5;1;6
hep-th/9408080;hep-th/9408080;2;0;2
quant-ph/0304143;quant-ph/0304143;8;4;12
hep-th/0304235;hep-th/0304235;4;9;13
hep-th/0407161;hep-th/0407161;7;10;17
hep-th/0411018;hep-th/0411018;2;29;31
nlin/0303043;nlin/0303043;3;0;3
hep-th/0410136;hep-th/0410136;17;0;17
hep-th/9310190;hep-th/9310190;3;0;3
0807.4223;0807.4223;0;38;38
hep-th/0110056;hep-th/0110056;3;3;6
hep-th/0008105;hep-th/0008105;8;23;31
0903.4971;0903.4971;0;5;5
hep-th/0703228;hep-th/0703228;5;19;24
0907.0861;0907.0861;0;16;16
hep-ph/0409097;hep-ph/0409097;0;13;13
astro-ph/0307211;astro-ph/0307211;1;11;12
astro-ph/0007053;astro-ph/0007053;4;3;7
astro-ph/0111327;astro-ph/0111327;3;6;9
0706.1649;0706.1649;0;12;12
quant-ph/0209117;quant-ph/0209117;0;1;1
0712.3450;0712.3450;0;7;7
astro-ph/0702003;astro-ph/0702003;5;5;10
0906.0442;0906.0442;0;1;1
0707.0838;0707.0838;0;29;29
hep-th/0611105;hep-th/0611105;3;18;21
hep-th/9512016;hep-th/9512016;13;12;25
0706.1647;0706.1647;0;18;18
hep-th/0512146;hep-th/0512146;4;15;19
0708.3051;0708.3051;0;8;8
math/0602047;math/0602047;4;11;15
gr-qc/0612170;gr-qc/0612170;1;4;5
0708.1762;0708.1762;0;49;49
hep-th/0305101;hep-th/0305101;3;4;7
hep-lat/0311026;hep-lat/0311026;0;10;10
hep-lat/0212005;hep-lat/0212005;5;10;15
0807.4590;0807.4590;0;11;11
hep-th/9402099;hep-th/9402099;2;1;3
hep-th/9206005;hep-th/9206005;4;0;4
hep-th/0309232;hep-th/0309232;11;30;41
hep-th/0301143;hep-th/0301143;7;0;7
hep-th/9610029;hep-th/9610029;1;11;12
hep-th/9601022;hep-th/9601022;4;21;25
hep-th/9512225;hep-th/9512225;3;9;12
hep-th/9602141;hep-th/9602141;1;9;10
hep-th/9502085;hep-th/9502085;1;1;2
hep-th/9402095;hep-th/9402095;1;10;11
hep-th/0308187;hep-th/0308187;1;21;22
hep-th/9409056;hep-th/9409056;0;5;5
hep-th/0308185;hep-th/0308185;0;3;3
hep-th/0308099;hep-th/0308099;1;1;2
hep-th/0308183;hep-th/0308183;0;3;3
hep-th/9701174;hep-th/9701174;2;8;10
hep-th/0308153;hep-th/0308153;2;11;13
hep-th/9409057;hep-th/9409057;0;6;6
0711.4628;0711.4628;0;1;1
hep-th/0609206;hep-th/0609206;2;0;2
hep-th/0305245;hep-th/0305245;1;2;3
hep-th/0308188;hep-th/0308188;0;7;7
hep-th/0304136;hep-th/0304136;8;17;25
0803.4212;0803.4212;0;10;10
gr-qc/9801106;gr-qc/9801106;4;0;4
hep-ph/9604236;hep-ph/9604236;2;4;6
hep-th/0203157;hep-th/0203157;2;123;125
0708.4321;0708.4321;0;22;22
hep-ph/0501185;hep-ph/0501185;1;11;12
chao-dyn/9909040;chao-dyn/9909040;1;0;1
hep-ph/9402287;hep-ph/9402287;3;0;3
nlin/0207028;nlin/0207028;1;10;11
0811.1864;0811.1864;0;3;3
hep-th/9610054;hep-th/9610054;6;3;9
astro-ph/0404419;astro-ph/0404419;9;17;26
hep-th/9511055;hep-th/9511055;1;1;2
hep-th/9402123;hep-th/9402123;2;0;2
hep-th/9511050;hep-th/9511050;0;9;9
hep-th/9211107;hep-th/9211107;9;0;9
hep-th/9304020;hep-th/9304020;5;0;5
hep-th/9611087;hep-th/9611087;3;1;4
hep-th/9611085;hep-th/9611085;0;1;1
hep-th/9411142;hep-th/9411142;3;3;6
hep-th/9110026;hep-th/9110026;8;0;8
hep-th/9212042;hep-th/9212042;5;0;5
0804.1541;0804.1541;0;28;28
hep-th/9401019;hep-th/9401019;2;1;3
0710.1379;0710.1379;0;18;18
hep-th/9611089;hep-th/9611089;0;3;3
hep-th/9406183;hep-th/9406183;6;5;11
math-ph/0211019;math-ph/0211019;2;20;22
hep-th/0512318;hep-th/0512318;1;8;9
hep-th/0510192;hep-th/0510192;2;8;10
hep-th/0401044;hep-th/0401044;1;4;5
hep-th/0005200;hep-th/0005200;5;0;5
0812.1640;0812.1640;0;1;1
0905.2970;0905.2970;0;24;24
hep-th/9409059;hep-th/9409059;0;3;3
hep-th/0606128;hep-th/0606128;1;6;7
hep-th/0304073;hep-th/0304073;3;15;18
hep-th/0105301;hep-th/0105301;4;5;9
hep-th/0606129;hep-th/0606129;1;15;16
hep-th/0501018;hep-th/0501018;5;9;14
hep-th/0110148;hep-th/0110148;2;0;2
hep-th/0506027;hep-th/0506027;2;20;22
0704.0140;0704.0140;0;38;38
hep-th/0612049;hep-th/0612049;2;14;16
hep-ph/0410158;hep-ph/0410158;11;3;14
quant-ph/0404025;quant-ph/0404025;5;34;39
hep-th/0012002;hep-th/0012002;5;11;16
hep-th/0209062;hep-th/0209062;4;10;14
hep-th/0312189;hep-th/0312189;9;36;45
hep-th/0511290;hep-th/0511290;7;35;42
hep-th/0606124;hep-th/0606124;0;6;6
hep-th/0503050;hep-th/0503050;2;28;30
hep-th/9702179;hep-th/9702179;7;23;30
hep-th/9712114;hep-th/9712114;0;3;3
hep-th/9712112;hep-th/9712112;2;14;16
hep-th/9712113;hep-th/9712113;0;1;1
hep-th/9408165;hep-th/9408165;2;1;3
solv-int/9705013;solv-int/9705013;1;6;7
hep-th/9705015;hep-th/9705015;7;1;8
hep-th/9707064;hep-th/9707064;2;2;4
hep-th/9109003;hep-th/9109003;2;0;2
solv-int/9710012;solv-int/9710012;1;0;1
hep-th/9611158;hep-th/9611158;5;0;5
hep-th/9511092;hep-th/9511092;2;3;5
hep-th/0402089;hep-th/0402089;3;33;36
0807.2331;0807.2331;0;20;20
astro-ph/0205504;astro-ph/0205504;5;11;16
hep-th/0402084;hep-th/0402084;2;16;18
hep-th/0310194;hep-th/0310194;2;30;32
hep-th/0010193;hep-th/0010193;5;20;25
hep-th/9607113;hep-th/9607113;7;19;26
hep-th/9809163;hep-th/9809163;5;11;16
hep-th/9211078;hep-th/9211078;2;1;3
hep-th/9903024;hep-th/9903024;0;14;14
hep-th/9802156;hep-th/9802156;2;3;5
hep-th/9802155;hep-th/9802155;1;14;15
hep-th/9901034;hep-th/9901034;6;8;14
cond-mat/9402065;cond-mat/9402065;1;0;1
hep-th/9801163;hep-th/9801163;5;2;7
hep-th/9801172;hep-th/9801172;4;1;5
hep-th/9703070;hep-th/9703070;7;18;25
gr-qc/9811014;gr-qc/9811014;10;3;13
gr-qc/9703076;gr-qc/9703076;8;10;18
0808.2613;0808.2613;0;17;17
hep-th/0505143;hep-th/0505143;4;5;9
hep-th/0012245;hep-th/0012245;1;2;3
gr-qc/0208037;gr-qc/0208037;1;3;4
gr-qc/0402012;gr-qc/0402012;2;25;27
hep-th/0405268;hep-th/0405268;15;4;19
math/9902141;math/9902141;2;4;6
hep-th/9210042;hep-th/9210042;4;0;4
0801.2809;0801.2809;0;43;43
0704.1234;0704.1234;0;25;25
hep-th/0305170;hep-th/0305170;1;7;8
hep-th/0009091;hep-th/0009091;1;12;13
hep-th/9912109;hep-th/9912109;0;5;5
hep-th/9703187;hep-th/9703187;9;2;11
hep-th/9912104;hep-th/9912104;11;41;52
hep-th/9912100;hep-th/9912100;1;17;18
hep-th/9907021;hep-th/9907021;2;16;18
hep-th/9812011;hep-th/9812011;2;11;13
hep-th/9912105;hep-th/9912105;2;11;13
hep-th/9806068;hep-th/9806068;16;22;38
hep-th/9609198;hep-th/9609198;5;10;15
alg-geom/9611028;alg-geom/9611028;8;9;17
alg-geom/9610022;alg-geom/9610022;8;0;8
hep-th/9710016;hep-th/9710016;11;13;24
hep-th/0408101;hep-th/0408101;9;18;27
hep-th/9906174;hep-th/9906174;6;11;17
hep-th/0005286;hep-th/0005286;4;5;9
hep-th/0111039;hep-th/0111039;1;15;16
hep-th/9812010;hep-th/9812010;7;13;20
hep-th/9510099;hep-th/9510099;3;6;9
hep-th/9503084;hep-th/9503084;3;10;13
hep-th/9312058;hep-th/9312058;9;3;12
hep-th/9310103;hep-th/9310103;2;1;3
hep-th/9409177;hep-th/9409177;3;7;10
hep-th/0508012;hep-th/0508012;0;6;6
hep-th/0508016;hep-th/0508016;0;11;11
hep-th/0506223;hep-th/0506223;1;17;18
hep-th/0507264;hep-th/0507264;4;16;20
hep-th/0508015;hep-th/0508015;0;10;10
hep-th/0210104;hep-th/0210104;7;7;14
hep-th/0206034;hep-th/0206034;7;5;12
hep-th/9311107;hep-th/9311107;2;1;3
hep-th/0212226;hep-th/0212226;4;9;13
hep-th/0206244;hep-th/0206244;6;0;6
hep-th/0311067;hep-th/0311067;1;0;1
hep-th/0508018;hep-th/0508018;1;26;27
hep-th/0409085;hep-th/0409085;13;37;50
0812.3284;0812.3284;0;2;2
hep-th/9408064;hep-th/9408064;7;0;7
hep-th/0604185;hep-th/0604185;8;14;22
hep-ph/0008239;hep-ph/0008239;2;10;12
hep-th/0504137;hep-th/0504137;8;24;32
gr-qc/0505142;gr-qc/0505142;2;8;10
gr-qc/0311051;gr-qc/0311051;7;7;14
astro-ph/0401521;astro-ph/0401521;1;1;2
astro-ph/0401520;astro-ph/0401520;3;3;6
hep-th/0402064;hep-th/0402064;12;0;12
hep-th/0305122;hep-th/0305122;6;23;29
hep-th/0403080;hep-th/0403080;4;9;13
hep-th/0302029;hep-th/0302029;4;2;6
0801.2438;0801.2438;0;48;48
gr-qc/0412089;gr-qc/0412089;5;15;20
hep-th/9304120;hep-th/9304120;5;0;5
hep-th/9209053;hep-th/9209053;1;0;1
hep-th/9905066;hep-th/9905066;1;7;8
0801.2688;0801.2688;0;20;20
math/0211099;math/0211099;1;3;4
hep-th/0403084;hep-th/0403084;1;10;11
hep-th/0012138;hep-th/0012138;2;5;7
hep-th/0310229;hep-th/0310229;2;1;3
hep-th/0309052;hep-th/0309052;5;22;27
hep-th/0110010;hep-th/0110010;3;0;3
0810.3106;0810.3106;0;9;9
hep-ph/9502303;hep-ph/9502303;3;7;10
hep-th/0207276;hep-th/0207276;6;19;25
hep-th/0612060;hep-th/0612060;10;9;19
hep-th/9812119;hep-th/9812119;9;10;19
hep-ph/0511082;hep-ph/0511082;2;16;18
hep-th/0310251;hep-th/0310251;7;0;7
hep-th/0703005;hep-th/0703005;2;1;3
gr-qc/0611129;gr-qc/0611129;3;20;23
hep-th/0703009;hep-th/0703009;5;29;34
hep-th/0505258;hep-th/0505258;9;2;11
hep-th/9803172;hep-th/9803172;2;6;8
hep-th/0306268;hep-th/0306268;5;14;19
hep-th/0303165;hep-th/0303165;4;10;14
hep-th/0109220;hep-th/0109220;10;16;26
0912.2238;0912.2238;0;27;27
0705.0663;0705.0663;0;26;26
hep-th/0305065;hep-th/0305065;3;9;12
hep-lat/0508029;hep-lat/0508029;13;19;32
hep-th/0501210;hep-th/0501210;16;11;27
hep-lat/0308003;hep-lat/0308003;20;10;30
hep-th/9810213;hep-th/9810213;3;16;19
hep-th/0112061;hep-th/0112061;2;9;11
hep-th/9608093;hep-th/9608093;9;36;45
hep-th/0112060;hep-th/0112060;1;1;2
hep-th/0112063;hep-th/0112063;6;17;23
hep-th/0108087;hep-th/0108087;1;0;1
hep-th/0112062;hep-th/0112062;2;2;4
hep-th/0112068;hep-th/0112068;1;6;7
hep-th/0108116;hep-th/0108116;1;8;9
hep-th/9902130;hep-th/9902130;2;7;9
0710.5618;0710.5618;0;1;1
0812.1420;0812.1420;0;42;42
0912.1678;0912.1678;0;6;6
hep-th/9512050;hep-th/9512050;3;2;5
hep-th/9707218;hep-th/9707218;2;2;4
hep-th/9406083;hep-th/9406083;6;0;6
hep-th/9506175;hep-th/9506175;3;1;4
hep-th/9909169;hep-th/9909169;3;2;5
hep-th/9910125;hep-th/9910125;5;18;23
hep-th/0009043;hep-th/0009043;4;13;17
hep-th/9907169;hep-th/9907169;4;17;21
hep-th/0101165;hep-th/0101165;10;5;15
hep-lat/0005014;hep-lat/0005014;0;4;4
hep-th/9301132;hep-th/9301132;6;0;6
hep-th/9404148;hep-th/9404148;5;2;7
hep-th/9412082;hep-th/9412082;0;1;1
hep-th/9304074;hep-th/9304074;3;0;3
hep-th/9312215;hep-th/9312215;2;5;7
hep-th/9207113;hep-th/9207113;1;0;1
hep-th/0206094;hep-th/0206094;8;66;74
hep-th/0204175;hep-th/0204175;5;3;8
hep-th/0107043;hep-th/0107043;3;0;3
hep-th/9806064;hep-th/9806064;0;1;1
astro-ph/0506200;astro-ph/0506200;2;10;12
0806.2671;0806.2671;0;13;13
hep-th/9708159;hep-th/9708159;5;9;14
0801.0356;0801.0356;0;53;53
hep-th/0507119;hep-th/0507119;3;26;29
hep-th/9806063;hep-th/9806063;1;6;7
hep-th/9306074;hep-th/9306074;1;2;3
hep-th/9806060;hep-th/9806060;2;7;9
gr-qc/9504027;gr-qc/9504027;2;6;8
gr-qc/0310115;gr-qc/0310115;4;3;7
0906.0530;0906.0530;0;25;25
0705.1586;0705.1586;0;11;11
hep-th/0603243;hep-th/0603243;3;43;46
0705.1584;0705.1584;0;12;12
0905.0900;0905.0900;0;11;11
0801.3477;0801.3477;0;15;15
0801.3471;0801.3471;0;167;167
gr-qc/0612033;gr-qc/0612033;3;8;11
0807.0206;0807.0206;0;47;47
hep-th/9610019;hep-th/9610019;9;18;27
0910.1341;0910.1341;0;16;16
hep-th/0605025;hep-th/0605025;4;6;10
hep-th/0007238;hep-th/0007238;9;13;22
hep-th/0310149;hep-th/0310149;0;9;9
hep-th/9410087;hep-th/9410087;6;0;6
0910.1345;0910.1345;0;14;14
hep-th/0310143;hep-th/0310143;2;12;14
hep-th/0310141;hep-th/0310141;0;27;27
gr-qc/0402043;gr-qc/0402043;1;13;14
gr-qc/0011046;gr-qc/0011046;2;6;8
hep-th/0204059;hep-th/0204059;1;6;7
physics/0211123;physics/0211123;3;1;4
hep-th/0405046;hep-th/0405046;1;7;8
hep-th/9902048;hep-th/9902048;2;6;8
hep-th/9606120;hep-th/9606120;10;5;15
math-ph/9911002;math-ph/9911002;3;20;23
cond-mat/9910453;cond-mat/9910453;1;9;10
hep-th/0405043;hep-th/0405043;0;7;7
hep-th/0404103;hep-th/0404103;1;0;1
0909.3918;0909.3918;0;10;10
gr-qc/9406049;gr-qc/9406049;9;4;13
0710.4627;0710.4627;0;20;20
hep-th/0611222;hep-th/0611222;1;24;25
0804.1920;0804.1920;0;24;24
hep-th/0703233;hep-th/0703233;7;16;23
math-ph/0404047;math-ph/0404047;7;20;27
hep-th/0404144;hep-th/0404144;9;14;23
0801.0580;0801.0580;0;23;23
hep-th/0603218;hep-th/0603218;11;11;22
0801.0584;0801.0584;0;126;126
hep-th/0406228;hep-th/0406228;4;20;24
0801.0587;0801.0587;0;6;6
hep-lat/0701004;hep-lat/0701004;5;17;22
hep-lat/0605003;hep-lat/0605003;6;17;23
0705.0980;0705.0980;0;14;14
0705.0983;0705.0983;0;76;76
hep-ph/0304024;hep-ph/0304024;2;6;8
0712.0050;0712.0050;0;31;31
0801.4293;0801.4293;0;4;4
0808.0840;0808.0840;0;22;22
hep-th/0203059;hep-th/0203059;0;8;8
hep-th/9307074;hep-th/9307074;4;14;18
hep-th/0102057;hep-th/0102057;2;11;13
hep-ph/0306107;hep-ph/0306107;2;3;5
hep-ph/0002250;hep-ph/0002250;8;0;8
hep-ph/0208019;hep-ph/0208019;2;4;6
0804.3845;0804.3845;0;29;29
0805.1782;0805.1782;0;21;21
0911.3076;0911.3076;0;8;8
hep-th/0111038;hep-th/0111038;6;14;20
0705.0676;0705.0676;0;15;15
cond-mat/0410056;cond-mat/0410056;2;7;9
hep-ph/0304026;hep-ph/0304026;2;1;3
0705.0673;0705.0673;0;9;9
hep-lat/0612031;hep-lat/0612031;1;5;6
0805.2280;0805.2280;0;1;1
hep-th/0601065;hep-th/0601065;1;20;21
hep-th/0506070;hep-th/0506070;2;8;10
hep-th/0703179;hep-th/0703179;5;18;23
hep-th/0409030;hep-th/0409030;8;16;24
hep-th/0501241;hep-th/0501241;8;27;35
0706.3070;0706.3070;0;57;57
hep-th/0609131;hep-th/0609131;2;48;50
hep-th/0606173;hep-th/0606173;9;31;40
0706.3075;0706.3075;0;4;4
0706.3077;0706.3077;0;5;5
hep-th/9801032;hep-th/9801032;3;18;21
hep-th/9706121;hep-th/9706121;4;13;17
hep-th/9801203;hep-th/9801203;0;1;1
hep-th/9801200;hep-th/9801200;1;15;16
hep-th/9711025;hep-th/9711025;6;10;16
hep-th/9203022;hep-th/9203022;6;0;6
hep-th/9707085;hep-th/9707085;2;7;9
hep-th/9505068;hep-th/9505068;6;4;10
hep-th/9510237;hep-th/9510237;5;3;8
hep-th/9410236;hep-th/9410236;4;0;4
hep-th/9809058;hep-th/9809058;0;11;11
hep-th/9807201;hep-th/9807201;1;6;7
solv-int/9801026;solv-int/9801026;1;0;1
q-alg/9709013;q-alg/9709013;5;0;5
hep-th/9410051;hep-th/9410051;1;11;12
0710.3841;0710.3841;0;8;8
hep-th/0703171;hep-th/0703171;2;1;3
cond-mat/0611658;cond-mat/0611658;2;9;11
gr-qc/0609107;gr-qc/0609107;3;0;3
0812.1213;0812.1213;0;53;53
hep-th/0511101;hep-th/0511101;1;0;1
0708.3954;0708.3954;0;21;21
hep-th/0610323;hep-th/0610323;4;23;27
hep-th/0311243;hep-th/0311243;8;30;38
hep-ph/9410346;hep-ph/9410346;4;0;4
hep-th/0306287;hep-th/0306287;5;5;10
hep-th/0301103;hep-th/0301103;1;9;10
hep-th/0310098;hep-th/0310098;2;4;6
astro-ph/0209223;astro-ph/0209223;6;5;11
hep-th/9905082;hep-th/9905082;3;4;7
hep-th/9605226;hep-th/9605226;8;0;8
0708.3792;0708.3792;0;1;1
0709.4325;0709.4325;0;6;6
hep-th/9406176;hep-th/9406176;1;5;6
hep-th/0005112;hep-th/0005112;3;3;6
hep-th/9408179;hep-th/9408179;0;8;8
hep-th/9208010;hep-th/9208010;2;0;2
hep-ph/9306246;hep-ph/9306246;2;0;2
hep-th/9311126;hep-th/9311126;6;0;6
hep-th/9408170;hep-th/9408170;3;2;5
hep-th/9408171;hep-th/9408171;0;6;6
0801.2686;0801.2686;0;14;14
hep-th/0508022;hep-th/0508022;1;13;14
math-ph/0611023;math-ph/0611023;5;11;16
0711.0082;0711.0082;0;39;39
0705.3210;0705.3210;0;12;12
0705.3212;0705.3212;0;65;65
0911.4905;0911.4905;0;23;23
0911.4903;0911.4903;0;4;4
0807.3646;0807.3646;0;34;34
quant-ph/0702264;quant-ph/0702264;0;9;9
quant-ph/0310150;quant-ph/0310150;5;2;7
quant-ph/0607202;quant-ph/0607202;2;0;2
0804.2822;0804.2822;0;10;10
cond-mat/9801129;cond-mat/9801129;3;0;3
hep-th/0702186;hep-th/0702186;2;21;23
cond-mat/0108486;cond-mat/0108486;2;6;8
hep-ph/9907558;hep-ph/9907558;0;14;14
hep-th/9607096;hep-th/9607096;5;0;5
hep-th/9410172;hep-th/9410172;1;0;1
hep-th/9804046;hep-th/9804046;1;3;4
hep-ph/9706255;hep-ph/9706255;1;0;1
0802.3231;0802.3231;0;18;18
cond-mat/0011143;cond-mat/0011143;1;11;12
hep-th/9804183;hep-th/9804183;0;22;22
hep-th/9706152;hep-th/9706152;5;12;17
hep-th/9804055;hep-th/9804055;1;30;31
hep-th/9804113;hep-th/9804113;2;27;29
hep-th/9804187;hep-th/9804187;2;3;5
hep-th/9804186;hep-th/9804186;7;6;13
hep-ph/0611253;hep-ph/0611253;0;8;8
hep-th/9702159;hep-th/9702159;5;27;32
hep-th/0404097;hep-th/0404097;9;9;18
hep-th/0311011;hep-th/0311011;15;7;22
gr-qc/0512037;gr-qc/0512037;3;2;5
hep-th/0312290;hep-th/0312290;6;17;23
hep-th/0505268;hep-th/0505268;3;5;8
hep-th/0207172;hep-th/0207172;1;22;23
hep-ph/0511314;hep-ph/0511314;3;3;6
hep-th/9801089;hep-th/9801089;2;9;11
hep-th/9811239;hep-th/9811239;2;2;4
hep-th/0305030;hep-th/0305030;2;0;2
0704.0793;0704.0793;0;16;16
hep-th/0109105;hep-th/0109105;5;15;20
0910.5596;0910.5596;0;31;31
hep-th/0408044;hep-th/0408044;4;37;41
hep-th/0507104;hep-th/0507104;1;58;59
hep-th/0503036;hep-th/0503036;2;37;39
hep-th/0509005;hep-th/0509005;0;12;12
gr-qc/0101055;gr-qc/0101055;2;4;6
hep-th/0312011;hep-th/0312011;7;39;46
hep-ph/0212208;hep-ph/0212208;3;9;12
hep-th/9908111;hep-th/9908111;3;5;8
hep-ph/0111321;hep-ph/0111321;3;5;8
hep-th/0612006;hep-th/0612006;0;4;4
hep-th/0401023;hep-th/0401023;3;3;6
hep-th/0610308;hep-th/0610308;1;3;4
0906.1920;0906.1920;0;19;19
hep-ph/0407074;hep-ph/0407074;0;2;2
0904.3364;0904.3364;0;2;2
hep-ph/0406035;hep-ph/0406035;13;11;24
hep-th/0107076;hep-th/0107076;5;0;5
math/0512499;math/0512499;0;1;1
math/0506503;math/0506503;1;0;1
0908.1784;0908.1784;0;29;29
0908.1785;0908.1785;0;3;3
0908.1780;0908.1780;0;12;12
0906.0342;0906.0342;0;1;1
0809.1003;0809.1003;0;26;26
gr-qc/0310059;gr-qc/0310059;4;3;7
gr-qc/0310065;gr-qc/0310065;3;1;4
cond-mat/0506742;cond-mat/0506742;1;1;2
hep-th/9509041;hep-th/9509041;2;0;2
0809.1005;0809.1005;0;41;41
hep-th/0106103;hep-th/0106103;11;24;35
hep-th/0502167;hep-th/0502167;15;135;150
0903.5419;0903.5419;0;4;4
0806.3253;0806.3253;0;8;8
0708.2691;0708.2691;0;61;61
hep-ph/0703027;hep-ph/0703027;6;75;81
hep-th/0008040;hep-th/0008040;4;2;6
hep-th/9805219;hep-th/9805219;9;4;13
hep-th/0011221;hep-th/0011221;2;19;21
hep-th/0004033;hep-th/0004033;4;0;4
hep-th/0011223;hep-th/0011223;4;22;26
hep-th/9911080;hep-th/9911080;17;28;45
hep-th/0011222;hep-th/0011222;1;26;27
hep-th/0004087;hep-th/0004087;21;37;58
hep-th/9911103;hep-th/9911103;0;8;8
hep-th/9908021;hep-th/9908021;4;14;18
hep-th/9911106;hep-th/9911106;0;1;1
hep-th/9806183;hep-th/9806183;4;0;4
hep-th/9905214;hep-th/9905214;4;4;8
cond-mat/9905222;cond-mat/9905222;2;2;4
0905.3226;0905.3226;0;7;7
quant-ph/0702001;quant-ph/0702001;3;10;13
quant-ph/0608209;quant-ph/0608209;4;6;10
quant-ph/0701074;quant-ph/0701074;5;13;18
astro-ph/0112510;astro-ph/0112510;1;1;2
0905.3223;0905.3223;0;8;8
astro-ph/0603144;astro-ph/0603144;5;3;8
gr-qc/0605100;gr-qc/0605100;7;0;7
cond-mat/0202151;cond-mat/0202151;1;14;15
hep-th/0001110;hep-th/0001110;25;39;64
cond-mat/0112008;cond-mat/0112008;1;5;6
hep-th/0504146;hep-th/0504146;6;16;22
hep-th/0502184;hep-th/0502184;5;13;18
hep-th/0309267;hep-th/0309267;4;19;23
hep-th/0308131;hep-th/0308131;3;9;12
hep-th/0508233;hep-th/0508233;2;15;17
0805.0211;0805.0211;0;6;6
hep-th/9807020;hep-th/9807020;3;3;6
hep-th/0610294;hep-th/0610294;3;0;3
hep-th/0404022;hep-th/0404022;6;0;6
0708.3691;0708.3691;0;23;23
0908.4252;0908.4252;0;30;30
0704.1447;0704.1447;0;5;5
0910.4677;0910.4677;0;31;31
hep-th/0511285;hep-th/0511285;5;18;23
hep-th/0506124;hep-th/0506124;7;0;7
hep-ph/0103148;hep-ph/0103148;5;34;39
hep-ph/0107211;hep-ph/0107211;2;3;5
hep-ph/0109170;hep-ph/0109170;0;17;17
hep-ph/9805360;hep-ph/9805360;6;3;9
hep-ph/0006333;hep-ph/0006333;6;6;12
0812.2638;0812.2638;0;32;32
hep-th/9611217;hep-th/9611217;3;0;3
hep-ph/0609028;hep-ph/0609028;2;1;3
hep-th/0512143;hep-th/0512143;6;2;8
0903.2092;0903.2092;0;35;35
0811.2367;0811.2367;0;2;2
hep-th/0411098;hep-th/0411098;0;10;10
cond-mat/0605147;cond-mat/0605147;1;20;21
cond-mat/0308113;cond-mat/0308113;1;1;2
hep-th/0302040;hep-th/0302040;3;1;4
cond-mat/0601261;cond-mat/0601261;1;4;5
0904.1095;0904.1095;0;31;31
0704.2233;0704.2233;0;28;28
0704.2230;0704.2230;0;38;38
hep-th/9912280;hep-th/9912280;6;15;21
0704.2237;0704.2237;0;12;12
gr-qc/0411115;gr-qc/0411115;1;6;7
q-alg/9602036;q-alg/9602036;1;7;8
hep-th/0702070;hep-th/0702070;0;1;1
cond-mat/0302483;cond-mat/0302483;0;9;9
hep-th/0408051;hep-th/0408051;2;23;25
hep-th/0403250;hep-th/0403250;1;6;7
0807.3270;0807.3270;0;10;10
0911.1345;0911.1345;0;62;62
hep-th/9710082;hep-th/9710082;7;14;21
hep-ph/0604069;hep-ph/0604069;2;5;7
hep-th/9710164;hep-th/9710164;1;1;2
hep-th/9709070;hep-th/9709070;2;0;2
cond-mat/9406053;cond-mat/9406053;5;2;7
cond-mat/9311016;cond-mat/9311016;3;0;3
hep-th/9710160;hep-th/9710160;0;29;29
0708.3695;0708.3695;0;34;34
0711.1415;0711.1415;0;24;24
hep-lat/0406022;hep-lat/0406022;1;11;12
0711.4421;0711.4421;0;14;14
hep-th/0510053;hep-th/0510053;3;10;13
math/0609306;math/0609306;3;15;18
hep-ph/0410082;hep-ph/0410082;1;4;5
hep-ph/0305086;hep-ph/0305086;13;16;29
gr-qc/0105069;gr-qc/0105069;1;0;1
0907.3121;0907.3121;0;4;4
0911.3578;0911.3578;0;30;30
0802.1133;0802.1133;0;3;3
gr-qc/0310051;gr-qc/0310051;5;14;19
gr-qc/0310134;gr-qc/0310134;5;9;14
0904.0045;0904.0045;0;30;30
0904.0046;0904.0046;0;15;15
0908.2362;0908.2362;0;39;39
gr-qc/0506090;gr-qc/0506090;1;27;28
0802.0840;0802.0840;0;18;18
0812.4287;0812.4287;0;11;11
gr-qc/0304058;gr-qc/0304058;4;12;16
0807.3057;0807.3057;0;1;1
hep-th/0308091;hep-th/0308091;1;0;1
hep-th/9407124;hep-th/9407124;7;0;7
hep-th/0010126;hep-th/0010126;1;3;4
hep-th/0204083;hep-th/0204083;8;56;64
hep-th/9301028;hep-th/9301028;4;4;8
hep-th/0301211;hep-th/0301211;6;17;23
hep-th/9804134;hep-th/9804134;3;2;5
hep-th/0510093;hep-th/0510093;2;2;4
hep-th/0309132;hep-th/0309132;0;6;6
hep-th/9701064;hep-th/9701064;3;0;3
hep-th/0602193;hep-th/0602193;2;8;10
hep-th/9401109;hep-th/9401109;2;4;6
hep-th/0612063;hep-th/0612063;1;4;5
0803.3957;0803.3957;0;54;54
hep-th/0512084;hep-th/0512084;4;18;22
hep-th/0611059;hep-th/0611059;1;25;26
hep-th/0612069;hep-th/0612069;1;4;5
hep-th/0412033;hep-th/0412033;4;6;10
hep-th/0207098;hep-th/0207098;10;19;29
hep-ph/9706429;hep-ph/9706429;2;11;13
hep-ph/0503167;hep-ph/0503167;2;18;20
hep-ph/0506029;hep-ph/0506029;3;13;16
hep-th/0506173;hep-th/0506173;0;2;2
hep-th/0406184;hep-th/0406184;11;18;29
hep-th/9803010;hep-th/9803010;2;0;2
hep-th/0203135;hep-th/0203135;3;11;14
math/0001071;math/0001071;6;0;6
gr-qc/0311011;gr-qc/0311011;4;24;28
hep-th/0506178;hep-th/0506178;3;5;8
hep-th/9306082;hep-th/9306082;4;3;7
hep-th/9605124;hep-th/9605124;3;9;12
hep-th/9402065;hep-th/9402065;2;0;2
gr-qc/0201028;gr-qc/0201028;9;0;9
hep-th/0103260;hep-th/0103260;5;10;15
hep-th/9512019;hep-th/9512019;1;4;5
hep-th/0207145;hep-th/0207145;4;38;42
gr-qc/9211015;gr-qc/9211015;1;0;1
hep-th/9311068;hep-th/9311068;1;3;4
hep-th/0006072;hep-th/0006072;0;1;1
hep-th/9812230;hep-th/9812230;6;33;39
hep-th/9907117;hep-th/9907117;5;35;40
hep-th/0006074;hep-th/0006074;0;4;4
hep-th/0006075;hep-th/0006075;0;2;2
hep-th/9901025;hep-th/9901025;3;0;3
astro-ph/9407087;astro-ph/9407087;1;2;3
hep-th/0212039;hep-th/0212039;4;26;30
hep-th/9808029;hep-th/9808029;6;6;12
hep-th/0202203;hep-th/0202203;7;13;20
hep-th/0212033;hep-th/0212033;2;7;9
hep-th/0212030;hep-th/0212030;4;9;13
hep-th/0109073;hep-th/0109073;9;5;14
hep-th/0105313;hep-th/0105313;4;0;4
hep-th/0212036;hep-th/0212036;2;13;15
gr-qc/0109014;gr-qc/0109014;5;3;8
gr-qc/0109013;gr-qc/0109013;7;0;7
hep-th/0207025;hep-th/0207025;4;4;8
hep-th/0212034;hep-th/0212034;0;1;1
physics/0512254;physics/0512254;0;1;1
0712.0242;0712.0242;0;1;1
0901.2984;0901.2984;0;14;14
0909.4066;0909.4066;0;9;9
0802.0267;0802.0267;0;31;31
0809.1994;0809.1994;0;5;5
0907.2652;0907.2652;0;12;12
0903.0355;0903.0355;0;1;1
gr-qc/9911037;gr-qc/9911037;0;1;1
0801.3671;0801.3671;0;29;29
0804.0904;0804.0904;0;21;21
0806.3111;0806.3111;0;6;6
0901.1955;0901.1955;0;11;11
hep-th/0302022;hep-th/0302022;4;9;13
0806.3118;0806.3118;0;33;33
gr-qc/0609126;gr-qc/0609126;4;28;32
physics/0212025;physics/0212025;0;1;1
hep-ph/0201222;hep-ph/0201222;6;1;7
hep-th/0402127;hep-th/0402127;3;6;9
hep-th/0211237;hep-th/0211237;1;8;9
0812.2994;0812.2994;0;37;37
hep-th/0205122;hep-th/0205122;2;10;12
hep-th/0003168;hep-th/0003168;0;27;27
0811.1333;0811.1333;0;28;28
hep-th/9904042;hep-th/9904042;6;22;28
hep-th/0003165;hep-th/0003165;0;7;7
hep-th/9312159;hep-th/9312159;11;2;13
hep-th/9805058;hep-th/9805058;3;39;42
hep-th/9504115;hep-th/9504115;6;0;6
hep-th/9410184;hep-th/9410184;5;5;10
hep-th/9504114;hep-th/9504114;7;12;19
hep-th/0003164;hep-th/0003164;0;8;8
hep-th/9409029;hep-th/9409029;5;1;6
hep-th/0003167;hep-th/0003167;0;3;3
hep-th/9912046;hep-th/9912046;2;0;2
hep-th/0003149;hep-th/0003149;1;2;3
hep-th/9912034;hep-th/9912034;2;0;2
math-ph/0411038;math-ph/0411038;4;6;10
0808.1244;0808.1244;0;30;30
hep-th/0512327;hep-th/0512327;1;11;12
hep-th/0512324;hep-th/0512324;0;20;20
hep-th/0101132;hep-th/0101132;6;17;23
hep-th/0503002;hep-th/0503002;10;33;43
hep-th/0512328;hep-th/0512328;0;8;8
0912.1891;0912.1891;0;4;4
0710.2182;0710.2182;0;26;26
hep-ph/0207100;hep-ph/0207100;0;6;6
hep-th/0408053;hep-th/0408053;1;9;10
hep-th/9906060;hep-th/9906060;5;15;20
hep-th/9806019;hep-th/9806019;8;19;27
hep-th/0307231;hep-th/0307231;2;7;9
0803.0798;0803.0798;0;20;20
0902.0530;0902.0530;0;32;32
hep-lat/9608045;hep-lat/9608045;0;3;3
hep-th/9511197;hep-th/9511197;2;1;3
hep-th/9505002;hep-th/9505002;2;1;3
0807.5027;0807.5027;0;15;15
hep-th/0111065;hep-th/0111065;0;3;3
hep-th/9702131;hep-th/9702131;4;1;5
hep-th/9912201;hep-th/9912201;3;5;8
math/9912161;math/9912161;7;5;12
0903.5080;0903.5080;0;9;9
gr-qc/0504064;gr-qc/0504064;1;6;7
cond-mat/9911192;cond-mat/9911192;0;2;2
cond-mat/9902269;cond-mat/9902269;1;0;1
0908.3570;0908.3570;0;6;6
cond-mat/0606434;cond-mat/0606434;1;1;2
hep-th/9811177;hep-th/9811177;4;14;18
hep-th/0606043;hep-th/0606043;0;2;2
0707.0267;0707.0267;0;62;62
0907.1804;0907.1804;0;6;6
hep-th/0611236;hep-th/0611236;4;29;33
hep-th/9910064;hep-th/9910064;3;13;16
hep-ph/0403014;hep-ph/0403014;4;6;10
hep-th/0210273;hep-th/0210273;4;0;4
hep-ph/0403017;hep-ph/0403017;1;5;6
hep-ph/9907294;hep-ph/9907294;3;6;9
hep-ph/0302253;hep-ph/0302253;20;20;40
hep-th/0208030;hep-th/0208030;4;31;35
gr-qc/9302024;gr-qc/9302024;6;0;6
0901.0497;0901.0497;0;9;9
0903.0633;0903.0633;0;22;22
0710.4564;0710.4564;0;8;8
0904.3604;0904.3604;0;1;1
gr-qc/0405049;gr-qc/0405049;1;5;6
0904.3600;0904.3600;0;12;12
hep-ph/0201266;hep-ph/0201266;0;5;5
hep-ph/0101204;hep-ph/0101204;1;1;2
0707.1885;0707.1885;0;18;18
0903.3162;0903.3162;0;6;6
0901.4472;0901.4472;0;5;5
0912.2105;0912.2105;0;6;6
hep-th/0003179;hep-th/0003179;10;28;38
hep-th/0409017;hep-th/0409017;9;62;71
hep-th/0301029;hep-th/0301029;6;12;18
hep-th/0310029;hep-th/0310029;3;8;11
hep-th/9805074;hep-th/9805074;3;14;17
0803.1449;0803.1449;0;53;53
hep-th/0409016;hep-th/0409016;0;9;9
hep-th/0407001;hep-th/0407001;1;7;8
hep-th/0304161;hep-th/0304161;1;5;6
math/0111009;math/0111009;1;2;3
0909.3265;0909.3265;0;8;8
hep-th/0308158;hep-th/0308158;7;33;40
0901.3932;0901.3932;0;3;3
0704.1855;0704.1855;0;41;41
hep-th/0411196;hep-th/0411196;2;3;5
hep-th/0610034;hep-th/0610034;1;1;2
hep-th/0610039;hep-th/0610039;2;6;8
0909.3215;0909.3215;0;5;5
hep-th/0001093;hep-th/0001093;3;49;52
hep-ph/9412297;hep-ph/9412297;2;0;2
hep-th/0001091;hep-th/0001091;1;4;5
hep-th/9909042;hep-th/9909042;2;4;6
hep-th/0001090;hep-th/0001090;5;12;17
hep-th/9502084;hep-th/9502084;1;15;16
hep-th/9911077;hep-th/9911077;1;10;11
hep-th/0301086;hep-th/0301086;2;10;12
hep-th/9707095;hep-th/9707095;7;19;26
hep-lat/9711045;hep-lat/9711045;4;1;5
hep-lat/9701005;hep-lat/9701005;10;3;13
hep-lat/9803007;hep-lat/9803007;3;3;6
hep-th/0009226;hep-th/0009226;7;0;7
0803.1338;0803.1338;0;24;24
hep-th/0510267;hep-th/0510267;5;25;30
hep-th/0507291;hep-th/0507291;1;0;1
0707.3791;0707.3791;0;27;27
hep-th/0406138;hep-th/0406138;8;33;41
0801.1345;0801.1345;0;40;40
hep-ph/0510181;hep-ph/0510181;1;8;9
quant-ph/9909092;quant-ph/9909092;0;1;1
gr-qc/9701061;gr-qc/9701061;1;3;4
hep-th/0212005;hep-th/0212005;4;0;4
hep-th/9312140;hep-th/9312140;3;4;7
0901.0933;0901.0933;0;14;14
0901.0931;0901.0931;0;20;20
0901.0935;0901.0935;0;72;72
hep-th/0408108;hep-th/0408108;5;14;19
hep-th/0305115;hep-th/0305115;7;2;9
gr-qc/0606070;gr-qc/0606070;0;2;2
hep-th/0409046;hep-th/0409046;4;4;8
hep-th/0411193;hep-th/0411193;1;10;11
hep-th/0304240;hep-th/0304240;4;5;9
hep-th/0405218;hep-th/0405218;2;12;14
hep-th/0411043;hep-th/0411043;2;10;12
0711.3639;0711.3639;0;30;30
0712.0132;0712.0132;0;28;28
hep-ph/0009307;hep-ph/0009307;1;15;16
hep-ph/0006256;hep-ph/0006256;2;9;11
hep-ph/0003100;hep-ph/0003100;6;1;7
math-ph/0401046;math-ph/0401046;0;2;2
0912.3657;0912.3657;0;13;13
0911.0153;0911.0153;0;32;32
0707.3240;0707.3240;0;20;20
0810.1534;0810.1534;0;74;74
astro-ph/0301568;astro-ph/0301568;7;4;11
astro-ph/0610470;astro-ph/0610470;2;1;3
physics/0603112;physics/0603112;3;11;14
0810.1536;0810.1536;0;22;22
hep-th/0606035;hep-th/0606035;4;34;38
math/0209110;math/0209110;2;2;4
0711.2934;0711.2934;0;20;20
quant-ph/0606164;quant-ph/0606164;0;7;7
quant-ph/0511248;quant-ph/0511248;3;3;6
hep-ph/0303190;hep-ph/0303190;1;2;3
0903.1141;0903.1141;0;13;13
hep-th/9308006;hep-th/9308006;6;0;6
0806.4399;0806.4399;0;14;14
0705.0473;0705.0473;0;7;7
0912.5481;0912.5481;0;41;41
0912.5482;0912.5482;0;10;10
0911.0421;0911.0421;0;8;8
0803.3547;0803.3547;0;41;41
0903.0190;0903.0190;0;8;8
hep-th/0510128;hep-th/0510128;3;0;3
0803.0895;0803.0895;0;54;54
0812.1059;0812.1059;0;8;8
gr-qc/0605045;gr-qc/0605045;7;6;13
hep-th/0608010;hep-th/0608010;3;2;5
gr-qc/0610092;gr-qc/0610092;5;9;14
0903.5370;0903.5370;0;10;10
astro-ph/0503680;astro-ph/0503680;3;2;5
hep-th/0008218;hep-th/0008218;0;4;4
0812.1050;0812.1050;0;12;12
0708.3344;0708.3344;0;14;14
math-ph/0602028;math-ph/0602028;1;12;13
hep-th/0702177;hep-th/0702177;1;0;1
hep-ph/0211396;hep-ph/0211396;1;12;13
quant-ph/0603077;quant-ph/0603077;1;20;21
hep-th/0008219;hep-th/0008219;2;5;7
hep-th/9605007;hep-th/9605007;3;3;6
hep-th/9305121;hep-th/9305121;2;1;3
hep-th/0008216;hep-th/0008216;3;9;12
hep-ph/0007290;hep-ph/0007290;4;4;8
hep-th/0008217;hep-th/0008217;0;2;2
hep-th/0002019;hep-th/0002019;4;8;12
hep-th/9902090;hep-th/9902090;2;4;6
hep-th/9804067;hep-th/9804067;6;17;23
hep-th/0002017;hep-th/0002017;2;8;10
hep-th/9806048;hep-th/9806048;2;4;6
hep-th/0002014;hep-th/0002014;0;7;7
hep-th/9707067;hep-th/9707067;1;3;4
hep-th/9807170;hep-th/9807170;2;17;19
hep-th/0002013;hep-th/0002013;3;5;8
hep-th/9502106;hep-th/9502106;8;6;14
gr-qc/0412025;gr-qc/0412025;2;1;3
astro-ph/0503128;astro-ph/0503128;2;14;16
hep-th/0409013;hep-th/0409013;5;16;21
hep-th/9604100;hep-th/9604100;2;1;3
math/0402329;math/0402329;1;1;2
hep-th/0310090;hep-th/0310090;8;31;39
hep-th/9605047;hep-th/9605047;2;25;27
hep-th/9701020;hep-th/9701020;5;13;18
hep-th/0401231;hep-th/0401231;0;2;2
hep-th/0203062;hep-th/0203062;3;3;6
hep-th/9310147;hep-th/9310147;2;0;2
hep-th/0310180;hep-th/0310180;9;40;49
cond-mat/0309307;cond-mat/0309307;0;10;10
hep-th/0107122;hep-th/0107122;3;3;6
hep-ph/9408254;hep-ph/9408254;4;0;4
hep-th/9407051;hep-th/9407051;6;0;6
hep-th/0312034;hep-th/0312034;2;27;29
hep-th/0312038;hep-th/0312038;0;16;16
hep-th/9503130;hep-th/9503130;1;19;20
hep-th/0301239;hep-th/0301239;2;9;11
hep-th/0304152;hep-th/0304152;5;18;23
hep-th/0308090;hep-th/0308090;3;22;25
hep-th/0204095;hep-th/0204095;4;0;4
0807.2817;0807.2817;0;24;24
hep-th/0512161;hep-th/0512161;4;28;32
hep-th/0411036;hep-th/0411036;1;21;22
hep-th/0405065;hep-th/0405065;4;12;16
0805.1182;0805.1182;0;2;2
hep-th/9701024;hep-th/9701024;2;3;5
hep-th/9812102;hep-th/9812102;3;3;6
hep-th/0603005;hep-th/0603005;0;5;5
hep-th/0602201;hep-th/0602201;2;16;18
hep-ph/0611055;hep-ph/0611055;4;22;26
quant-ph/0001063;quant-ph/0001063;6;5;11
hep-th/0209110;hep-th/0209110;3;21;24
hep-th/0511231;hep-th/0511231;2;8;10
hep-th/0401134;hep-th/0401134;6;9;15
hep-th/0603007;hep-th/0603007;0;87;87
hep-th/0312206;hep-th/0312206;2;18;20
0905.1446;0905.1446;0;16;16
hep-th/9505028;hep-th/9505028;1;7;8
gr-qc/9402035;gr-qc/9402035;5;0;5
hep-th/9507148;hep-th/9507148;5;2;7
quant-ph/9509014;quant-ph/9509014;2;1;3
hep-th/9507147;hep-th/9507147;6;3;9
hep-th/9603121;hep-th/9603121;1;7;8
hep-th/0406047;hep-th/0406047;0;4;4
hep-th/9809110;hep-th/9809110;2;1;3
hep-th/9611128;hep-th/9611128;5;7;12
hep-th/9809115;hep-th/9809115;0;1;1
hep-th/9809114;hep-th/9809114;0;1;1
quant-ph/9708027;quant-ph/9708027;5;3;8
hep-ph/9407334;hep-ph/9407334;4;4;8
hep-th/9611121;hep-th/9611121;0;6;6
hep-th/9205030;hep-th/9205030;6;0;6
hep-th/9611120;hep-th/9611120;3;24;27
hep-th/9504005;hep-th/9504005;7;3;10
hep-th/9608023;hep-th/9608023;4;29;33
hep-th/9601027;hep-th/9601027;4;6;10
hep-th/9603035;hep-th/9603035;4;3;7
hep-th/9405070;hep-th/9405070;6;6;12
0901.2642;0901.2642;0;7;7
hep-th/0108081;hep-th/0108081;1;12;13
hep-th/0108082;hep-th/0108082;2;12;14
hep-th/0108083;hep-th/0108083;3;25;28
hep-th/0004163;hep-th/0004163;2;17;19
hep-th/9903206;hep-th/9903206;10;6;16
hep-th/9911214;hep-th/9911214;4;20;24
hep-th/0007129;hep-th/0007129;4;6;10
hep-th/9901140;hep-th/9901140;4;5;9
hep-th/0010226;hep-th/0010226;4;27;31
hep-th/0011174;hep-th/0011174;5;5;10
hep-th/0009124;hep-th/0009124;5;9;14
hep-th/0009125;hep-th/0009125;2;14;16
0803.3968;0803.3968;0;18;18
cond-mat/0010346;cond-mat/0010346;1;0;1
hep-th/9610227;hep-th/9610227;1;0;1
hep-th/9603019;hep-th/9603019;4;3;7
0712.0700;0712.0700;0;41;41
hep-th/0602172;hep-th/0602172;3;20;23
hep-th/0204235;hep-th/0204235;7;11;18
hep-th/9703185;hep-th/9703185;1;2;3
0810.3687;0810.3687;0;4;4
quant-ph/0509034;quant-ph/0509034;7;9;16
0810.3707;0810.3707;0;2;2
gr-qc/0606116;gr-qc/0606116;0;2;2
hep-th/9701049;hep-th/9701049;4;0;4
0901.2641;0901.2641;0;8;8
hep-ph/0303055;hep-ph/0303055;4;0;4
hep-th/0504029;hep-th/0504029;8;15;23
hep-th/9510113;hep-th/9510113;0;2;2
hep-th/9510115;hep-th/9510115;4;14;18
hep-th/9507035;hep-th/9507035;4;13;17
hep-th/9510118;hep-th/9510118;0;6;6
hep-lat/0211033;hep-lat/0211033;4;9;13
hep-th/0004012;hep-th/0004012;4;16;20
hep-lat/0211005;hep-lat/0211005;6;12;18
0801.3251;0801.3251;0;28;28
gr-qc/0010086;gr-qc/0010086;2;13;15
hep-th/9601173;hep-th/9601173;1;9;10
hep-th/9601172;hep-th/9601172;1;2;3
hep-th/9512120;hep-th/9512120;5;0;5
0710.3544;0710.3544;0;4;4
hep-th/0512241;hep-th/0512241;5;17;22
0907.1252;0907.1252;0;18;18
hep-th/9503231;hep-th/9503231;1;13;14
hep-th/9503189;hep-th/9503189;1;0;1
hep-th/9311029;hep-th/9311029;3;0;3
hep-th/0109076;hep-th/0109076;9;37;46
gr-qc/0112076;gr-qc/0112076;0;2;2
hep-th/0208131;hep-th/0208131;2;5;7
hep-ph/0206054;hep-ph/0206054;3;7;10
cond-mat/0207060;cond-mat/0207060;0;2;2
cond-mat/0002038;cond-mat/0002038;4;9;13
0901.2647;0901.2647;0;2;2
0712.0918;0712.0918;0;11;11
0806.1465;0806.1465;0;13;13
0906.0064;0906.0064;0;15;15
hep-th/9703042;hep-th/9703042;8;0;8
0904.2537;0904.2537;0;14;14
hep-ph/9912499;hep-ph/9912499;6;17;23
hep-th/9508098;hep-th/9508098;1;3;4
hep-th/9312066;hep-th/9312066;1;3;4
hep-th/9508092;hep-th/9508092;1;10;11
hep-ph/0310124;hep-ph/0310124;0;8;8
0910.3320;0910.3320;0;1;1
quant-ph/0407222;quant-ph/0407222;0;2;2
0805.2764;0805.2764;0;24;24
0805.2763;0805.2763;0;25;25
0910.3845;0910.3845;0;3;3
hep-ph/0203062;hep-ph/0203062;3;9;12
0905.2844;0905.2844;0;30;30
hep-th/9310006;hep-th/9310006;1;3;4
hep-th/9212005;hep-th/9212005;7;3;10
hep-ph/9510387;hep-ph/9510387;4;2;6
hep-th/9903108;hep-th/9903108;0;24;24
hep-th/9808046;hep-th/9808046;2;13;15
0906.1864;0906.1864;0;5;5
hep-th/0402227;hep-th/0402227;3;6;9
hep-th/9602119;hep-th/9602119;12;8;20
hep-th/9604040;hep-th/9604040;3;15;18
hep-th/9507126;hep-th/9507126;2;8;10
hep-th/9408052;hep-th/9408052;1;0;1
hep-th/9302054;hep-th/9302054;0;1;1
hep-th/9209039;hep-th/9209039;1;0;1
0902.2941;0902.2941;0;20;20
0812.3362;0812.3362;0;22;22
hep-ph/0606087;hep-ph/0606087;4;23;27
0812.3364;0812.3364;0;9;9
0710.3585;0710.3585;0;16;16
hep-th/9411237;hep-th/9411237;1;3;4
hep-th/9308085;hep-th/9308085;4;0;4
hep-th/9411236;hep-th/9411236;2;1;3
hep-th/9312128;hep-th/9312128;2;0;2
0805.4378;0805.4378;0;56;56
0802.2638;0802.2638;0;33;33
hep-th/0403101;hep-th/0403101;2;23;25
hep-th/0403100;hep-th/0403100;6;23;29
hep-th/0312157;hep-th/0312157;3;0;3
hep-th/0407116;hep-th/0407116;4;36;40
hep-th/0411120;hep-th/0411120;1;48;49
0911.4726;0911.4726;0;23;23
gr-qc/0405129;gr-qc/0405129;3;5;8
gr-qc/0403030;gr-qc/0403030;11;14;25
gr-qc/9907096;gr-qc/9907096;3;0;3
0710.4334;0710.4334;0;17;17
astro-ph/0511557;astro-ph/0511557;2;53;55
0705.3828;0705.3828;0;14;14
nucl-th/0511020;nucl-th/0511020;2;4;6
hep-ph/0206146;hep-ph/0206146;5;1;6
gr-qc/0503094;gr-qc/0503094;1;23;24
gr-qc/0503097;gr-qc/0503097;2;1;3
hep-th/0508221;hep-th/0508221;2;2;4
hep-th/0508222;hep-th/0508222;1;35;36
gr-qc/0507015;gr-qc/0507015;1;27;28
hep-th/0504015;hep-th/0504015;5;39;44
quant-ph/0401150;quant-ph/0401150;1;6;7
hep-th/0501083;hep-th/0501083;6;9;15
hep-th/0303038;hep-th/0303038;0;1;1
hep-th/0104053;hep-th/0104053;2;0;2
gr-qc/9803062;gr-qc/9803062;1;4;5
hep-th/9709082;hep-th/9709082;8;5;13
hep-th/9602145;hep-th/9602145;6;28;34
cond-mat/9806190;cond-mat/9806190;2;3;5
hep-th/0610066;hep-th/0610066;0;15;15
hep-th/0512265;hep-th/0512265;8;11;19
0807.3471;0807.3471;0;12;12
0801.2661;0801.2661;0;23;23
math-ph/0612018;math-ph/0612018;2;3;5
0804.0314;0804.0314;0;15;15
hep-th/9210002;hep-th/9210002;7;0;7
hep-th/0502015;hep-th/0502015;5;36;41
hep-th/0701167;hep-th/0701167;5;55;60
gr-qc/0202080;gr-qc/0202080;4;3;7
cond-mat/9810271;cond-mat/9810271;3;7;10
0712.4116;0712.4116;0;13;13
hep-th/9807228;hep-th/9807228;0;3;3
0712.4112;0712.4112;0;35;35
0712.4111;0712.4111;0;11;11
hep-ph/0703086;hep-ph/0703086;6;19;25
hep-th/0501064;hep-th/0501064;0;2;2
hep-th/9611208;hep-th/9611208;5;1;6
hep-th/9502094;hep-th/9502094;8;6;14
hep-th/9807222;hep-th/9807222;5;20;25
hep-th/9803139;hep-th/9803139;14;16;30
hep-th/9807220;hep-th/9807220;0;5;5
hep-th/9306116;hep-th/9306116;3;0;3
0709.3619;0709.3619;0;45;45
0911.3345;0911.3345;0;1;1
hep-th/9304125;hep-th/9304125;16;7;23
math-ph/0511062;math-ph/0511062;0;7;7
math-ph/0310028;math-ph/0310028;4;10;14
0710.1338;0710.1338;0;26;26
math-ph/9912014;math-ph/9912014;2;19;21
cond-mat/9903112;cond-mat/9903112;3;5;8
math-ph/9911010;math-ph/9911010;3;11;14
hep-th/9410070;hep-th/9410070;3;0;3
hep-th/0012137;hep-th/0012137;11;59;70
hep-th/0004151;hep-th/0004151;13;15;28
hep-th/0012130;hep-th/0012130;0;14;14
cond-mat/9703062;cond-mat/9703062;5;1;6
cond-mat/9806103;cond-mat/9806103;5;5;10
hep-ph/0006248;hep-ph/0006248;4;7;11
hep-th/0109047;hep-th/0109047;1;4;5
hep-th/0307118;hep-th/0307118;1;4;5
0708.2799;0708.2799;0;27;27
hep-th/0010110;hep-th/0010110;4;22;26
hep-th/0403265;hep-th/0403265;1;43;44
math-ph/0205006;math-ph/0205006;3;11;14
hep-th/9905129;hep-th/9905129;1;0;1
hep-th/0503095;hep-th/0503095;5;8;13
0801.2885;0801.2885;0;30;30
hep-th/0612244;hep-th/0612244;5;28;33
0804.2121;0804.2121;0;67;67
0903.2355;0903.2355;0;40;40
hep-th/9810118;hep-th/9810118;1;0;1
0804.1096;0804.1096;0;17;17
0812.2576;0812.2576;0;5;5
gr-qc/0606025;gr-qc/0606025;3;3;6
0902.4526;0902.4526;0;28;28
0704.2960;0704.2960;0;21;21
hep-th/0612042;hep-th/0612042;2;32;34
hep-th/0512176;hep-th/0512176;4;10;14
0803.1277;0803.1277;0;22;22
0801.1667;0801.1667;0;25;25
0801.1666;0801.1666;0;21;21
hep-th/0511025;hep-th/0511025;13;56;69
0908.1876;0908.1876;0;8;8
gr-qc/0508035;gr-qc/0508035;0;1;1
hep-th/0311256;hep-th/0311256;6;1;7
hep-th/0410008;hep-th/0410008;2;8;10
hep-th/0002144;hep-th/0002144;1;3;4
0801.1661;0801.1661;0;18;18
hep-th/9701099;hep-th/9701099;6;16;22
gr-qc/9702027;gr-qc/9702027;2;0;2
math-ph/0202045;math-ph/0202045;3;12;15
math-ph/9810010;math-ph/9810010;1;0;1
cond-mat/9705044;cond-mat/9705044;9;0;9
math-ph/0202046;math-ph/0202046;1;1;2
quant-ph/9906022;quant-ph/9906022;2;0;2
0912.5457;0912.5457;0;7;7
0707.4179;0707.4179;0;20;20
hep-ph/0312002;hep-ph/0312002;2;56;58
hep-th/0311009;hep-th/0311009;0;2;2
hep-th/0112250;hep-th/0112250;1;3;4
cond-mat/0601077;cond-mat/0601077;1;2;3
math-ph/0210010;math-ph/0210010;7;6;13
hep-th/0205215;hep-th/0205215;8;18;26
hep-ph/9504296;hep-ph/9504296;5;1;6
hep-ph/9804308;hep-ph/9804308;1;4;5
hep-th/0311006;hep-th/0311006;3;17;20
hep-th/0112224;hep-th/0112224;8;10;18
hep-th/0107065;hep-th/0107065;4;24;28
hep-th/0311007;hep-th/0311007;0;3;3
math/0006179;math/0006179;1;3;4
0710.4876;0710.4876;0;13;13
0710.4877;0710.4877;0;23;23
0910.3025;0910.3025;0;7;7
0912.5451;0912.5451;0;10;10
0906.1313;0906.1313;0;28;28
hep-th/0101128;hep-th/0101128;1;9;10
hep-th/9611144;hep-th/9611144;7;4;11
hep-th/0511119;hep-th/0511119;2;83;85
hep-th/0603054;hep-th/0603054;3;30;33
0704.3220;0704.3220;0;33;33
quant-ph/0702236;quant-ph/0702236;1;4;5
math-ph/9909025;math-ph/9909025;2;8;10
hep-th/9501043;hep-th/9501043;11;4;15
hep-th/9706102;hep-th/9706102;6;0;6
0901.4044;0901.4044;0;28;28
math-ph/0204054;math-ph/0204054;0;1;1
hep-th/0305100;hep-th/0305100;0;8;8
hep-th/9211122;hep-th/9211122;1;0;1
hep-th/9704111;hep-th/9704111;7;16;23
gr-qc/0602081;gr-qc/0602081;1;8;9
gr-qc/0702065;gr-qc/0702065;1;17;18
hep-th/9501101;hep-th/9501101;26;9;35
quant-ph/9611051;quant-ph/9611051;0;1;1
dg-ga/9603009;dg-ga/9603009;1;0;1
0810.4354;0810.4354;0;20;20
0812.1318;0812.1318;0;10;10
hep-th/9807144;hep-th/9807144;3;2;5
0705.2234;0705.2234;0;32;32
0802.0479;0802.0479;0;27;27
hep-th/9406095;hep-th/9406095;12;3;15
0806.3762;0806.3762;0;10;10
0707.2613;0707.2613;0;5;5
quant-ph/0608179;quant-ph/0608179;3;11;14
0809.3367;0809.3367;0;5;5
hep-th/0703124;hep-th/0703124;2;5;7
hep-th/9402140;hep-th/9402140;0;1;1
0706.3605;0706.3605;0;22;22
0709.4482;0709.4482;0;35;35
0705.2233;0705.2233;0;23;23
0908.2425;0908.2425;0;10;10
0804.3598;0804.3598;0;8;8
0906.2849;0906.2849;0;22;22
hep-th/0509186;hep-th/0509186;5;8;13
hep-th/0605127;hep-th/0605127;6;57;63
hep-th/0602013;hep-th/0602013;4;46;50
hep-th/0310016;hep-th/0310016;5;7;12
math-ph/0306032;math-ph/0306032;2;5;7
hep-th/0205175;hep-th/0205175;4;20;24
hep-th/9810100;hep-th/9810100;3;8;11
physics/9807044;physics/9807044;0;1;1
0906.3714;0906.3714;0;15;15
0906.3711;0906.3711;0;33;33
hep-th/0201089;hep-th/0201089;11;15;26
hep-th/9711077;hep-th/9711077;5;24;29
hep-th/9511178;hep-th/9511178;1;33;34
hep-th/9702189;hep-th/9702189;1;30;31
math/0110257;math/0110257;3;5;8
hep-th/0203030;hep-th/0203030;7;31;38
hep-th/0105266;hep-th/0105266;4;5;9
hep-th/9712020;hep-th/9712020;5;54;59
hep-th/9905142;hep-th/9905142;1;21;22
hep-th/0611308;hep-th/0611308;7;25;32
hep-th/0608119;hep-th/0608119;12;11;23
hep-th/0608145;hep-th/0608145;15;21;36
hep-th/0505263;hep-th/0505263;1;5;6
hep-th/0204014;hep-th/0204014;7;9;16
hep-th/0005150;hep-th/0005150;4;1;5
hep-th/0006157;hep-th/0006157;3;4;7
hep-th/9804070;hep-th/9804070;11;5;16
hep-th/9704159;hep-th/9704159;3;6;9
hep-th/9401060;hep-th/9401060;4;0;4
hep-th/0304182;hep-th/0304182;2;7;9
hep-ph/9406426;hep-ph/9406426;7;2;9
hep-ph/0004195;hep-ph/0004195;4;9;13
hep-th/9810065;hep-th/9810065;7;4;11
hep-th/9704152;hep-th/9704152;1;8;9
hep-th/9306099;hep-th/9306099;1;0;1
cond-mat/9611014;cond-mat/9611014;2;0;2
cond-mat/9701020;cond-mat/9701020;1;0;1
hep-th/9704155;hep-th/9704155;2;2;4
hep-th/9407093;hep-th/9407093;2;0;2
math-ph/0301037;math-ph/0301037;3;1;4
0910.3007;0910.3007;0;15;15
0809.0562;0809.0562;0;17;17
0909.4408;0909.4408;0;17;17
hep-th/0401130;hep-th/0401130;1;3;4
gr-qc/0601074;gr-qc/0601074;3;14;17
0809.0567;0809.0567;0;10;10
hep-th/0607040;hep-th/0607040;1;15;16
0909.4706;0909.4706;0;1;1
0809.0564;0809.0564;0;13;13
0804.3718;0804.3718;0;1;1
hep-lat/0407040;hep-lat/0407040;1;7;8
gr-qc/0603028;gr-qc/0603028;1;1;2
math/0504192;math/0504192;2;1;3
0910.5464;0910.5464;0;7;7
gr-qc/0603023;gr-qc/0603023;2;2;4
0706.4378;0706.4378;0;24;24
hep-th/0509181;hep-th/0509181;1;7;8
nlin/0305031;nlin/0305031;1;6;7
hep-th/9307007;hep-th/9307007;5;5;10
hep-th/9702013;hep-th/9702013;1;4;5
gr-qc/0302058;gr-qc/0302058;3;8;11
0711.1975;0711.1975;0;28;28
hep-ph/0511105;hep-ph/0511105;0;8;8
hep-ph/0510003;hep-ph/0510003;1;7;8
hep-ph/0411301;hep-ph/0411301;3;18;21
cond-mat/0310353;cond-mat/0310353;0;12;12
cond-mat/0210040;cond-mat/0210040;8;1;9
cond-mat/0008186;cond-mat/0008186;1;0;1
0908.2301;0908.2301;0;36;36
hep-th/9812131;hep-th/9812131;4;3;7
hep-th/9812134;hep-th/9812134;0;9;9
hep-th/9812137;hep-th/9812137;1;7;8
hep-th/9712079;hep-th/9712079;4;13;17
hep-th/9812138;hep-th/9812138;4;2;6
0908.2302;0908.2302;0;30;30
0908.2809;0908.2809;0;45;45
hep-lat/0403013;hep-lat/0403013;2;10;12
hep-lat/0212004;hep-lat/0212004;3;5;8
hep-th/0104192;hep-th/0104192;4;10;14
0904.0215;0904.0215;0;30;30
0912.0399;0912.0399;0;3;3
gr-qc/9703061;gr-qc/9703061;5;3;8
0908.4132;0908.4132;0;8;8
0707.1317;0707.1317;1;105;106
hep-th/0605110;hep-th/0605110;6;18;24
hep-th/0505103;hep-th/0505103;4;17;21
hep-th/0312048;hep-th/0312048;9;21;30
0806.2873;0806.2873;0;7;7
hep-th/9310192;hep-th/9310192;4;0;4
hep-th/9609182;hep-th/9609182;3;10;13
0806.2874;0806.2874;0;13;13
0809.1210;0809.1210;0;18;18
hep-th/0206085;hep-th/0206085;12;19;31
0708.0157;0708.0157;0;84;84
hep-th/0612108;hep-th/0612108;2;47;49
hep-th/0407170;hep-th/0407170;1;6;7
hep-th/0401207;hep-th/0401207;1;52;53
hep-th/0404202;hep-th/0404202;6;26;32
math/0703164;math/0703164;1;0;1
hep-th/0407072;hep-th/0407072;0;9;9
0706.1479;0706.1479;0;27;27
hep-lat/0305016;hep-lat/0305016;6;10;16
hep-lat/0203013;hep-lat/0203013;10;11;21
hep-lat/0402027;hep-lat/0402027;7;9;16
0706.1473;0706.1473;0;1;1
nlin/0412018;nlin/0412018;1;0;1
hep-th/9803241;hep-th/9803241;0;4;4
hep-th/9803240;hep-th/9803240;1;21;22
hep-th/9606014;hep-th/9606014;3;0;3
hep-th/9803245;hep-th/9803245;1;4;5
hep-th/9803247;hep-th/9803247;10;13;23
hep-th/9803246;hep-th/9803246;1;2;3
hep-th/9610231;hep-th/9610231;1;7;8
hep-th/9803248;hep-th/9803248;4;5;9
hep-th/9610104;hep-th/9610104;8;9;17
0801.4526;0801.4526;0;10;10
hep-th/9910048;hep-th/9910048;8;22;30
gr-qc/0409058;gr-qc/0409058;3;0;3
gr-qc/9602014;gr-qc/9602014;6;3;9
hep-th/0104243;hep-th/0104243;3;23;26
hep-th/9903138;hep-th/9903138;4;10;14
hep-th/9910044;hep-th/9910044;0;3;3
hep-th/9602100;hep-th/9602100;2;1;3
hep-th/9411090;hep-th/9411090;5;0;5
hep-th/9505001;hep-th/9505001;2;1;3
nlin/0504060;nlin/0504060;2;9;11
cond-mat/0206521;cond-mat/0206521;6;9;15
hep-th/0308118;hep-th/0308118;8;4;12
nlin/0110038;nlin/0110038;6;8;14
hep-th/0507149;hep-th/0507149;5;8;13
hep-lat/0207007;hep-lat/0207007;3;18;21
hep-lat/0105017;hep-lat/0105017;3;0;3
0807.4426;0807.4426;0;7;7
hep-th/0308035;hep-th/0308035;10;3;13
hep-lat/0210013;hep-lat/0210013;3;44;47
hep-th/0501236;hep-th/0501236;11;15;26
hep-th/0206177;hep-th/0206177;0;1;1
hep-th/9311122;hep-th/9311122;6;10;16
hep-th/0206174;hep-th/0206174;1;15;16
hep-th/9903251;hep-th/9903251;1;11;12
hep-th/0202178;hep-th/0202178;5;24;29
hep-th/9810171;hep-th/9810171;8;0;8
hep-th/9903208;hep-th/9903208;8;21;29
hep-th/0102158;hep-th/0102158;7;26;33
hep-th/0005285;hep-th/0005285;7;12;19
hep-th/9805188;hep-th/9805188;10;14;24
hep-th/9207115;hep-th/9207115;1;1;2
hep-th/9202076;hep-th/9202076;6;0;6
hep-th/9303129;hep-th/9303129;4;3;7
hep-th/9112057;hep-th/9112057;3;0;3
hep-th/9408057;hep-th/9408057;1;0;1
0712.2808;0712.2808;0;20;20
hep-th/0502057;hep-th/0502057;11;47;58
hep-th/0412164;hep-th/0412164;4;28;32
hep-ph/0001333;hep-ph/0001333;5;6;11
hep-ph/9801280;hep-ph/9801280;3;0;3
0907.5144;0907.5144;0;35;35
gr-qc/0702110;gr-qc/0702110;10;24;34
hep-ph/0612185;hep-ph/0612185;0;41;41
hep-ph/0609064;hep-ph/0609064;4;20;24
hep-ph/0611196;hep-ph/0611196;2;35;37
hep-th/0212178;hep-th/0212178;0;10;10
hep-th/0209001;hep-th/0209001;3;5;8
hep-th/0210144;hep-th/0210144;5;4;9
hep-th/0211204;hep-th/0211204;4;18;22
hep-th/0212139;hep-th/0212139;14;17;31
hep-th/0209243;hep-th/0209243;5;0;5
hep-th/0209040;hep-th/0209040;6;6;12
hep-th/0002155;hep-th/0002155;9;27;36
hep-th/9207110;hep-th/9207110;4;1;5
hep-th/0212172;hep-th/0212172;1;20;21
hep-th/0212171;hep-th/0212171;5;6;11
hep-ph/9601227;hep-ph/9601227;5;5;10
hep-th/9806212;hep-th/9806212;1;17;18
0909.0919;0909.0919;0;16;16
quant-ph/9810095;quant-ph/9810095;1;1;2
quant-ph/9707048;quant-ph/9707048;4;0;4
hep-th/9602116;hep-th/9602116;2;4;6
gr-qc/9411062;gr-qc/9411062;6;1;7
hep-th/9508167;hep-th/9508167;2;3;5
hep-th/0103150;hep-th/0103150;7;15;22
0811.1989;0811.1989;0;20;20
hep-th/0304043;hep-th/0304043;13;3;16
hep-th/0410286;hep-th/0410286;14;13;27
0904.0362;0904.0362;0;2;2
0904.0367;0904.0367;0;40;40
0706.2929;0706.2929;0;4;4
math-ph/0206022;math-ph/0206022;1;3;4
math-ph/0206021;math-ph/0206021;0;56;56
cond-mat/9510074;cond-mat/9510074;2;1;3
hep-th/9411038;hep-th/9411038;1;6;7
gr-qc/9304025;gr-qc/9304025;7;3;10
hep-th/0009230;hep-th/0009230;8;6;14
solv-int/9701011;solv-int/9701011;1;0;1
hep-th/9310100;hep-th/9310100;3;0;3
q-alg/9612032;q-alg/9612032;4;0;4
hep-th/9310158;hep-th/9310158;10;4;14
q-alg/9508001;q-alg/9508001;1;0;1
hep-th/9608049;hep-th/9608049;2;11;13
math-ph/0212070;math-ph/0212070;4;5;9
0707.0757;0707.0757;0;5;5
hep-th/0612105;hep-th/0612105;2;17;19
0904.4187;0904.4187;0;10;10
hep-th/0203044;hep-th/0203044;1;4;5
hep-th/0203046;hep-th/0203046;1;26;27
hep-th/9805132;hep-th/9805132;10;4;14
hep-th/9911142;hep-th/9911142;6;2;8
hep-th/9503053;hep-th/9503053;5;3;8
hep-th/9703162;hep-th/9703162;2;5;7
hep-th/0002116;hep-th/0002116;6;68;74
hep-th/0002153;hep-th/0002153;2;3;5
hep-th/9706085;hep-th/9706085;1;0;1
hep-th/9707096;hep-th/9707096;1;0;1
hep-th/0002150;hep-th/0002150;3;30;33
hep-th/9410015;hep-th/9410015;3;5;8
hep-th/9511220;hep-th/9511220;4;0;4
hep-th/9508009;hep-th/9508009;3;5;8
hep-th/9702127;hep-th/9702127;1;16;17
hep-th/9601047;hep-th/9601047;8;0;8
hep-th/9605021;hep-th/9605021;4;3;7
hep-th/9607008;hep-th/9607008;1;5;6
hep-th/9506008;hep-th/9506008;7;4;11
hep-th/9605055;hep-th/9605055;2;4;6
hep-th/9506179;hep-th/9506179;12;1;13
hep-th/9509059;hep-th/9509059;11;3;14
hep-th/9509058;hep-th/9509058;3;4;7
hep-th/9702124;hep-th/9702124;0;2;2
hep-ph/9605277;hep-ph/9605277;4;5;9
hep-th/9702052;hep-th/9702052;7;0;7
hep-th/9612171;hep-th/9612171;3;22;25
0904.4182;0904.4182;0;46;46
hep-ph/0411164;hep-ph/0411164;2;27;29
hep-th/9702128;hep-th/9702128;0;3;3
hep-th/9906222;hep-th/9906222;4;33;37
0902.2417;0902.2417;0;6;6
hep-th/0608017;hep-th/0608017;4;71;75
0802.0655;0802.0655;0;37;37
gr-qc/0703029;gr-qc/0703029;2;16;18
hep-th/0605128;hep-th/0605128;7;30;37
hep-th/9804071;hep-th/9804071;13;0;13
hep-th/9804072;hep-th/9804072;10;6;16
hep-th/9508082;hep-th/9508082;12;7;19
hep-th/9608192;hep-th/9608192;5;1;6
0806.2466;0806.2466;0;25;25
0802.2218;0802.2218;0;65;65
0911.5560;0911.5560;0;5;5
math-ph/0303049;math-ph/0303049;0;3;3
0910.2387;0910.2387;0;21;21
cond-mat/0108217;cond-mat/0108217;3;2;5
hep-ph/9809509;hep-ph/9809509;2;0;2
0709.3421;0709.3421;0;60;60
0906.0848;0906.0848;0;6;6
hep-th/0306239;hep-th/0306239;1;13;14
hep-th/9601153;hep-th/9601153;6;4;10
0802.4379;0802.4379;0;56;56
hep-th/9208080;hep-th/9208080;3;11;14
0903.0262;0903.0262;0;8;8
hep-th/0412213;hep-th/0412213;4;1;5
hep-th/9412227;hep-th/9412227;2;7;9
0710.4533;0710.4533;0;9;9
0903.0264;0903.0264;0;4;4
0808.3645;0808.3645;0;20;20
hep-ph/0111298;hep-ph/0111298;5;14;19
hep-th/9810189;hep-th/9810189;2;9;11
hep-th/9208075;hep-th/9208075;7;0;7
hep-th/9802188;hep-th/9802188;3;5;8
hep-th/9810184;hep-th/9810184;4;4;8
cond-mat/9712019;cond-mat/9712019;2;0;2
hep-th/9210061;hep-th/9210061;6;1;7
0812.4251;0812.4251;0;13;13
hep-th/9501011;hep-th/9501011;0;7;7
hep-th/9411131;hep-th/9411131;2;12;14
hep-th/9211016;hep-th/9211016;6;0;6
hep-th/9311083;hep-th/9311083;3;1;4
hep-th/9212004;hep-th/9212004;3;5;8
hep-th/9411005;hep-th/9411005;4;4;8
hep-th/9110027;hep-th/9110027;6;0;6
hep-th/9307017;hep-th/9307017;1;4;5
hep-th/9404032;hep-th/9404032;3;0;3
0909.4081;0909.4081;0;44;44
gr-qc/0404051;gr-qc/0404051;0;8;8
gr-qc/0206018;gr-qc/0206018;6;8;14
gr-qc/0309022;gr-qc/0309022;1;6;7
0907.2149;0907.2149;0;21;21
math-ph/0611085;math-ph/0611085;2;9;11
hep-ph/0308090;hep-ph/0308090;1;0;1
quant-ph/0403210;quant-ph/0403210;1;1;2
quant-ph/0403208;quant-ph/0403208;1;1;2
0909.0697;0909.0697;0;14;14
hep-th/0204180;hep-th/0204180;2;11;13
hep-th/9910089;hep-th/9910089;6;27;33
hep-th/0204182;hep-th/0204182;1;27;28
hep-th/9809182;hep-th/9809182;7;6;13
hep-th/0201018;hep-th/0201018;4;13;17
hep-th/0202088;hep-th/0202088;2;0;2
hep-th/9806234;hep-th/9806234;5;6;11
hep-th/9911255;hep-th/9911255;8;18;26
hep-th/0010130;hep-th/0010130;4;7;11
hep-ph/9808477;hep-ph/9808477;1;6;7
hep-th/0110262;hep-th/0110262;3;20;23
hep-th/0611008;hep-th/0611008;1;12;13
hep-th/0506121;hep-th/0506121;2;14;16
hep-th/9804127;hep-th/9804127;0;2;2
hep-th/9804090;hep-th/9804090;1;2;3
hep-th/9804129;hep-th/9804129;5;31;36
hep-th/9804128;hep-th/9804128;3;4;7
hep-th/9804091;hep-th/9804091;8;1;9
0709.1603;0709.1603;0;2;2
0809.5180;0809.5180;0;27;27
hep-th/0401001;hep-th/0401001;6;5;11
0711.0117;0711.0117;0;7;7
hep-th/9705103;hep-th/9705103;8;8;16
hep-lat/9212005;hep-lat/9212005;3;4;7
hep-lat/9305020;hep-lat/9305020;17;7;24
hep-th/9701129;hep-th/9701129;5;25;30
hep-th/9705109;hep-th/9705109;0;6;6
hep-th/0601038;hep-th/0601038;1;18;19
quant-ph/0504143;quant-ph/0504143;4;3;7
hep-th/0210041;hep-th/0210041;6;20;26
0904.3073;0904.3073;0;21;21
hep-th/0702009;hep-th/0702009;1;0;1
0902.2760;0902.2760;0;12;12
0712.4113;0712.4113;0;7;7
0706.0086;0706.0086;0;21;21
0907.5104;0907.5104;0;3;3
astro-ph/0604287;astro-ph/0604287;1;3;4
hep-th/0503001;hep-th/0503001;4;32;36
math-ph/0508009;math-ph/0508009;0;3;3
hep-th/0110220;hep-th/0110220;4;8;12
math-ph/0405025;math-ph/0405025;6;1;7
math-ph/0208042;math-ph/0208042;2;2;4
hep-lat/0107022;hep-lat/0107022;3;8;11
hep-lat/0004011;hep-lat/0004011;1;3;4
gr-qc/9911022;gr-qc/9911022;4;1;5
math-ph/0606066;math-ph/0606066;0;2;2
hep-th/9812212;hep-th/9812212;7;10;17
hep-th/9809154;hep-th/9809154;2;5;7
hep-th/9812217;hep-th/9812217;2;4;6
hep-th/9112016;hep-th/9112016;3;0;3
hep-th/9212114;hep-th/9212114;0;8;8
hep-th/9109018;hep-th/9109018;7;0;7
hep-th/9112017;hep-th/9112017;2;0;2
hep-th/9212118;hep-th/9212118;0;1;1
0904.4864;0904.4864;0;5;5
quant-ph/9811051;quant-ph/9811051;2;0;2
gr-qc/0205093;gr-qc/0205093;5;0;5
gr-qc/0109064;gr-qc/0109064;6;1;7
0709.4414;0709.4414;0;56;56
hep-th/0101084;hep-th/0101084;6;14;20
hep-th/0012061;hep-th/0012061;8;28;36
hep-th/0108181;hep-th/0108181;6;15;21
0707.1079;0707.1079;0;41;41
0707.1077;0707.1077;0;3;3
gr-qc/0610047;gr-qc/0610047;6;5;11
hep-th/0309192;hep-th/0309192;8;22;30
hep-th/9809011;hep-th/9809011;1;0;1
hep-th/9705085;hep-th/9705085;2;5;7
hep-th/0108230;hep-th/0108230;2;25;27
0805.1950;0805.1950;0;19;19
gr-qc/0405010;gr-qc/0405010;3;5;8
gr-qc/0405007;gr-qc/0405007;3;13;16
gr-qc/0405011;gr-qc/0405011;3;5;8
gr-qc/0405017;gr-qc/0405017;2;2;4
0806.4039;0806.4039;0;1;1
0806.4030;0806.4030;0;5;5
0907.2140;0907.2140;0;17;17
0711.4263;0711.4263;0;15;15
0712.4277;0712.4277;0;23;23
0909.3924;0909.3924;0;33;33
gr-qc/9408005;gr-qc/9408005;1;9;10
gr-qc/9404057;gr-qc/9404057;5;5;10
gr-qc/9404025;gr-qc/9404025;2;3;5
hep-th/9312014;hep-th/9312014;5;1;6
0911.2417;0911.2417;0;22;22
cond-mat/0611746;cond-mat/0611746;0;5;5
cond-mat/0606721;cond-mat/0606721;1;0;1
0811.3934;0811.3934;0;15;15
0902.0071;0902.0071;0;2;2
0904.1914;0904.1914;0;17;17
0902.0078;0902.0078;0;11;11
hep-th/0607234;hep-th/0607234;5;6;11
0806.3039;0806.3039;0;28;28
0801.0200;0801.0200;0;11;11
math/9911217;math/9911217;0;4;4
hep-th/9802048;hep-th/9802048;1;14;15
0711.4193;0711.4193;0;6;6
0912.0718;0912.0718;0;3;3
0711.4191;0711.4191;0;15;15
hep-ph/0410016;hep-ph/0410016;1;7;8
0901.2258;0901.2258;0;29;29
0811.2081;0811.2081;0;25;25
0901.2252;0901.2252;0;3;3
0704.2298;0704.2298;0;8;8
0811.2088;0811.2088;0;24;24
0810.3044;0810.3044;0;5;5
0810.3041;0810.3041;0;14;14
0811.1571;0811.1571;0;6;6
hep-ph/0401103;hep-ph/0401103;2;0;2
hep-ph/9612288;hep-ph/9612288;2;0;2
hep-th/9612037;hep-th/9612037;6;1;7
hep-th/9612038;hep-th/9612038;3;0;3
math/0203189;math/0203189;0;3;3
hep-ph/9703423;hep-ph/9703423;0;2;2
0909.4947;0909.4947;0;26;26
hep-th/9602079;hep-th/9602079;0;9;9
hep-th/9404059;hep-th/9404059;13;1;14
hep-th/9602076;hep-th/9602076;0;3;3
hep-th/9411035;hep-th/9411035;2;1;3
hep-th/9511223;hep-th/9511223;5;0;5
hep-th/9602072;hep-th/9602072;3;6;9
hep-th/9412032;hep-th/9412032;5;3;8
hep-th/9508085;hep-th/9508085;3;7;10
0806.0359;0806.0359;0;2;2
0806.0358;0806.0358;0;19;19
0803.2324;0803.2324;0;44;44
0809.4238;0809.4238;0;29;29
hep-th/0703122;hep-th/0703122;2;46;48
hep-th/0610177;hep-th/0610177;5;29;34
hep-th/0311028;hep-th/0311028;4;31;35
0907.3180;0907.3180;0;5;5
gr-qc/0404095;gr-qc/0404095;3;30;33
0806.0354;0806.0354;0;9;9
hep-ph/9612282;hep-ph/9612282;6;0;6
0807.3066;0807.3066;0;39;39
astro-ph/0702610;astro-ph/0702610;8;28;36
astro-ph/0606698;astro-ph/0606698;7;37;44
gr-qc/0701133;gr-qc/0701133;14;26;40
0708.0642;0708.0642;0;9;9
hep-ph/0012211;hep-ph/0012211;0;20;20
hep-ph/9809263;hep-ph/9809263;5;8;13
hep-lat/0009017;hep-lat/0009017;3;14;17
hep-ph/0012026;hep-ph/0012026;1;9;10
0710.2131;0710.2131;0;2;2
hep-th/9502163;hep-th/9502163;3;6;9
0708.0645;0708.0645;0;28;28
0711.1925;0711.1925;0;17;17
0709.0295;0709.0295;0;15;15
hep-th/9609146;hep-th/9609146;2;6;8
hep-th/9609147;hep-th/9609147;7;4;11
hep-th/9904185;hep-th/9904185;1;2;3
hep-th/0002235;hep-th/0002235;1;17;18
hep-th/9905133;hep-th/9905133;2;16;18
hep-th/9705059;hep-th/9705059;4;10;14
math/9907151;math/9907151;1;1;2
hep-th/0303061;hep-th/0303061;0;1;1
hep-th/9810158;hep-th/9810158;2;19;21
hep-th/9906086;hep-th/9906086;2;2;4
hep-th/9811137;hep-th/9811137;1;1;2
hep-ph/9712217;hep-ph/9712217;1;1;2
hep-th/0501161;hep-th/0501161;1;3;4
gr-qc/0601052;gr-qc/0601052;0;2;2
gr-qc/0510001;gr-qc/0510001;3;5;8
hep-th/0108058;hep-th/0108058;5;7;12
hep-th/0603048;hep-th/0603048;14;19;33
hep-th/9906084;hep-th/9906084;0;23;23
0811.0624;0811.0624;0;2;2
hep-th/0405125;hep-th/0405125;5;21;26
hep-th/0604102;hep-th/0604102;3;12;15
hep-th/0406131;hep-th/0406131;3;21;24
0712.0402;0712.0402;0;1;1
hep-th/9905055;hep-th/9905055;4;32;36
hep-th/0609085;hep-th/0609085;0;1;1
hep-th/9906071;hep-th/9906071;2;7;9
hep-th/9906088;hep-th/9906088;0;1;1
gr-qc/0601032;gr-qc/0601032;1;4;5
0805.0163;0805.0163;0;34;34
astro-ph/9910309;astro-ph/9910309;1;2;3
hep-th/0610032;hep-th/0610032;2;0;2
quant-ph/0104067;quant-ph/0104067;6;0;6
quant-ph/0506115;quant-ph/0506115;2;5;7
quant-ph/0609184;quant-ph/0609184;5;1;6
quant-ph/0609109;quant-ph/0609109;4;6;10
quant-ph/0112151;quant-ph/0112151;3;3;6
hep-th/0309273;hep-th/0309273;0;11;11
hep-th/0211035;hep-th/0211035;1;11;12
hep-th/9910242;hep-th/9910242;1;8;9
hep-th/0302089;hep-th/0302089;4;4;8
hep-ph/9907439;hep-ph/9907439;3;1;4
hep-th/9707052;hep-th/9707052;2;1;3
hep-ph/9812468;hep-ph/9812468;1;1;2
hep-th/9109051;hep-th/9109051;8;0;8
hep-th/0510085;hep-th/0510085;0;7;7
math/0506539;math/0506539;1;4;5
hep-th/0010216;hep-th/0010216;1;9;10
hep-th/0510084;hep-th/0510084;0;19;19
hep-th/0206171;hep-th/0206171;5;22;27
hep-th/0510086;hep-th/0510086;0;14;14
hep-ph/0504053;hep-ph/0504053;0;2;2
hep-ph/0006349;hep-ph/0006349;2;0;2
hep-th/0510089;hep-th/0510089;0;2;2
hep-th/0510088;hep-th/0510088;4;49;53
0710.5483;0710.5483;0;23;23
0803.2531;0803.2531;0;7;7
0905.2215;0905.2215;0;16;16
hep-th/9608087;hep-th/9608087;0;3;3
hep-th/9608081;hep-th/9608081;0;1;1
hep-th/9512088;hep-th/9512088;1;0;1
hep-th/0102191;hep-th/0102191;4;6;10
hep-th/0011183;hep-th/0011183;8;1;9
hep-th/0102196;hep-th/0102196;0;1;1
hep-th/0003260;hep-th/0003260;1;0;1
cond-mat/9909078;cond-mat/9909078;1;0;1
hep-th/9411226;hep-th/9411226;6;3;9
hep-th/9601165;hep-th/9601165;2;0;2
0907.4242;0907.4242;0;4;4
hep-th/0505049;hep-th/0505049;2;0;2
0705.1468;0705.1468;0;8;8
0912.0886;0912.0886;0;4;4
0801.3032;0801.3032;0;16;16
hep-th/9911235;hep-th/9911235;3;9;12
0907.4103;0907.4103;0;11;11
0710.4615;0710.4615;0;16;16
hep-ph/0105335;hep-ph/0105335;2;3;5
0803.2555;0803.2555;0;13;13
gr-qc/0112006;gr-qc/0112006;2;3;5
hep-th/9909074;hep-th/9909074;3;1;4
hep-th/0607168;hep-th/0607168;6;11;17
hep-th/9507021;hep-th/9507021;6;1;7
0810.0908;0810.0908;0;6;6
hep-lat/9710011;hep-lat/9710011;9;2;11
quant-ph/9804049;quant-ph/9804049;1;2;3
hep-th/9702102;hep-th/9702102;6;1;7
hep-th/9608027;hep-th/9608027;10;1;11
hep-th/9706114;hep-th/9706114;3;0;3
hep-th/9908181;hep-th/9908181;2;15;17
hep-th/9702100;hep-th/9702100;2;1;3
hep-th/9908183;hep-th/9908183;0;3;3
hep-th/9801191;hep-th/9801191;2;10;12
quant-ph/9702011;quant-ph/9702011;1;0;1
hep-th/0605059;hep-th/0605059;2;4;6
gr-qc/9405042;gr-qc/9405042;0;3;3
math-ph/0509010;math-ph/0509010;0;3;3
hep-th/9605083;hep-th/9605083;1;9;10
hep-th/0412171;hep-th/0412171;0;3;3
0810.1379;0810.1379;0;29;29
hep-th/9305123;hep-th/9305123;6;1;7
0805.2146;0805.2146;0;5;5
0808.0400;0808.0400;0;26;26
0912.3287;0912.3287;0;40;40
cond-mat/0410253;cond-mat/0410253;12;7;19
hep-th/0409126;hep-th/0409126;7;6;13
hep-th/9509061;hep-th/9509061;0;6;6
hep-th/9509062;hep-th/9509062;10;6;16
hep-th/9404089;hep-th/9404089;11;2;13
hep-th/9509063;hep-th/9509063;0;3;3
hep-ph/9508395;hep-ph/9508395;6;1;7
hep-th/9403034;hep-th/9403034;5;0;5
hep-th/9501121;hep-th/9501121;2;11;13
hep-th/9509065;hep-th/9509065;0;12;12
hep-th/9109016;hep-th/9109016;3;2;5
hep-th/9308074;hep-th/9308074;2;0;2
0802.3259;0802.3259;0;23;23
hep-ph/9910216;hep-ph/9910216;2;5;7
astro-ph/0007352;astro-ph/0007352;3;5;8
hep-th/9807167;hep-th/9807167;0;5;5
hep-th/9802050;hep-th/9802050;5;5;10
hep-th/9807168;hep-th/9807168;0;25;25
hep-th/9611095;hep-th/9611095;2;16;18
hep-th/9509093;hep-th/9509093;3;6;9
hep-th/9712224;hep-th/9712224;2;0;2
hep-lat/9910014;hep-lat/9910014;0;2;2
hep-th/0007039;hep-th/0007039;4;12;16
hep-th/9911234;hep-th/9911234;12;34;46
hep-th/9912182;hep-th/9912182;13;36;49
hep-th/9901064;hep-th/9901064;2;7;9
0901.3640;0901.3640;0;52;52
hep-th/0612199;hep-th/0612199;0;1;1
0809.1183;0809.1183;0;8;8
gr-qc/0606020;gr-qc/0606020;12;26;38
0907.2384;0907.2384;0;7;7
hep-ph/9610448;hep-ph/9610448;5;1;6
gr-qc/0401071;gr-qc/0401071;0;1;1
gr-qc/0309077;gr-qc/0309077;2;7;9
hep-ph/9610447;hep-ph/9610447;4;1;5
hep-th/0305057;hep-th/0305057;0;2;2
hep-th/0305054;hep-th/0305054;3;12;15
hep-th/0109071;hep-th/0109071;2;3;5
hep-th/0305051;hep-th/0305051;2;9;11
hep-th/0001150;hep-th/0001150;3;12;15
hep-th/9901067;hep-th/9901067;3;6;9
hep-th/0010055;hep-th/0010055;4;7;11
cond-mat/9512173;cond-mat/9512173;1;0;1
hep-th/0202205;hep-th/0202205;5;12;17
hep-th/0205171;hep-th/0205171;4;22;26
math/9905192;math/9905192;2;5;7
math/0012103;math/0012103;9;9;18
hep-th/0105259;hep-th/0105259;13;8;21
math/0012236;math/0012236;9;4;13
0710.0216;0710.0216;0;35;35
hep-th/0612300;hep-th/0612300;10;7;17
0710.0214;0710.0214;0;38;38
hep-lat/0511039;hep-lat/0511039;1;11;12
gr-qc/9401010;gr-qc/9401010;6;1;7
hep-th/0001102;hep-th/0001102;1;1;2
gr-qc/9404021;gr-qc/9404021;0;3;3
gr-qc/9304039;gr-qc/9304039;5;0;5
0905.1025;0905.1025;0;3;3
gr-qc/0308058;gr-qc/0308058;3;15;18
gr-qc/0308059;gr-qc/0308059;1;1;2
gr-qc/0308060;gr-qc/0308060;1;1;2
gr-qc/0302015;gr-qc/0302015;10;14;24
0809.2273;0809.2273;0;6;6
hep-lat/0305026;hep-lat/0305026;1;6;7
hep-ph/0507145;hep-ph/0507145;2;0;2
0709.0898;0709.0898;0;6;6
0909.3347;0909.3347;0;24;24
hep-th/0104220;hep-th/0104220;5;13;18
hep-th/0401146;hep-th/0401146;6;7;13
hep-th/0501173;hep-th/0501173;5;10;15
hep-th/0511128;hep-th/0511128;1;6;7
hep-th/0601073;hep-th/0601073;3;15;18
math-ph/0303059;math-ph/0303059;8;6;14
hep-th/9704213;hep-th/9704213;15;15;30
math/0010269;math/0010269;0;3;3
hep-th/9409150;hep-th/9409150;0;3;3
hep-th/9404178;hep-th/9404178;2;0;2
hep-th/9409148;hep-th/9409148;3;0;3
hep-th/9409149;hep-th/9409149;1;1;2
hep-th/9409157;hep-th/9409157;1;10;11
hep-th/9409156;hep-th/9409156;3;2;5
hep-th/9207054;hep-th/9207054;16;0;16
hep-th/9207076;hep-th/9207076;10;0;10
hep-th/9409155;hep-th/9409155;0;3;3
0909.3340;0909.3340;0;1;1
hep-th/0211077;hep-th/0211077;0;2;2
cond-mat/9909240;cond-mat/9909240;2;0;2
quant-ph/0108122;quant-ph/0108122;1;1;2
hep-th/9810050;hep-th/9810050;2;19;21
hep-th/0009220;hep-th/0009220;7;5;12
hep-th/0011107;hep-th/0011107;14;51;65
hep-th/0302200;hep-th/0302200;7;11;18
hep-th/0211079;hep-th/0211079;4;3;7
gr-qc/0401042;gr-qc/0401042;2;1;3
hep-th/0403195;hep-th/0403195;0;6;6
hep-th/0001014;hep-th/0001014;8;9;17
0812.1620;0812.1620;0;4;4
0912.2028;0912.2028;0;2;2
0906.0783;0906.0783;0;12;12
gr-qc/0504130;gr-qc/0504130;2;1;3
hep-th/9506003;hep-th/9506003;6;2;8
math-ph/0205013;math-ph/0205013;2;3;5
hep-th/9606019;hep-th/9606019;1;3;4
hep-th/9209040;hep-th/9209040;3;0;3
0712.2719;0712.2719;0;9;9
hep-ph/9506458;hep-ph/9506458;1;7;8
math-ph/0205011;math-ph/0205011;1;2;3
hep-th/9410235;hep-th/9410235;5;12;17
hep-th/9407123;hep-th/9407123;5;2;7
0712.2717;0712.2717;0;8;8
hep-ph/9909532;hep-ph/9909532;9;12;21
hep-ph/9805214;hep-ph/9805214;16;4;20
hep-th/0301154;hep-th/0301154;0;12;12
hep-ph/9601289;hep-ph/9601289;10;0;10
hep-th/0208166;hep-th/0208166;2;21;23
hep-th/0206197;hep-th/0206197;6;19;25
hep-th/0407262;hep-th/0407262;11;21;32
hep-th/0207189;hep-th/0207189;12;17;29
hep-th/0404180;hep-th/0404180;2;26;28
hep-th/0302041;hep-th/0302041;3;10;13
hep-th/0311216;hep-th/0311216;1;21;22
hep-th/0404188;hep-th/0404188;0;49;49
gr-qc/0011082;gr-qc/0011082;0;4;4
gr-qc/0006076;gr-qc/0006076;9;6;15
0905.0514;0905.0514;0;19;19
math/0702081;math/0702081;3;15;18
hep-th/0602058;hep-th/0602058;1;12;13
hep-th/0601117;hep-th/0601117;2;15;17
hep-th/0111058;hep-th/0111058;2;4;6
hep-th/0110168;hep-th/0110168;10;12;22
hep-th/0202182;hep-th/0202182;4;7;11
hep-th/0602052;hep-th/0602052;0;3;3
hep-th/0602053;hep-th/0602053;2;5;7
hep-th/0602055;hep-th/0602055;3;24;27
hep-th/0411071;hep-th/0411071;4;23;27
hep-th/0602056;hep-th/0602056;0;50;50
math-ph/0209023;math-ph/0209023;5;7;12
q-alg/9708008;q-alg/9708008;4;0;4
math/0212308;math/0212308;7;10;17
hep-th/0507211;hep-th/0507211;9;12;21
hep-th/0407003;hep-th/0407003;8;70;78
hep-th/0602057;hep-th/0602057;2;13;15
hep-th/9310082;hep-th/9310082;2;13;15
0811.2815;0811.2815;0;4;4
0804.1854;0804.1854;0;7;7
hep-th/0312096;hep-th/0312096;9;12;21
hep-th/0312095;hep-th/0312095;1;20;21
hep-th/0312093;hep-th/0312093;0;10;10
hep-th/0109125;hep-th/0109125;3;19;22
hep-th/0203077;hep-th/0203077;4;19;23
0704.3189;0704.3189;0;3;3
hep-th/0512148;hep-th/0512148;2;37;39
hep-th/0503249;hep-th/0503249;2;8;10
quant-ph/0603170;quant-ph/0603170;4;24;28
0806.3363;0806.3363;0;36;36
hep-th/0703261;hep-th/0703261;4;9;13
hep-th/0008172;hep-th/0008172;10;22;32
hep-th/0103141;hep-th/0103141;4;12;16
0810.4049;0810.4049;0;25;25
hep-th/0312328;hep-th/0312328;1;85;86
hep-th/0012111;hep-th/0012111;5;30;35
hep-th/0112252;hep-th/0112252;2;15;17
hep-th/0311008;hep-th/0311008;0;10;10
0912.4715;0912.4715;0;19;19
0912.4712;0912.4712;0;41;41
hep-th/0505043;hep-th/0505043;5;47;52
hep-th/0312320;hep-th/0312320;0;5;5
hep-ph/9508279;hep-ph/9508279;2;1;3
hep-ph/9505351;hep-ph/9505351;1;0;1
hep-th/0312327;hep-th/0312327;1;23;24
0804.3042;0804.3042;0;26;26
hep-ph/0607293;hep-ph/0607293;9;10;19
hep-ph/0309078;hep-ph/0309078;6;12;18
hep-ph/9807438;hep-ph/9807438;2;0;2
hep-th/0505118;hep-th/0505118;2;9;11
hep-th/0606168;hep-th/0606168;0;10;10
hep-lat/9608151;hep-lat/9608151;0;2;2
0712.0082;0712.0082;0;52;52
hep-th/0701106;hep-th/0701106;12;20;32
math-ph/0505022;math-ph/0505022;1;1;2
hep-th/0303118;hep-th/0303118;1;1;2
hep-ph/0108238;hep-ph/0108238;5;19;24
gr-qc/0407048;gr-qc/0407048;1;2;3
hep-th/0406123;hep-th/0406123;0;2;2
hep-th/0312249;hep-th/0312249;1;1;2
hep-th/0403269;hep-th/0403269;3;29;32
hep-th/0311002;hep-th/0311002;2;4;6
hep-th/0303171;hep-th/0303171;3;19;22
hep-th/0406124;hep-th/0406124;1;18;19
hep-th/0304120;hep-th/0304120;6;42;48
hep-th/0009250;hep-th/0009250;10;22;32
quant-ph/0103144;quant-ph/0103144;4;0;4
0907.2244;0907.2244;0;4;4
0907.2247;0907.2247;0;18;18
hep-th/9303020;hep-th/9303020;4;1;5
hep-th/9205032;hep-th/9205032;1;0;1
hep-th/9203021;hep-th/9203021;1;0;1
hep-th/0604103;hep-th/0604103;8;10;18
hep-th/0204078;hep-th/0204078;10;11;21
hep-th/0602271;hep-th/0602271;2;43;45
0910.3026;0910.3026;0;10;10
0801.4090;0801.4090;0;4;4
0809.3111;0809.3111;0;10;10
hep-th/9907148;hep-th/9907148;1;12;13
0907.2242;0907.2242;0;5;5
hep-th/9709067;hep-th/9709067;14;0;14
hep-th/9801175;hep-th/9801175;3;33;36
hep-th/9710216;hep-th/9710216;0;4;4
hep-th/9708096;hep-th/9708096;2;2;4
hep-th/9708066;hep-th/9708066;3;3;6
hep-th/9707076;hep-th/9707076;3;39;42
hep-th/9702059;hep-th/9702059;8;20;28
hep-th/9710211;hep-th/9710211;0;2;2
hep-th/9607095;hep-th/9607095;5;15;20
0910.2225;0910.2225;0;4;4
hep-th/9807239;hep-th/9807239;6;32;38
hep-th/0009098;hep-th/0009098;4;31;35
gr-qc/9301004;gr-qc/9301004;2;0;2
hep-th/9402062;hep-th/9402062;1;1;2
hep-th/0112259;hep-th/0112259;4;13;17
hep-th/0205073;hep-th/0205073;0;29;29
hep-th/0104231;hep-th/0104231;5;7;12
hep-th/9502118;hep-th/9502118;7;7;14
hep-th/9410033;hep-th/9410033;4;0;4
hep-th/0605204;hep-th/0605204;1;5;6
hep-th/0410284;hep-th/0410284;4;5;9
physics/0508219;physics/0508219;1;0;1
astro-ph/0312308;astro-ph/0312308;0;2;2
hep-th/0212013;hep-th/0212013;4;2;6
hep-th/0509196;hep-th/0509196;2;14;16
0912.1106;0912.1106;0;11;11
0801.4634;0801.4634;0;28;28
0905.0125;0905.0125;0;7;7
0809.1112;0809.1112;0;20;20
0906.3947;0906.3947;0;34;34
hep-lat/9604023;hep-lat/9604023;8;7;15
hep-lat/9402016;hep-lat/9402016;7;0;7
0809.1114;0809.1114;0;11;11
gr-qc/0012003;gr-qc/0012003;0;1;1
hep-ph/9505364;hep-ph/9505364;0;1;1
hep-ph/9412277;hep-ph/9412277;2;0;2
0806.1245;0806.1245;0;65;65
hep-th/0703290;hep-th/0703290;8;11;19
hep-th/9803102;hep-th/9803102;0;3;3
hep-th/9612147;hep-th/9612147;1;0;1
solv-int/9710025;solv-int/9710025;1;0;1
hep-th/9506192;hep-th/9506192;2;12;14
hep-th/9505170;hep-th/9505170;10;11;21
hep-th/9507171;hep-th/9507171;3;8;11
hep-th/9801043;hep-th/9801043;4;6;10
hep-th/0701008;hep-th/0701008;0;44;44
hep-th/0508100;hep-th/0508100;1;27;28
hep-th/9709045;hep-th/9709045;1;7;8
hep-th/0701003;hep-th/0701003;0;31;31
cond-mat/0509536;cond-mat/0509536;2;1;3
hep-th/9709185;hep-th/9709185;3;7;10
hep-th/9709126;hep-th/9709126;1;8;9
hep-th/9606153;hep-th/9606153;8;10;18
hep-th/9704141;hep-th/9704141;2;7;9
hep-th/9507038;hep-th/9507038;5;4;9
hep-th/9706128;hep-th/9706128;2;7;9
hep-th/9709125;hep-th/9709125;4;1;5
hep-th/9701051;hep-th/9701051;5;0;5
hep-th/9709124;hep-th/9709124;0;15;15
hep-th/9709121;hep-th/9709121;0;11;11
hep-th/9504157;hep-th/9504157;12;0;12
hep-th/9709120;hep-th/9709120;1;10;11
hep-ph/9404317;hep-ph/9404317;3;0;3
quant-ph/0411166;quant-ph/0411166;3;8;11
0906.4112;0906.4112;0;1;1
hep-th/9709128;hep-th/9709128;0;1;1
0704.1085;0704.1085;0;19;19
0710.0170;0710.0170;0;47;47
hep-th/0505132;hep-th/0505132;2;18;20
0704.1084;0704.1084;0;17;17
0911.0269;0911.0269;0;22;22
0911.0266;0911.0266;0;12;12
gr-qc/0506018;gr-qc/0506018;2;2;4
0802.1067;0802.1067;0;22;22
hep-th/0209248;hep-th/0209248;3;21;24
0711.4663;0711.4663;0;19;19
0711.0824;0711.0824;0;13;13
hep-lat/0605008;hep-lat/0605008;3;17;20
hep-lat/0512025;hep-lat/0512025;3;10;13
hep-ph/9912313;hep-ph/9912313;4;0;4
0906.1789;0906.1789;0;33;33
hep-th/0610205;hep-th/0610205;10;14;24
0802.0338;0802.0338;0;2;2
hep-th/9501021;hep-th/9501021;2;2;4
hep-th/9507165;hep-th/9507165;1;2;3
hep-th/9501002;hep-th/9501002;2;0;2
quant-ph/9601004;quant-ph/9601004;4;0;4
hep-th/9611156;hep-th/9611156;4;5;9
gr-qc/9805074;gr-qc/9805074;2;4;6
hep-th/9507161;hep-th/9507161;1;2;3
0902.3605;0902.3605;0;15;15
hep-ph/0307269;hep-ph/0307269;2;23;25
hep-ph/0104031;hep-ph/0104031;6;7;13
hep-ph/0006344;hep-ph/0006344;4;17;21
0805.2834;0805.2834;0;26;26
hep-ph/0312031;hep-ph/0312031;0;5;5
hep-th/9903140;hep-th/9903140;8;44;52
hep-th/9906015;hep-th/9906015;0;2;2
hep-th/9710109;hep-th/9710109;2;2;4
hep-th/0106176;hep-th/0106176;6;23;29
hep-th/0101007;hep-th/0101007;18;18;36
hep-th/0106172;hep-th/0106172;0;23;23
hep-ph/0007337;hep-ph/0007337;3;0;3
hep-th/9812207;hep-th/9812207;5;12;17
hep-th/0102089;hep-th/0102089;4;20;24
hep-th/9710037;hep-th/9710037;8;21;29
0805.1159;0805.1159;0;14;14
gr-qc/0009067;gr-qc/0009067;2;2;4
gr-qc/9911061;gr-qc/9911061;2;0;2
0904.4897;0904.4897;0;6;6
hep-th/9912253;hep-th/9912253;6;3;9
hep-th/0007092;hep-th/0007092;5;6;11
hep-th/0004190;hep-th/0004190;5;1;6
0805.4386;0805.4386;0;36;36
0802.4087;0802.4087;0;11;11
hep-ph/0512061;hep-ph/0512061;6;45;51
gr-qc/0701096;gr-qc/0701096;14;0;14
nucl-th/9709052;nucl-th/9709052;3;1;4
0707.4437;0707.4437;0;51;51
0707.3422;0707.3422;0;12;12
hep-ph/0410409;hep-ph/0410409;7;5;12
0802.4082;0802.4082;0;4;4
math/0305292;math/0305292;5;6;11
alg-geom/9607015;alg-geom/9607015;1;0;1
hep-th/9911160;hep-th/9911160;8;16;24
hep-th/0410091;hep-th/0410091;3;16;19
hep-th/0210138;hep-th/0210138;3;12;15
hep-th/0410092;hep-th/0410092;0;4;4
hep-th/0407190;hep-th/0407190;1;6;7
hep-th/0409251;hep-th/0409251;1;28;29
gr-qc/0302027;gr-qc/0302027;1;25;26
hep-th/0406098;hep-th/0406098;8;9;17
hep-th/9308133;hep-th/9308133;7;7;14
quant-ph/0302107;quant-ph/0302107;3;0;3
hep-th/0410096;hep-th/0410096;1;3;4
0711.3661;0711.3661;0;24;24
hep-th/0606229;hep-th/0606229;1;0;1
math/0306210;math/0306210;1;1;2
0904.2451;0904.2451;0;5;5
0708.1322;0708.1322;0;20;20
0709.4225;0709.4225;0;16;16
0805.0113;0805.0113;0;16;16
hep-th/0505180;hep-th/0505180;5;38;43
0810.5660;0810.5660;0;38;38
hep-th/0610246;hep-th/0610246;11;24;35
hep-th/0008166;hep-th/0008166;1;15;16
hep-th/9608028;hep-th/9608028;4;13;17
hep-th/9807059;hep-th/9807059;7;12;19
hep-th/9902188;hep-th/9902188;6;17;23
hep-th/0001190;hep-th/0001190;9;26;35
hep-th/9710028;hep-th/9710028;2;2;4
hep-th/9810191;hep-th/9810191;2;2;4
hep-th/0008169;hep-th/0008169;0;27;27
hep-th/9902061;hep-th/9902061;0;1;1
hep-th/9807073;hep-th/9807073;3;0;3
hep-th/9810061;hep-th/9810061;2;3;5
hep-th/0302185;hep-th/0302185;1;5;6
hep-th/0006243;hep-th/0006243;7;7;14
math-ph/0102011;math-ph/0102011;2;7;9
hep-th/0301052;hep-th/0301052;4;0;4
quant-ph/9906108;quant-ph/9906108;3;0;3
hep-th/9506198;hep-th/9506198;3;2;5
math-ph/0305058;math-ph/0305058;1;6;7
hep-lat/0111039;hep-lat/0111039;6;3;9
chao-dyn/9810016;chao-dyn/9810016;5;0;5
hep-lat/0112018;hep-lat/0112018;4;7;11
0904.0379;0904.0379;0;18;18
0709.1260;0709.1260;0;9;9
0903.2475;0903.2475;0;3;3
hep-ph/0503106;hep-ph/0503106;0;5;5
hep-ph/0306236;hep-ph/0306236;3;8;11
hep-ph/0402029;hep-ph/0402029;2;69;71
hep-th/0312167;hep-th/0312167;1;16;17
hep-ph/0107304;hep-ph/0107304;4;4;8
hep-ph/0308169;hep-ph/0308169;3;8;11
hep-th/9506197;hep-th/9506197;0;4;4
hep-th/9410099;hep-th/9410099;3;8;11
hep-th/9509129;hep-th/9509129;1;5;6
hep-th/9509128;hep-th/9509128;1;1;2
hep-th/9509121;hep-th/9509121;0;13;13
hep-th/9509120;hep-th/9509120;2;6;8
hep-th/9509122;hep-th/9509122;0;1;1
hep-th/9401088;hep-th/9401088;2;1;3
solv-int/9506006;solv-int/9506006;8;0;8
hep-th/9509127;hep-th/9509127;3;14;17
hep-th/9506140;hep-th/9506140;1;10;11
hep-th/9509126;hep-th/9509126;0;12;12
gr-qc/0303044;gr-qc/0303044;4;2;6
cond-mat/0406289;cond-mat/0406289;2;17;19
hep-th/0001073;hep-th/0001073;6;7;13
0801.0730;0801.0730;0;16;16
hep-ph/0101119;hep-ph/0101119;8;44;52
hep-th/0111214;hep-th/0111214;0;2;2
hep-th/9904158;hep-th/9904158;1;1;2
0811.1819;0811.1819;0;45;45
0806.4185;0806.4185;0;4;4
0811.4503;0811.4503;0;11;11
hep-ph/0310194;hep-ph/0310194;15;23;38
hep-ph/0211364;hep-ph/0211364;0;1;1
0801.4420;0801.4420;0;4;4
hep-th/9307165;hep-th/9307165;8;0;8
hep-th/9409145;hep-th/9409145;3;2;5
hep-th/9609155;hep-th/9609155;6;3;9
hep-th/9807027;hep-th/9807027;0;3;3
hep-th/9706058;hep-th/9706058;1;3;4
0707.0433;0707.0433;0;4;4
nlin/0701063;nlin/0701063;2;5;7
quant-ph/0301022;quant-ph/0301022;5;1;6
hep-ph/0304180;hep-ph/0304180;8;5;13
hep-th/9910153;hep-th/9910153;0;6;6
hep-th/9809090;hep-th/9809090;7;2;9
hep-th/9210147;hep-th/9210147;8;0;8
hep-th/9704148;hep-th/9704148;3;7;10
hep-th/9903070;hep-th/9903070;7;2;9
cond-mat/9905002;cond-mat/9905002;1;0;1
hep-th/9401166;hep-th/9401166;3;0;3
hep-th/9309076;hep-th/9309076;6;0;6
hep-th/9309159;hep-th/9309159;5;1;6
hep-th/9511001;hep-th/9511001;1;2;3
hep-th/0310002;hep-th/0310002;1;0;1
hep-th/0008238;hep-th/0008238;2;6;8
hep-th/9702148;hep-th/9702148;2;0;2
gr-qc/0203105;gr-qc/0203105;2;1;3
q-alg/9501016;q-alg/9501016;0;9;9
hep-th/9404038;hep-th/9404038;7;1;8
hep-th/9211125;hep-th/9211125;1;0;1
hep-th/9410189;hep-th/9410189;1;2;3
hep-th/9307008;hep-th/9307008;3;6;9
quant-ph/0106076;quant-ph/0106076;3;1;4
0709.1238;0709.1238;0;2;2
0805.3276;0805.3276;0;53;53
hep-th/0408110;hep-th/0408110;1;17;18
0808.4087;0808.4087;0;1;1
0905.2014;0905.2014;0;12;12
hep-th/9709068;hep-th/9709068;4;5;9
hep-ph/0602052;hep-ph/0602052;4;11;15
0705.1669;0705.1669;0;3;3
0805.2951;0805.2951;0;3;3
0805.2955;0805.2955;0;4;4
gr-qc/0611074;gr-qc/0611074;5;7;12
gr-qc/0611073;gr-qc/0611073;3;5;8
cond-mat/0509496;cond-mat/0509496;0;7;7
hep-th/9903264;hep-th/9903264;4;3;7
hep-th/9712089;hep-th/9712089;10;0;10
math-ph/0404008;math-ph/0404008;4;9;13
hep-th/9707101;hep-th/9707101;10;1;11
hep-th/0503086;hep-th/0503086;2;5;7
quant-ph/0012010;quant-ph/0012010;1;2;3
quant-ph/0006005;quant-ph/0006005;1;0;1
hep-ph/9812353;hep-ph/9812353;1;2;3
hep-th/0401055;hep-th/0401055;3;0;3
hep-th/0405272;hep-th/0405272;1;3;4
hep-th/0610207;hep-th/0610207;1;3;4
cond-mat/0205417;cond-mat/0205417;3;0;3
hep-th/9308132;hep-th/9308132;4;2;6
0805.3022;0805.3022;0;2;2
0801.0655;0801.0655;0;29;29
hep-th/0511212;hep-th/0511212;1;15;16
hep-th/9405180;hep-th/9405180;2;2;4
hep-th/9209077;hep-th/9209077;6;0;6
hep-th/9406064;hep-th/9406064;1;2;3
hep-th/9406065;hep-th/9406065;2;1;3
0707.3168;0707.3168;0;2;2
0912.1341;0912.1341;0;5;5
hep-th/0112242;hep-th/0112242;0;8;8
0707.3164;0707.3164;0;16;16
0707.3166;0707.3166;0;24;24
0912.0432;0912.0432;0;14;14
0803.4501;0803.4501;0;21;21
0803.4500;0803.4500;0;7;7
0812.0530;0812.0530;0;21;21
cond-mat/9701024;cond-mat/9701024;1;0;1
0812.0533;0812.0533;0;18;18
math-ph/0002054;math-ph/0002054;8;4;12
hep-th/0311246;hep-th/0311246;3;10;13
hep-th/0206114;hep-th/0206114;10;7;17
hep-th/0311247;hep-th/0311247;0;2;2
hep-th/0011100;hep-th/0011100;3;4;7
hep-th/0311244;hep-th/0311244;4;39;43
hep-th/9602026;hep-th/9602026;6;10;16
hep-ph/9607405;hep-ph/9607405;11;11;22
0812.4223;0812.4223;0;7;7
hep-th/0311248;hep-th/0311248;0;29;29
hep-th/0311249;hep-th/0311249;0;6;6
hep-th/9606179;hep-th/9606179;0;4;4
hep-th/9404003;hep-th/9404003;3;0;3
hep-th/9406031;hep-th/9406031;4;1;5
hep-th/9406030;hep-th/9406030;4;0;4
hep-th/9606170;hep-th/9606170;1;1;2
hep-lat/9501021;hep-lat/9501021;4;0;4
hep-th/9512111;hep-th/9512111;2;2;4
cond-mat/0503728;cond-mat/0503728;0;2;2
hep-th/0306188;hep-th/0306188;8;9;17
0901.3094;0901.3094;0;29;29
0710.0374;0710.0374;0;60;60
hep-ph/0201135;hep-ph/0201135;2;3;5
hep-th/0607190;hep-th/0607190;8;36;44
0901.2322;0901.2322;0;20;20
hep-th/0412236;hep-th/0412236;0;10;10
hep-lat/9508019;hep-lat/9508019;4;1;5
math-ph/0209036;math-ph/0209036;3;2;5
hep-th/9112054;hep-th/9112054;11;0;11
hep-th/0404086;hep-th/0404086;1;14;15
hep-th/0402010;hep-th/0402010;3;15;18
hep-th/0404081;hep-th/0404081;0;23;23
hep-th/0207038;hep-th/0207038;13;22;35
gr-qc/0205028;gr-qc/0205028;1;9;10
0908.1711;0908.1711;0;17;17
gr-qc/0205022;gr-qc/0205022;0;4;4
0903.0660;0903.0660;0;5;5
math-ph/0212016;math-ph/0212016;1;8;9
gr-qc/9901002;gr-qc/9901002;2;5;7
gr-qc/0207061;gr-qc/0207061;4;11;15
cond-mat/0409504;cond-mat/0409504;1;3;4
hep-ph/0405170;hep-ph/0405170;8;0;8
math-ph/0302052;math-ph/0302052;0;4;4
hep-th/0004169;hep-th/0004169;1;3;4
gr-qc/0606091;gr-qc/0606091;1;15;16
quant-ph/0406167;quant-ph/0406167;1;1;2
0906.4572;0906.4572;0;16;16
0809.4119;0809.4119;0;36;36
0901.0953;0901.0953;0;13;13
hep-th/0503101;hep-th/0503101;5;24;29
hep-th/0612080;hep-th/0612080;5;10;15
0710.0999;0710.0999;0;4;4
hep-th/9810039;hep-th/9810039;3;4;7
gr-qc/0211098;gr-qc/0211098;6;15;21
hep-th/0109031;hep-th/0109031;3;13;16
hep-th/0409010;hep-th/0409010;1;14;15
0710.0991;0710.0991;0;15;15
cond-mat/0701605;cond-mat/0701605;2;0;2
hep-th/9402143;hep-th/9402143;1;0;1
0801.0891;0801.0891;0;3;3
hep-th/0311075;hep-th/0311075;3;9;12
0710.0992;0710.0992;0;4;4
0801.0896;0801.0896;0;18;18
0801.2008;0801.2008;0;18;18
gr-qc/0611131;gr-qc/0611131;2;16;18
hep-th/9112047;hep-th/9112047;9;0;9
hep-th/9203034;hep-th/9203034;2;0;2
hep-lat/9212027;hep-lat/9212027;2;0;2
hep-th/9301032;hep-th/9301032;1;0;1
hep-th/9405082;hep-th/9405082;1;1;2
hep-th/0103025;hep-th/0103025;3;5;8
hep-th/0009198;hep-th/0009198;6;24;30
hep-th/0009227;hep-th/0009227;6;12;18
hep-th/9805119;hep-th/9805119;7;0;7
hep-th/0105273;hep-th/0105273;0;10;10
hep-th/0011128;hep-th/0011128;8;9;17
hep-th/9405089;hep-th/9405089;3;9;12
hep-th/9207022;hep-th/9207022;2;0;2
hep-th/9210125;hep-th/9210125;5;0;5
hep-th/9405088;hep-th/9405088;0;5;5
hep-th/0006067;hep-th/0006067;9;15;24
hep-th/9703063;hep-th/9703063;4;9;13
hep-ph/9909430;hep-ph/9909430;1;4;5
hep-th/0210119;hep-th/0210119;0;3;3
hep-th/0110023;hep-th/0110023;3;1;4
hep-th/9912289;hep-th/9912289;5;0;5
hep-ph/0201155;hep-ph/0201155;8;13;21
hep-ph/0305081;hep-ph/0305081;0;3;3
hep-ph/9804204;hep-ph/9804204;2;0;2
hep-ph/0305080;hep-ph/0305080;2;2;4
gr-qc/0008070;gr-qc/0008070;0;1;1
0705.4436;0705.4436;0;9;9
hep-th/0504149;hep-th/0504149;2;5;7
hep-th/0312260;hep-th/0312260;4;18;22
hep-th/0312265;hep-th/0312265;3;12;15
hep-th/0011170;hep-th/0011170;7;36;43
hep-th/0210235;hep-th/0210235;7;6;13
0708.2910;0708.2910;0;17;17
0812.4450;0812.4450;0;14;14
hep-th/9211001;hep-th/9211001;1;0;1
hep-th/0101080;hep-th/0101080;2;25;27
0901.1513;0901.1513;0;8;8
hep-th/0607169;hep-th/0607169;0;6;6
gr-qc/0508004;gr-qc/0508004;3;0;3
hep-th/9612050;hep-th/9612050;1;5;6
hep-th/9510213;hep-th/9510213;9;18;27
hep-th/0008249;hep-th/0008249;7;52;59
hep-th/0405024;hep-th/0405024;5;25;30
hep-th/0610147;hep-th/0610147;2;15;17
hep-th/0605242;hep-th/0605242;4;15;19
0806.3083;0806.3083;0;2;2
hep-th/0407019;hep-th/0407019;5;9;14
0708.0513;0708.0513;0;1;1
hep-ph/0305331;hep-ph/0305331;2;5;7
0912.0036;0912.0036;0;3;3
hep-th/0405027;hep-th/0405027;2;2;4
cond-mat/0502534;cond-mat/0502534;4;4;8
0801.3358;0801.3358;0;26;26
0704.1104;0704.1104;0;24;24
0812.2246;0812.2246;0;16;16
gr-qc/0702108;gr-qc/0702108;0;33;33
hep-th/0107023;hep-th/0107023;0;18;18
hep-ph/0206299;hep-ph/0206299;3;34;37
hep-th/0603138;hep-th/0603138;2;15;17
cond-mat/0408364;cond-mat/0408364;0;2;2
math-ph/0210018;math-ph/0210018;2;0;2
hep-th/0310291;hep-th/0310291;9;12;21
hep-th/0609196;hep-th/0609196;1;4;5
gr-qc/0401020;gr-qc/0401020;4;7;11
hep-th/0603063;hep-th/0603063;2;22;24
math/0507223;math/0507223;2;10;12
hep-th/0603131;hep-th/0603131;7;4;11
hep-th/0603133;hep-th/0603133;2;15;17
hep-th/0603135;hep-th/0603135;1;47;48
hep-th/0504191;hep-th/0504191;8;10;18
hep-ph/0601009;hep-ph/0601009;4;16;20
hep-th/9905068;hep-th/9905068;5;25;30
hep-th/0603137;hep-th/0603137;0;2;2
gr-qc/0607054;gr-qc/0607054;0;4;4
gr-qc/0607057;gr-qc/0607057;1;1;2
gr-qc/9510052;gr-qc/9510052;5;0;5
gr-qc/0607051;gr-qc/0607051;1;4;5
hep-th/0212160;hep-th/0212160;7;26;33
gr-qc/0607058;gr-qc/0607058;0;4;4
hep-th/9310146;hep-th/9310146;3;0;3
hep-th/0101188;hep-th/0101188;4;0;4
hep-th/9703137;hep-th/9703137;4;9;13
hep-th/0110020;hep-th/0110020;2;28;30
hep-th/0007142;hep-th/0007142;5;17;22
hep-th/0106204;hep-th/0106204;2;2;4
hep-ph/9511219;hep-ph/9511219;5;4;9
hep-th/0205118;hep-th/0205118;0;2;2
alg-geom/9711002;alg-geom/9711002;5;0;5
hep-th/0102099;hep-th/0102099;12;28;40
math/0311145;math/0311145;1;1;2
0801.1854;0801.1854;0;26;26
0812.2865;0812.2865;0;4;4
math-ph/9805017;math-ph/9805017;2;3;5
hep-ph/9801216;hep-ph/9801216;1;0;1
hep-th/0501136;hep-th/0501136;3;10;13
hep-th/0305025;hep-th/0305025;3;8;11
0705.3306;0705.3306;0;18;18
math-ph/9812013;math-ph/9812013;7;0;7
hep-th/0110103;hep-th/0110103;9;27;36
0806.0788;0806.0788;0;14;14
hep-th/0104048;hep-th/0104048;6;33;39
hep-th/0012067;hep-th/0012067;7;22;29
gr-qc/0605127;gr-qc/0605127;0;1;1
hep-th/0102127;hep-th/0102127;3;8;11
hep-th/0101075;hep-th/0101075;7;0;7
hep-th/9502042;hep-th/9502042;13;1;14
hep-th/9712051;hep-th/9712051;2;14;16
hep-th/9110012;hep-th/9110012;5;0;5
math/9802104;math/9802104;5;12;17
hep-th/0008209;hep-th/0008209;3;15;18
hep-th/0112006;hep-th/0112006;5;20;25
hep-th/0008207;hep-th/0008207;3;1;4
hep-lat/9604002;hep-lat/9604002;0;5;5
hep-lat/9603010;hep-lat/9603010;1;5;6
hep-th/9701036;hep-th/9701036;0;7;7
hep-th/9701038;hep-th/9701038;0;1;1
0710.4961;0710.4961;0;13;13
0908.0988;0908.0988;0;6;6
hep-lat/0012005;hep-lat/0012005;0;1;1
hep-lat/9811006;hep-lat/9811006;4;8;12
hep-th/9704081;hep-th/9704081;3;1;4
hep-th/0407046;hep-th/0407046;3;36;39
hep-th/0406240;hep-th/0406240;1;21;22
hep-th/9608128;hep-th/9608128;3;3;6
hep-th/9501079;hep-th/9501079;4;1;5
hep-th/0406251;hep-th/0406251;1;13;14
hep-th/0406250;hep-th/0406250;2;19;21
hep-th/0407045;hep-th/0407045;1;35;36
hep-th/0112107;hep-th/0112107;1;16;17
0904.3885;0904.3885;0;9;9
0706.2750;0706.2750;0;35;35
0710.4378;0710.4378;0;37;37
hep-ph/9302308;hep-ph/9302308;3;1;4
0712.1912;0712.1912;0;22;22
hep-th/0412328;hep-th/0412328;3;23;26
hep-th/0512112;hep-th/0512112;8;52;60
0911.1866;0911.1866;0;7;7
0905.3821;0905.3821;0;10;10
0805.4615;0805.4615;0;31;31
hep-th/9411194;hep-th/9411194;4;0;4
hep-th/9506134;hep-th/9506134;3;1;4
hep-th/9412001;hep-th/9412001;4;0;4
hep-th/9506132;hep-th/9506132;4;1;5
0709.3605;0709.3605;0;9;9
quant-ph/0701223;quant-ph/0701223;4;8;12
hep-th/9302068;hep-th/9302068;6;0;6
hep-th/9404033;hep-th/9404033;13;4;17
hep-ph/9410408;hep-ph/9410408;3;2;5
0801.0071;0801.0071;0;1;1
hep-th/0702023;hep-th/0702023;1;2;3
hep-ph/9511213;hep-ph/9511213;0;4;4
0912.3021;0912.3021;0;14;14
0705.0535;0705.0535;0;9;9
hep-th/0611011;hep-th/0611011;4;11;15
0908.1052;0908.1052;0;21;21
hep-th/9302093;hep-th/9302093;4;0;4
0910.1181;0910.1181;0;6;6
gr-qc/0609055;gr-qc/0609055;3;1;4
quant-ph/0406053;quant-ph/0406053;2;1;3
0808.0575;0808.0575;0;14;14
hep-ph/0207251;hep-ph/0207251;5;6;11
hep-th/0009145;hep-th/0009145;0;31;31
hep-th/9405132;hep-th/9405132;3;13;16
cond-mat/0211083;cond-mat/0211083;0;2;2
quant-ph/0205087;quant-ph/0205087;2;0;2
quant-ph/0110046;quant-ph/0110046;3;0;3
0903.2020;0903.2020;0;6;6
hep-th/9609050;hep-th/9609050;1;0;1
0710.4377;0710.4377;0;54;54
hep-th/9706029;hep-th/9706029;1;2;3
hep-th/9704191;hep-th/9704191;2;6;8
hep-th/9204038;hep-th/9204038;4;1;5
hep-th/9207107;hep-th/9207107;2;2;4
hep-th/9203024;hep-th/9203024;4;2;6
gr-qc/0509124;gr-qc/0509124;14;18;32
0804.1688;0804.1688;0;2;2
hep-th/0404233;hep-th/0404233;2;13;15
hep-th/0208194;hep-th/0208194;6;6;12
0905.2995;0905.2995;0;35;35
0711.4851;0711.4851;0;36;36
hep-th/0511200;hep-th/0511200;6;0;6
0905.1317;0905.1317;0;2;2
0710.5589;0710.5589;0;16;16
cond-mat/0105626;cond-mat/0105626;11;4;15
0908.0920;0908.0920;0;27;27
hep-th/0612217;hep-th/0612217;5;35;40
hep-th/0605004;hep-th/0605004;0;7;7
hep-th/0602014;hep-th/0602014;1;6;7
hep-th/9303119;hep-th/9303119;2;1;3
0903.4158;0903.4158;0;21;21
hep-th/9303110;hep-th/9303110;1;1;2
hep-th/9303111;hep-th/9303111;4;12;16
hep-th/9211137;hep-th/9211137;3;0;3
hep-th/9301036;hep-th/9301036;3;0;3
hep-th/9707086;hep-th/9707086;1;1;2
hep-th/0311018;hep-th/0311018;6;14;20
hep-th/9707089;hep-th/9707089;0;29;29
0909.3153;0909.3153;0;90;90
0910.4976;0910.4976;0;24;24
0804.0489;0804.0489;0;8;8
hep-th/9502160;hep-th/9502160;5;7;12
quant-ph/0604162;quant-ph/0604162;1;10;11
cond-mat/0410212;cond-mat/0410212;1;2;3
cond-mat/0410408;cond-mat/0410408;10;0;10
hep-th/9602134;hep-th/9602134;1;8;9
cond-mat/0607394;cond-mat/0607394;1;4;5
hep-th/0412107;hep-th/0412107;0;1;1
hep-th/0412232;hep-th/0412232;0;9;9
math-ph/0311003;math-ph/0311003;1;0;1
0908.2663;0908.2663;0;49;49
0807.1394;0807.1394;0;15;15
hep-lat/0604011;hep-lat/0604011;1;4;5
hep-lat/0501017;hep-lat/0501017;1;3;4
hep-th/0412100;hep-th/0412100;1;25;26
hep-th/0404148;hep-th/0404148;3;13;16
hep-ph/0104199;hep-ph/0104199;3;12;15
hep-th/0605009;hep-th/0605009;0;1;1
hep-th/9612107;hep-th/9612107;3;0;3
hep-th/0110032;hep-th/0110032;0;26;26
0711.1206;0711.1206;0;3;3
0705.0866;0705.0866;0;13;13
0803.1106;0803.1106;0;44;44
quant-ph/0210195;quant-ph/0210195;1;1;2
hep-lat/9607044;hep-lat/9607044;2;1;3
0709.2267;0709.2267;0;17;17
hep-ph/9608420;hep-ph/9608420;3;34;37
hep-th/9607117;hep-th/9607117;4;15;19
gr-qc/9703087;gr-qc/9703087;3;5;8
0708.2144;0708.2144;0;5;5
math/0607438;math/0607438;4;0;4
0806.4212;0806.4212;0;17;17
0706.2793;0706.2793;0;13;13
hep-th/0408117;hep-th/0408117;2;19;21
hep-ph/0601256;hep-ph/0601256;3;4;7
0706.1534;0706.1534;0;24;24
hep-ph/0111010;hep-ph/0111010;1;0;1
astro-ph/0002453;astro-ph/0002453;4;0;4
0802.1950;0802.1950;0;12;12
hep-th/0511178;hep-th/0511178;9;9;18
hep-th/9911153;hep-th/9911153;15;16;31
hep-th/0101217;hep-th/0101217;1;9;10
hep-th/0101214;hep-th/0101214;3;17;20
hep-th/0004182;hep-th/0004182;2;9;11
hep-th/0011058;hep-th/0011058;3;4;7
0706.1538;0706.1538;0;12;12
0807.1995;0807.1995;0;6;6
hep-th/0205029;hep-th/0205029;6;2;8
hep-th/9208073;hep-th/9208073;2;2;4
hep-th/9812106;hep-th/9812106;3;6;9
hep-th/0111265;hep-th/0111265;4;8;12
hep-th/0107064;hep-th/0107064;4;7;11
0910.3615;0910.3615;0;16;16
0910.3616;0910.3616;0;46;46
quant-ph/9612025;quant-ph/9612025;3;2;5
quant-ph/9607020;quant-ph/9607020;2;1;3
quant-ph/9607019;quant-ph/9607019;2;0;2
0904.4447;0904.4447;0;54;54
quant-ph/9601015;quant-ph/9601015;3;0;3
hep-th/0412013;hep-th/0412013;2;9;11
hep-th/0202053;hep-th/0202053;3;23;26
hep-th/0412012;hep-th/0412012;4;57;61
hep-th/0308186;hep-th/0308186;3;14;17
hep-th/9211022;hep-th/9211022;1;0;1
hep-th/0312138;hep-th/0312138;3;19;22
quant-ph/0008040;quant-ph/0008040;2;1;3
hep-th/0106282;hep-th/0106282;14;33;47
hep-th/0207184;hep-th/0207184;1;13;14
hep-th/0209115;hep-th/0209115;4;18;22
hep-th/0304221;hep-th/0304221;5;20;25
hep-th/0207020;hep-th/0207020;8;12;20
hep-th/0412019;hep-th/0412019;1;8;9
hep-th/9808001;hep-th/9808001;6;4;10
cond-mat/0408630;cond-mat/0408630;1;8;9
cond-mat/0311226;cond-mat/0311226;2;7;9
0801.1722;0801.1722;0;2;2
0912.5490;0912.5490;0;8;8
hep-th/0405052;hep-th/0405052;1;6;7
hep-th/9201012;hep-th/9201012;1;0;1
0804.4488;0804.4488;0;3;3
0905.4373;0905.4373;0;21;21
0902.0855;0902.0855;0;1;1
0804.4487;0804.4487;0;18;18
0802.3330;0802.3330;0;30;30
hep-lat/9210031;hep-lat/9210031;0;2;2
hep-th/9111060;hep-th/9111060;2;0;2
hep-th/0306248;hep-th/0306248;4;29;33
hep-th/0102152;hep-th/0102152;1;7;8
gr-qc/9702052;gr-qc/9702052;7;1;8
gr-qc/9611030;gr-qc/9611030;1;11;12
0902.2899;0902.2899;0;2;2
0902.0856;0902.0856;0;7;7
hep-th/0508088;hep-th/0508088;2;4;6
gr-qc/0507103;gr-qc/0507103;2;2;4
0910.3819;0910.3819;0;3;3
hep-ph/0302160;hep-ph/0302160;5;8;13
0903.4712;0903.4712;0;6;6
0709.2992;0709.2992;0;58;58
cond-mat/9805096;cond-mat/9805096;4;0;4
hep-th/9702005;hep-th/9702005;8;14;22
cond-mat/9709309;cond-mat/9709309;2;0;2
hep-th/9401087;hep-th/9401087;2;0;2
cond-mat/9703136;cond-mat/9703136;5;0;5
0909.4873;0909.4873;0;10;10
0912.3074;0912.3074;0;15;15
0808.0504;0808.0504;0;11;11
hep-ph/9708307;hep-ph/9708307;0;14;14
0912.2944;0912.2944;0;1;1
0810.1743;0810.1743;0;64;64
hep-ph/0008116;hep-ph/0008116;10;6;16
0912.3072;0912.3072;0;12;12
0709.2069;0709.2069;0;24;24
q-alg/9707017;q-alg/9707017;3;2;5
hep-th/0504001;hep-th/0504001;8;150;158
q-alg/9701008;q-alg/9701008;7;0;7
math/0508402;math/0508402;1;3;4
hep-th/0010277;hep-th/0010277;11;0;11
hep-th/0503014;hep-th/0503014;3;11;14
hep-th/0403194;hep-th/0403194;1;14;15
hep-th/0201178;hep-th/0201178;1;58;59
hep-th/9811165;hep-th/9811165;5;13;18
q-alg/9512024;q-alg/9512024;0;1;1
q-alg/9512020;q-alg/9512020;0;9;9
hep-th/9402132;hep-th/9402132;2;6;8
0909.3064;0909.3064;0;2;2
0909.3065;0909.3065;0;3;3
math-ph/0701016;math-ph/0701016;1;3;4
math-ph/0407060;math-ph/0407060;6;0;6
hep-th/0411051;hep-th/0411051;5;2;7
math/0207042;math/0207042;1;1;2
math/0303157;math/0303157;2;0;2
0908.2657;0908.2657;0;26;26
hep-th/9912292;hep-th/9912292;2;16;18
0807.1567;0807.1567;0;19;19
0909.2333;0909.2333;0;12;12
hep-th/0608014;hep-th/0608014;2;55;57
0909.2330;0909.2330;0;9;9
0802.3266;0802.3266;0;22;22
hep-th/0501152;hep-th/0501152;2;3;5
hep-th/0701100;hep-th/0701100;0;8;8
0903.4717;0903.4717;0;4;4
0909.4791;0909.4791;0;8;8
0709.2187;0709.2187;0;11;11
0807.1564;0807.1564;0;35;35
hep-th/0702207;hep-th/0702207;12;0;12
hep-th/0611118;hep-th/0611118;1;12;13
hep-th/0607177;hep-th/0607177;5;6;11
hep-th/0604127;hep-th/0604127;5;21;26
hep-th/9609234;hep-th/9609234;8;19;27
hep-th/0611113;hep-th/0611113;4;15;19
hep-th/0405091;hep-th/0405091;6;23;29
hep-th/0611112;hep-th/0611112;5;21;26
hep-th/9804077;hep-th/9804077;0;3;3
hep-th/9804075;hep-th/9804075;1;10;11
hep-th/9710031;hep-th/9710031;4;14;18
hep-th/9710021;hep-th/9710021;7;23;30
hep-th/9609183;hep-th/9609183;8;10;18
hep-th/9901084;hep-th/9901084;2;18;20
hep-th/9602055;hep-th/9602055;4;4;8
hep-th/9906007;hep-th/9906007;3;3;6
hep-th/9403101;hep-th/9403101;2;0;2
hep-th/0001021;hep-th/0001021;3;16;19
hep-th/9903189;hep-th/9903189;3;1;4
hep-th/9408012;hep-th/9408012;2;1;3
hep-th/9311088;hep-th/9311088;3;4;7
hep-th/9605073;hep-th/9605073;8;15;23
hep-th/9705014;hep-th/9705014;6;18;24
hep-th/9705012;hep-th/9705012;0;14;14
hep-th/9612239;hep-th/9612239;1;26;27
hep-th/9507075;hep-th/9507075;2;7;9
hep-th/9311127;hep-th/9311127;3;4;7
hep-th/0411090;hep-th/0411090;0;1;1
hep-th/0411091;hep-th/0411091;0;6;6
0802.3802;0802.3802;0;18;18
gr-qc/0107072;gr-qc/0107072;1;0;1
0902.1242;0902.1242;0;1;1
0710.0756;0710.0756;0;15;15
gr-qc/0303038;gr-qc/0303038;6;34;40
0910.5615;0910.5615;0;6;6
hep-th/0612291;hep-th/0612291;6;8;14
0811.4044;0811.4044;0;20;20
0806.1197;0806.1197;0;16;16
0708.1217;0708.1217;0;9;9
hep-th/0609178;hep-th/0609178;2;7;9
hep-th/0303177;hep-th/0303177;3;11;14
hep-ph/0212196;hep-ph/0212196;2;5;7
hep-th/9811158;hep-th/9811158;2;4;6
hep-ph/0212197;hep-ph/0212197;1;22;23
0908.2895;0908.2895;0;9;9
gr-qc/0312126;gr-qc/0312126;1;6;7
hep-th/9505013;hep-th/9505013;3;0;3
hep-ph/0411260;hep-ph/0411260;7;18;25
0908.2896;0908.2896;0;6;6
0904.0753;0904.0753;0;13;13
hep-th/9612237;hep-th/9612237;12;7;19
hep-th/0209053;hep-th/0209053;2;7;9
cond-mat/0307355;cond-mat/0307355;2;3;5
hep-th/9402013;hep-th/9402013;1;3;4
hep-th/9402014;hep-th/9402014;4;1;5
hep-th/9305046;hep-th/9305046;6;1;7
0806.0686;0806.0686;0;42;42
hep-th/0512269;hep-th/0512269;5;30;35
hep-th/9402019;hep-th/9402019;0;1;1
hep-ph/0111208;hep-ph/0111208;4;6;10
hep-ph/0209015;hep-ph/0209015;1;8;9
0901.3252;0901.3252;0;42;42
0810.2015;0810.2015;0;4;4
0812.3192;0812.3192;0;11;11
hep-th/9903105;hep-th/9903105;2;25;27
hep-th/0001088;hep-th/0001088;2;10;12
0705.0143;0705.0143;0;5;5
0806.4292;0806.4292;0;27;27
hep-th/0610014;hep-th/0610014;2;39;41
hep-th/9302064;hep-th/9302064;5;1;6
0803.1458;0803.1458;0;3;3
hep-th/0606216;hep-th/0606216;1;10;11
hep-th/0601050;hep-th/0601050;2;29;31
hep-th/0103225;hep-th/0103225;1;6;7
hep-th/0102186;hep-th/0102186;2;0;2
math/0603414;math/0603414;1;9;10
hep-th/0606210;hep-th/0606210;5;22;27
hep-th/0503012;hep-th/0503012;1;10;11
hep-th/0409026;hep-th/0409026;4;11;15
cond-mat/0412372;cond-mat/0412372;3;9;12
hep-th/0503011;hep-th/0503011;1;7;8
nucl-th/9912035;nucl-th/9912035;2;2;4
hep-th/0403215;hep-th/0403215;3;10;13
hep-th/9809071;hep-th/9809071;3;4;7
hep-th/0503015;hep-th/0503015;8;42;50
0904.1420;0904.1420;0;16;16
hep-th/0002208;hep-th/0002208;3;2;5
0801.4594;0801.4594;0;24;24
0806.1119;0806.1119;0;18;18
hep-th/0012101;hep-th/0012101;5;7;12
0809.2048;0809.2048;0;31;31
hep-th/0103222;hep-th/0103222;7;33;40
hep-th/9305176;hep-th/9305176;2;1;3
hep-th/9302019;hep-th/9302019;3;0;3
hep-th/9305170;hep-th/9305170;2;4;6
gr-qc/9210007;gr-qc/9210007;1;1;2
hep-th/9205101;hep-th/9205101;2;4;6
0811.4477;0811.4477;0;26;26
hep-th/0207090;hep-th/0207090;3;9;12
0910.5303;0910.5303;0;19;19
0902.0129;0902.0129;0;43;43
astro-ph/0611299;astro-ph/0611299;12;16;28
math/9907023;math/9907023;5;3;8
hep-th/0305186;hep-th/0305186;1;9;10
q-alg/9603006;q-alg/9603006;0;3;3
hep-th/9406084;hep-th/9406084;1;5;6
q-alg/9603004;q-alg/9603004;4;6;10
hep-th/9405142;hep-th/9405142;1;3;4
hep-th/9405169;hep-th/9405169;3;1;4
q-alg/9603003;q-alg/9603003;2;1;3
hep-th/0308101;hep-th/0308101;3;45;48
hep-th/0205091;hep-th/0205091;5;0;5
hep-th/9608031;hep-th/9608031;8;2;10
hep-th/9211092;hep-th/9211092;2;3;5
hep-th/9110005;hep-th/9110005;10;0;10
hep-th/9702088;hep-th/9702088;8;10;18
hep-th/0308100;hep-th/0308100;0;3;3
hep-ph/0003060;hep-ph/0003060;1;2;3
hep-th/0105074;hep-th/0105074;0;4;4
hep-th/9608033;hep-th/9608033;4;2;6
hep-th/9802137;hep-th/9802137;1;0;1
hep-th/9705184;hep-th/9705184;3;2;5
hep-th/9812064;hep-th/9812064;4;3;7
hep-th/0105072;hep-th/0105072;0;4;4
hep-th/0105073;hep-th/0105073;0;1;1
hep-ph/9511261;hep-ph/9511261;3;3;6
hep-th/0612164;hep-th/0612164;1;7;8
hep-th/9404110;hep-th/9404110;2;8;10
hep-th/9401127;hep-th/9401127;3;4;7
hep-th/9311096;hep-th/9311096;3;0;3
hep-th/9212104;hep-th/9212104;11;2;13
hep-th/9404117;hep-th/9404117;0;1;1
hep-th/9404016;hep-th/9404016;2;0;2
q-alg/9612001;q-alg/9612001;2;16;18
q-alg/9511003;q-alg/9511003;3;6;9
gr-qc/0703142;gr-qc/0703142;3;21;24
gr-qc/9912063;gr-qc/9912063;5;4;9
hep-ph/0505186;hep-ph/0505186;1;6;7
hep-th/0209006;hep-th/0209006;7;1;8
hep-th/0311211;hep-th/0311211;3;19;22
gr-qc/9409045;gr-qc/9409045;2;0;2
0902.4586;0902.4586;1;30;31
hep-th/9304024;hep-th/9304024;5;6;11
hep-th/9205078;hep-th/9205078;4;3;7
hep-th/9305074;hep-th/9305074;5;0;5
0810.4895;0810.4895;0;8;8
hep-th/9401090;hep-th/9401090;0;2;2
hep-th/9401097;hep-th/9401097;1;1;2
hep-th/9401094;hep-th/9401094;0;11;11
hep-th/9210028;hep-th/9210028;4;3;7
hep-th/9209061;hep-th/9209061;1;2;3
hep-th/9305080;hep-th/9305080;23;9;32
hep-th/9310115;hep-th/9310115;6;5;11
hep-th/9609131;hep-th/9609131;2;8;10
hep-th/9609137;hep-th/9609137;2;21;23
hep-th/9505043;hep-th/9505043;4;7;11
hep-th/9603128;hep-th/9603128;6;8;14
hep-th/9609136;hep-th/9609136;1;3;4
hep-th/9609134;hep-th/9609134;1;4;5
hep-lat/0609017;hep-lat/0609017;1;5;6
hep-lat/0602022;hep-lat/0602022;3;14;17
0905.3387;0905.3387;0;11;11
hep-th/0104031;hep-th/0104031;0;126;126
hep-th/9912017;hep-th/9912017;8;3;11
hep-th/0008029;hep-th/0008029;4;22;26
hep-th/0104030;hep-th/0104030;0;1;1
hep-th/0104033;hep-th/0104033;0;7;7
hep-th/0101021;hep-th/0101021;1;10;11
hep-th/0104034;hep-th/0104034;1;5;6
hep-th/0011123;hep-th/0011123;4;0;4
0901.1646;0901.1646;0;24;24
0901.1644;0901.1644;0;5;5
hep-ph/9406388;hep-ph/9406388;1;3;4
hep-th/9608022;hep-th/9608022;6;6;12
hep-th/9908067;hep-th/9908067;1;11;12
math/9905101;math/9905101;5;0;5
hep-th/9912184;hep-th/9912184;8;26;34
0912.1938;0912.1938;0;9;9
0909.3852;0909.3852;0;47;47
0705.4642;0705.4642;0;30;30
0806.2496;0806.2496;0;5;5
0711.1870;0711.1870;0;25;25
math/9907048;math/9907048;1;1;2
hep-th/9304035;hep-th/9304035;7;0;7
math-ph/9808012;math-ph/9808012;6;0;6
hep-th/0009208;hep-th/0009208;1;5;6
math/0309175;math/0309175;1;11;12
hep-th/0103044;hep-th/0103044;5;12;17
hep-th/0303137;hep-th/0303137;2;8;10
hep-th/0303136;hep-th/0303136;1;2;3
hep-ph/9901226;hep-ph/9901226;8;0;8
hep-th/0203266;hep-th/0203266;4;37;41
hep-th/0303134;hep-th/0303134;2;13;15
quant-ph/9611053;quant-ph/9611053;2;0;2
hep-th/0303132;hep-th/0303132;1;8;9
hep-th/0303130;hep-th/0303130;2;8;10
hep-th/0604104;hep-th/0604104;1;27;28
hep-th/0506221;hep-th/0506221;1;22;23
hep-th/0604105;hep-th/0604105;0;6;6
astro-ph/0001213;astro-ph/0001213;7;0;7
physics/0307131;physics/0307131;2;4;6
0711.3435;0711.3435;0;24;24
hep-th/0203026;hep-th/0203026;11;8;19
quant-ph/0404042;quant-ph/0404042;13;18;31
hep-th/0406037;hep-th/0406037;4;0;4
hep-th/0404070;hep-th/0404070;3;4;7
0711.3436;0711.3436;0;6;6
hep-th/0604108;hep-th/0604108;4;42;46
hep-th/0511298;hep-th/0511298;4;24;28
hep-th/0604109;hep-th/0604109;0;6;6
0907.0082;0907.0082;0;3;3
hep-th/0101079;hep-th/0101079;10;0;10
0907.4795;0907.4795;0;10;10
hep-th/0210286;hep-th/0210286;3;7;10
0712.3938;0712.3938;0;36;36
0902.1743;0902.1743;0;25;25
hep-th/0405151;hep-th/0405151;2;33;35
0902.0614;0902.0614;0;12;12
hep-th/9809044;hep-th/9809044;1;15;16
hep-th/9711125;hep-th/9711125;1;12;13
0805.1229;0805.1229;0;18;18
hep-ph/0604045;hep-ph/0604045;0;7;7
hep-th/0601043;hep-th/0601043;1;1;2
hep-ph/0508294;hep-ph/0508294;1;7;8
hep-th/0103028;hep-th/0103028;7;12;19
hep-th/9910141;hep-th/9910141;5;0;5
quant-ph/9910116;quant-ph/9910116;4;1;5
hep-th/9709175;hep-th/9709175;5;3;8
0903.4610;0903.4610;0;30;30
0911.2477;0911.2477;0;14;14
hep-th/0702213;hep-th/0702213;1;3;4
0901.1939;0901.1939;0;30;30
hep-th/9612057;hep-th/9612057;2;4;6
hep-ph/9601348;hep-ph/9601348;1;6;7
hep-th/9606110;hep-th/9606110;4;2;6
hep-th/9601147;hep-th/9601147;4;0;4
0809.3951;0809.3951;0;35;35
hep-th/0307130;hep-th/0307130;4;30;34
hep-th/0303074;hep-th/0303074;4;28;32
hep-th/9605164;hep-th/9605164;2;10;12
hep-th/9210140;hep-th/9210140;5;1;6
hep-th/9407174;hep-th/9407174;2;0;2
hep-th/9605165;hep-th/9605165;0;2;2
hep-th/9602003;hep-th/9602003;3;0;3
funct-an/9605002;funct-an/9605002;2;1;3
hep-th/9605160;hep-th/9605160;1;4;5
hep-th/9404070;hep-th/9404070;3;3;6
hep-th/9407126;hep-th/9407126;3;4;7
hep-th/9603102;hep-th/9603102;2;3;5
hep-th/0102086;hep-th/0102086;3;7;10
hep-th/0006082;hep-th/0006082;1;0;1
hep-th/9912203;hep-th/9912203;3;17;20
hep-th/0102081;hep-th/0102081;2;5;7
hep-th/9509053;hep-th/9509053;3;3;6
gr-qc/9705082;gr-qc/9705082;5;25;30
hep-th/9604159;hep-th/9604159;6;15;21
hep-th/9706053;hep-th/9706053;3;10;13
hep-th/9709020;hep-th/9709020;1;4;5
hep-th/9709026;hep-th/9709026;0;3;3
hep-th/9511035;hep-th/9511035;1;0;1
hep-th/0605033;hep-th/0605033;4;25;29
hep-th/0312258;hep-th/0312258;6;18;24
hep-th/0512147;hep-th/0512147;3;21;24
gr-qc/0603125;gr-qc/0603125;2;1;3
hep-ph/0211092;hep-ph/0211092;0;1;1
0708.1154;0708.1154;0;21;21
astro-ph/0601194;astro-ph/0601194;2;4;6
hep-th/9312163;hep-th/9312163;0;1;1
hep-th/9304147;hep-th/9304147;9;0;9
hep-th/9312160;hep-th/9312160;4;4;8
hep-th/9312129;hep-th/9312129;4;0;4
q-alg/9508013;q-alg/9508013;1;3;4
hep-th/9408008;hep-th/9408008;2;0;2
hep-th/9403162;hep-th/9403162;5;1;6
math-ph/0212013;math-ph/0212013;0;9;9
math-ph/0104026;math-ph/0104026;2;0;2
hep-th/9904081;hep-th/9904081;2;13;15
astro-ph/9910093;astro-ph/9910093;7;1;8
hep-th/9909025;hep-th/9909025;5;8;13
hep-th/9204050;hep-th/9204050;7;0;7
0805.4196;0805.4196;0;18;18
hep-th/0208206;hep-th/0208206;3;15;18
gr-qc/0003058;gr-qc/0003058;12;3;15
hep-th/0201164;hep-th/0201164;5;6;11
hep-th/0611103;hep-th/0611103;1;7;8
hep-th/9409083;hep-th/9409083;5;0;5
hep-th/9502127;hep-th/9502127;2;6;8
hep-th/9210038;hep-th/9210038;13;0;13
hep-th/9303154;hep-th/9303154;8;4;12
hep-th/9401106;hep-th/9401106;6;3;9
hep-th/9302130;hep-th/9302130;7;1;8
hep-th/9502123;hep-th/9502123;0;3;3
0706.3214;0706.3214;0;19;19
hep-ph/0512113;hep-ph/0512113;0;13;13
hep-ph/0210033;hep-ph/0210033;1;12;13
hep-th/9203035;hep-th/9203035;8;0;8
0706.3215;0706.3215;0;7;7
cond-mat/0612220;cond-mat/0612220;1;0;1
hep-th/9406181;hep-th/9406181;0;7;7
hep-th/9405201;hep-th/9405201;2;2;4
hep-th/9406116;hep-th/9406116;3;1;4
hep-th/9406182;hep-th/9406182;1;3;4
hep-th/9406187;hep-th/9406187;0;5;5
hep-th/9209060;hep-th/9209060;3;0;3
hep-th/9306151;hep-th/9306151;1;4;5
quant-ph/0406200;quant-ph/0406200;1;1;2
0705.4214;0705.4214;0;42;42
0705.4216;0705.4216;0;20;20
gr-qc/0512109;gr-qc/0512109;6;34;40
hep-ph/0611172;hep-ph/0611172;0;10;10
hep-ph/0610130;hep-ph/0610130;1;16;17
0808.2730;0808.2730;0;9;9
0902.2245;0902.2245;0;14;14
0801.4215;0801.4215;0;16;16
0801.4214;0801.4214;0;7;7
0801.4216;0801.4216;0;18;18
hep-th/9403007;hep-th/9403007;0;3;3
hep-th/9402003;hep-th/9402003;1;1;2
hep-th/9403006;hep-th/9403006;0;5;5
hep-th/9403005;hep-th/9403005;0;1;1
hep-th/9607142;hep-th/9607142;0;3;3
hep-th/9607103;hep-th/9607103;1;1;2
hep-th/9502130;hep-th/9502130;4;5;9
hep-th/9907069;hep-th/9907069;1;10;11
0901.0227;0901.0227;0;3;3
0803.2659;0803.2659;0;30;30
hep-th/0604083;hep-th/0604083;6;22;28
0810.0889;0810.0889;0;13;13
hep-ph/0702195;hep-ph/0702195;4;6;10
0808.2901;0808.2901;0;23;23
hep-th/0601226;hep-th/0601226;1;6;7
hep-th/0210100;hep-th/0210100;4;13;17
hep-th/0505191;hep-th/0505191;1;2;3
hep-th/0601094;hep-th/0601094;4;3;7
hep-th/0601220;hep-th/0601220;1;43;44
hep-th/0005111;hep-th/0005111;7;52;59
hep-th/0601221;hep-th/0601221;0;13;13
hep-th/0512128;hep-th/0512128;1;0;1
hep-th/0511241;hep-th/0511241;1;67;68
math/0603361;math/0603361;0;5;5
math-ph/0411062;math-ph/0411062;8;4;12
math/0207085;math/0207085;5;6;11
math/0511337;math/0511337;3;5;8
0712.1647;0712.1647;0;4;4
hep-th/0612264;hep-th/0612264;1;5;6
astro-ph/0009368;astro-ph/0009368;1;2;3
0709.3940;0709.3940;0;21;21
0809.3958;0809.3958;0;8;8
hep-th/9310075;hep-th/9310075;2;5;7
hep-th/0511019;hep-th/0511019;3;16;19
0806.2441;0806.2441;0;28;28
nlin/0512042;nlin/0512042;0;10;10
nlin/0406032;nlin/0406032;1;0;1
nlin/0010041;nlin/0010041;2;1;3
nlin/0410049;nlin/0410049;5;0;5
cond-mat/0509262;cond-mat/0509262;0;3;3
cond-mat/0501476;cond-mat/0501476;2;2;4
math-ph/0209031;math-ph/0209031;0;4;4
cond-mat/9705303;cond-mat/9705303;1;4;5
hep-th/0410019;hep-th/0410019;2;48;50
hep-th/9504004;hep-th/9504004;2;9;11
hep-th/9504007;hep-th/9504007;4;16;20
hep-th/9404146;hep-th/9404146;3;4;7
hep-th/9504003;hep-th/9504003;0;7;7
0911.0640;0911.0640;0;3;3
hep-th/9504008;hep-th/9504008;0;2;2
hep-th/9410144;hep-th/9410144;1;0;1
hep-th/9303062;hep-th/9303062;6;0;6
0903.2872;0903.2872;0;15;15
0905.2300;0905.2300;0;2;2
0905.1355;0905.1355;0;7;7
0905.4184;0905.4184;0;12;12
0905.4180;0905.4180;0;7;7
0705.1368;0705.1368;0;17;17
hep-th/9412116;hep-th/9412116;7;2;9
0812.1564;0812.1564;0;1;1
hep-th/9807203;hep-th/9807203;6;10;16
0705.0018;0705.0018;0;23;23
hep-lat/0611019;hep-lat/0611019;1;12;13
hep-th/9905164;hep-th/9905164;1;1;2
0705.0013;0705.0013;0;36;36
hep-th/9709055;hep-th/9709055;12;14;26
0705.0016;0705.0016;0;51;51
hep-th/9903135;hep-th/9903135;3;5;8
hep-th/9512033;hep-th/9512033;2;0;2
0705.3291;0705.3291;0;7;7
hep-th/0608196;hep-th/0608196;4;1;5
gr-qc/0512029;gr-qc/0512029;5;8;13
hep-th/0603177;hep-th/0603177;18;21;39
hep-th/9905166;hep-th/9905166;1;4;5
hep-th/9801096;hep-th/9801096;3;3;6
hep-th/0607063;hep-th/0607063;1;22;23
hep-th/9711204;hep-th/9711204;2;9;11
astro-ph/0110193;astro-ph/0110193;0;7;7
hep-th/9905160;hep-th/9905160;0;19;19
hep-th/0012246;hep-th/0012246;1;21;22
cond-mat/9601111;cond-mat/9601111;3;2;5
hep-ph/0405104;hep-ph/0405104;5;15;20
hep-ph/0208021;hep-ph/0208021;9;10;19
hep-th/9603138;hep-th/9603138;3;6;9
hep-th/9503110;hep-th/9503110;3;0;3
hep-th/9507004;hep-th/9507004;2;10;12
hep-th/0409137;hep-th/0409137;0;32;32
hep-th/9603137;hep-th/9603137;1;2;3
hep-th/9505176;hep-th/9505176;2;1;3
hep-th/9603131;hep-th/9603131;1;6;7
hep-th/9502055;hep-th/9502055;1;0;1
hep-th/9603130;hep-th/9603130;0;3;3
hep-th/9603132;hep-th/9603132;0;2;2
hep-ph/0004039;hep-ph/0004039;1;2;3
hep-ph/9804351;hep-ph/9804351;3;9;12
physics/9702033;physics/9702033;0;4;4
0708.3148;0708.3148;0;22;22
0710.3079;0710.3079;0;17;17
hep-th/0401022;hep-th/0401022;2;3;5
0712.4167;0712.4167;0;36;36
0708.3143;0708.3143;0;41;41
hep-th/0310075;hep-th/0310075;3;39;42
hep-ph/0105307;hep-ph/0105307;1;16;17
0905.4720;0905.4720;0;25;25
hep-th/0511051;hep-th/0511051;3;40;43
hep-th/0309231;hep-th/0309231;1;19;20
hep-th/0209239;hep-th/0209239;8;20;28
hep-th/0303248;hep-th/0303248;1;22;23
hep-th/0211172;hep-th/0211172;10;28;38
hep-th/0412065;hep-th/0412065;5;5;10
quant-ph/0608119;quant-ph/0608119;3;2;5
cond-mat/0610530;cond-mat/0610530;1;6;7
hep-lat/0506009;hep-lat/0506009;1;6;7
hep-ph/9808295;hep-ph/9808295;1;1;2
0906.3568;0906.3568;0;3;3
hep-ph/9808292;hep-ph/9808292;0;1;1
hep-ph/9801391;hep-ph/9801391;1;0;1
0910.2609;0910.2609;0;92;92
0905.0405;0905.0405;0;27;27
gr-qc/9804056;gr-qc/9804056;5;7;12
hep-th/0602144;hep-th/0602144;1;37;38
hep-th/0412180;hep-th/0412180;3;30;33
hep-th/0405120;hep-th/0405120;2;19;21
gr-qc/0507101;gr-qc/0507101;4;40;44
gr-qc/0412105;gr-qc/0412105;2;21;23
gr-qc/0501064;gr-qc/0501064;6;30;36
hep-th/0507183;hep-th/0507183;2;20;22
hep-th/0507216;hep-th/0507216;1;5;6
hep-th/9505066;hep-th/9505066;0;1;1
hep-th/0210189;hep-th/0210189;2;10;12
hep-th/0111089;hep-th/0111089;12;29;41
0704.1734;0704.1734;0;7;7
0704.1733;0704.1733;0;22;22
hep-th/0006016;hep-th/0006016;2;21;23
hep-th/9901049;hep-th/9901049;5;2;7
hep-th/0210307;hep-th/0210307;0;5;5
hep-th/0210306;hep-th/0210306;3;12;15
hep-th/0111026;hep-th/0111026;4;14;18
hep-th/0112106;hep-th/0112106;6;19;25
hep-th/0210304;hep-th/0210304;0;1;1
hep-th/0206238;hep-th/0206238;5;19;24
hep-th/0207077;hep-th/0207077;3;9;12
hep-th/0103232;hep-th/0103232;6;11;17
hep-th/0209048;hep-th/0209048;3;6;9
hep-th/0006094;hep-th/0006094;19;9;28
hep-th/0007095;hep-th/0007095;4;17;21
hep-th/0109083;hep-th/0109083;3;6;9
hep-th/0111157;hep-th/0111157;6;8;14
hep-th/0603075;hep-th/0603075;5;50;55
hep-th/0611207;hep-th/0611207;1;6;7
hep-th/0604027;hep-th/0604027;2;17;19
hep-th/0703208;hep-th/0703208;3;20;23
hep-th/0402108;hep-th/0402108;6;29;35
hep-th/0309101;hep-th/0309101;8;23;31
hep-th/0703044;hep-th/0703044;6;42;48
hep-th/9712246;hep-th/9712246;3;2;5
hep-th/0509080;hep-th/0509080;1;15;16
hep-th/0509086;hep-th/0509086;0;9;9
hep-th/0508189;hep-th/0508189;3;22;25
astro-ph/0411671;astro-ph/0411671;5;24;29
hep-th/0005038;hep-th/0005038;0;7;7
gr-qc/9905086;gr-qc/9905086;1;3;4
0906.2768;0906.2768;0;1;1
hep-th/0502031;hep-th/0502031;2;11;13
hep-th/0005030;hep-th/0005030;0;15;15
hep-th/0005033;hep-th/0005033;3;8;11
hep-th/0005035;hep-th/0005035;4;16;20
hep-th/0005034;hep-th/0005034;0;11;11
hep-th/9708033;hep-th/9708033;2;14;16
hep-th/9708038;hep-th/9708038;0;8;8
hep-th/0207258;hep-th/0207258;1;9;10
hep-lat/0209098;hep-lat/0209098;6;9;15
hep-th/9909185;hep-th/9909185;3;4;7
hep-th/0111137;hep-th/0111137;3;0;3
hep-th/0405002;hep-th/0405002;5;2;7
hep-th/0407182;hep-th/0407182;3;99;102
hep-th/0405003;hep-th/0405003;4;2;6
0804.2205;0804.2205;0;6;6
0901.3528;0901.3528;0;3;3
0804.2201;0804.2201;0;12;12
0809.1083;0809.1083;0;25;25
hep-th/9703099;hep-th/9703099;10;58;68
hep-th/0305255;hep-th/0305255;4;0;4
hep-th/0611199;hep-th/0611199;3;22;25
0809.1086;0809.1086;0;4;4
0809.1085;0809.1085;0;13;13
quant-ph/0208005;quant-ph/0208005;0;2;2
quant-ph/0009065;quant-ph/0009065;1;0;1
hep-th/9307103;hep-th/9307103;0;2;2
hep-th/9307101;hep-th/9307101;4;4;8
hep-th/9307105;hep-th/9307105;0;2;2
hep-th/9201068;hep-th/9201068;3;0;3
hep-th/0010178;hep-th/0010178;1;4;5
0712.3409;0712.3409;0;30;30
0911.2957;0911.2957;0;4;4
hep-th/0005144;hep-th/0005144;2;16;18
hep-th/0010172;hep-th/0010172;15;9;24
hep-th/0007171;hep-th/0007171;5;40;45
hep-th/9904096;hep-th/9904096;6;5;11
hep-ph/0210427;hep-ph/0210427;5;0;5
hep-lat/0702007;hep-lat/0702007;2;7;9
hep-lat/0510101;hep-lat/0510101;3;3;6
0908.3942;0908.3942;0;15;15
hep-th/9508128;hep-th/9508128;2;3;5
hep-th/9508126;hep-th/9508126;0;5;5
hep-th/9306026;hep-th/9306026;5;3;8
hep-th/9306025;hep-th/9306025;5;1;6
hep-th/9508127;hep-th/9508127;1;3;4
hep-th/9508125;hep-th/9508125;1;7;8
hep-th/9508122;hep-th/9508122;0;3;3
hep-ph/9312295;hep-ph/9312295;2;0;2
hep-th/9508123;hep-th/9508123;0;2;2
hep-th/9508120;hep-th/9508120;1;4;5
hep-th/9508121;hep-th/9508121;0;6;6
cond-mat/0604671;cond-mat/0604671;2;7;9
cond-mat/0505055;cond-mat/0505055;4;4;8
hep-ph/0210110;hep-ph/0210110;3;5;8
hep-th/0111282;hep-th/0111282;0;5;5
hep-th/0110199;hep-th/0110199;1;2;3
hep-th/0212309;hep-th/0212309;0;1;1
math/0510455;math/0510455;8;22;30
hep-th/0404194;hep-th/0404194;2;17;19
math/0505553;math/0505553;10;7;17
hep-th/0505083;hep-th/0505083;4;20;24
math/9912104;math/9912104;3;1;4
0908.1272;0908.1272;0;9;9
hep-th/9311174;hep-th/9311174;4;0;4
hep-th/0212301;hep-th/0212301;0;4;4
hep-th/0212173;hep-th/0212173;1;0;1
hep-th/0103040;hep-th/0103040;3;11;14
hep-th/0302044;hep-th/0302044;4;2;6
cond-mat/9509085;cond-mat/9509085;1;0;1
hep-th/0212304;hep-th/0212304;1;2;3
nucl-th/9707035;nucl-th/9707035;4;1;5
hep-th/0212306;hep-th/0212306;5;18;23
hep-th/0209194;hep-th/0209194;1;52;53
hep-th/0212102;hep-th/0212102;4;19;23
0905.0157;0905.0157;0;12;12
hep-th/9802146;hep-th/9802146;1;4;5
hep-th/9202007;hep-th/9202007;5;2;7
hep-th/9303019;hep-th/9303019;1;0;1
hep-th/0306285;hep-th/0306285;0;5;5
cond-mat/9812053;cond-mat/9812053;6;7;13
0910.5944;0910.5944;0;45;45
hep-th/9701191;hep-th/9701191;10;30;40
hep-th/0107151;hep-th/0107151;1;61;62
0903.4452;0903.4452;0;12;12
hep-th/0012192;hep-th/0012192;5;8;13
0806.1681;0806.1681;0;7;7
hep-th/0201190;hep-th/0201190;1;7;8
0709.2876;0709.2876;0;9;9
0910.4017;0910.4017;0;41;41
gr-qc/0212013;gr-qc/0212013;1;14;15
hep-ph/9903255;hep-ph/9903255;5;4;9
hep-th/0310261;hep-th/0310261;2;6;8
hep-th/0310260;hep-th/0310260;1;7;8
hep-th/0112096;hep-th/0112096;4;13;17
hep-th/0201192;hep-th/0201192;1;13;14
hep-th/9903148;hep-th/9903148;1;3;4
hep-th/0201193;hep-th/0201193;2;7;9
gr-qc/0602046;gr-qc/0602046;1;2;3
hep-th/0312278;hep-th/0312278;3;6;9
hep-th/0209130;hep-th/0209130;5;15;20
0806.3196;0806.3196;0;83;83
hep-th/0201194;hep-th/0201194;3;9;12
hep-th/0107176;hep-th/0107176;5;44;49
hep-th/0210098;hep-th/0210098;3;0;3
hep-th/0201195;hep-th/0201195;3;1;4
hep-th/0104144;hep-th/0104144;3;1;4
hep-th/9507039;hep-th/9507039;2;1;3
hep-th/9306094;hep-th/9306094;3;0;3
hep-th/9507031;hep-th/9507031;0;1;1
hep-th/9404048;hep-th/9404048;1;0;1
hep-th/9507030;hep-th/9507030;5;1;6
cond-mat/0510778;cond-mat/0510778;7;8;15
cond-mat/0504243;cond-mat/0504243;6;8;14
cond-mat/0503739;cond-mat/0503739;7;4;11
cond-mat/0404464;cond-mat/0404464;9;8;17
hep-th/0104241;hep-th/0104241;14;0;14
0810.5356;0810.5356;0;9;9
hep-ph/0111310;hep-ph/0111310;1;14;15
hep-th/0012256;hep-th/0012256;2;14;16
hep-ph/0107223;hep-ph/0107223;3;15;18
hep-th/0302226;hep-th/0302226;2;21;23
hep-th/0202166;hep-th/0202166;1;11;12
hep-th/0202160;hep-th/0202160;1;15;16
hep-th/0201220;hep-th/0201220;7;9;16
hep-lat/0004017;hep-lat/0004017;4;3;7
0907.2441;0907.2441;0;7;7
0901.1489;0901.1489;0;15;15
hep-th/9707046;hep-th/9707046;5;11;16
0901.1487;0901.1487;0;20;20
cond-mat/0612644;cond-mat/0612644;2;4;6
hep-th/9605006;hep-th/9605006;2;2;4
hep-th/9703206;hep-th/9703206;4;53;57
hep-th/9607054;hep-th/9607054;2;18;20
hep-th/9310017;hep-th/9310017;2;2;4
hep-th/0012088;hep-th/0012088;0;2;2
hep-th/0012114;hep-th/0012114;5;6;11
hep-th/0110076;hep-th/0110076;5;17;22
hep-th/9705111;hep-th/9705111;8;13;21
hep-th/0012082;hep-th/0012082;3;15;18
hep-th/0009007;hep-th/0009007;3;9;12
hep-th/0012086;hep-th/0012086;0;1;1
hep-lat/0509070;hep-lat/0509070;1;4;5
hep-lat/0306002;hep-lat/0306002;8;7;15
0812.2521;0812.2521;0;42;42
0806.0550;0806.0550;0;41;41
hep-th/9407113;hep-th/9407113;7;0;7
hep-th/0206179;hep-th/0206179;1;9;10
hep-th/9607009;hep-th/9607009;4;3;7
0903.0386;0903.0386;0;59;59
quant-ph/0301017;quant-ph/0301017;2;1;3
0708.3458;0708.3458;0;29;29
hep-th/0006037;hep-th/0006037;8;29;37
hep-th/0005250;hep-th/0005250;4;31;35
cond-mat/0008422;cond-mat/0008422;0;1;1
0711.3234;0711.3234;0;41;41
0809.4390;0809.4390;0;36;36
hep-ph/0607085;hep-ph/0607085;6;10;16
0711.3233;0711.3233;0;7;7
hep-th/0205030;hep-th/0205030;0;2;2
math-ph/0609079;math-ph/0609079;0;13;13
cond-mat/0109338;cond-mat/0109338;0;7;7
cond-mat/0108298;cond-mat/0108298;2;10;12
cond-mat/0011167;cond-mat/0011167;2;0;2
hep-th/9811125;hep-th/9811125;5;4;9
0807.0197;0807.0197;0;14;14
hep-th/0701179;hep-th/0701179;2;42;44
hep-th/0307124;hep-th/0307124;2;4;6
hep-th/9304038;hep-th/9304038;4;1;5
hep-th/0212320;hep-th/0212320;3;17;20
hep-th/0001155;hep-th/0001155;4;1;5
hep-th/0004053;hep-th/0004053;3;3;6
0712.1230;0712.1230;0;7;7
hep-th/0304041;hep-th/0304041;3;6;9
astro-ph/0210156;astro-ph/0210156;6;11;17
0904.1685;0904.1685;0;2;2
gr-qc/9405074;gr-qc/9405074;3;0;3
0903.3256;0903.3256;0;15;15
0810.0377;0810.0377;0;14;14
hep-th/0009020;hep-th/0009020;5;35;40
hep-th/0209078;hep-th/0209078;0;1;1
0811.2045;0811.2045;0;3;3
hep-th/0209073;hep-th/0209073;2;10;12
hep-th/0209072;hep-th/0209072;0;3;3
hep-th/0104132;hep-th/0104132;3;25;28
hep-th/0209070;hep-th/0209070;0;10;10
gr-qc/0205084;gr-qc/0205084;1;8;9
hep-th/0209075;hep-th/0209075;0;6;6
hep-th/9404177;hep-th/9404177;3;0;3
cond-mat/0505698;cond-mat/0505698;9;9;18
hep-th/0111103;hep-th/0111103;1;9;10
hep-th/0103154;hep-th/0103154;7;42;49
hep-th/9705145;hep-th/9705145;11;9;20
hep-th/9704164;hep-th/9704164;4;13;17
hep-th/9811058;hep-th/9811058;1;8;9
0909.0212;0909.0212;0;9;9
hep-th/0607090;hep-th/0607090;1;10;11
hep-th/0210063;hep-th/0210063;2;11;13
0909.3745;0909.3745;0;13;13
0704.0101;0704.0101;0;1;1
hep-th/0506140;hep-th/0506140;2;14;16
hep-ph/0301205;hep-ph/0301205;1;5;6
hep-th/9805195;hep-th/9805195;4;0;4
quant-ph/9507006;quant-ph/9507006;1;3;4
gr-qc/9411004;gr-qc/9411004;7;1;8
hep-th/9202022;hep-th/9202022;3;1;4
math/0505084;math/0505084;0;37;37
math/9810039;math/9810039;1;1;2
math/0411038;math/0411038;1;0;1
hep-th/0410195;hep-th/0410195;0;4;4
hep-th/0410196;hep-th/0410196;1;7;8
0710.3670;0710.3670;0;40;40
hep-th/0507121;hep-th/0507121;4;11;15
hep-ph/0610027;hep-ph/0610027;7;14;21
0804.0200;0804.0200;0;18;18
hep-th/0503069;hep-th/0503069;1;12;13
hep-th/0001016;hep-th/0001016;8;19;27
hep-th/9808057;hep-th/9808057;7;1;8
hep-th/0001015;hep-th/0001015;0;2;2
math-ph/9904026;math-ph/9904026;2;15;17
hep-th/9804041;hep-th/9804041;3;18;21
hep-th/9803094;hep-th/9803094;10;0;10
hep-th/0004023;hep-th/0004023;3;10;13
hep-th/0004026;hep-th/0004026;1;15;16
cond-mat/9904414;cond-mat/9904414;3;0;3
hep-th/0301008;hep-th/0301008;1;17;18
hep-ph/0407339;hep-ph/0407339;0;1;1
math-ph/0702066;math-ph/0702066;1;6;7
cond-mat/9412076;cond-mat/9412076;1;0;1
0704.2959;0704.2959;0;12;12
0811.4523;0811.4523;0;1;1
0811.4525;0811.4525;0;2;2
0802.3109;0802.3109;0;10;10
0709.0348;0709.0348;0;29;29
hep-th/0402099;hep-th/0402099;2;20;22
hep-th/9205005;hep-th/9205005;5;0;5
0904.3689;0904.3689;0;13;13
hep-th/0504069;hep-th/0504069;0;19;19
math/0504127;math/0504127;1;1;2
hep-th/0605257;hep-th/0605257;6;29;35
hep-th/0301119;hep-th/0301119;2;31;33
hep-th/0106006;hep-th/0106006;5;20;25
0907.2968;0907.2968;0;25;25
0709.1965;0709.1965;0;8;8
0806.4647;0806.4647;0;67;67
0811.2961;0811.2961;0;9;9
0811.2962;0811.2962;0;9;9
math/0201263;math/0201263;1;7;8
math/0111131;math/0111131;4;2;6
math/0112157;math/0112157;3;10;13
hep-ph/0612189;hep-ph/0612189;0;3;3
hep-th/9410177;hep-th/9410177;2;0;2
hep-th/9911227;hep-th/9911227;0;7;7
hep-th/0504129;hep-th/0504129;2;15;17
hep-th/0204139;hep-th/0204139;1;3;4
hep-th/0201229;hep-th/0201229;10;17;27
hep-ph/0203001;hep-ph/0203001;2;1;3
0805.4274;0805.4274;0;35;35
cond-mat/9805129;cond-mat/9805129;1;0;1
hep-th/0601019;hep-th/0601019;1;12;13
0712.1721;0712.1721;0;22;22
0901.3195;0901.3195;0;11;11
hep-th/0309189;hep-th/0309189;1;2;3
hep-th/0207045;hep-th/0207045;1;1;2
0804.0425;0804.0425;0;33;33
astro-ph/0701343;astro-ph/0701343;1;9;10
hep-th/9912011;hep-th/9912011;4;21;25
cond-mat/0306159;cond-mat/0306159;0;1;1
hep-th/0112134;hep-th/0112134;2;0;2
math-ph/0011024;math-ph/0011024;0;1;1
math-ph/0011026;math-ph/0011026;0;7;7
0707.1625;0707.1625;0;7;7
hep-th/0301102;hep-th/0301102;1;20;21
cond-mat/0208128;cond-mat/0208128;3;1;4
gr-qc/0203095;gr-qc/0203095;7;7;14
0712.2192;0712.2192;0;14;14
hep-th/9304109;hep-th/9304109;0;8;8
hep-th/9304100;hep-th/9304100;0;3;3
hep-th/9304105;hep-th/9304105;0;2;2
hep-th/9903167;hep-th/9903167;5;4;9
hep-th/0002097;hep-th/0002097;1;16;17
hep-th/9602084;hep-th/9602084;12;13;25
hep-lat/9710041;hep-lat/9710041;1;0;1
hep-th/0002092;hep-th/0002092;2;2;4
hep-th/9708115;hep-th/9708115;7;23;30
gr-qc/0006094;gr-qc/0006094;3;0;3
0807.3343;0807.3343;0;11;11
gr-qc/0001105;gr-qc/0001105;2;9;11
gr-qc/9907091;gr-qc/9907091;4;5;9
0707.3031;0707.3031;0;10;10
hep-ph/0312191;hep-ph/0312191;6;1;7
hep-th/0604076;hep-th/0604076;1;11;12
hep-th/0601061;hep-th/0601061;2;18;20
hep-th/0306073;hep-th/0306073;3;8;11
0706.1631;0706.1631;0;6;6
hep-th/0004001;hep-th/0004001;2;0;2
gr-qc/0103020;gr-qc/0103020;0;1;1
hep-th/9308017;hep-th/9308017;2;4;6
hep-th/0608041;hep-th/0608041;0;1;1
hep-th/0309178;hep-th/0309178;4;6;10
0905.4633;0905.4633;0;13;13
hep-th/0409316;hep-th/0409316;1;11;12
gr-qc/0310099;gr-qc/0310099;8;21;29
gr-qc/0306054;gr-qc/0306054;2;8;10
hep-th/9307188;hep-th/9307188;2;0;2
hep-th/9309003;hep-th/9309003;8;1;9
hep-th/9303174;hep-th/9303174;1;2;3
hep-th/9405165;hep-th/9405165;0;1;1
hep-th/9402024;hep-th/9402024;2;5;7
0903.0234;0903.0234;0;14;14
hep-th/0610330;hep-th/0610330;2;10;12
hep-th/0609053;hep-th/0609053;1;10;11
quant-ph/0004065;quant-ph/0004065;3;2;5
hep-th/0507276;hep-th/0507276;1;14;15
math-ph/0511002;math-ph/0511002;3;7;10
hep-th/0502139;hep-th/0502139;4;5;9
0805.1102;0805.1102;0;4;4
0706.2581;0706.2581;0;1;1
hep-th/0405289;hep-th/0405289;0;35;35
hep-th/9311028;hep-th/9311028;3;5;8
hep-th/9311021;hep-th/9311021;2;11;13
hep-th/9302071;hep-th/9302071;7;8;15
0707.1085;0707.1085;0;58;58
hep-th/0601026;hep-th/0601026;3;3;6
hep-th/0703056;hep-th/0703056;3;13;16
hep-th/9511063;hep-th/9511063;5;3;8
0711.2445;0711.2445;0;21;21
hep-th/0511017;hep-th/0511017;5;17;22
hep-th/0608004;hep-th/0608004;7;15;22
0712.3526;0712.3526;0;23;23
hep-th/0608048;hep-th/0608048;1;56;57
hep-th/0607194;hep-th/0607194;2;18;20
hep-th/0607195;hep-th/0607195;2;18;20
0807.3695;0807.3695;0;16;16
0705.0159;0705.0159;1;11;12
math/0102152;math/0102152;0;4;4
math/0009015;math/0009015;1;3;4
0910.0673;0910.0673;0;15;15
hep-th/0703098;hep-th/0703098;4;2;6
astro-ph/0607485;astro-ph/0607485;1;8;9
hep-th/0405280;hep-th/0405280;2;10;12
hep-th/9505104;hep-th/9505104;7;5;12
hep-th/9305021;hep-th/9305021;11;1;12
hep-th/9609072;hep-th/9609072;0;1;1
hep-th/9501130;hep-th/9501130;3;0;3
hep-th/9609078;hep-th/9609078;1;13;14
hep-th/9609079;hep-th/9609079;4;24;28
hep-th/9504076;hep-th/9504076;2;2;4
hep-th/9606151;hep-th/9606151;1;7;8
hep-th/0102151;hep-th/0102151;4;42;46
hep-th/0108004;hep-th/0108004;3;41;44
hep-th/0002165;hep-th/0002165;3;29;32
0708.3386;0708.3386;0;13;13
0707.4073;0707.4073;1;13;14
hep-ph/0412374;hep-ph/0412374;3;1;4
0810.5451;0810.5451;0;31;31
hep-th/0503209;hep-th/0503209;0;15;15
hep-th/0501037;hep-th/0501037;3;0;3
astro-ph/9903039;astro-ph/9903039;0;1;1
hep-th/0503206;hep-th/0503206;0;1;1
hep-th/0207210;hep-th/0207210;2;0;2
hep-th/0503204;hep-th/0503204;1;105;106
0905.0643;0905.0643;0;6;6
0905.0645;0905.0645;0;19;19
hep-th/0609058;hep-th/0609058;2;18;20
hep-th/9811041;hep-th/9811041;7;7;14
0905.2296;0905.2296;0;4;4
hep-th/0511192;hep-th/0511192;7;7;14
hep-th/0003019;hep-th/0003019;0;33;33
hep-th/0102153;hep-th/0102153;5;15;20
hep-th/9903147;hep-th/9903147;3;1;4
hep-th/9903141;hep-th/9903141;0;18;18
0710.1394;0710.1394;0;24;24
hep-th/9610060;hep-th/9610060;6;5;11
0907.2273;0907.2273;0;11;11
hep-th/9602106;hep-th/9602106;4;0;4
hep-th/9903150;hep-th/9903150;1;2;3
0808.3475;0808.3475;0;10;10
0710.1397;0710.1397;0;17;17
math-ph/0610073;math-ph/0610073;1;0;1
0705.0597;0705.0597;0;19;19
0902.4465;0902.4465;0;16;16
0911.5278;0911.5278;0;4;4
0811.3191;0811.3191;0;34;34
hep-ph/9803335;hep-ph/9803335;4;3;7
hep-th/0110065;hep-th/0110065;9;26;35
hep-ph/0205090;hep-ph/0205090;4;0;4
hep-th/0307242;hep-th/0307242;3;20;23
hep-th/0307135;hep-th/0307135;1;1;2
hep-th/0306157;hep-th/0306157;2;8;10
quant-ph/0604135;quant-ph/0604135;0;9;9
quant-ph/0508219;quant-ph/0508219;1;2;3
0909.2551;0909.2551;0;11;11
0904.1831;0904.1831;0;3;3
math-ph/0703030;math-ph/0703030;1;8;9
hep-th/0411069;hep-th/0411069;4;17;21
math-ph/9911018;math-ph/9911018;0;2;2
hep-th/9304082;hep-th/9304082;1;0;1
0903.4262;0903.4262;0;7;7
math-ph/9911012;math-ph/9911012;0;4;4
hep-th/9310084;hep-th/9310084;2;1;3
hep-th/9110066;hep-th/9110066;10;0;10
0906.1465;0906.1465;0;22;22
hep-th/9306152;hep-th/9306152;4;0;4
hep-th/9307144;hep-th/9307144;1;0;1
hep-th/9303130;hep-th/9303130;3;0;3
hep-th/9510198;hep-th/9510198;0;3;3
hep-th/9412120;hep-th/9412120;8;5;13
hep-th/9504094;hep-th/9504094;6;11;17
hep-th/9404079;hep-th/9404079;1;2;3
0912.2994;0912.2994;0;11;11
hep-th/9510191;hep-th/9510191;0;1;1
hep-ph/9407355;hep-ph/9407355;2;1;3
hep-th/9510064;hep-th/9510064;1;8;9
hep-th/9707109;hep-th/9707109;5;6;11
hep-th/9912078;hep-th/9912078;2;17;19
hep-th/0103250;hep-th/0103250;1;5;6
hep-th/9608030;hep-th/9608030;2;23;25
hep-th/9502048;hep-th/9502048;4;0;4
hep-th/9608032;hep-th/9608032;0;2;2
hep-th/9608036;hep-th/9608036;0;6;6
0712.1026;0712.1026;0;32;32
0901.3885;0901.3885;0;15;15
hep-th/9410101;hep-th/9410101;7;5;12
0712.1021;0712.1021;0;21;21
0801.4789;0801.4789;0;41;41
0710.2636;0710.2636;0;6;6
0710.1680;0710.1680;1;7;8
0905.1843;0905.1843;0;19;19
hep-th/0508070;hep-th/0508070;5;40;45
0710.2639;0710.2639;0;18;18
math-ph/0001026;math-ph/0001026;3;0;3
hep-th/9409189;hep-th/9409189;6;5;11
hep-ph/9808471;hep-ph/9808471;6;7;13
0712.0999;0712.0999;0;11;11
hep-th/0412020;hep-th/0412020;2;2;4
0911.2727;0911.2727;0;37;37
hep-th/0006099;hep-th/0006099;10;6;16
hep-th/0511188;hep-th/0511188;2;3;5
quant-ph/0311078;quant-ph/0311078;0;5;5
hep-th/0412060;hep-th/0412060;1;9;10
quant-ph/9908078;quant-ph/9908078;2;0;2
gr-qc/0406043;gr-qc/0406043;1;0;1
quant-ph/0310016;quant-ph/0310016;1;0;1
0910.4146;0910.4146;0;5;5
0807.3957;0807.3957;0;5;5
0709.0655;0709.0655;0;13;13
hep-ph/0506235;hep-ph/0506235;2;6;8
hep-ph/0512316;hep-ph/0512316;4;20;24
hep-th/9810238;hep-th/9810238;1;4;5
hep-th/9610048;hep-th/9610048;3;0;3
hep-th/9702085;hep-th/9702085;1;4;5
hep-th/9612064;hep-th/9612064;13;29;42
hep-th/9412026;hep-th/9412026;7;6;13
physics/9709011;physics/9709011;1;0;1
hep-th/0105080;hep-th/0105080;0;4;4
hep-th/0510016;hep-th/0510016;1;7;8
hep-th/0312272;hep-th/0312272;1;1;2
quant-ph/0409074;quant-ph/0409074;2;0;2
hep-th/0209012;hep-th/0209012;2;0;2
physics/0105046;physics/0105046;1;0;1
gr-qc/0410020;gr-qc/0410020;1;21;22
hep-th/0510011;hep-th/0510011;0;25;25
0812.2996;0812.2996;0;1;1
hep-ph/9901303;hep-ph/9901303;0;8;8
hep-th/9404119;hep-th/9404119;5;0;5
hep-th/9502080;hep-th/9502080;2;8;10
hep-th/9502086;hep-th/9502086;0;3;3
hep-th/9407039;hep-th/9407039;5;8;13
hep-th/0210067;hep-th/0210067;1;20;21
hep-th/0204096;hep-th/0204096;3;13;16
hep-th/0207236;hep-th/0207236;2;15;17
hep-th/9305018;hep-th/9305018;1;2;3
hep-th/0102126;hep-th/0102126;1;20;21
hep-th/0012091;hep-th/0012091;5;34;39
hep-th/0102120;hep-th/0102120;8;24;32
hep-th/9704178;hep-th/9704178;5;17;22
hep-th/0009193;hep-th/0009193;15;19;34
hep-ph/9707439;hep-ph/9707439;1;11;12
0712.0379;0712.0379;0;11;11
hep-th/9211130;hep-th/9211130;12;4;16
0710.4928;0710.4928;0;6;6
cond-mat/0510237;cond-mat/0510237;3;1;4
0808.0324;0808.0324;0;13;13
hep-th/0001198;hep-th/0001198;8;29;37
hep-th/0001005;hep-th/0001005;1;26;27
0810.4136;0810.4136;0;40;40
0707.3319;0707.3319;0;5;5
gr-qc/0612133;gr-qc/0612133;0;1;1
hep-th/0210061;hep-th/0210061;1;12;13
math/0006147;math/0006147;1;3;4
math-ph/0112031;math-ph/0112031;1;4;5
hep-th/0307141;hep-th/0307141;3;20;23
hep-th/9309024;hep-th/9309024;4;0;4
hep-th/0012120;hep-th/0012120;1;8;9
0705.2777;0705.2777;0;11;11
0705.2771;0705.2771;0;91;91
0705.2770;0705.2770;0;11;11
0910.4425;0910.4425;0;2;2
0705.2778;0705.2778;0;13;13
0808.3692;0808.3692;0;7;7
0808.3691;0808.3691;0;18;18
0811.4236;0811.4236;0;1;1
gr-qc/0409009;gr-qc/0409009;2;0;2
0808.3698;0808.3698;0;2;2
hep-lat/0511010;hep-lat/0511010;0;6;6
0706.0884;0706.0884;0;73;73
hep-ph/9509220;hep-ph/9509220;0;2;2
0808.1054;0808.1054;0;16;16
hep-th/9802160;hep-th/9802160;12;4;16
hep-ph/0103193;hep-ph/0103193;3;6;9
0910.1261;0910.1261;0;35;35
0907.1022;0907.1022;0;8;8
0910.1267;0910.1267;0;14;14
gr-qc/0102073;gr-qc/0102073;14;0;14
hep-th/9601137;hep-th/9601137;2;2;4
hep-th/0301073;hep-th/0301073;5;22;27
hep-th/0310060;hep-th/0310060;4;48;52
hep-th/0310064;hep-th/0310064;3;4;7
hep-th/0405121;hep-th/0405121;1;3;4
hep-th/0403182;hep-th/0403182;2;7;9
hep-th/0405075;hep-th/0405075;1;40;41
hep-th/0403219;hep-th/0403219;1;31;32
hep-th/0403183;hep-th/0403183;3;0;3
hep-th/9609200;hep-th/9609200;1;1;2
hep-th/0405128;hep-th/0405128;2;89;91
hep-th/0311258;hep-th/0311258;9;28;37
hep-th/0312162;hep-th/0312162;1;40;41
hep-th/0401025;hep-th/0401025;4;31;35
hep-th/0312205;hep-th/0312205;3;4;7
hep-th/0505052;hep-th/0505052;4;17;21
astro-ph/0612288;astro-ph/0612288;4;16;20
hep-th/0501170;hep-th/0501170;0;21;21
hep-th/0306158;hep-th/0306158;9;9;18
hep-th/0702145;hep-th/0702145;2;46;48
hep-th/0702144;hep-th/0702144;2;7;9
hep-th/9708014;hep-th/9708014;10;10;20
0903.4245;0903.4245;0;4;4
0705.4393;0705.4393;0;8;8
0911.0613;0911.0613;0;10;10
0705.4398;0705.4398;0;39;39
0812.1767;0812.1767;0;20;20
0911.4408;0911.4408;0;43;43
0808.1942;0808.1942;0;16;16
0909.5226;0909.5226;0;32;32
0808.0923;0808.0923;0;7;7
hep-th/0311080;hep-th/0311080;0;3;3
hep-th/0311081;hep-th/0311081;1;6;7
hep-th/9909225;hep-th/9909225;1;3;4
hep-th/0304050;hep-th/0304050;3;2;5
gr-qc/0304041;gr-qc/0304041;2;0;2
hep-th/0109104;hep-th/0109104;2;3;5
hep-th/0205018;hep-th/0205018;7;0;7
math-ph/0302042;math-ph/0302042;2;1;3
hep-th/9202079;hep-th/9202079;5;0;5
0808.3941;0808.3941;0;6;6
hep-th/9501099;hep-th/9501099;5;18;23
hep-th/9411143;hep-th/9411143;3;5;8
hep-th/9406100;hep-th/9406100;5;10;15
hep-th/9503026;hep-th/9503026;0;2;2
hep-th/9404082;hep-th/9404082;3;0;3
hep-th/9312021;hep-th/9312021;3;5;8
hep-th/9210160;hep-th/9210160;4;5;9
hep-th/9111052;hep-th/9111052;2;0;2
0705.4022;0705.4022;0;13;13
hep-th/0609065;hep-th/0609065;4;10;14
hep-th/9905208;hep-th/9905208;9;8;17
0707.1696;0707.1696;0;29;29
0705.0735;0705.0735;0;24;24
hep-th/0408144;hep-th/0408144;1;27;28
hep-th/0401015;hep-th/0401015;2;3;5
hep-th/0301015;hep-th/0301015;4;13;17
math/0212121;math/0212121;1;0;1
hep-th/0403246;hep-th/0403246;1;19;20
hep-th/0403266;hep-th/0403266;3;0;3
math/0302068;math/0302068;1;0;1
hep-th/9903061;hep-th/9903061;6;10;16
hep-th/0403078;hep-th/0403078;5;77;82
0812.3629;0812.3629;0;23;23
hep-th/9606088;hep-th/9606088;2;6;8
hep-th/9605020;hep-th/9605020;3;3;6
hep-th/9606085;hep-th/9606085;0;2;2
hep-th/9512159;hep-th/9512159;2;0;2
hep-th/9601071;hep-th/9601071;1;2;3
hep-th/9503145;hep-th/9503145;2;1;3
hep-th/9606083;hep-th/9606083;0;6;6
hep-th/9412023;hep-th/9412023;2;5;7
hep-th/9206019;hep-th/9206019;6;0;6
hep-th/9609236;hep-th/9609236;3;2;5
hep-th/9707168;hep-th/9707168;7;4;11
hep-th/9201042;hep-th/9201042;1;0;1
0709.1453;0709.1453;0;38;38
hep-th/9609125;hep-th/9609125;2;7;9
hep-th/9509045;hep-th/9509045;3;2;5
hep-th/9603040;hep-th/9603040;2;4;6
0911.1569;0911.1569;0;27;27
hep-th/9905154;hep-th/9905154;4;0;4
0911.1562;0911.1562;0;25;25
0911.1563;0911.1563;0;46;46
0910.0607;0910.0607;0;9;9
hep-th/0511020;hep-th/0511020;0;10;10
hep-th/0401178;hep-th/0401178;0;16;16
hep-th/0305223;hep-th/0305223;2;0;2
hep-th/0104014;hep-th/0104014;1;6;7
hep-th/0401179;hep-th/0401179;2;15;17
0906.4022;0906.4022;0;26;26
hep-th/0610081;hep-th/0610081;3;17;20
hep-th/0401175;hep-th/0401175;5;16;21
hep-th/9902194;hep-th/9902194;4;0;4
hep-th/0311064;hep-th/0311064;3;10;13
hep-th/0312299;hep-th/0312299;2;21;23
hep-th/0205219;hep-th/0205219;2;14;16
hep-th/0401170;hep-th/0401170;2;26;28
hep-th/0311209;hep-th/0311209;4;10;14
hep-th/0401171;hep-th/0401171;0;5;5
math-ph/0210024;math-ph/0210024;2;3;5
math-ph/0011044;math-ph/0011044;5;11;16
gr-qc/0201089;gr-qc/0201089;4;7;11
hep-th/0206061;hep-th/0206061;6;1;7
hep-th/9807231;hep-th/9807231;3;0;3
0806.3830;0806.3830;0;16;16
0709.3106;0709.3106;0;23;23
hep-th/0509142;hep-th/0509142;8;21;29
0809.0077;0809.0077;0;1;1
hep-th/0611192;hep-th/0611192;1;2;3
0812.5074;0812.5074;0;24;24
hep-th/0511027;hep-th/0511027;10;33;43
0705.3554;0705.3554;0;20;20
hep-th/0610024;hep-th/0610024;7;32;39
hep-th/0607216;hep-th/0607216;3;21;24
nlin/0502050;nlin/0502050;3;0;3
0906.2641;0906.2641;0;17;17
hep-th/0305080;hep-th/0305080;7;15;22
0909.0634;0909.0634;0;8;8
hep-th/0611079;hep-th/0611079;3;5;8
hep-th/0302130;hep-th/0302130;2;11;13
hep-th/0611092;hep-th/0611092;3;6;9
hep-th/9703148;hep-th/9703148;11;27;38
hep-ph/0208164;hep-ph/0208164;1;3;4
hep-th/0111024;hep-th/0111024;2;4;6
gr-qc/0602007;gr-qc/0602007;5;5;10
0708.0823;0708.0823;0;25;25
0912.2954;0912.2954;0;8;8
0804.2907;0804.2907;0;9;9
hep-th/0104020;hep-th/0104020;1;10;11
0804.2902;0804.2902;0;12;12
hep-th/0011092;hep-th/0011092;2;0;2
hep-th/9511200;hep-th/9511200;2;4;6
0810.4217;0810.4217;0;15;15
hep-ph/0612321;hep-ph/0612321;0;17;17
0906.3242;0906.3242;0;15;15
0805.2299;0805.2299;0;3;3
0806.0152;0806.0152;0;19;19
cond-mat/9310055;cond-mat/9310055;0;2;2
0704.0690;0704.0690;0;40;40
0901.1654;0901.1654;0;43;43
hep-th/0511209;hep-th/0511209;1;16;17
hep-th/0406227;hep-th/0406227;3;11;14
hep-th/0002003;hep-th/0002003;3;10;13
hep-th/0407122;hep-th/0407122;6;45;51
0906.5373;0906.5373;0;10;10
hep-th/0311171;hep-th/0311171;13;15;28
hep-th/0608081;hep-th/0608081;5;8;13
hep-th/0603017;hep-th/0603017;2;5;7
hep-th/0205081;hep-th/0205081;3;6;9
hep-th/0608084;hep-th/0608084;0;3;3
hep-th/0602191;hep-th/0602191;2;2;4
hep-th/0507150;hep-th/0507150;3;21;24
hep-th/0607133;hep-th/0607133;2;7;9
hep-th/0510075;hep-th/0510075;3;26;29
hep-th/9705149;hep-th/9705149;7;5;12
0708.0743;0708.0743;0;14;14
0805.2297;0805.2297;0;6;6
hep-th/9512141;hep-th/9512141;3;0;3
0809.0655;0809.0655;0;9;9
0904.1744;0904.1744;0;6;6
hep-th/0401108;hep-th/0401108;1;22;23
0906.0264;0906.0264;0;13;13
hep-th/9707219;hep-th/9707219;1;1;2
gr-qc/0312008;gr-qc/0312008;2;5;7
gr-qc/0601063;gr-qc/0601063;4;6;10
0912.4852;0912.4852;0;21;21
hep-th/0403093;hep-th/0403093;2;12;14
hep-th/0407173;hep-th/0407173;2;8;10
hep-th/0201108;hep-th/0201108;5;33;38
quant-ph/0205002;quant-ph/0205002;1;4;5
0906.1795;0906.1795;0;4;4
0904.1745;0904.1745;0;8;8
math-ph/0207003;math-ph/0207003;0;1;1
hep-th/0110009;hep-th/0110009;1;3;4
hep-th/0011142;hep-th/0011142;1;1;2
0711.4972;0711.4972;0;11;11
hep-th/0409312;hep-th/0409312;2;9;11
math/9906190;math/9906190;7;8;15
0704.1568;0704.1568;0;6;6
hep-th/9306031;hep-th/9306031;2;2;4
hep-th/9411173;hep-th/9411173;1;1;2
0805.4110;0805.4110;0;10;10
0906.1130;0906.1130;0;38;38
cond-mat/0107223;cond-mat/0107223;1;0;1
cond-mat/0107329;cond-mat/0107329;1;0;1
hep-th/0410128;hep-th/0410128;6;58;64
0908.2917;0908.2917;0;17;17
hep-th/0610020;hep-th/0610020;3;5;8
hep-th/0005205;hep-th/0005205;5;18;23
hep-th/0005203;hep-th/0005203;1;7;8
hep-th/0005201;hep-th/0005201;2;9;11
astro-ph/9311017;astro-ph/9311017;7;0;7
0906.2353;0906.2353;0;10;10
hep-th/0609060;hep-th/0609060;1;19;20
hep-th/0505197;hep-th/0505197;3;18;21
hep-th/0603188;hep-th/0603188;2;5;7
hep-th/0609061;hep-th/0609061;0;7;7
hep-th/0607007;hep-th/0607007;3;12;15
hep-th/0609063;hep-th/0609063;2;39;41
hep-th/0509146;hep-th/0509146;2;25;27
hep-th/9806139;hep-th/9806139;11;20;31
hep-th/0609064;hep-th/0609064;0;8;8
hep-th/9905203;hep-th/9905203;5;3;8
hep-th/9705196;hep-th/9705196;3;3;6
hep-th/0609066;hep-th/0609066;4;5;9
gr-qc/9408013;gr-qc/9408013;6;3;9
0805.0379;0805.0379;0;6;6
hep-th/0503064;hep-th/0503064;2;2;4
hep-th/0701262;hep-th/0701262;1;9;10
hep-th/9512099;hep-th/9512099;6;0;6
0807.3330;0807.3330;0;42;42
0807.3333;0807.3333;0;46;46
0910.2296;0910.2296;0;1;1
hep-th/0601080;hep-th/0601080;4;3;7
0802.2527;0802.2527;0;8;8
0706.1210;0706.1210;0;22;22
hep-th/0605116;hep-th/0605116;1;6;7
hep-th/0604071;hep-th/0604071;3;7;10
0906.2891;0906.2891;0;29;29
0903.1024;0903.1024;0;11;11
astro-ph/0511085;astro-ph/0511085;3;0;3
0707.3859;0707.3859;0;42;42
hep-th/0508116;hep-th/0508116;2;1;3
0901.0411;0901.0411;0;23;23
gr-qc/9502033;gr-qc/9502033;2;1;3
hep-lat/0010003;hep-lat/0010003;0;3;3
hep-th/9506158;hep-th/9506158;1;0;1
hep-th/0403102;hep-th/0403102;0;38;38
hep-th/0204163;hep-th/0204163;5;60;65
hep-th/0204102;hep-th/0204102;5;20;25
hep-th/0305212;hep-th/0305212;2;35;37
0811.1909;0811.1909;0;20;20
cond-mat/0403692;cond-mat/0403692;3;1;4
quant-ph/0304171;quant-ph/0304171;1;2;3
0905.2720;0905.2720;0;14;14
0707.3858;0707.3858;0;11;11
0906.2898;0906.2898;0;10;10
q-alg/9601021;q-alg/9601021;2;5;7
cond-mat/0108410;cond-mat/0108410;0;8;8
hep-th/0104120;hep-th/0104120;4;9;13
q-alg/9605020;q-alg/9605020;2;0;2
hep-th/9410066;hep-th/9410066;5;0;5
hep-lat/9403007;hep-lat/9403007;0;1;1
hep-th/0612145;hep-th/0612145;1;43;44
hep-th/9203003;hep-th/9203003;3;0;3
hep-th/0612149;hep-th/0612149;3;36;39
hep-th/0205317;hep-th/0205317;6;0;6
hep-th/0105151;hep-th/0105151;4;42;46
hep-th/0411246;hep-th/0411246;5;25;30
hep-th/9509100;hep-th/9509100;2;1;3
0901.2491;0901.2491;0;17;17
hep-th/0701092;hep-th/0701092;1;7;8
hep-th/0701094;hep-th/0701094;2;12;14
hep-th/0701097;hep-th/0701097;0;16;16
hep-ph/0107283;hep-ph/0107283;1;1;2
hep-th/0610217;hep-th/0610217;2;13;15
hep-th/0403286;hep-th/0403286;3;16;19
hep-th/9306068;hep-th/9306068;4;0;4
hep-th/0602131;hep-th/0602131;2;13;15
math-ph/0506054;math-ph/0506054;4;7;11
math-ph/0504013;math-ph/0504013;3;0;3
cond-mat/0507195;cond-mat/0507195;0;2;2
hep-th/0604131;hep-th/0604131;5;24;29
gr-qc/0510107;gr-qc/0510107;1;3;4
hep-th/0201009;hep-th/0201009;3;11;14
hep-th/9607042;hep-th/9607042;1;1;2
hep-ph/9806450;hep-ph/9806450;2;1;3
astro-ph/0312621;astro-ph/0312621;4;1;5
0910.2914;0910.2914;0;6;6
hep-th/0512175;hep-th/0512175;1;52;53
gr-qc/0605074;gr-qc/0605074;0;9;9
hep-th/9809060;hep-th/9809060;9;0;9
hep-th/0604132;hep-th/0604132;2;10;12
math/0110323;math/0110323;4;1;5
math/0506187;math/0506187;0;1;1
hep-th/0403007;hep-th/0403007;3;10;13
hep-th/0010270;hep-th/0010270;0;32;32
hep-th/9602139;hep-th/9602139;2;3;5
0908.1321;0908.1321;0;17;17
hep-th/0310276;hep-th/0310276;6;14;20
hep-ph/0606277;hep-ph/0606277;0;3;3
hep-ph/0606089;hep-ph/0606089;1;32;33
0911.5070;0911.5070;0;17;17
hep-th/0112208;hep-th/0112208;2;1;3
hep-th/0103043;hep-th/0103043;2;5;7
0911.5072;0911.5072;0;5;5
0901.1858;0901.1858;0;6;6
0911.5074;0911.5074;0;8;8
0911.5075;0911.5075;0;10;10
0911.5077;0911.5077;0;38;38
0902.4662;0902.4662;0;13;13
hep-th/0407276;hep-th/0407276;0;12;12
0809.2741;0809.2741;0;14;14
gr-qc/0603076;gr-qc/0603076;1;8;9
hep-th/0307089;hep-th/0307089;3;30;33
hep-th/0307088;hep-th/0307088;1;46;47
hep-th/0211093;hep-th/0211093;3;14;17
0708.2889;0708.2889;0;15;15
hep-th/0306242;hep-th/0306242;6;7;13
hep-th/0307080;hep-th/0307080;0;8;8
hep-th/0307087;hep-th/0307087;1;16;17
hep-th/0206178;hep-th/0206178;2;10;12
gr-qc/9811082;gr-qc/9811082;6;2;8
hep-th/9612135;hep-th/9612135;4;0;4
hep-th/0003201;hep-th/0003201;1;2;3
hep-th/9605121;hep-th/9605121;12;0;12
hep-th/9603045;hep-th/9603045;5;12;17
hep-th/9809080;hep-th/9809080;2;2;4
0806.4589;0806.4589;0;16;16
0809.2353;0809.2353;0;9;9
math-ph/0311052;math-ph/0311052;0;3;3
hep-lat/0305011;hep-lat/0305011;3;48;51
0902.3368;0902.3368;0;19;19
hep-th/0001136;hep-th/0001136;4;12;16
hep-th/9701160;hep-th/9701160;8;3;11
quant-ph/0611271;quant-ph/0611271;1;10;11
hep-ph/0202250;hep-ph/0202250;2;3;5
quant-ph/9912094;quant-ph/9912094;6;0;6
0812.1657;0812.1657;0;8;8
0710.0115;0710.0115;0;34;34
hep-th/0406245;hep-th/0406245;2;20;22
0708.2886;0708.2886;0;10;10
0811.1719;0811.1719;0;3;3
hep-ph/9807473;hep-ph/9807473;1;1;2
hep-th/9902043;hep-th/9902043;2;15;17
hep-th/0512174;hep-th/0512174;0;30;30
hep-th/0406135;hep-th/0406135;5;19;24
hep-th/9605157;hep-th/9605157;2;3;5
hep-th/9610040;hep-th/9610040;6;4;10
hep-th/9510111;hep-th/9510111;15;0;15
hep-th/9810102;hep-th/9810102;3;9;12
quant-ph/9504016;quant-ph/9504016;1;0;1
math/9802102;math/9802102;1;0;1
hep-th/9810101;hep-th/9810101;2;5;7
hep-th/9309147;hep-th/9309147;9;2;11
hep-th/0110229;hep-th/0110229;1;2;3
math/0406035;math/0406035;1;1;2
math/0512076;math/0512076;8;23;31
math/0405461;math/0405461;3;2;5
hep-th/9810108;hep-th/9810108;1;1;2
hep-th/9805166;hep-th/9805166;3;0;3
hep-th/9809171;hep-th/9809171;4;6;10
hep-ph/0303027;hep-ph/0303027;4;7;11
0809.2001;0809.2001;0;37;37
0907.2760;0907.2760;0;17;17
0904.1728;0904.1728;0;8;8
hep-th/0407061;hep-th/0407061;3;0;3
0901.1142;0901.1142;0;7;7
0707.0341;0707.0341;0;21;21
hep-th/0508142;hep-th/0508142;7;28;35
0707.0347;0707.0347;0;12;12
gr-qc/0107103;gr-qc/0107103;3;5;8
gr-qc/0103035;gr-qc/0103035;5;12;17
hep-th/0209135;hep-th/0209135;0;5;5
hep-th/0209058;hep-th/0209058;2;2;4
hep-th/9303144;hep-th/9303144;2;0;2
cond-mat/0110513;cond-mat/0110513;1;2;3
q-alg/9507007;q-alg/9507007;1;1;2
q-alg/9506002;q-alg/9506002;1;0;1
hep-lat/9803002;hep-lat/9803002;0;6;6
hep-lat/9307011;hep-lat/9307011;1;0;1
hep-lat/9307018;hep-lat/9307018;4;2;6
quant-ph/0106159;quant-ph/0106159;0;4;4
quant-ph/0106130;quant-ph/0106130;1;4;5
0904.3762;0904.3762;0;11;11
0812.5091;0812.5091;0;40;40
hep-th/9502067;hep-th/9502067;4;1;5
hep-lat/9611006;hep-lat/9611006;7;0;7
hep-th/0610012;hep-th/0610012;8;20;28
hep-th/0306022;hep-th/0306022;0;3;3
hep-th/0306027;hep-th/0306027;0;3;3
hep-th/0306024;hep-th/0306024;2;7;9
hep-ph/0204076;hep-ph/0204076;17;15;32
0803.1566;0803.1566;0;4;4
0802.2958;0802.2958;0;34;34
hep-th/0703125;hep-th/0703125;2;18;20
math/0202271;math/0202271;1;0;1
math-ph/0507021;math-ph/0507021;2;2;4
hep-th/0612245;hep-th/0612245;3;10;13
hep-th/0610322;hep-th/0610322;3;17;20
hep-th/9501116;hep-th/9501116;2;4;6
math/0111008;math/0111008;2;2;4
math/0110219;math/0110219;3;7;10
hep-th/0209005;hep-th/0209005;5;0;5
hep-ph/9704392;hep-ph/9704392;4;1;5
hep-th/0610174;hep-th/0610174;0;2;2
hep-th/0201088;hep-th/0201088;0;3;3
hep-th/0201086;hep-th/0201086;0;7;7
hep-th/0012043;hep-th/0012043;4;10;14
hep-th/0201085;hep-th/0201085;0;1;1
hep-th/0103054;hep-th/0103054;6;2;8
hep-th/9407153;hep-th/9407153;3;1;4
hep-th/9407152;hep-th/9407152;3;6;9
hep-th/9407157;hep-th/9407157;6;3;9
hep-th/9309112;hep-th/9309112;3;0;3
hep-th/9406204;hep-th/9406204;6;1;7
hep-th/9311090;hep-th/9311090;4;1;5
hep-th/0510152;hep-th/0510152;1;1;2
hep-th/9404144;hep-th/9404144;3;1;4
hep-th/0510151;hep-th/0510151;1;10;11
hep-th/0410220;hep-th/0410220;2;0;2
hep-th/0410221;hep-th/0410221;3;10;13
hep-th/0307133;hep-th/0307133;3;6;9
hep-th/9910256;hep-th/9910256;10;31;41
hep-th/9909152;hep-th/9909152;7;17;24
hep-th/0001196;hep-th/0001196;1;4;5
hep-th/0001194;hep-th/0001194;0;17;17
0812.1790;0812.1790;0;1;1
hep-ph/9707246;hep-ph/9707246;0;15;15
hep-th/0508143;hep-th/0508143;1;6;7
gr-qc/0506053;gr-qc/0506053;1;21;22
0909.2821;0909.2821;0;2;2
hep-ph/0105261;hep-ph/0105261;1;3;4
gr-qc/0304067;gr-qc/0304067;13;26;39
0905.0055;0905.0055;0;4;4
gr-qc/9905021;gr-qc/9905021;9;1;10
0901.4390;0901.4390;0;12;12
gr-qc/0105049;gr-qc/0105049;1;0;1
math-ph/0510078;math-ph/0510078;0;8;8
hep-th/9204006;hep-th/9204006;2;0;2
hep-th/0001220;hep-th/0001220;0;1;1
hep-th/0001221;hep-th/0001221;4;8;12
hep-th/9705198;hep-th/9705198;3;0;3
hep-th/0304165;hep-th/0304165;2;4;6
hep-th/9904117;hep-th/9904117;5;40;45
hep-th/9802186;hep-th/9802186;8;18;26
hep-th/9607238;hep-th/9607238;5;5;10
hep-th/9904111;hep-th/9904111;0;13;13
hep-th/9809079;hep-th/9809079;1;6;7
0808.1047;0808.1047;0;4;4
cond-mat/0511543;cond-mat/0511543;7;7;14
cond-mat/0410011;cond-mat/0410011;7;2;9
cond-mat/0607258;cond-mat/0607258;5;13;18
cond-mat/0602375;cond-mat/0602375;6;11;17
hep-th/9812072;hep-th/9812072;12;106;118
0804.1890;0804.1890;0;5;5
hep-th/0703119;hep-th/0703119;1;9;10
hep-th/0608152;hep-th/0608152;4;13;17
hep-th/0610059;hep-th/0610059;2;11;13
hep-th/9304069;hep-th/9304069;2;4;6
hep-th/9706069;hep-th/9706069;3;8;11
0706.4052;0706.4052;0;16;16
hep-th/0101157;hep-th/0101157;1;16;17
0901.4354;0901.4354;0;8;8
hep-ph/0311165;hep-ph/0311165;3;17;20
0909.0128;0909.0128;0;3;3
0905.2763;0905.2763;0;12;12
0911.0363;0911.0363;0;10;10
hep-ph/0702247;hep-ph/0702247;1;24;25
hep-th/0511288;hep-th/0511288;0;1;1
hep-th/0511289;hep-th/0511289;0;12;12
hep-th/0511282;hep-th/0511282;1;9;10
hep-th/0405224;hep-th/0405224;5;6;11
hep-th/0511283;hep-th/0511283;1;27;28
0706.4051;0706.4051;0;3;3
hep-th/0610288;hep-th/0610288;1;23;24
math/0508335;math/0508335;3;6;9
hep-ph/0609129;hep-ph/0609129;1;32;33
hep-lat/0609005;hep-lat/0609005;3;4;7
hep-lat/0507034;hep-lat/0507034;7;4;11
hep-th/0610284;hep-th/0610284;1;78;79
hep-th/0512086;hep-th/0512086;1;16;17
physics/9708015;physics/9708015;5;0;5
hep-th/9610119;hep-th/9610119;1;22;23
hep-th/9401073;hep-th/9401073;4;6;10
0712.0403;0712.0403;0;50;50
hep-th/9401074;hep-th/9401074;0;1;1
hep-th/9210131;hep-th/9210131;5;0;5
hep-th/9610110;hep-th/9610110;0;8;8
hep-th/9610117;hep-th/9610117;0;1;1
hep-th/9610116;hep-th/9610116;0;2;2
hep-th/9601103;hep-th/9601103;2;1;3
hep-th/9508051;hep-th/9508051;3;0;3
hep-th/9610115;hep-th/9610115;0;1;1
hep-th/9203011;hep-th/9203011;1;0;1
hep-th/9809139;hep-th/9809139;1;10;11
hep-th/9812066;hep-th/9812066;7;26;33
hep-th/9901062;hep-th/9901062;1;12;13
hep-ph/9701351;hep-ph/9701351;2;1;3
hep-ph/9806514;hep-ph/9806514;3;3;6
hep-th/0310293;hep-th/0310293;5;8;13
hep-th/0701074;hep-th/0701074;0;1;1
cond-mat/0512537;cond-mat/0512537;1;9;10
cond-mat/0307200;cond-mat/0307200;6;2;8
hep-th/0301114;hep-th/0301114;1;10;11
hep-th/9905171;hep-th/9905171;3;0;3
hep-th/9905158;hep-th/9905158;2;0;2
hep-th/0310181;hep-th/0310181;3;16;19
hep-th/0306244;hep-th/0306244;4;6;10
hep-th/0411124;hep-th/0411124;2;8;10
hep-th/0410260;hep-th/0410260;6;19;25
gr-qc/0104068;gr-qc/0104068;4;0;4
hep-th/0411122;hep-th/0411122;0;18;18
hep-th/0409208;hep-th/0409208;10;17;27
hep-th/0404099;hep-th/0404099;2;10;12
0807.4352;0807.4352;0;2;2
0901.2631;0901.2631;0;4;4
0807.4356;0807.4356;0;3;3
0807.4355;0807.4355;0;7;7
0901.2638;0901.2638;0;13;13
math-ph/0408012;math-ph/0408012;2;13;15
hep-th/0310134;hep-th/0310134;6;38;44
hep-th/0212329;hep-th/0212329;5;43;48
hep-th/0309214;hep-th/0309214;4;26;30
math-ph/9910045;math-ph/9910045;5;0;5
hep-th/9511123;hep-th/9511123;0;4;4
hep-th/9511016;hep-th/9511016;1;6;7
hep-th/9511124;hep-th/9511124;0;2;2
hep-th/9510165;hep-th/9510165;2;1;3
0707.4119;0707.4119;0;4;4
cond-mat/0510339;cond-mat/0510339;1;2;3
hep-th/9802145;hep-th/9802145;3;0;3
0710.0915;0710.0915;0;30;30
0712.3522;0712.3522;0;19;19
hep-th/0608147;hep-th/0608147;5;25;30
hep-th/0208150;hep-th/0208150;2;5;7
hep-th/9907130;hep-th/9907130;1;24;25
0712.3529;0712.3529;0;16;16
hep-th/0604119;hep-th/0604119;3;36;39
0909.1706;0909.1706;0;28;28
0912.0571;0912.0571;0;2;2
0807.4682;0807.4682;0;14;14
gr-qc/0703126;gr-qc/0703126;3;15;18
hep-th/0604216;hep-th/0604216;7;25;32
astro-ph/0604209;astro-ph/0604209;6;50;56
gr-qc/9311030;gr-qc/9311030;1;1;2
hep-th/9206105;hep-th/9206105;3;0;3
0911.4060;0911.4060;0;16;16
quant-ph/0503074;quant-ph/0503074;3;12;15
0911.4061;0911.4061;0;20;20
hep-th/9508041;hep-th/9508041;5;2;7
0904.0449;0904.0449;0;2;2
hep-th/9712141;hep-th/9712141;1;41;42
hep-th/9711198;hep-th/9711198;1;1;2
hep-th/9712027;hep-th/9712027;0;3;3
hep-th/0402082;hep-th/0402082;3;15;18
hep-th/9306100;hep-th/9306100;3;1;4
hep-th/9308146;hep-th/9308146;3;6;9
0807.2683;0807.2683;0;30;30
hep-lat/0303027;hep-lat/0303027;15;18;33
0805.4161;0805.4161;0;3;3
hep-ph/9603359;hep-ph/9603359;1;2;3
hep-th/0405271;hep-th/0405271;4;11;15
hep-th/0112101;hep-th/0112101;10;48;58
hep-th/0701057;hep-th/0701057;3;11;14
hep-ph/9603356;hep-ph/9603356;1;3;4
gr-qc/0606017;gr-qc/0606017;4;61;65
hep-th/0207048;hep-th/0207048;1;8;9
hep-th/0703164;hep-th/0703164;0;7;7
0810.0990;0810.0990;0;2;2
gr-qc/0008054;gr-qc/0008054;1;5;6
hep-th/0604098;hep-th/0604098;2;23;25
hep-th/0603205;hep-th/0603205;8;18;26
hep-th/9401129;hep-th/9401129;2;1;3
hep-th/9401126;hep-th/9401126;10;4;14
hep-th/9401122;hep-th/9401122;2;3;5
hep-th/9401120;hep-th/9401120;6;3;9
hep-th/9401121;hep-th/9401121;7;25;32
hep-th/9211108;hep-th/9211108;6;2;8
hep-th/9303051;hep-th/9303051;11;3;14
nlin/0610054;nlin/0610054;0;22;22
nlin/0407041;nlin/0407041;1;0;1
nlin/0204037;nlin/0204037;2;0;2
nlin/0407006;nlin/0407006;2;3;5
hep-th/0401048;hep-th/0401048;4;8;12
nlin/0602003;nlin/0602003;2;0;2
0707.1799;0707.1799;0;24;24
hep-th/0306273;hep-th/0306273;4;20;24
hep-th/0305077;hep-th/0305077;4;22;26
hep-th/0003092;hep-th/0003092;16;4;20
hep-th/0606101;hep-th/0606101;0;1;1
hep-th/0511172;hep-th/0511172;2;1;3
0806.3242;0806.3242;0;7;7
hep-th/9305049;hep-th/9305049;0;3;3
hep-th/9601031;hep-th/9601031;1;1;2
hep-th/9307143;hep-th/9307143;1;18;19
hep-th/9307181;hep-th/9307181;2;6;8
hep-th/9204002;hep-th/9204002;11;0;11
hep-th/9305041;hep-th/9305041;13;4;17
hep-th/9305044;hep-th/9305044;0;1;1
hep-th/9207041;hep-th/9207041;5;0;5
hep-th/9407121;hep-th/9407121;15;1;16
hep-th/0102072;hep-th/0102072;0;2;2
0712.1961;0712.1961;0;6;6
hep-th/0107003;hep-th/0107003;1;1;2
hep-th/9911009;hep-th/9911009;1;0;1
quant-ph/0604075;quant-ph/0604075;1;10;11
nucl-th/0605015;nucl-th/0605015;1;10;11
hep-th/0507049;hep-th/0507049;7;4;11
hep-th/0610074;hep-th/0610074;4;2;6
hep-ph/9609386;hep-ph/9609386;0;1;1
0712.0043;0712.0043;0;19;19
0711.2019;0711.2019;0;36;36
hep-th/0312013;hep-th/0312013;8;26;34
hep-th/0606085;hep-th/0606085;5;34;39
astro-ph/0301017;astro-ph/0301017;0;3;3
0705.3161;0705.3161;0;4;4
hep-th/0101057;hep-th/0101057;0;23;23
0705.3167;0705.3167;0;2;2
hep-th/0102075;hep-th/0102075;1;3;4
hep-th/0609156;hep-th/0609156;2;12;14
hep-th/0607196;hep-th/0607196;3;5;8
0710.3756;0710.3756;0;13;13
hep-th/9701098;hep-th/9701098;2;2;4
hep-lat/9909122;hep-lat/9909122;1;5;6
hep-lat/0306038;hep-lat/0306038;2;0;2
0710.3755;0710.3755;0;6;6
hep-th/9612001;hep-th/9612001;1;1;2
0805.2644;0805.2644;0;5;5
hep-th/0506120;hep-th/0506120;7;98;105
hep-th/0101052;hep-th/0101052;2;10;12
hep-lat/9603022;hep-lat/9603022;2;2;4
0805.2648;0805.2648;0;10;10
0810.4296;0810.4296;0;49;49
hep-th/0603189;hep-th/0603189;2;45;47
hep-th/0003111;hep-th/0003111;2;8;10
hep-th/9703024;hep-th/9703024;3;8;11
math-ph/0006026;math-ph/0006026;2;12;14
math-ph/0006013;math-ph/0006013;6;0;6
0810.4293;0810.4293;0;1;1
0810.4291;0810.4291;0;4;4
0905.3540;0905.3540;0;33;33
hep-th/9310120;hep-th/9310120;0;1;1
hep-ph/9909460;hep-ph/9909460;0;1;1
hep-ph/0606156;hep-ph/0606156;1;19;20
0807.2352;0807.2352;0;36;36
hep-th/9501118;hep-th/9501118;1;0;1
0807.2356;0807.2356;0;68;68
gr-qc/0609128;gr-qc/0609128;1;4;5
hep-th/9202071;hep-th/9202071;2;0;2
hep-th/9912071;hep-th/9912071;1;5;6
math/9801003;math/9801003;4;0;4
alg-geom/9708024;alg-geom/9708024;5;2;7
math/9812026;math/9812026;2;15;17
hep-th/0112190;hep-th/0112190;1;23;24
q-alg/9604002;q-alg/9604002;1;4;5
0706.1259;0706.1259;0;14;14
gr-qc/0609014;gr-qc/0609014;3;18;21
gr-qc/9509036;gr-qc/9509036;2;7;9
gr-qc/0207073;gr-qc/0207073;0;2;2
hep-ph/0110122;hep-ph/0110122;5;1;6
gr-qc/9902040;gr-qc/9902040;1;0;1
gr-qc/0207070;gr-qc/0207070;0;3;3
gr-qc/9606048;gr-qc/9606048;3;9;12
gr-qc/0110083;gr-qc/0110083;3;10;13
0804.3449;0804.3449;0;21;21
hep-th/0107006;hep-th/0107006;3;4;7
hep-th/0105122;hep-th/0105122;4;5;9
hep-ph/0610265;hep-ph/0610265;7;11;18
gr-qc/0207078;gr-qc/0207078;0;16;16
0808.0062;0808.0062;0;15;15
math-ph/0211059;math-ph/0211059;3;0;3
hep-th/0403260;hep-th/0403260;4;11;15
hep-th/0401045;hep-th/0401045;1;24;25
0905.1874;0905.1874;0;24;24
0710.2406;0710.2406;0;2;2
hep-th/0606162;hep-th/0606162;4;9;13
hep-ph/0702145;hep-ph/0702145;0;1;1
hep-th/9303070;hep-th/9303070;3;0;3
0909.3835;0909.3835;0;43;43
0711.1974;0711.1974;0;9;9
gr-qc/0507040;gr-qc/0507040;0;2;2
hep-th/0612081;hep-th/0612081;0;1;1
0901.4253;0901.4253;0;27;27
math/0412436;math/0412436;1;22;23
hep-th/0109040;hep-th/0109040;4;13;17
math/0406039;math/0406039;2;8;10
hep-th/0106216;hep-th/0106216;0;3;3
hep-th/0106211;hep-th/0106211;3;45;48
hep-th/0006186;hep-th/0006186;5;17;22
hep-th/0106210;hep-th/0106210;4;13;17
hep-th/0410043;hep-th/0410043;1;4;5
hep-th/0104127;hep-th/0104127;2;1;3
hep-th/0012063;hep-th/0012063;2;2;4
0905.0310;0905.0310;0;18;18
hep-th/0011219;hep-th/0011219;2;21;23
0805.4643;0805.4643;0;15;15
hep-th/9606197;hep-th/9606197;2;3;5
0807.3643;0807.3643;0;3;3
0708.2285;0708.2285;0;39;39
hep-th/9807050;hep-th/9807050;8;30;38
0710.1270;0710.1270;0;11;11
hep-th/0303192;hep-th/0303192;4;13;17
quant-ph/0602024;quant-ph/0602024;7;8;15
math/9806083;math/9806083;1;6;7
0708.2697;0708.2697;0;15;15
0809.4870;0809.4870;0;8;8
0807.4528;0807.4528;0;23;23
hep-th/0503022;hep-th/0503022;5;0;5
0807.1640;0807.1640;0;61;61
gr-qc/0106012;gr-qc/0106012;2;0;2
0804.2713;0804.2713;0;22;22
0911.3573;0911.3573;0;5;5
0910.3596;0910.3596;0;3;3
solv-int/9509008;solv-int/9509008;0;4;4
0804.1357;0804.1357;0;4;4
0806.3513;0806.3513;0;38;38
hep-th/9911079;hep-th/9911079;1;8;9
0801.3676;0801.3676;0;19;19
gr-qc/0603131;gr-qc/0603131;2;13;15
0801.3674;0801.3674;0;74;74
0801.3287;0801.3287;0;62;62
0811.3482;0811.3482;0;23;23
0902.0412;0902.0412;0;2;2
hep-th/0006015;hep-th/0006015;3;11;14
0901.3575;0901.3575;0;6;6
hep-th/0510031;hep-th/0510031;3;2;5
0901.0217;0901.0217;0;35;35
hep-th/0603009;hep-th/0603009;0;6;6
0706.0511;0706.0511;0;2;2
0801.1746;0801.1746;0;2;2
hep-th/0601119;hep-th/0601119;1;1;2
0801.1748;0801.1748;0;10;10
hep-th/0505269;hep-th/0505269;2;7;9
hep-th/0403092;hep-th/0403092;3;5;8
hep-th/0511217;hep-th/0511217;1;6;7
hep-th/0009013;hep-th/0009013;3;4;7
hep-th/0004088;hep-th/0004088;4;3;7
hep-th/0108144;hep-th/0108144;1;9;10
0908.1364;0908.1364;0;7;7
0903.2548;0903.2548;0;20;20
hep-th/0009012;hep-th/0009012;0;1;1
hep-th/0405181;hep-th/0405181;8;17;25
hep-th/9811044;hep-th/9811044;8;17;25
0905.2846;0905.2846;0;3;3
0904.4584;0904.4584;0;13;13
0812.0678;0812.0678;0;4;4
hep-th/0703073;hep-th/0703073;2;1;3
hep-th/0612115;hep-th/0612115;2;0;2
hep-th/9807119;hep-th/9807119;2;2;4
hep-th/0311165;hep-th/0311165;0;1;1
hep-th/0310210;hep-th/0310210;11;40;51
hep-th/0311161;hep-th/0311161;1;6;7
hep-th/0311160;hep-th/0311160;0;18;18
hep-th/0210289;hep-th/0210289;2;15;17
0710.4931;0710.4931;0;13;13
hep-th/0210210;hep-th/0210210;2;0;2
hep-ph/0412380;hep-ph/0412380;1;8;9
hep-th/0203215;hep-th/0203215;3;14;17
hep-th/0406266;hep-th/0406266;11;39;50
0803.0283;0803.0283;0;1;1
hep-th/0401126;hep-th/0401126;4;1;5
hep-th/0105116;hep-th/0105116;1;17;18
0904.4116;0904.4116;0;2;2
0904.4117;0904.4117;0;4;4
0712.0590;0712.0590;0;30;30
0904.4112;0904.4112;0;34;34
0811.2217;0811.2217;0;2;2
hep-th/0503006;hep-th/0503006;6;14;20
0910.1769;0910.1769;0;3;3
0709.2158;0709.2158;0;43;43
0704.2840;0704.2840;0;3;3
0704.2843;0704.2843;0;8;8
hep-th/0111120;hep-th/0111120;3;2;5
0805.2922;0805.2922;0;5;5
hep-th/0606092;hep-th/0606092;1;12;13
hep-th/0308010;hep-th/0308010;7;8;15
hep-th/0412229;hep-th/0412229;1;1;2
0710.0631;0710.0631;0;11;11
math/0508382;math/0508382;10;0;10
math/0611294;math/0611294;8;4;12
solv-int/9906004;solv-int/9906004;0;4;4
0908.0413;0908.0413;0;26;26
0910.0411;0910.0411;0;10;10
hep-th/9712168;hep-th/9712168;8;29;37
hep-th/9805035;hep-th/9805035;1;2;3
hep-th/9805037;hep-th/9805037;3;3;6
hep-th/9805032;hep-th/9805032;5;10;15
q-alg/9602023;q-alg/9602023;5;2;7
hep-th/9805039;hep-th/9805039;2;12;14
cond-mat/9502040;cond-mat/9502040;1;0;1
0912.4276;0912.4276;0;8;8
0808.2354;0808.2354;0;24;24
0808.2351;0808.2351;0;6;6
math/9810158;math/9810158;3;1;4
hep-th/0405066;hep-th/0405066;2;16;18
hep-th/0311103;hep-th/0311103;7;11;18
nlin/0504043;nlin/0504043;0;4;4
math/0506437;math/0506437;5;16;21
0912.1260;0912.1260;0;19;19
hep-th/0703269;hep-th/0703269;2;21;23
hep-th/9609190;hep-th/9609190;3;8;11
0712.3779;0712.3779;0;15;15
hep-lat/0210009;hep-lat/0210009;2;1;3
0804.4400;0804.4400;0;30;30
0804.4405;0804.4405;0;28;28
0812.1101;0812.1101;0;3;3
0806.4977;0806.4977;1;11;12
hep-th/0509152;hep-th/0509152;2;12;14
nlin/0405068;nlin/0405068;3;0;3
hep-th/0510012;hep-th/0510012;1;0;1
0909.4701;0909.4701;0;9;9
hep-th/9301022;hep-th/9301022;0;7;7
hep-th/9206111;hep-th/9206111;3;1;4
0910.2254;0910.2254;0;26;26
hep-th/0103088;hep-th/0103088;5;23;28
0710.2164;0710.2164;0;14;14
hep-th/0007005;hep-th/0007005;8;0;8
0904.3563;0904.3563;0;8;8
hep-ph/9409405;hep-ph/9409405;3;1;4
hep-th/0011287;hep-th/0011287;1;6;7
0704.1320;0704.1320;0;48;48
0908.0234;0908.0234;0;15;15
hep-th/9704082;hep-th/9704082;20;7;27
hep-th/0007070;hep-th/0007070;0;7;7
hep-th/9412230;hep-th/9412230;5;0;5
hep-th/9704050;hep-th/9704050;2;10;12
hep-th/9302060;hep-th/9302060;5;0;5
hep-lat/9602030;hep-lat/9602030;1;2;3
0811.1548;0811.1548;0;14;14
0907.4681;0907.4681;0;36;36
hep-th/0301025;hep-th/0301025;0;8;8
cond-mat/0609651;cond-mat/0609651;0;6;6
hep-th/9903169;hep-th/9903169;1;4;5
hep-th/9907057;hep-th/9907057;5;7;12
hep-ph/0203053;hep-ph/0203053;1;1;2
hep-ph/0108065;hep-ph/0108065;2;0;2
0912.3167;0912.3167;0;12;12
hep-th/0611195;hep-th/0611195;6;18;24
hep-th/0307065;hep-th/0307065;6;7;13
gr-qc/0503102;gr-qc/0503102;3;23;26
hep-th/0403041;hep-th/0403041;9;10;19
hep-th/9602124;hep-th/9602124;3;8;11
hep-th/0611191;hep-th/0611191;2;14;16
hep-th/0604129;hep-th/0604129;3;15;18
0907.3240;0907.3240;0;9;9
nucl-th/0112005;nucl-th/0112005;2;3;5
hep-th/0008243;hep-th/0008243;1;0;1
hep-th/0102068;hep-th/0102068;5;1;6
hep-th/9410102;hep-th/9410102;0;1;1
hep-th/9310093;hep-th/9310093;4;0;4
0706.3663;0706.3663;0;30;30
hep-th/0701069;hep-th/0701069;3;35;38
0705.2834;0705.2834;0;25;25
hep-th/0509176;hep-th/0509176;2;76;78
hep-th/0508145;hep-th/0508145;5;27;32
hep-th/9605147;hep-th/9605147;1;0;1
gr-qc/0411066;gr-qc/0411066;3;6;9
gr-qc/0307061;gr-qc/0307061;4;5;9
gr-qc/0411067;gr-qc/0411067;2;28;30
hep-ph/0106243;hep-ph/0106243;4;11;15
hep-th/0405228;hep-th/0405228;7;13;20
hep-th/0509178;hep-th/0509178;1;49;50
0906.5121;0906.5121;0;6;6
0912.1994;0912.1994;0;11;11
0811.3615;0811.3615;0;12;12
hep-th/0406072;hep-th/0406072;16;0;16
0904.2105;0904.2105;0;10;10
0908.4077;0908.4077;0;5;5
hep-ph/0605305;hep-ph/0605305;1;1;2
gr-qc/9710095;gr-qc/9710095;0;1;1
gr-qc/9608026;gr-qc/9608026;1;0;1
0712.3483;0712.3483;0;11;11
0809.1311;0809.1311;0;24;24
0902.4191;0902.4191;0;10;10
0706.1533;0706.1533;0;10;10
0902.3502;0902.3502;0;11;11
hep-th/9705097;hep-th/9705097;1;8;9
hep-th/9606059;hep-th/9606059;2;4;6
hep-th/9603112;hep-th/9603112;7;11;18
hep-th/9705096;hep-th/9705096;1;2;3
hep-th/9705092;hep-th/9705092;4;17;21
0807.1293;0807.1293;0;4;4
0901.0494;0901.0494;0;8;8
hep-th/0508118;hep-th/0508118;5;9;14
0802.2753;0802.2753;0;15;15
0706.1877;0706.1877;0;6;6
astro-ph/0603838;astro-ph/0603838;6;4;10
hep-ph/0508272;hep-ph/0508272;8;7;15
hep-th/9904214;hep-th/9904214;3;14;17
hep-th/9904215;hep-th/9904215;0;2;2
hep-th/9904216;hep-th/9904216;1;7;8
hep-th/9904210;hep-th/9904210;1;22;23
hep-th/9811119;hep-th/9811119;3;34;37
hep-th/9904212;hep-th/9904212;1;1;2
hep-th/0111015;hep-th/0111015;2;23;25
hep-th/0206036;hep-th/0206036;0;3;3
hep-th/0106273;hep-th/0106273;3;4;7
hep-th/0206037;hep-th/0206037;0;2;2
hep-th/0508112;hep-th/0508112;1;52;53
hep-th/0304238;hep-th/0304238;3;41;44
hep-th/0307104;hep-th/0307104;12;35;47
hep-ph/0412017;hep-ph/0412017;2;12;14
0704.0822;0704.0822;0;35;35
0805.2896;0805.2896;0;8;8
hep-th/0006190;hep-th/0006190;6;45;51
hep-th/9910255;hep-th/9910255;1;11;12
hep-th/9904038;hep-th/9904038;1;2;3
hep-th/9910257;hep-th/9910257;0;1;1
hep-th/9908203;hep-th/9908203;2;10;12
hep-th/9910259;hep-th/9910259;1;13;14
hep-th/9811236;hep-th/9811236;5;0;5
0906.5583;0906.5583;0;10;10
0807.4897;0807.4897;0;26;26
0812.4261;0812.4261;0;18;18
hep-lat/9602009;hep-lat/9602009;4;14;18
0706.1392;0706.1392;0;54;54
hep-lat/0407036;hep-lat/0407036;3;9;12
hep-lat/0312020;hep-lat/0312020;8;16;24
0908.0797;0908.0797;0;11;11
0910.0843;0910.0843;0;42;42
cond-mat/9712133;cond-mat/9712133;2;8;10
hep-th/0005198;hep-th/0005198;1;20;21
hep-th/0010084;hep-th/0010084;2;24;26
hep-th/9812048;hep-th/9812048;4;37;41
hep-th/0009024;hep-th/0009024;2;14;16
hep-th/9906163;hep-th/9906163;4;23;27
hep-th/9803201;hep-th/9803201;2;6;8
hep-th/0010085;hep-th/0010085;0;15;15
hep-th/0010080;hep-th/0010080;1;6;7
hep-th/9706103;hep-th/9706103;5;0;5
hep-th/9804098;hep-th/9804098;4;7;11
hep-th/9804005;hep-th/9804005;1;6;7
hep-th/0010081;hep-th/0010081;0;5;5
0711.1708;0711.1708;0;7;7
chao-dyn/9712010;chao-dyn/9712010;0;1;1
hep-th/0403197;hep-th/0403197;0;6;6
quant-ph/0201104;quant-ph/0201104;1;5;6
hep-th/0403191;hep-th/0403191;4;9;13
hep-th/0307235;hep-th/0307235;8;2;10
hep-th/0305200;hep-th/0305200;11;9;20
hep-th/0207012;hep-th/0207012;7;16;23
hep-th/0203120;hep-th/0203120;8;16;24
hep-th/0201023;hep-th/0201023;3;14;17
hep-th/0203127;hep-th/0203127;0;4;4
hep-th/0203126;hep-th/0203126;1;12;13
hep-th/0203128;hep-th/0203128;1;1;2
hep-th/0411243;hep-th/0411243;0;5;5
hep-th/0411242;hep-th/0411242;1;3;4
hep-th/9607002;hep-th/9607002;2;6;8
hep-th/9405073;hep-th/9405073;3;5;8
hep-th/9702041;hep-th/9702041;1;3;4
hep-th/9702040;hep-th/9702040;0;3;3
hep-th/9309018;hep-th/9309018;5;0;5
0909.0350;0909.0350;0;19;19
hep-th/0512018;hep-th/0512018;1;11;12
hep-ph/9608390;hep-ph/9608390;1;2;3
hep-th/9610056;hep-th/9610056;2;5;7
hep-th/9702048;hep-th/9702048;3;1;4
hep-th/9512002;hep-th/9512002;4;0;4
0904.4691;0904.4691;0;19;19
0812.0227;0812.0227;0;21;21
hep-th/9607173;hep-th/9607173;3;6;9
hep-th/9402124;hep-th/9402124;5;3;8
hep-lat/0112015;hep-lat/0112015;0;3;3
hep-lat/0001028;hep-lat/0001028;2;0;2
hep-th/9511179;hep-th/9511179;3;0;3
hep-th/0312304;hep-th/0312304;3;11;14
hep-th/0502018;hep-th/0502018;3;19;22
hep-th/0402076;hep-th/0402076;4;25;29
hep-th/0506007;hep-th/0506007;0;12;12
hep-th/0503039;hep-th/0503039;11;18;29
hep-th/0404204;hep-th/0404204;5;24;29
hep-th/0506003;hep-th/0506003;0;19;19
quant-ph/0210211;quant-ph/0210211;2;2;4
0712.1886;0712.1886;0;13;13
hep-th/0703226;hep-th/0703226;5;29;34
0811.2211;0811.2211;0;8;8
quant-ph/0508049;quant-ph/0508049;2;5;7
astro-ph/0505376;astro-ph/0505376;6;4;10
hep-th/0403142;hep-th/0403142;3;12;15
quant-ph/0403089;quant-ph/0403089;5;9;14
gr-qc/9901055;gr-qc/9901055;2;6;8
hep-th/9712001;hep-th/9712001;2;7;9
hep-lat/9311024;hep-lat/9311024;0;3;3
hep-lat/9306007;hep-lat/9306007;2;1;3
hep-th/0204021;hep-th/0204021;0;6;6
hep-th/0204020;hep-th/0204020;3;12;15
gr-qc/0209095;gr-qc/0209095;0;7;7
0806.0595;0806.0595;0;3;3
0704.0940;0704.0940;0;16;16
0705.4575;0705.4575;0;7;7
cond-mat/0602115;cond-mat/0602115;1;12;13
0901.2874;0901.2874;0;18;18
0801.2936;0801.2936;0;30;30
0901.2876;0901.2876;0;27;27
cond-mat/9908114;cond-mat/9908114;2;2;4
0707.4570;0707.4570;0;1;1
hep-th/0109049;hep-th/0109049;1;25;26
hep-th/0109043;hep-th/0109043;3;10;13
hep-th/0109041;hep-th/0109041;4;8;12
hep-th/0109044;hep-th/0109044;0;10;10
hep-lat/0409036;hep-lat/0409036;7;24;31
0712.3995;0712.3995;0;4;4
hep-ph/0208107;hep-ph/0208107;2;0;2
0801.2763;0801.2763;0;29;29
0904.4253;0904.4253;0;22;22
hep-th/0208100;hep-th/0208100;1;39;40
0908.0357;0908.0357;0;22;22
hep-ph/0509132;hep-ph/0509132;0;13;13
hep-ph/0506190;hep-ph/0506190;1;29;30
0710.5519;0710.5519;0;41;41
0710.5515;0710.5515;0;2;2
hep-ex/0602040;hep-ex/0602040;8;16;24
cond-mat/0312707;cond-mat/0312707;0;1;1
0806.1736;0806.1736;0;39;39
hep-ph/0703167;hep-ph/0703167;4;14;18
hep-th/0501069;hep-th/0501069;4;8;12
hep-ph/0309028;hep-ph/0309028;1;4;5
hep-ph/9810498;hep-ph/9810498;2;1;3
hep-th/9810196;hep-th/9810196;5;0;5
hep-ph/0212234;hep-ph/0212234;3;1;4
hep-ph/0305280;hep-ph/0305280;2;2;4
0704.2062;0704.2062;0;12;12
math/0701621;math/0701621;3;0;3
math-ph/0609070;math-ph/0609070;9;8;17
math-ph/0608024;math-ph/0608024;7;3;10
0704.0299;0704.0299;0;24;24
0812.0248;0812.0248;0;4;4
hep-th/0003015;hep-th/0003015;0;2;2
hep-th/9712094;hep-th/9712094;2;0;2
hep-th/9512071;hep-th/9512071;4;0;4
hep-th/9703021;hep-th/9703021;0;6;6
hep-th/9502135;hep-th/9502135;3;0;3
hep-th/0512038;hep-th/0512038;0;4;4
gr-qc/0501086;gr-qc/0501086;9;22;31
hep-th/9504089;hep-th/9504089;5;9;14
hep-th/9202081;hep-th/9202081;2;1;3
hep-th/0012257;hep-th/0012257;1;3;4
hep-th/9710036;hep-th/9710036;3;0;3
hep-th/9511224;hep-th/9511224;4;0;4
hep-th/0010211;hep-th/0010211;2;14;16
hep-th/0612288;hep-th/0612288;1;16;17
gr-qc/0607062;gr-qc/0607062;2;59;61
gr-qc/0509117;gr-qc/0509117;3;3;6
cond-mat/9606137;cond-mat/9606137;1;1;2
hep-ph/0604115;hep-ph/0604115;2;11;13
hep-th/9504088;hep-th/9504088;5;4;9
hep-th/9603166;hep-th/9603166;5;0;5
astro-ph/0607554;astro-ph/0607554;3;3;6
gr-qc/0309003;gr-qc/0309003;3;1;4
cond-mat/0503555;cond-mat/0503555;0;8;8
gr-qc/0403065;gr-qc/0403065;3;0;3
gr-qc/0612050;gr-qc/0612050;0;2;2
gr-qc/0605116;gr-qc/0605116;2;4;6
0902.0629;0902.0629;0;7;7
gr-qc/0412064;gr-qc/0412064;7;1;8
0708.1393;0708.1393;0;6;6
hep-th/0612266;hep-th/0612266;1;2;3
hep-th/9812191;hep-th/9812191;3;5;8
hep-th/0410252;hep-th/0410252;4;19;23
gr-qc/0309105;gr-qc/0309105;0;3;3
gr-qc/0208005;gr-qc/0208005;3;5;8
0709.1458;0709.1458;0;21;21
0801.2762;0801.2762;0;16;16
0809.3432;0809.3432;0;55;55
0903.3369;0903.3369;0;3;3
0712.2686;0712.2686;0;3;3
0711.2858;0711.2858;0;7;7
0801.4195;0801.4195;0;17;17
0903.3365;0903.3365;0;19;19
0901.0113;0901.0113;0;24;24
0807.1167;0807.1167;0;24;24
0903.0306;0903.0306;0;30;30
0712.1651;0712.1651;0;6;6
math/0308235;math/0308235;1;5;6
0906.0554;0906.0554;0;9;9
0712.1650;0712.1650;0;9;9
0909.2673;0909.2673;0;4;4
gr-qc/9507042;gr-qc/9507042;5;7;12
0806.4822;0806.4822;0;4;4
hep-th/9403083;hep-th/9403083;1;1;2
hep-th/9403085;hep-th/9403085;2;3;5
hep-th/9204066;hep-th/9204066;3;0;3
hep-th/9205019;hep-th/9205019;3;0;3
hep-th/9206104;hep-th/9206104;3;0;3
hep-th/0601236;hep-th/0601236;2;36;38
0711.3048;0711.3048;0;12;12
quant-ph/0008006;quant-ph/0008006;3;0;3
0707.0680;0707.0680;0;27;27
hep-th/0610300;hep-th/0610300;7;74;81
hep-th/0606037;hep-th/0606037;3;22;25
hep-th/9203066;hep-th/9203066;10;1;11
math/0504433;math/0504433;1;13;14
0909.4269;0909.4269;0;14;14
quant-ph/0106134;quant-ph/0106134;0;6;6
hep-th/9708092;hep-th/9708092;2;3;5
0802.0935;0802.0935;0;19;19
hep-th/0703283;hep-th/0703283;1;10;11
0905.2658;0905.2658;0;1;1
0904.4227;0904.4227;0;27;27
hep-th/0512266;hep-th/0512266;4;55;59
hep-th/0610222;hep-th/0610222;1;20;21
hep-th/0412292;hep-th/0412292;5;19;24
hep-ph/0311177;hep-ph/0311177;0;7;7
hep-th/0610325;hep-th/0610325;5;62;67
hep-th/0511100;hep-th/0511100;5;41;46
hep-th/0512072;hep-th/0512072;4;29;33
hep-th/0607224;hep-th/0607224;4;80;84
hep-th/0608155;hep-th/0608155;2;16;18
hep-th/0603166;hep-th/0603166;10;37;47
gr-qc/0408087;gr-qc/0408087;2;5;7
hep-th/9601119;hep-th/9601119;3;3;6
hep-th/9303124;hep-th/9303124;1;0;1
hep-th/0303189;hep-th/0303189;2;1;3
math/0011178;math/0011178;4;0;4
hep-th/0605049;hep-th/0605049;2;29;31
hep-th/0511011;hep-th/0511011;3;14;17
math-ph/0505040;math-ph/0505040;3;14;17
hep-lat/0007008;hep-lat/0007008;4;5;9
0805.3103;0805.3103;0;8;8
gr-qc/0309058;gr-qc/0309058;2;0;2
hep-th/9512055;hep-th/9512055;2;4;6
hep-th/9202026;hep-th/9202026;7;0;7
hep-th/9512056;hep-th/9512056;0;1;1
hep-th/9310105;hep-th/9310105;4;0;4
hep-th/9406102;hep-th/9406102;0;5;5
hep-th/9205096;hep-th/9205096;2;0;2
hep-th/9406106;hep-th/9406106;1;2;3
0803.2307;0803.2307;0;6;6
0912.1225;0912.1225;0;49;49
hep-th/0304175;hep-th/0304175;6;0;6
quant-ph/0302128;quant-ph/0302128;2;9;11
quant-ph/0307090;quant-ph/0307090;2;0;2
hep-th/0502134;hep-th/0502134;5;47;52
hep-th/0612280;hep-th/0612280;1;15;16
astro-ph/0004385;astro-ph/0004385;8;3;11
0705.3741;0705.3741;0;7;7
0905.2653;0905.2653;0;21;21
0710.2300;0710.2300;0;45;45
cond-mat/9509163;cond-mat/9509163;1;3;4
hep-th/9809207;hep-th/9809207;0;3;3
hep-th/0612281;hep-th/0612281;1;12;13
0707.1797;0707.1797;0;5;5
gr-qc/9408035;gr-qc/9408035;10;6;16
hep-th/0101051;hep-th/0101051;2;11;13
hep-th/0011043;hep-th/0011043;4;15;19
hep-th/0005075;hep-th/0005075;5;12;17
hep-th/9805155;hep-th/9805155;6;15;21
hep-th/9508006;hep-th/9508006;8;8;16
hep-th/9806126;hep-th/9806126;7;41;48
hep-th/9806123;hep-th/9806123;2;114;116
hep-th/9405091;hep-th/9405091;1;1;2
0712.3224;0712.3224;0;25;25
0707.3331;0707.3331;0;2;2
0712.3226;0712.3226;0;17;17
0708.2328;0708.2328;0;6;6
0806.4558;0806.4558;0;20;20
0901.2405;0901.2405;0;21;21
0807.4527;0807.4527;0;33;33
0709.2932;0709.2932;0;30;30
0901.2402;0901.2402;0;24;24
0911.1197;0911.1197;0;22;22
astro-ph/0303574;astro-ph/0303574;6;10;16
hep-th/0306187;hep-th/0306187;2;29;31
0905.1686;0905.1686;0;2;2
0910.2510;0910.2510;0;12;12
hep-th/0302008;hep-th/0302008;3;60;63
0803.0232;0803.0232;0;32;32
math/0607745;math/0607745;4;0;4
hep-ph/0012028;hep-ph/0012028;2;11;13
hep-th/9512103;hep-th/9512103;5;10;15
hep-th/9512102;hep-th/9512102;2;11;13
hep-th/9510216;hep-th/9510216;9;7;16
hep-th/9610096;hep-th/9610096;1;2;3
hep-th/9607133;hep-th/9607133;2;0;2
hep-th/9402137;hep-th/9402137;3;0;3
hep-th/9610093;hep-th/9610093;2;9;11
hep-th/9604137;hep-th/9604137;4;1;5
hep-th/9610091;hep-th/9610091;3;11;14
hep-th/9503210;hep-th/9503210;2;4;6
gr-qc/0205101;gr-qc/0205101;0;5;5
hep-th/0612111;hep-th/0612111;1;12;13
hep-th/0605062;hep-th/0605062;4;0;4
0912.1489;0912.1489;0;5;5
0711.1656;0711.1656;0;26;26
cond-mat/0008374;cond-mat/0008374;2;1;3
hep-th/9312154;hep-th/9312154;3;16;19
hep-th/0303034;hep-th/0303034;2;57;59
hep-th/0302148;hep-th/0302148;3;41;44
hep-th/0511095;hep-th/0511095;3;5;8
hep-th/0509047;hep-th/0509047;3;5;8
cond-mat/0003436;cond-mat/0003436;3;2;5
quant-ph/0210042;quant-ph/0210042;0;4;4
hep-th/9906131;hep-th/9906131;3;6;9
0706.2716;0706.2716;0;33;33
0805.3818;0805.3818;0;51;51
hep-th/0412053;hep-th/0412053;6;13;19
0905.1536;0905.1536;0;5;5
hep-th/9511086;hep-th/9511086;1;12;13
hep-th/9511083;hep-th/9511083;0;11;11
hep-th/9407115;hep-th/9407115;1;1;2
hep-th/0111046;hep-th/0111046;3;34;37
hep-th/0402228;hep-th/0402228;5;31;36
math/0007190;math/0007190;2;12;14
math/9812125;math/9812125;2;9;11
hep-th/9511089;hep-th/9511089;2;2;4
hep-ph/9503379;hep-ph/9503379;0;2;2
hep-th/9303022;hep-th/9303022;1;0;1
hep-th/9905074;hep-th/9905074;0;4;4
gr-qc/9801105;gr-qc/9801105;3;2;5
hep-th/9810233;hep-th/9810233;5;5;10
hep-th/0211125;hep-th/0211125;1;14;15
hep-th/0210177;hep-th/0210177;2;0;2
hep-th/0203108;hep-th/0203108;5;88;93
hep-th/0209092;hep-th/0209092;3;1;4
hep-th/0110092;hep-th/0110092;4;13;17
hep-th/0110002;hep-th/0110002;5;38;43
dg-ga/9710012;dg-ga/9710012;0;6;6
hep-th/9905071;hep-th/9905071;1;8;9
hep-th/0211128;hep-th/0211128;0;17;17
hep-th/0209111;hep-th/0209111;5;17;22
0803.3163;0803.3163;0;15;15
0810.3673;0810.3673;0;8;8
0810.3675;0810.3675;0;63;63
0707.1829;0707.1829;0;2;2
physics/0703214;physics/0703214;1;0;1
0706.2546;0706.2546;0;14;14
0805.0564;0805.0564;0;26;26
math/0110320;math/0110320;2;2;4
q-alg/9501025;q-alg/9501025;8;3;11
hep-th/0107059;hep-th/0107059;2;5;7
hep-th/0312108;hep-th/0312108;1;2;3
hep-th/9907025;hep-th/9907025;5;16;21
gr-qc/0311074;gr-qc/0311074;7;19;26
hep-th/0312101;hep-th/0312101;0;10;10
hep-th/9310045;hep-th/9310045;2;0;2
0708.2818;0708.2818;0;44;44
0805.1086;0805.1086;0;73;73
nlin/0602059;nlin/0602059;2;22;24
gr-qc/9601035;gr-qc/9601035;6;24;30
0906.3368;0906.3368;0;21;21
0808.0191;0808.0191;0;8;8
math/0701568;math/0701568;4;20;24
hep-th/0703288;hep-th/0703288;0;13;13
hep-th/0407142;hep-th/0407142;9;9;18
hep-ph/0204195;hep-ph/0204195;3;21;24
0710.2306;0710.2306;0;6;6
hep-th/0310013;hep-th/0310013;1;0;1
nlin/0502004;nlin/0502004;2;0;2
0808.2808;0808.2808;0;17;17
hep-th/0703213;hep-th/0703213;3;19;22
0808.0190;0808.0190;0;12;12
hep-th/9809208;hep-th/9809208;6;8;14
gr-qc/9412051;gr-qc/9412051;3;9;12
hep-th/9809205;hep-th/9809205;0;1;1
hep-th/9809202;hep-th/9809202;2;8;10
hep-th/9809201;hep-th/9809201;0;5;5
hep-th/9809200;hep-th/9809200;0;2;2
gr-qc/9510021;gr-qc/9510021;2;4;6
hep-th/0405158;hep-th/0405158;2;5;7
gr-qc/9510026;gr-qc/9510026;0;2;2
hep-th/9309111;hep-th/9309111;0;5;5
hep-th/9309117;hep-th/9309117;2;2;4
nlin/0211037;nlin/0211037;0;1;1
hep-ph/9702306;hep-ph/9702306;2;3;5
hep-ph/9702304;hep-ph/9702304;5;5;10
hep-th/0303270;hep-th/0303270;0;27;27
cond-mat/9602156;cond-mat/9602156;0;7;7
hep-th/0411208;hep-th/0411208;5;16;21
gr-qc/9906013;gr-qc/9906013;11;0;11
hep-th/9602080;hep-th/9602080;7;3;10
hep-th/0202134;hep-th/0202134;3;14;17
hep-th/0406099;hep-th/0406099;1;8;9
hep-th/0003297;hep-th/0003297;19;11;30
hep-th/9609029;hep-th/9609029;3;1;4
hep-th/9909033;hep-th/9909033;13;5;18
hep-th/9310135;hep-th/9310135;7;2;9
hep-th/9510024;hep-th/9510024;0;2;2
hep-ph/9310259;hep-ph/9310259;3;0;3
hep-th/9510025;hep-th/9510025;1;1;2
hep-th/9510020;hep-th/9510020;0;6;6
hep-th/0402078;hep-th/0402078;4;18;22
cond-mat/9507032;cond-mat/9507032;10;3;13
0704.1079;0704.1079;0;53;53
hep-th/0402070;hep-th/0402070;0;22;22
hep-th/0001116;hep-th/0001116;1;1;2
hep-th/9812221;hep-th/9812221;2;0;2
hep-th/9303113;hep-th/9303113;1;0;1
hep-th/0106078;hep-th/0106078;9;41;50
hep-th/0211033;hep-th/0211033;2;11;13
hep-th/0111203;hep-th/0111203;9;0;9
0812.0992;0812.0992;0;11;11
0710.4218;0710.4218;0;8;8
hep-th/0412214;hep-th/0412214;2;1;3
0805.3438;0805.3438;0;9;9
0706.0667;0706.0667;0;26;26
0906.1819;0906.1819;0;21;21
cond-mat/0703117;cond-mat/0703117;2;5;7
cond-mat/0611321;cond-mat/0611321;3;5;8
cond-mat/0612192;cond-mat/0612192;1;3;4
cond-mat/0703114;cond-mat/0703114;1;6;7
0810.5532;0810.5532;0;39;39
hep-th/0505096;hep-th/0505096;3;6;9
0705.1872;0705.1872;0;24;24
hep-th/0610219;hep-th/0610219;7;17;24
hep-th/0612059;hep-th/0612059;6;21;27
math-ph/0503052;math-ph/0503052;1;8;9
0705.1871;0705.1871;0;7;7
0906.1345;0906.1345;0;30;30
hep-th/0009136;hep-th/0009136;3;0;3
hep-th/0007207;hep-th/0007207;1;12;13
hep-th/9508077;hep-th/9508077;5;0;5
0708.0593;0708.0593;0;1;1
0804.2289;0804.2289;0;8;8
0705.0005;0705.0005;0;6;6
0903.0961;0903.0961;0;11;11
0707.4218;0707.4218;0;23;23
hep-th/0602115;hep-th/0602115;1;12;13
hep-th/0407169;hep-th/0407169;0;33;33
0803.0608;0803.0608;0;7;7
0705.0007;0705.0007;0;4;4
quant-ph/0605094;quant-ph/0605094;3;9;12
hep-th/0407165;hep-th/0407165;1;4;5
0903.3803;0903.3803;0;8;8
hep-th/0011169;hep-th/0011169;2;9;11
hep-th/0006135;hep-th/0006135;4;0;4
0805.1585;0805.1585;0;13;13
cond-mat/0702271;cond-mat/0702271;1;15;16
math-ph/0107027;math-ph/0107027;0;1;1
0912.2163;0912.2163;0;13;13
hep-th/9307180;hep-th/9307180;2;9;11
hep-th/9307091;hep-th/9307091;4;7;11
hep-th/9209046;hep-th/9209046;9;0;9
hep-th/9506072;hep-th/9506072;3;1;4
hep-th/9409024;hep-th/9409024;3;4;7
0812.2880;0812.2880;0;59;59
cond-mat/9904413;cond-mat/9904413;0;1;1
hep-th/9412070;hep-th/9412070;1;5;6
hep-th/9412071;hep-th/9412071;1;3;4
0912.0678;0912.0678;0;3;3
hep-th/0505115;hep-th/0505115;1;7;8
hep-th/0505114;hep-th/0505114;2;21;23
hep-th/0505117;hep-th/0505117;3;37;40
hep-th/0309269;hep-th/0309269;5;8;13
hep-th/0303231;hep-th/0303231;6;20;26
math/0303118;math/0303118;2;7;9
0712.4021;0712.4021;0;3;3
hep-th/0702127;hep-th/0702127;0;12;12
hep-th/0612238;hep-th/0612238;2;10;12
0705.2062;0705.2062;0;21;21
hep-th/0412085;hep-th/0412085;2;20;22
0906.2159;0906.2159;0;15;15
0801.2711;0801.2711;0;36;36
hep-th/0702158;hep-th/0702158;3;32;35
0705.2068;0705.2068;0;31;31
0804.0037;0804.0037;0;6;6
hep-th/0310199;hep-th/0310199;0;5;5
cond-mat/9508012;cond-mat/9508012;2;5;7
hep-th/9609197;hep-th/9609197;8;5;13
0908.0805;0908.0805;0;3;3
gr-qc/9312006;gr-qc/9312006;2;0;2
quant-ph/9804009;quant-ph/9804009;5;0;5
hep-th/9204001;hep-th/9204001;6;0;6
hep-th/0106029;hep-th/0106029;4;11;15
hep-th/9604117;hep-th/9604117;1;5;6
hep-th/9408119;hep-th/9408119;6;0;6
hep-th/9304106;hep-th/9304106;2;0;2
hep-th/9804040;hep-th/9804040;2;9;11
0802.0519;0802.0519;0;92;92
hep-th/0701070;hep-th/0701070;2;26;28
0906.4765;0906.4765;0;2;2
astro-ph/0503486;astro-ph/0503486;3;0;3
hep-ph/0007019;hep-ph/0007019;0;1;1
0806.2531;0806.2531;0;8;8
hep-lat/9709089;hep-lat/9709089;3;1;4
0806.0803;0806.0803;0;10;10
hep-th/0012001;hep-th/0012001;1;8;9
hep-th/0007248;hep-th/0007248;2;12;14
hep-th/0012004;hep-th/0012004;0;5;5
hep-th/0012005;hep-th/0012005;0;5;5
hep-th/0012006;hep-th/0012006;0;4;4
hep-th/0012008;hep-th/0012008;0;15;15
0812.3932;0812.3932;0;12;12
0910.0338;0910.0338;0;4;4
0811.2393;0811.2393;0;2;2
0808.3768;0808.3768;0;26;26
0808.3765;0808.3765;0;9;9
cond-mat/0003091;cond-mat/0003091;0;1;1
cond-mat/9703079;cond-mat/9703079;1;0;1
0709.2348;0709.2348;0;4;4
hep-th/0409103;hep-th/0409103;0;21;21
hep-th/0304157;hep-th/0304157;3;20;23
0805.3433;0805.3433;0;7;7
0709.2342;0709.2342;0;47;47
0804.0616;0804.0616;1;9;10
gr-qc/0611096;gr-qc/0611096;1;7;8
gr-qc/0601083;gr-qc/0601083;2;0;2
0804.0614;0804.0614;0;26;26
0804.0613;0804.0613;0;39;39
hep-th/0306264;hep-th/0306264;2;9;11
hep-th/0306166;hep-th/0306166;4;9;13
0810.2449;0810.2449;0;22;22
0806.3675;0806.3675;0;11;11
hep-th/0601233;hep-th/0601233;7;31;38
0709.0581;0709.0581;0;31;31
hep-th/0401120;hep-th/0401120;2;60;62
hep-th/0107266;hep-th/0107266;2;3;5
hep-th/0405093;hep-th/0405093;2;16;18
hep-th/0404211;hep-th/0404211;1;127;128
hep-th/9809046;hep-th/9809046;2;12;14
hep-th/0204209;hep-th/0204209;5;12;17
hep-th/9907143;hep-th/9907143;10;27;37
hep-th/0507168;hep-th/0507168;6;22;28
hep-th/0702078;hep-th/0702078;0;2;2
physics/0508031;physics/0508031;1;0;1
hep-th/0305015;hep-th/0305015;2;0;2
quant-ph/0302061;quant-ph/0302061;1;6;7
quant-ph/0212078;quant-ph/0212078;2;4;6
hep-th/9506183;hep-th/9506183;6;3;9
hep-th/9411127;hep-th/9411127;5;1;6
hep-th/0702071;hep-th/0702071;1;24;25
hep-ph/0304147;hep-ph/0304147;5;17;22
hep-th/0411220;hep-th/0411220;3;21;24
hep-th/0203162;hep-th/0203162;7;12;19
hep-th/0702073;hep-th/0702073;0;17;17
0806.1883;0806.1883;0;17;17
0712.0714;0712.0714;0;10;10
0806.1844;0806.1844;0;39;39
hep-th/0608075;hep-th/0608075;0;3;3
0910.3150;0910.3150;0;22;22
0904.2234;0904.2234;0;15;15
math/0604093;math/0604093;4;4;8
0706.1525;0706.1525;0;29;29
0809.4312;0809.4312;0;48;48
0906.2936;0906.2936;0;6;6
math-ph/0112033;math-ph/0112033;0;3;3
hep-th/0107047;hep-th/0107047;0;5;5
hep-th/0105140;hep-th/0105140;1;3;4
hep-th/0011069;hep-th/0011069;0;2;2
hep-th/0011063;hep-th/0011063;1;1;2
hep-th/0011064;hep-th/0011064;0;2;2
hep-th/0011061;hep-th/0011061;2;0;2
0707.4465;0707.4465;0;1;1
0711.2300;0711.2300;0;26;26
hep-th/0703019;hep-th/0703019;4;10;14
gr-qc/0609089;gr-qc/0609089;2;9;11
0908.1330;0908.1330;0;9;9
hep-ph/0211287;hep-ph/0211287;15;22;37
hep-th/0107042;hep-th/0107042;3;3;6
0712.2672;0712.2672;0;82;82
astro-ph/0609755;astro-ph/0609755;7;8;15
0905.2508;0905.2508;0;2;2
gr-qc/0008027;gr-qc/0008027;2;6;8
0709.0586;0709.0586;0;16;16
hep-th/0702134;hep-th/0702134;2;5;7
hep-th/0612055;hep-th/0612055;3;15;18
hep-th/9211105;hep-th/9211105;9;0;9
0809.0646;0809.0646;0;8;8
hep-th/9305099;hep-th/9305099;3;0;3
math-ph/0502015;math-ph/0502015;1;17;18
hep-th/0502029;hep-th/0502029;10;46;56
0908.1333;0908.1333;0;16;16
0806.2775;0806.2775;0;27;27
0711.2306;0711.2306;0;17;17
0803.2692;0803.2692;0;32;32
hep-th/9912193;hep-th/9912193;11;45;56
hep-th/0201238;hep-th/0201238;0;5;5
0906.4194;0906.4194;0;20;20
hep-th/0201233;hep-th/0201233;0;15;15
hep-th/0012186;hep-th/0012186;2;2;4
hep-th/0201234;hep-th/0201234;3;3;6
hep-th/0009201;hep-th/0009201;4;1;5
hep-th/0305173;hep-th/0305173;1;4;5
hep-th/0301131;hep-th/0301131;3;11;14
hep-th/0207081;hep-th/0207081;3;23;26
0811.1638;0811.1638;0;23;23
hep-th/0703091;hep-th/0703091;3;21;24
hep-th/0602212;hep-th/0602212;2;13;15
hep-th/9501003;hep-th/9501003;4;4;8
hep-th/9501006;hep-th/9501006;2;2;4
0801.1160;0801.1160;0;72;72
hep-th/0611327;hep-th/0611327;5;24;29
hep-th/0505241;hep-th/0505241;3;3;6
0908.3643;0908.3643;0;3;3
gr-qc/0404066;gr-qc/0404066;2;7;9
gr-qc/0404061;gr-qc/0404061;3;4;7
math/0403485;math/0403485;3;2;5
hep-th/0109190;hep-th/0109190;0;8;8
hep-th/0009128;hep-th/0009128;1;11;12
hep-th/0102094;hep-th/0102094;0;23;23
0709.4028;0709.4028;0;40;40
hep-th/0611010;hep-th/0611010;2;9;11
cond-mat/0607783;cond-mat/0607783;1;9;10
hep-th/0109192;hep-th/0109192;4;24;28
hep-th/0210110;hep-th/0210110;6;0;6
hep-th/0611016;hep-th/0611016;2;64;66
hep-th/0611017;hep-th/0611017;0;8;8
hep-th/9804137;hep-th/9804137;0;3;3
hep-th/9301079;hep-th/9301079;5;2;7
0906.3579;0906.3579;0;28;28
hep-th/0701175;hep-th/0701175;10;59;69
hep-ph/0210447;hep-ph/0210447;5;10;15
hep-ph/0211367;hep-ph/0211367;15;6;21
math-ph/0306058;math-ph/0306058;1;8;9
math-ph/0212054;math-ph/0212054;1;15;16
hep-th/9705112;hep-th/9705112;0;4;4
hep-lat/9509019;hep-lat/9509019;6;2;8
hep-lat/9608101;hep-lat/9608101;4;4;8
hep-lat/9604017;hep-lat/9604017;3;2;5
hep-th/9611207;hep-th/9611207;5;5;10
hep-th/9609173;hep-th/9609173;5;6;11
hep-th/9705114;hep-th/9705114;0;18;18
hep-th/9705115;hep-th/9705115;0;10;10
hep-th/9705119;hep-th/9705119;0;6;6
hep-th/9511041;hep-th/9511041;2;4;6
hep-th/9607023;hep-th/9607023;2;0;2
hep-th/9701074;hep-th/9701074;1;5;6
hep-th/0005057;hep-th/0005057;1;0;1
0811.3074;0811.3074;0;11;11
hep-th/0608102;hep-th/0608102;1;5;6
0811.3076;0811.3076;0;9;9
quant-ph/9903069;quant-ph/9903069;3;0;3
hep-ph/9710483;hep-ph/9710483;0;1;1
hep-lat/9902029;hep-lat/9902029;0;9;9
hep-ph/9710484;hep-ph/9710484;0;1;1
hep-th/9307055;hep-th/9307055;2;0;2
math/9911034;math/9911034;0;4;4
hep-th/9403016;hep-th/9403016;1;3;4
math/0005196;math/0005196;4;17;21
0901.0818;0901.0818;0;12;12
hep-th/0407030;hep-th/0407030;5;13;18
hep-th/0511141;hep-th/0511141;1;10;11
hep-th/0311105;hep-th/0311105;4;8;12
hep-th/0006024;hep-th/0006024;4;40;44
hep-th/0005042;hep-th/0005042;4;3;7
hep-th/0007251;hep-th/0007251;3;0;3
hep-th/9905135;hep-th/9905135;13;2;15
hep-th/9812228;hep-th/9812228;1;2;3
hep-lat/0107013;hep-lat/0107013;0;1;1
hep-th/9812227;hep-th/9812227;6;27;33
hep-th/9806012;hep-th/9806012;4;16;20
hep-th/9812220;hep-th/9812220;0;11;11
hep-th/9812222;hep-th/9812222;0;3;3
hep-th/9612137;hep-th/9612137;2;0;2
hep-th/9801031;hep-th/9801031;5;2;7
hep-th/9212100;hep-th/9212100;1;7;8
hep-th/9210066;hep-th/9210066;3;11;14
hep-th/9208065;hep-th/9208065;4;0;4
hep-th/9203028;hep-th/9203028;2;0;2
math-ph/9902004;math-ph/9902004;1;4;5
hep-th/9206031;hep-th/9206031;3;0;3
hep-th/0312134;hep-th/0312134;6;14;20
hep-th/9212109;hep-th/9212109;0;1;1
0908.1738;0908.1738;0;3;3
hep-th/0205263;hep-th/0205263;1;2;3
hep-th/0010134;hep-th/0010134;2;3;5
hep-th/0205261;hep-th/0205261;3;11;14
hep-th/0205267;hep-th/0205267;4;7;11
hep-th/0205264;hep-th/0205264;0;6;6
0704.0553;0704.0553;0;15;15
hep-th/0610277;hep-th/0610277;1;13;14
0705.1006;0705.1006;0;54;54
0710.5267;0710.5267;0;12;12
gr-qc/0405008;gr-qc/0405008;0;5;5
gr-qc/0405003;gr-qc/0405003;3;23;26
hep-th/9904150;hep-th/9904150;3;41;44
quant-ph/0701221;quant-ph/0701221;2;8;10
gr-qc/0110090;gr-qc/0110090;3;8;11
hep-th/9904154;hep-th/9904154;0;7;7
0804.0231;0804.0231;0;18;18
0806.1018;0806.1018;0;14;14
0810.3022;0810.3022;0;14;14
0708.3300;0708.3300;0;9;9
quant-ph/0108107;quant-ph/0108107;1;0;1
hep-th/0604057;hep-th/0604057;2;39;41
gr-qc/9308011;gr-qc/9308011;4;1;5
hep-th/0606082;hep-th/0606082;0;13;13
quant-ph/0110133;quant-ph/0110133;4;3;7
hep-th/0312188;hep-th/0312188;2;25;27
gr-qc/0310136;gr-qc/0310136;2;17;19
hep-th/9311186;hep-th/9311186;5;0;5
0711.1879;0711.1879;0;7;7
0907.1321;0907.1321;0;19;19
0706.2715;0706.2715;0;31;31
0711.4184;0711.4184;0;23;23
gr-qc/0501065;gr-qc/0501065;0;6;6
hep-th/0110100;hep-th/0110100;0;11;11
0910.4356;0910.4356;0;7;7
0810.2707;0810.2707;0;10;10
0910.4350;0910.4350;0;7;7
0807.0827;0807.0827;0;21;21
0903.1310;0903.1310;0;1;1
hep-th/9906245;hep-th/9906245;1;1;2
0811.1566;0811.1566;0;25;25
0801.4242;0801.4242;0;1;1
hep-th/9508173;hep-th/9508173;7;6;13
cond-mat/0603165;cond-mat/0603165;0;5;5
0808.1855;0808.1855;0;37;37
hep-ph/0308211;hep-ph/0308211;5;14;19
hep-th/9906241;hep-th/9906241;3;2;5
hep-th/9812233;hep-th/9812233;3;3;6
0808.1859;0808.1859;0;11;11
hep-th/0502090;hep-th/0502090;6;15;21
hep-ph/9703417;hep-ph/9703417;1;3;4
hep-th/9609099;hep-th/9609099;1;0;1
hep-th/9905010;hep-th/9905010;3;0;3
hep-th/0610131;hep-th/0610131;3;2;5
gr-qc/9405066;gr-qc/9405066;4;0;4
gr-qc/9904022;gr-qc/9904022;4;1;5
hep-th/9511170;hep-th/9511170;3;2;5
hep-th/9507043;hep-th/9507043;6;1;7
hep-th/9501094;hep-th/9501094;2;2;4
solv-int/9512008;solv-int/9512008;2;36;38
hep-th/9210155;hep-th/9210155;6;1;7
hep-th/9602069;hep-th/9602069;3;10;13
0706.1429;0706.1429;0;4;4
0903.1316;0903.1316;0;2;2
hep-th/0308075;hep-th/0308075;9;15;24
nucl-th/0304028;nucl-th/0304028;0;2;2
0710.2148;0710.2148;0;23;23
0803.0180;0803.0180;0;6;6
0710.2141;0710.2141;0;26;26
hep-th/0608188;hep-th/0608188;2;35;37
cond-mat/0303272;cond-mat/0303272;2;8;10
cond-mat/0211168;cond-mat/0211168;3;0;3
cond-mat/0204416;cond-mat/0204416;0;2;2
gr-qc/0511054;gr-qc/0511054;3;6;9
0711.1932;0711.1932;0;10;10
0809.2852;0809.2852;0;30;30
0801.3480;0801.3480;0;29;29
hep-th/9304054;hep-th/9304054;1;1;2
0711.1935;0711.1935;0;4;4
0711.1934;0711.1934;0;10;10
0807.2276;0807.2276;0;20;20
hep-th/0610138;hep-th/0610138;0;14;14
hep-th/0501046;hep-th/0501046;3;5;8
quant-ph/0603207;quant-ph/0603207;1;0;1
math-ph/0002031;math-ph/0002031;0;12;12
hep-th/9503214;hep-th/9503214;4;0;4
0803.3984;0803.3984;0;30;30
hep-th/0610139;hep-th/0610139;0;2;2
gr-qc/0207083;gr-qc/0207083;8;3;11
gr-qc/0203097;gr-qc/0203097;9;1;10
0907.3462;0907.3462;0;4;4
0905.2389;0905.2389;0;15;15
hep-th/0506193;hep-th/0506193;1;3;4
hep-th/0110228;hep-th/0110228;1;0;1
hep-th/0303070;hep-th/0303070;1;3;4
hep-th/0303075;hep-th/0303075;3;35;38
hep-th/9601158;hep-th/9601158;3;17;20
hep-th/0603074;hep-th/0603074;1;3;4
hep-th/9701159;hep-th/9701159;2;0;2
quant-ph/0103136;quant-ph/0103136;2;0;2
hep-th/0504192;hep-th/0504192;4;22;26
hep-th/0304029;hep-th/0304029;5;3;8
hep-th/0403177;hep-th/0403177;9;3;12
hep-th/0512236;hep-th/0512236;4;2;6
astro-ph/0601542;astro-ph/0601542;2;8;10
hep-th/0603073;hep-th/0603073;0;70;70
0904.1032;0904.1032;0;40;40
hep-th/0601133;hep-th/0601133;2;97;99
hep-th/0408218;hep-th/0408218;1;2;3
hep-th/0311192;hep-th/0311192;1;0;1
0904.1035;0904.1035;0;34;34
0706.0642;0706.0642;0;13;13
hep-th/0611291;hep-th/0611291;0;12;12
0804.1256;0804.1256;0;9;9
0804.1259;0804.1259;0;15;15
0805.0152;0805.0152;0;19;19
0805.0150;0805.0150;0;11;11
hep-th/9907196;hep-th/9907196;0;2;2
hep-th/9907194;hep-th/9907194;0;3;3
hep-ph/9710538;hep-ph/9710538;2;1;3
hep-th/9907195;hep-th/9907195;0;2;2
hep-th/9811226;hep-th/9811226;2;0;2
hep-th/9610100;hep-th/9610100;1;1;2
hep-th/9907193;hep-th/9907193;0;3;3
0809.1216;0809.1216;0;7;7
hep-th/9907199;hep-th/9907199;4;1;5
quant-ph/0202067;quant-ph/0202067;0;7;7
hep-th/0510090;hep-th/0510090;1;9;10
0901.3954;0901.3954;0;1;1
math/0303021;math/0303021;1;0;1
hep-th/0310074;hep-th/0310074;3;33;36
math-ph/0412007;math-ph/0412007;0;5;5
math-ph/0105015;math-ph/0105015;3;8;11
0707.3517;0707.3517;0;31;31
hep-th/0608181;hep-th/0608181;2;57;59
0807.0437;0807.0437;0;24;24
hep-th/0512126;hep-th/0512126;0;10;10
hep-th/9605041;hep-th/9605041;2;2;4
quant-ph/9512021;quant-ph/9512021;3;27;30
0909.3462;0909.3462;0;9;9
0706.2525;0706.2525;0;15;15
0907.4272;0907.4272;0;1;1
0907.4271;0907.4271;0;19;19
0708.1214;0708.1214;0;32;32
gr-qc/9707017;gr-qc/9707017;2;2;4
gr-qc/9705071;gr-qc/9705071;3;1;4
quant-ph/9804072;quant-ph/9804072;0;1;1
0707.1857;0707.1857;0;21;21
hep-th/0105157;hep-th/0105157;3;3;6
0903.4407;0903.4407;0;8;8
hep-ph/9501273;hep-ph/9501273;4;0;4
hep-th/9902119;hep-th/9902119;1;23;24
hep-th/9806224;hep-th/9806224;2;33;35
hep-th/0006241;hep-th/0006241;1;2;3
hep-th/9912042;hep-th/9912042;2;26;28
hep-th/0009108;hep-th/0009108;1;2;3
hep-th/0111044;hep-th/0111044;3;51;54
hep-th/9511161;hep-th/9511161;1;2;3
hep-th/0511242;hep-th/0511242;0;6;6
hep-th/0402222;hep-th/0402222;2;3;5
hep-th/0412144;hep-th/0412144;3;1;4
hep-th/0605044;hep-th/0605044;1;11;12
hep-th/0312004;hep-th/0312004;1;13;14
hep-th/0310184;hep-th/0310184;1;8;9
hep-th/0412145;hep-th/0412145;1;12;13
hep-th/0301056;hep-th/0301056;5;5;10
hep-th/0412147;hep-th/0412147;0;2;2
hep-th/0412146;hep-th/0412146;1;32;33
hep-th/0310289;hep-th/0310289;2;34;36
hep-th/9809072;hep-th/9809072;2;4;6
nucl-th/9703028;nucl-th/9703028;3;1;4
0805.2991;0805.2991;0;23;23
hep-ph/0207203;hep-ph/0207203;0;1;1
0912.3299;0912.3299;0;14;14
hep-ph/0207208;hep-ph/0207208;0;7;7
0808.0430;0808.0430;0;6;6
hep-th/9504017;hep-th/9504017;3;0;3
hep-th/9509051;hep-th/9509051;0;1;1
hep-th/9506081;hep-th/9506081;7;4;11
math/0508550;math/0508550;1;4;5
math/0501487;math/0501487;2;10;12
0705.1791;0705.1791;0;20;20
0907.0468;0907.0468;0;47;47
astro-ph/0409166;astro-ph/0409166;6;15;21
0912.1802;0912.1802;0;5;5
quant-ph/9810092;quant-ph/9810092;3;4;7
nlin/0410050;nlin/0410050;0;1;1
hep-th/9303018;hep-th/9303018;1;0;1
hep-th/9503178;hep-th/9503178;4;11;15
hep-lat/0106005;hep-lat/0106005;0;1;1
hep-lat/9412039;hep-lat/9412039;1;0;1
hep-ph/0603026;hep-ph/0603026;1;102;103
hep-ph/0309180;hep-ph/0309180;2;6;8
hep-ph/0309181;hep-ph/0309181;3;5;8
0807.1927;0807.1927;0;48;48
0812.3155;0812.3155;0;5;5
0812.3150;0812.3150;0;7;7
hep-th/0409161;hep-th/0409161;3;19;22
hep-th/9807154;hep-th/9807154;0;19;19
hep-th/9604015;hep-th/9604015;6;1;7
0909.1489;0909.1489;0;12;12
hep-th/0609059;hep-th/0609059;9;39;48
0901.0303;0901.0303;0;3;3
physics/0611143;physics/0611143;1;6;7
hep-th/9602086;hep-th/9602086;3;0;3
hep-th/9904180;hep-th/9904180;5;20;25
hep-th/9710193;hep-th/9710193;3;14;17
hep-th/0612009;hep-th/0612009;2;10;12
hep-th/0110197;hep-th/0110197;3;0;3
hep-th/0106049;hep-th/0106049;3;6;9
0901.3653;0901.3653;0;45;45
0901.3651;0901.3651;0;15;15
hep-th/0206019;hep-th/0206019;3;9;12
0801.4080;0801.4080;0;29;29
hep-ph/9709437;hep-ph/9709437;1;1;2
hep-th/0312040;hep-th/0312040;6;41;47
hep-th/0703217;hep-th/0703217;0;29;29
0903.5297;0903.5297;0;13;13
gr-qc/9807012;gr-qc/9807012;3;3;6
0808.0514;0808.0514;0;9;9
hep-lat/9507025;hep-lat/9507025;5;5;10
astro-ph/0506558;astro-ph/0506558;6;22;28
astro-ph/0607525;astro-ph/0607525;6;20;26
0805.3517;0805.3517;0;34;34
hep-th/0609215;hep-th/0609215;6;18;24
0804.0054;0804.0054;0;6;6
gr-qc/0608043;gr-qc/0608043;2;3;5
0804.0055;0804.0055;0;12;12
math-ph/0408023;math-ph/0408023;4;13;17
math-ph/0404028;math-ph/0404028;3;14;17
gr-qc/0308046;gr-qc/0308046;4;25;29
0710.3954;0710.3954;0;31;31
hep-th/0004002;hep-th/0004002;4;28;32
hep-th/0612287;hep-th/0612287;3;32;35
0708.3845;0708.3845;0;37;37
hep-th/0509095;hep-th/0509095;0;7;7
quant-ph/0503163;quant-ph/0503163;3;4;7
0910.0689;0910.0689;0;12;12
hep-th/9409146;hep-th/9409146;0;1;1
hep-th/9409140;hep-th/9409140;0;3;3
0801.2863;0801.2863;0;8;8
hep-th/9906073;hep-th/9906073;9;16;25
hep-th/0304002;hep-th/0304002;0;21;21
hep-th/9809038;hep-th/9809038;0;1;1
hep-th/9405179;hep-th/9405179;1;0;1
hep-th/0211088;hep-th/0211088;1;2;3
hep-th/0304006;hep-th/0304006;2;14;16
hep-th/9707205;hep-th/9707205;3;45;48
hep-th/9805212;hep-th/9805212;6;12;18
hep-th/9803198;hep-th/9803198;3;25;28
hep-th/9712055;hep-th/9712055;2;11;13
hep-th/9605023;hep-th/9605023;4;29;33
hep-th/0211083;hep-th/0211083;0;7;7
hep-th/0211081;hep-th/0211081;0;15;15
hep-th/0210257;hep-th/0210257;1;0;1
hep-th/0211085;hep-th/0211085;0;10;10
hep-th/0502182;hep-th/0502182;1;16;17
hep-th/0405073;hep-th/0405073;5;13;18
0812.4311;0812.4311;0;9;9
hep-th/9606006;hep-th/9606006;0;3;3
hep-th/9402142;hep-th/9402142;0;3;3
hep-th/9212047;hep-th/9212047;8;0;8
hep-th/9606002;hep-th/9606002;1;7;8
hep-th/9302089;hep-th/9302089;2;2;4
hep-th/9402149;hep-th/9402149;1;8;9
hep-th/9510081;hep-th/9510081;1;8;9
hep-th/9509049;hep-th/9509049;5;9;14
hep-th/9612130;hep-th/9612130;6;12;18
0912.5274;0912.5274;0;20;20
hep-th/9904094;hep-th/9904094;4;23;27
0803.1989;0803.1989;0;19;19
0807.1964;0807.1964;0;2;2
0712.2725;0712.2725;0;9;9
hep-th/9607232;hep-th/9607232;5;2;7
hep-th/0306175;hep-th/0306175;2;7;9
0801.0629;0801.0629;0;30;30
0905.4447;0905.4447;0;10;10
hep-th/0409169;hep-th/0409169;3;32;35
0712.2728;0712.2728;0;1;1
hep-th/0404178;hep-th/0404178;4;16;20
hep-th/9612036;hep-th/9612036;3;5;8
hep-th/0004031;hep-th/0004031;5;4;9
math-ph/9809014;math-ph/9809014;3;5;8
hep-th/0410129;hep-th/0410129;4;6;10
hep-th/0107077;hep-th/0107077;3;0;3
hep-th/9910106;hep-th/9910106;0;35;35
hep-th/9908061;hep-th/9908061;1;8;9
hep-th/0311016;hep-th/0311016;7;18;25
0906.2712;0906.2712;0;57;57
physics/0702069;physics/0702069;1;5;6
gr-qc/0611037;gr-qc/0611037;4;18;22
hep-th/0608009;hep-th/0608009;0;4;4
hep-th/0411162;hep-th/0411162;4;10;14
hep-th/0602067;hep-th/0602067;4;17;21
hep-th/0506185;hep-th/0506185;7;17;24
hep-th/9602039;hep-th/9602039;2;7;9
hep-th/9505149;hep-th/9505149;1;15;16
hep-th/9410233;hep-th/9410233;2;9;11
hep-th/9505148;hep-th/9505148;0;2;2
hep-th/9505142;hep-th/9505142;3;6;9
hep-th/9402064;hep-th/9402064;4;2;6
hep-th/9501100;hep-th/9501100;3;2;5
hep-th/9505141;hep-th/9505141;0;3;3
gr-qc/9407031;gr-qc/9407031;9;3;12
hep-th/0109035;hep-th/0109035;0;3;3
hep-ph/9710313;hep-ph/9710313;2;2;4
hep-ph/9812437;hep-ph/9812437;1;8;9
cond-mat/9508062;cond-mat/9508062;2;3;5
hep-th/0001064;hep-th/0001064;2;13;15
0907.0219;0907.0219;0;15;15
hep-th/9404172;hep-th/9404172;12;8;20
hep-th/9711152;hep-th/9711152;0;3;3
hep-th/9507134;hep-th/9507134;2;1;3
hep-th/9403001;hep-th/9403001;4;0;4
hep-th/9707060;hep-th/9707060;15;20;35
hep-th/9711154;hep-th/9711154;1;1;2
hep-th/9301014;hep-th/9301014;8;0;8
hep-th/0312315;hep-th/0312315;0;4;4
gr-qc/0203034;gr-qc/0203034;12;12;24
hep-th/0312313;hep-th/0312313;0;15;15
0809.0085;0809.0085;0;18;18
0807.2736;0807.2736;0;6;6
0809.0086;0809.0086;0;3;3
math/0312494;math/0312494;3;5;8
math/0311128;math/0311128;1;3;4
0908.4394;0908.4394;0;7;7
hep-ph/0007013;hep-ph/0007013;0;8;8
math-ph/0505058;math-ph/0505058;0;2;2
hep-th/9802204;hep-th/9802204;2;13;15
hep-ph/9805486;hep-ph/9805486;1;11;12
0712.4392;0712.4392;0;11;11
0706.3586;0706.3586;0;21;21
gr-qc/0402115;gr-qc/0402115;2;26;28
hep-th/0406156;hep-th/0406156;1;16;17
hep-th/0406154;hep-th/0406154;10;120;130
hep-th/0405245;hep-th/0405245;2;39;41
hep-ph/0408043;hep-ph/0408043;2;24;26
hep-th/9909032;hep-th/9909032;3;24;27
hep-th/0504061;hep-th/0504061;1;36;37
hep-th/0412155;hep-th/0412155;4;18;22
hep-th/0504070;hep-th/0504070;7;57;64
hep-th/0406153;hep-th/0406153;0;40;40
gr-qc/0311071;gr-qc/0311071;1;18;19
hep-th/0406151;hep-th/0406151;0;13;13
hep-ph/0308089;hep-ph/0308089;1;1;2
hep-th/9805214;hep-th/9805214;5;0;5
hep-th/0406084;hep-th/0406084;1;11;12
hep-th/0311046;hep-th/0311046;3;17;20
0903.0251;0903.0251;0;9;9
hep-th/9911149;hep-th/9911149;4;24;28
0809.1160;0809.1160;0;11;11
hep-th/9610233;hep-th/9610233;2;4;6
0704.1073;0704.1073;0;19;19
gr-qc/9706033;gr-qc/9706033;3;3;6
hep-ph/0104212;hep-ph/0104212;7;8;15
0901.0049;0901.0049;0;23;23
hep-th/0508141;hep-th/0508141;0;2;2
hep-th/0505089;hep-th/0505089;3;5;8
0709.0816;0709.0816;0;18;18
hep-th/0606046;hep-th/0606046;2;3;5
0907.4983;0907.4983;0;36;36
math-ph/0612059;math-ph/0612059;2;4;6
0908.4399;0908.4399;0;5;5
hep-th/9310104;hep-th/9310104;2;0;2
hep-th/0602215;hep-th/0602215;7;75;82
hep-th/0604054;hep-th/0604054;8;28;36
hep-th/0010230;hep-th/0010230;0;1;1
hep-th/0010233;hep-th/0010233;0;36;36
hep-th/0010235;hep-th/0010235;1;4;5
gr-qc/9412001;gr-qc/9412001;6;5;11
hep-th/9710200;hep-th/9710200;0;6;6
hep-th/9710201;hep-th/9710201;0;3;3
hep-th/9710202;hep-th/9710202;0;3;3
hep-th/9303151;hep-th/9303151;3;0;3
hep-th/9608055;hep-th/9608055;4;0;4
hep-th/9706015;hep-th/9706015;3;0;3
hep-th/9710209;hep-th/9710209;3;6;9
hep-ph/0010071;hep-ph/0010071;2;0;2
hep-th/0406088;hep-th/0406088;2;7;9
hep-th/0205060;hep-th/0205060;0;109;109
gr-qc/9707046;gr-qc/9707046;1;0;1
hep-th/9508048;hep-th/9508048;0;1;1
q-alg/9501023;q-alg/9501023;1;4;5
hep-th/9508040;hep-th/9508040;3;9;12
hep-lat/0010084;hep-lat/0010084;2;7;9
hep-lat/0010081;hep-lat/0010081;0;9;9
hep-th/9810004;hep-th/9810004;7;10;17
hep-th/0008019;hep-th/0008019;1;38;39
0910.2615;0910.2615;0;16;16
math/9803072;math/9803072;3;0;3
math/9802111;math/9802111;2;0;2
hep-th/9604096;hep-th/9604096;1;15;16
hep-th/9510145;hep-th/9510145;3;3;6
hep-th/9511045;hep-th/9511045;5;0;5
hep-th/9302082;hep-th/9302082;2;2;4
hep-th/9706118;hep-th/9706118;1;4;5
hep-th/9506159;hep-th/9506159;7;49;56
hep-th/9706113;hep-th/9706113;1;2;3
hep-ph/9411218;hep-ph/9411218;0;3;3
hep-th/9706111;hep-th/9706111;1;9;10
hep-th/9706116;hep-th/9706116;0;6;6
hep-th/9606158;hep-th/9606158;1;4;5
solv-int/9504002;solv-int/9504002;4;0;4
hep-th/9410225;hep-th/9410225;2;2;4
hep-th/9709135;hep-th/9709135;3;5;8
hep-th/9502134;hep-th/9502134;2;2;4
0802.4395;0802.4395;0;17;17
0807.0607;0807.0607;0;22;22
hep-th/0402115;hep-th/0402115;10;25;35
0906.5156;0906.5156;0;22;22
0802.1075;0802.1075;0;11;11
0804.3570;0804.3570;0;61;61
hep-ph/9905306;hep-ph/9905306;1;2;3
0710.1613;0710.1613;0;9;9
hep-th/9303095;hep-th/9303095;5;0;5
0907.5354;0907.5354;0;11;11
0804.4036;0804.4036;0;24;24
0709.3733;0709.3733;0;24;24
hep-th/0501247;hep-th/0501247;8;3;11
0804.1047;0804.1047;0;39;39
0709.3738;0709.3738;0;24;24
0807.4249;0807.4249;0;5;5
hep-th/0502068;hep-th/0502068;1;9;10
0704.2751;0704.2751;0;13;13
hep-th/0202049;hep-th/0202049;2;12;14
hep-th/0111108;hep-th/0111108;1;0;1
hep-th/0202047;hep-th/0202047;4;10;14
hep-th/9912142;hep-th/9912142;7;15;22
cond-mat/9711257;cond-mat/9711257;7;8;15
cond-mat/9912323;cond-mat/9912323;6;13;19
hep-th/0112124;hep-th/0112124;9;9;18
0806.2422;0806.2422;0;8;8
hep-th/0010109;hep-th/0010109;2;13;15
0904.0400;0904.0400;0;16;16
0812.3996;0812.3996;0;6;6
hep-th/9309086;hep-th/9309086;7;0;7
hep-th/9707249;hep-th/9707249;4;26;30
hep-th/0312243;hep-th/0312243;1;16;17
math/9905102;math/9905102;1;0;1
hep-th/9707240;hep-th/9707240;1;25;26
hep-th/9609038;hep-th/9609038;1;8;9
hep-th/9402151;hep-th/9402151;1;3;4
hep-th/9212081;hep-th/9212081;2;4;6
hep-th/9204016;hep-th/9204016;4;0;4
hep-th/9509072;hep-th/9509072;4;9;13
hep-th/9705073;hep-th/9705073;1;9;10
0808.1019;0808.1019;0;21;21
hep-th/0512153;hep-th/0512153;6;13;19
0706.1830;0706.1830;0;31;31
gr-qc/0703011;gr-qc/0703011;4;29;33
gr-qc/0701152;gr-qc/0701152;12;25;37
0801.0482;0801.0482;0;15;15
gr-qc/0606054;gr-qc/0606054;2;15;17
0906.2381;0906.2381;0;1;1
math-ph/0410059;math-ph/0410059;1;3;4
0906.2384;0906.2384;0;7;7
0710.3552;0710.3552;0;7;7
hep-th/9607018;hep-th/9607018;0;4;4
hep-th/9607016;hep-th/9607016;0;4;4
hep-th/9611045;hep-th/9611045;2;10;12
hep-th/9607012;hep-th/9607012;1;1;2
0909.2559;0909.2559;0;36;36
0904.4680;0904.4680;0;5;5
hep-th/0607127;hep-th/0607127;5;25;30
astro-ph/0205079;astro-ph/0205079;1;5;6
hep-th/0302126;hep-th/0302126;1;14;15
0808.4076;0808.4076;0;53;53
hep-th/0702084;hep-th/0702084;7;55;62
hep-th/0606282;hep-th/0606282;7;13;20
0709.2063;0709.2063;0;15;15
0910.4805;0910.4805;0;25;25
hep-th/0012214;hep-th/0012214;1;24;25
hep-th/0012217;hep-th/0012217;3;27;30
hep-th/0204028;hep-th/0204028;1;5;6
0903.3605;0903.3605;0;29;29
hep-th/0307005;hep-th/0307005;0;3;3
0704.3082;0704.3082;0;45;45
physics/9710016;physics/9710016;2;0;2
hep-th/0304214;hep-th/0304214;2;6;8
0704.3084;0704.3084;0;28;28
0904.4532;0904.4532;0;74;74
gr-qc/0211003;gr-qc/0211003;5;37;42
0904.4538;0904.4538;0;12;12
0811.0145;0811.0145;0;42;42
hep-th/0510181;hep-th/0510181;1;4;5
hep-th/9909045;hep-th/9909045;5;4;9
0811.3414;0811.3414;0;6;6
0904.3560;0904.3560;0;50;50
0909.5145;0909.5145;0;6;6
math-ph/0609001;math-ph/0609001;1;2;3
quant-ph/9902019;quant-ph/9902019;2;1;3
hep-th/0505054;hep-th/0505054;1;46;47
0709.2347;0709.2347;0;22;22
0704.0064;0704.0064;0;18;18
hep-th/0512338;hep-th/0512338;1;15;16
math-ph/0610036;math-ph/0610036;5;7;12
0704.0066;0704.0066;0;8;8
hep-th/0505007;hep-th/0505007;3;5;8
hep-th/0405008;hep-th/0405008;2;4;6
0903.0040;0903.0040;0;21;21
gr-qc/0212097;gr-qc/0212097;4;7;11
hep-th/9904088;hep-th/9904088;2;0;2
hep-th/0209031;hep-th/0209031;5;16;21
astro-ph/0112522;astro-ph/0112522;3;0;3
0707.4254;0707.4254;0;22;22
hep-th/9903185;hep-th/9903185;3;5;8
hep-th/9607116;hep-th/9607116;2;2;4
math-ph/0411014;math-ph/0411014;0;1;1
hep-th/0505125;hep-th/0505125;2;2;4
gr-qc/0512005;gr-qc/0512005;2;18;20
hep-th/9612099;hep-th/9612099;3;3;6
hep-th/9708148;hep-th/9708148;6;6;12
q-alg/9712002;q-alg/9712002;4;0;4
hep-th/9804050;hep-th/9804050;4;0;4
hep-th/9805186;hep-th/9805186;0;2;2
hep-lat/9907017;hep-lat/9907017;1;20;21
cond-mat/9811134;cond-mat/9811134;6;5;11
hep-th/0001117;hep-th/0001117;0;8;8
hep-th/9906123;hep-th/9906123;9;13;22
0904.2277;0904.2277;0;24;24
hep-th/0502062;hep-th/0502062;0;3;3
0810.3329;0810.3329;0;37;37
hep-th/0211157;hep-th/0211157;5;0;5
hep-th/0407233;hep-th/0407233;5;14;19
hep-th/0701282;hep-th/0701282;1;9;10
0805.0543;0805.0543;0;3;3
0908.3160;0908.3160;0;29;29
math/0301090;math/0301090;2;3;5
hep-th/9409027;hep-th/9409027;4;2;6
hep-th/9403114;hep-th/9403114;3;0;3
0811.4644;0811.4644;0;15;15
hep-ph/0412197;hep-ph/0412197;0;5;5
math/0301095;math/0301095;0;4;4
hep-th/0211230;hep-th/0211230;2;6;8
0804.4793;0804.4793;0;8;8
0801.1053;0801.1053;0;41;41
hep-th/0701140;hep-th/0701140;4;17;21
hep-th/0202206;hep-th/0202206;5;15;20
hep-lat/9812009;hep-lat/9812009;3;0;3
hep-th/9804201;hep-th/9804201;6;17;23
hep-th/9903256;hep-th/9903256;4;6;10
hep-th/9904193;hep-th/9904193;2;4;6
hep-th/0110008;hep-th/0110008;2;0;2
0711.2877;0711.2877;0;19;19
hep-th/0501220;hep-th/0501220;8;19;27
hep-th/0611022;hep-th/0611022;4;34;38
hep-ph/0309311;hep-ph/0309311;1;7;8
hep-th/9507095;hep-th/9507095;1;1;2
0902.2672;0902.2672;0;10;10
hep-th/0201006;hep-th/0201006;1;6;7
hep-th/0201005;hep-th/0201005;2;11;13
hep-th/9603180;hep-th/9603180;3;6;9
hep-th/0201002;hep-th/0201002;1;20;21
hep-th/9506082;hep-th/9506082;2;0;2
hep-th/0106130;hep-th/0106130;1;0;1
hep-th/0204072;hep-th/0204072;1;7;8
astro-ph/0112145;astro-ph/0112145;2;3;5
hep-th/9805164;hep-th/9805164;1;9;10
hep-th/0505053;hep-th/0505053;4;5;9
hep-th/0511204;hep-th/0511204;4;7;11
hep-th/0312130;hep-th/0312130;7;8;15
hep-th/0409216;hep-th/0409216;3;2;5
hep-th/0511206;hep-th/0511206;7;10;17
hep-th/0507120;hep-th/0507120;3;6;9
hep-th/0511207;hep-th/0511207;0;5;5
hep-th/0511201;hep-th/0511201;0;19;19
hep-th/0307064;hep-th/0307064;9;18;27
hep-th/0511148;hep-th/0511148;1;11;12
hep-th/0307207;hep-th/0307207;3;0;3
hep-th/0511202;hep-th/0511202;0;18;18
hep-th/0506023;hep-th/0506023;3;47;50
hep-th/0409070;hep-th/0409070;7;38;45
hep-th/0405225;hep-th/0405225;1;18;19
hep-th/0601182;hep-th/0601182;4;29;33
hep-th/0508176;hep-th/0508176;1;13;14
hep-th/0601185;hep-th/0601185;1;5;6
gr-qc/0503051;gr-qc/0503051;3;12;15
hep-th/0601184;hep-th/0601184;2;1;3
0907.3203;0907.3203;0;11;11
0707.2564;0707.2564;0;31;31
hep-th/0608203;hep-th/0608203;3;25;28
hep-th/0702004;hep-th/0702004;3;14;17
hep-ph/0410342;hep-ph/0410342;1;7;8
0704.3547;0704.3547;0;32;32
0808.1967;0808.1967;0;1;1
0805.0546;0805.0546;0;13;13
0901.0676;0901.0676;0;37;37
0901.0679;0901.0679;0;13;13
0704.0777;0704.0777;0;10;10
nucl-th/0410033;nucl-th/0410033;0;6;6
hep-th/0410050;hep-th/0410050;1;1;2
math/9801136;math/9801136;0;8;8
q-alg/9708016;q-alg/9708016;1;0;1
hep-th/9304021;hep-th/9304021;0;1;1
hep-th/9304025;hep-th/9304025;2;1;3
hep-th/9606108;hep-th/9606108;3;8;11
nucl-th/9310001;nucl-th/9310001;2;1;3
hep-th/0609037;hep-th/0609037;4;35;39
hep-th/0606048;hep-th/0606048;5;25;30
hep-th/0005128;hep-th/0005128;0;21;21
hep-th/9605175;hep-th/9605175;1;1;2
hep-ph/0504228;hep-ph/0504228;2;8;10
hep-th/0702076;hep-th/0702076;2;7;9
hep-ph/0303010;hep-ph/0303010;1;5;6
0909.4927;0909.4927;0;15;15
hep-ph/9705224;hep-ph/9705224;3;7;10
0705.3494;0705.3494;0;17;17
hep-th/0505159;hep-th/0505159;0;5;5
hep-th/0203177;hep-th/0203177;1;0;1
0802.2047;0802.2047;0;16;16
0805.4250;0805.4250;0;12;12
hep-th/0407125;hep-th/0407125;13;0;13
0802.1533;0802.1533;0;7;7
0802.1531;0802.1531;0;24;24
0706.1158;0706.1158;0;8;8
0803.3085;0803.3085;0;45;45
0707.2801;0707.2801;0;8;8
hep-th/0109058;hep-th/0109058;3;17;20
math-ph/0110003;math-ph/0110003;3;0;3
0912.0923;0912.0923;0;40;40
hep-th/0505058;hep-th/0505058;0;2;2
hep-th/0006182;hep-th/0006182;4;4;8
0810.4299;0810.4299;0;6;6
q-alg/9509018;q-alg/9509018;0;6;6
hep-th/9412126;hep-th/9412126;1;3;4
hep-th/9310074;hep-th/9310074;2;1;3
hep-th/9504087;hep-th/9504087;3;0;3
hep-th/9610197;hep-th/9610197;0;1;1
hep-th/9610196;hep-th/9610196;3;1;4
hep-th/9508171;hep-th/9508171;2;0;2
hep-th/9609082;hep-th/9609082;4;35;39
hep-th/9510233;hep-th/9510233;2;27;29
alg-geom/9301006;alg-geom/9301006;3;0;3
hep-th/9610194;hep-th/9610194;2;1;3
hep-th/9410244;hep-th/9410244;1;0;1
0811.3850;0811.3850;0;26;26
0901.3537;0901.3537;0;14;14
hep-lat/0108006;hep-lat/0108006;3;0;3
hep-th/0105189;hep-th/0105189;0;4;4
hep-th/9612002;hep-th/9612002;1;0;1
hep-th/0108162;hep-th/0108162;2;5;7
hep-th/9901059;hep-th/9901059;1;0;1
hep-th/0008086;hep-th/0008086;2;39;41
math-ph/0305044;math-ph/0305044;3;8;11
hep-th/0408107;hep-th/0408107;3;25;28
0704.3420;0704.3420;0;1;1
0907.3634;0907.3634;0;5;5
hep-th/0410219;hep-th/0410219;1;3;4
math/9910147;math/9910147;3;3;6
hep-th/0506183;hep-th/0506183;5;33;38
hep-th/0608108;hep-th/0608108;3;30;33
0712.2216;0712.2216;0;24;24
0706.2655;0706.2655;0;56;56
quant-ph/0502147;quant-ph/0502147;4;10;14
0809.3847;0809.3847;0;22;22
0807.4384;0807.4384;0;20;20
hep-th/9312065;hep-th/9312065;2;0;2
hep-th/0305233;hep-th/0305233;1;7;8
0708.3530;0708.3530;0;43;43
hep-th/0610052;hep-th/0610052;4;32;36
gr-qc/0504021;gr-qc/0504021;4;16;20
astro-ph/0304524;astro-ph/0304524;2;4;6
hep-th/0608139;hep-th/0608139;2;44;46
hep-th/0103118;hep-th/0103118;8;13;21
0708.1952;0708.1952;0;14;14
hep-th/0210044;hep-th/0210044;5;43;48
hep-ph/0007089;hep-ph/0007089;1;2;3
hep-th/9301071;hep-th/9301071;2;0;2
0911.5337;0911.5337;0;39;39
0911.5334;0911.5334;0;21;21
hep-th/0611326;hep-th/0611326;4;26;30
hep-th/0012184;hep-th/0012184;9;9;18
quant-ph/0611155;quant-ph/0611155;5;0;5
quant-ph/0505136;quant-ph/0505136;3;5;8
hep-ph/0007087;hep-ph/0007087;1;8;9
hep-th/9607150;hep-th/9607150;1;4;5
hep-th/0505245;hep-th/0505245;4;11;15
hep-th/0207126;hep-th/0207126;2;14;16
0809.2462;0809.2462;0;42;42
hep-th/0602205;hep-th/0602205;3;15;18
hep-th/0507265;hep-th/0507265;4;20;24
hep-th/9503158;hep-th/9503158;4;10;14
hep-th/9510061;hep-th/9510061;3;14;17
hep-th/0507234;hep-th/0507234;5;19;24
hep-th/9411221;hep-th/9411221;4;9;13
hep-th/9503159;hep-th/9503159;5;13;18
hep-th/9609240;hep-th/9609240;4;6;10
hep-th/9407150;hep-th/9407150;1;0;1
hep-th/9809040;hep-th/9809040;2;7;9
hep-th/9906121;hep-th/9906121;1;4;5
hep-th/9906122;hep-th/9906122;2;17;19
hep-th/9712174;hep-th/9712174;2;2;4
hep-th/9812235;hep-th/9812235;2;11;13
hep-th/9411017;hep-th/9411017;2;7;9
quant-ph/0501050;quant-ph/0501050;0;3;3
0803.0065;0803.0065;0;29;29
0907.5361;0907.5361;0;20;20
0903.4309;0903.4309;0;4;4
hep-th/0701101;hep-th/0701101;0;4;4
hep-ph/9409218;hep-ph/9409218;2;0;2
cond-mat/9410046;cond-mat/9410046;3;0;3
quant-ph/0406012;quant-ph/0406012;1;1;2
hep-th/0305236;hep-th/0305236;1;23;24
0712.2140;0712.2140;0;8;8
math/0505130;math/0505130;1;6;7
0907.5366;0907.5366;0;17;17
hep-th/0203097;hep-th/0203097;1;4;5
hep-th/0203091;hep-th/0203091;1;33;34
hep-th/9702152;hep-th/9702152;3;6;9
hep-th/0312229;hep-th/0312229;2;25;27
hep-th/0201126;hep-th/0201126;4;14;18
0806.3273;0806.3273;0;21;21
0706.0772;0706.0772;0;32;32
q-alg/9711010;q-alg/9711010;2;0;2
hep-th/0404089;hep-th/0404089;2;2;4
hep-th/9909034;hep-th/9909034;2;4;6
hep-th/0010054;hep-th/0010054;6;104;110
hep-th/0012097;hep-th/0012097;1;19;20
hep-th/0006200;hep-th/0006200;2;8;10
hep-th/0603110;hep-th/0603110;5;22;27
gr-qc/9809012;gr-qc/9809012;4;0;4
0912.2761;0912.2761;0;1;1
0709.2960;0709.2960;0;12;12
quant-ph/0012117;quant-ph/0012117;4;16;20
hep-th/0103175;hep-th/0103175;1;9;10
hep-th/9810222;hep-th/9810222;0;18;18
gr-qc/9807067;gr-qc/9807067;12;3;15
hep-th/9708056;hep-th/9708056;5;1;6
0710.5866;0710.5866;0;12;12
0904.1577;0904.1577;0;30;30
0706.0779;0706.0779;0;2;2
0907.5313;0907.5313;0;3;3
0712.0735;0712.0735;0;12;12
0912.0477;0912.0477;0;17;17
0911.3707;0911.3707;0;22;22
hep-th/0302178;hep-th/0302178;1;2;3
hep-th/0604213;hep-th/0604213;1;4;5
hep-th/9509031;hep-th/9509031;5;0;5
hep-th/0508213;hep-th/0508213;3;8;11
hep-th/0604214;hep-th/0604214;0;10;10
hep-th/0604215;hep-th/0604215;0;26;26
hep-th/0006017;hep-th/0006017;5;14;19
hep-ph/9905208;hep-ph/9905208;2;6;8
hep-th/0604217;hep-th/0604217;1;3;4
hep-th/0205054;hep-th/0205054;3;6;9
hep-th/0302172;hep-th/0302172;2;38;40
hep-th/0302173;hep-th/0302173;0;12;12
physics/0010079;physics/0010079;1;9;10
hep-ph/0303188;hep-ph/0303188;3;0;3
hep-th/9604018;hep-th/9604018;4;15;19
gr-qc/0502071;gr-qc/0502071;0;2;2
dg-ga/9507005;dg-ga/9507005;0;1;1
gr-qc/0502073;gr-qc/0502073;2;8;10
gr-qc/0502075;gr-qc/0502075;0;20;20
0706.0712;0706.0712;0;23;23
hep-lat/0411009;hep-lat/0411009;0;2;2
gr-qc/0312038;gr-qc/0312038;2;4;6
gr-qc/0301118;gr-qc/0301118;1;4;5
0801.3687;0801.3687;0;4;4
0905.0013;0905.0013;0;1;1
hep-th/0103176;hep-th/0103176;2;1;3
0705.2676;0705.2676;0;20;20
hep-th/0412055;hep-th/0412055;4;3;7
0708.1075;0708.1075;0;36;36
hep-th/0607124;hep-th/0607124;3;13;16
0911.3061;0911.3061;0;4;4
0807.2063;0807.2063;0;39;39
hep-th/0112118;hep-th/0112118;0;15;15
0801.3188;0801.3188;0;36;36
hep-th/0501016;hep-th/0501016;4;29;33
hep-th/0601208;hep-th/0601208;4;32;36
hep-th/0112116;hep-th/0112116;1;34;35
hep-th/0004122;hep-th/0004122;4;11;15
hep-th/9612122;hep-th/9612122;3;1;4
0909.2159;0909.2159;0;24;24
hep-lat/0203014;hep-lat/0203014;8;23;31
hep-lat/0109019;hep-lat/0109019;7;0;7
hep-lat/9709026;hep-lat/9709026;4;3;7
0808.3554;0808.3554;0;8;8
astro-ph/0609553;astro-ph/0609553;4;7;11
0801.4265;0801.4265;0;1;1
hep-th/0310275;hep-th/0310275;2;16;18
cond-mat/0303611;cond-mat/0303611;4;22;26
hep-th/0103173;hep-th/0103173;1;2;3
0812.2431;0812.2431;0;27;27
0812.2430;0812.2430;0;4;4
0711.0102;0711.0102;0;38;38
hep-th/0310270;hep-th/0310270;0;9;9
hep-ph/0702010;hep-ph/0702010;1;10;11
0708.1023;0708.1023;0;198;198
hep-th/0212003;hep-th/0212003;2;42;44
hep-th/0310301;hep-th/0310301;4;6;10
0801.1890;0801.1890;0;3;3
hep-th/0103172;hep-th/0103172;4;6;10
cond-mat/0001257;cond-mat/0001257;3;2;5
hep-th/9606125;hep-th/9606125;3;0;3
cond-mat/9703228;cond-mat/9703228;1;0;1
cond-mat/9512007;cond-mat/9512007;3;0;3
0706.4064;0706.4064;0;22;22
0812.0034;0812.0034;0;4;4
0901.0538;0901.0538;0;6;6
astro-ph/0111570;astro-ph/0111570;1;6;7
0911.3683;0911.3683;0;7;7
0911.3685;0911.3685;0;17;17
0710.4420;0710.4420;0;2;2
hep-th/0601140;hep-th/0601140;2;1;3
hep-th/9902017;hep-th/9902017;6;4;10
hep-th/9808022;hep-th/9808022;2;22;24
0806.3727;0806.3727;0;15;15
hep-th/0304218;hep-th/0304218;2;0;2
0704.3981;0704.3981;0;37;37
hep-th/0305013;hep-th/0305013;7;0;7
hep-th/0103238;hep-th/0103238;3;5;8
0704.3986;0704.3986;0;19;19
0710.0505;0710.0505;0;12;12
0709.0551;0709.0551;0;24;24
0710.0500;0710.0500;0;2;2
hep-th/0412058;hep-th/0412058;1;2;3
0710.0501;0710.0501;0;34;34
0903.2019;0903.2019;0;29;29
hep-lat/9611005;hep-lat/9611005;3;3;6
hep-lat/9604024;hep-lat/9604024;5;2;7
hep-lat/9505001;hep-lat/9505001;2;3;5
0905.3244;0905.3244;0;3;3
gr-qc/0209090;gr-qc/0209090;3;0;3
hep-th/0305258;hep-th/0305258;0;16;16
hep-th/0211199;hep-th/0211199;2;28;30
hep-th/0305259;hep-th/0305259;2;12;14
astro-ph/0407500;astro-ph/0407500;0;1;1
gr-qc/0011044;gr-qc/0011044;4;1;5
0904.2386;0904.2386;0;28;28
0907.2193;0907.2193;0;13;13
cond-mat/0510407;cond-mat/0510407;2;5;7
hep-th/0305213;hep-th/0305213;5;17;22
hep-th/9803195;hep-th/9803195;2;0;2
0807.4400;0807.4400;0;19;19
0912.4144;0912.4144;0;7;7
0912.1397;0912.1397;0;19;19
0705.4104;0705.4104;0;63;63
hep-th/0407025;hep-th/0407025;5;22;27
gr-qc/0604071;gr-qc/0604071;4;56;60
0906.3222;0906.3222;0;5;5
0705.4107;0705.4107;0;14;14
hep-th/0406161;hep-th/0406161;4;0;4
hep-th/0407069;hep-th/0407069;2;30;32
0710.2349;0710.2349;0;7;7
quant-ph/0605138;quant-ph/0605138;7;0;7
0808.3936;0808.3936;0;32;32
0808.2605;0808.2605;0;12;12
0908.4275;0908.4275;0;7;7
hep-th/0208004;hep-th/0208004;0;17;17
hep-th/0110294;hep-th/0110294;4;12;16
hep-th/0204038;hep-th/0204038;4;26;30
hep-th/9403176;hep-th/9403176;0;1;1
0812.0367;0812.0367;0;44;44
hep-th/0403032;hep-th/0403032;6;16;22
hep-th/0210038;hep-th/0210038;1;0;1
hep-th/9402011;hep-th/9402011;2;0;2
quant-ph/0406224;quant-ph/0406224;0;3;3
hep-ph/0506053;hep-ph/0506053;7;15;22
0705.4628;0705.4628;0;37;37
0807.0958;0807.0958;0;29;29
gr-qc/0512026;gr-qc/0512026;4;18;22
0807.0959;0807.0959;0;31;31
cond-mat/9701163;cond-mat/9701163;3;0;3
cond-mat/9607202;cond-mat/9607202;1;1;2
cond-mat/9512155;cond-mat/9512155;1;0;1
math/0207151;math/0207151;1;4;5
gr-qc/0609062;gr-qc/0609062;0;2;2
0812.3474;0812.3474;0;15;15
hep-th/0112202;hep-th/0112202;14;9;23
hep-th/0203071;hep-th/0203071;7;18;25
0807.1020;0807.1020;0;21;21
math/0211319;math/0211319;0;11;11
hep-ph/0011177;hep-ph/0011177;1;35;36
0808.1601;0808.1601;0;11;11
0902.3107;0902.3107;0;13;13
hep-th/9504131;hep-th/9504131;2;1;3
hep-th/9504133;hep-th/9504133;1;6;7
hep-th/9504135;hep-th/9504135;0;5;5
0705.3452;0705.3452;0;16;16
quant-ph/0308076;quant-ph/0308076;2;6;8
hep-th/0305127;hep-th/0305127;3;29;32
0911.1354;0911.1354;0;7;7
0803.2895;0803.2895;0;2;2
0804.3972;0804.3972;0;10;10
0804.3973;0804.3973;0;41;41
hep-th/0611261;hep-th/0611261;0;22;22
hep-th/0611264;hep-th/0611264;0;2;2
hep-th/0011199;hep-th/0011199;3;3;6
hep-th/9408003;hep-th/9408003;2;1;3
hep-th/0506195;hep-th/0506195;6;15;21
0712.0571;0712.0571;0;48;48
0807.2652;0807.2652;0;6;6
gr-qc/0309131;gr-qc/0309131;7;0;7
hep-th/0404035;hep-th/0404035;1;34;35
hep-th/9710086;hep-th/9710086;3;10;13
hep-th/0307102;hep-th/0307102;2;10;12
hep-th/0404031;hep-th/0404031;0;11;11
hep-th/9803035;hep-th/9803035;4;3;7
hep-th/0303180;hep-th/0303180;1;10;11
0704.2424;0704.2424;0;24;24
hep-th/0602130;hep-th/0602130;1;0;1
hep-ph/0611362;hep-ph/0611362;0;3;3
hep-th/9301126;hep-th/9301126;1;1;2
0908.3034;0908.3034;0;1;1
hep-ph/0001125;hep-ph/0001125;0;4;4
hep-th/9906058;hep-th/9906058;1;1;2
0809.0118;0809.0118;0;14;14
hep-th/0212229;hep-th/0212229;3;4;7
0809.0114;0809.0114;0;19;19
0809.1641;0809.1641;0;4;4
0809.1647;0809.1647;0;5;5
quant-ph/0212119;quant-ph/0212119;0;4;4
quant-ph/0203135;quant-ph/0203135;3;14;17
0902.3854;0902.3854;0;4;4
hep-th/9210096;hep-th/9210096;1;0;1
0906.1854;0906.1854;0;1;1
0906.1850;0906.1850;0;17;17
0906.1851;0906.1851;0;13;13
hep-th/9711050;hep-th/9711050;1;1;2
hep-th/9711051;hep-th/9711051;1;5;6
hep-ph/0412423;hep-ph/0412423;1;5;6
hep-ph/0303167;hep-ph/0303167;2;7;9
gr-qc/0503064;gr-qc/0503064;1;5;6
gr-qc/0503065;gr-qc/0503065;9;59;68
hep-th/0501074;hep-th/0501074;2;4;6
hep-th/0410147;hep-th/0410147;2;2;4
hep-th/0205059;hep-th/0205059;1;1;2
hep-th/0411153;hep-th/0411153;1;33;34
hep-th/0501073;hep-th/0501073;1;2;3
0705.4484;0705.4484;0;8;8
cond-mat/9805026;cond-mat/9805026;0;4;4
hep-th/0405150;hep-th/0405150;10;6;16
0807.4886;0807.4886;0;17;17
0809.1391;0809.1391;0;7;7
0706.3018;0706.3018;0;10;10
gr-qc/9810013;gr-qc/9810013;6;16;22
gr-qc/9306029;gr-qc/9306029;1;2;3
0809.2572;0809.2572;0;8;8
0812.0176;0812.0176;0;14;14
hep-ph/0101187;hep-ph/0101187;3;4;7
0706.3518;0706.3518;0;44;44
hep-th/9411146;hep-th/9411146;2;2;4
hep-th/9406010;hep-th/9406010;7;3;10
hep-ph/9807368;hep-ph/9807368;1;0;1
hep-th/9708091;hep-th/9708091;6;19;25
0906.0102;0906.0102;0;11;11
hep-th/9707263;hep-th/9707263;1;0;1
hep-th/9812079;hep-th/9812079;0;11;11
0803.2041;0803.2041;0;38;38
hep-th/0507249;hep-th/0507249;10;53;63
hep-th/0406010;hep-th/0406010;6;22;28
hep-th/9501138;hep-th/9501138;4;0;4
hep-th/9708144;hep-th/9708144;1;2;3
hep-th/9708142;hep-th/9708142;0;14;14
hep-th/9708143;hep-th/9708143;0;6;6
hep-th/0609144;hep-th/0609144;5;26;31
hep-th/0609141;hep-th/0609141;0;9;9
hep-th/0510064;hep-th/0510064;2;11;13
gr-qc/0102028;gr-qc/0102028;1;4;5
0706.0446;0706.0446;0;39;39
gr-qc/0204055;gr-qc/0204055;1;16;17
0910.5122;0910.5122;0;17;17
hep-th/0604096;hep-th/0604096;2;2;4
0907.5259;0907.5259;0;4;4
hep-ph/0411197;hep-ph/0411197;3;24;27
0706.0449;0706.0449;0;12;12
hep-th/0506134;hep-th/0506134;1;21;22
0811.2371;0811.2371;0;28;28
hep-th/0405005;hep-th/0405005;1;111;112
hep-th/0507240;hep-th/0507240;0;12;12
hep-th/9408093;hep-th/9408093;0;13;13
hep-th/9210007;hep-th/9210007;6;0;6
0806.2584;0806.2584;0;15;15
hep-th/9307072;hep-th/9307072;0;3;3
hep-th/9405105;hep-th/9405105;1;0;1
hep-th/9409031;hep-th/9409031;1;6;7
hep-th/9704117;hep-th/9704117;4;9;13
hep-th/0010007;hep-th/0010007;1;23;24
hep-th/9412239;hep-th/9412239;5;2;7
hep-th/9901024;hep-th/9901024;2;10;12
hep-th/9811225;hep-th/9811225;10;9;19
hep-th/9804007;hep-th/9804007;2;17;19
cond-mat/9901073;cond-mat/9901073;1;0;1
quant-ph/9908045;quant-ph/9908045;3;0;3
hep-th/9710013;hep-th/9710013;1;21;22
hep-th/9710012;hep-th/9710012;2;2;4
hep-th/9710015;hep-th/9710015;5;5;10
hep-th/9705020;hep-th/9705020;3;3;6
hep-th/9710017;hep-th/9710017;0;1;1
hep-th/9710018;hep-th/9710018;3;17;20
hep-th/0112254;hep-th/0112254;4;24;28
math-ph/0011038;math-ph/0011038;2;6;8
0906.3547;0906.3547;0;14;14
nlin/0206044;nlin/0206044;2;13;15
hep-th/9312020;hep-th/9312020;2;1;3
nlin/0011009;nlin/0011009;2;8;10
hep-th/9512217;hep-th/9512217;1;0;1
hep-th/9603129;hep-th/9603129;2;11;13
q-alg/9612036;q-alg/9612036;1;0;1
hep-th/9703222;hep-th/9703222;1;15;16
0809.3659;0809.3659;0;25;25
hep-th/0012191;hep-th/0012191;3;18;21
hep-ph/9909389;hep-ph/9909389;3;25;28
hep-ph/9510342;hep-ph/9510342;7;7;14
0801.3365;0801.3365;0;3;3
hep-th/0109136;hep-th/0109136;1;0;1
gr-qc/9807064;gr-qc/9807064;2;0;2
hep-th/9501008;hep-th/9501008;0;1;1
hep-th/9307006;hep-th/9307006;6;0;6
hep-th/0401203;hep-th/0401203;1;9;10
hep-th/0411085;hep-th/0411085;5;69;74
hep-th/0503061;hep-th/0503061;2;8;10
hep-th/0006149;hep-th/0006149;1;6;7
hep-th/0005249;hep-th/0005249;6;1;7
hep-th/9902009;hep-th/9902009;2;2;4
hep-th/9408082;hep-th/9408082;4;9;13
hep-th/9109036;hep-th/9109036;4;0;4
hep-th/0507035;hep-th/0507035;3;31;34
hep-th/9204093;hep-th/9204093;3;0;3
hep-th/0607171;hep-th/0607171;7;17;24
0807.1444;0807.1444;0;3;3
0809.2668;0809.2668;0;27;27
gr-qc/0505108;gr-qc/0505108;1;3;4
gr-qc/0411070;gr-qc/0411070;1;2;3
0711.4554;0711.4554;0;14;14
0807.0033;0807.0033;0;10;10
hep-th/9604092;hep-th/9604092;1;1;2
hep-th/9603039;hep-th/9603039;2;0;2
0711.4551;0711.4551;0;6;6
hep-th/0408018;hep-th/0408018;2;26;28
quant-ph/0008052;quant-ph/0008052;2;8;10
0706.2151;0706.2151;0;22;22
hep-th/0404093;hep-th/0404093;8;5;13
hep-th/0406113;hep-th/0406113;4;3;7
hep-th/0401110;hep-th/0401110;4;4;8
hep-th/0410113;hep-th/0410113;0;2;2
hep-lat/0004016;hep-lat/0004016;1;0;1
hep-th/0207123;hep-th/0207123;12;46;58
0711.1971;0711.1971;0;26;26
0902.4050;0902.4050;0;3;3
0812.1263;0812.1263;0;6;6
hep-th/0401011;hep-th/0401011;7;9;16
0810.4226;0810.4226;0;3;3
0709.2456;0709.2456;0;13;13
hep-th/0306180;hep-th/0306180;4;20;24
0704.3298;0704.3298;0;3;3
math/0210394;math/0210394;1;0;1
hep-th/9612075;hep-th/9612075;1;6;7
0711.3226;0711.3226;0;69;69
0810.3954;0810.3954;0;3;3
0704.3295;0704.3295;0;69;69
0903.4395;0903.4395;0;2;2
0711.3222;0711.3222;0;10;10
0704.0921;0704.0921;0;15;15
hep-th/0611299;hep-th/0611299;2;8;10
hep-th/0410106;hep-th/0410106;5;9;14
0706.3307;0706.3307;0;4;4
hep-th/9810023;hep-th/9810023;0;24;24
hep-th/9810028;hep-th/9810028;1;3;4
0709.4023;0709.4023;0;16;16
0909.0508;0909.0508;0;19;19
hep-th/9806020;hep-th/9806020;0;6;6
0806.2091;0806.2091;0;4;4
math/9908067;math/9908067;2;10;12
0811.0268;0811.0268;0;29;29
hep-th/9907099;hep-th/9907099;4;29;33
hep-th/9906077;hep-th/9906077;10;21;31
hep-th/9907091;hep-th/9907091;1;4;5
hep-th/9907097;hep-th/9907097;0;3;3
hep-th/9605056;hep-th/9605056;3;0;3
hep-th/9604028;hep-th/9604028;8;0;8
hep-th/9907095;hep-th/9907095;3;33;36
0912.0113;0912.0113;0;2;2
0907.4421;0907.4421;0;13;13
0806.2156;0806.2156;0;24;24
0804.1738;0804.1738;0;36;36
hep-ph/0403255;hep-ph/0403255;1;33;34
hep-th/9806025;hep-th/9806025;0;5;5
0811.3405;0811.3405;0;38;38
0711.1436;0711.1436;0;2;2
quant-ph/0206180;quant-ph/0206180;0;1;1
quant-ph/0112146;quant-ph/0112146;1;3;4
astro-ph/0607275;astro-ph/0607275;7;1;8
hep-th/9709074;hep-th/9709074;4;3;7
0809.2596;0809.2596;0;35;35
0809.0258;0809.0258;0;1;1
hep-th/9512186;hep-th/9512186;1;0;1
0809.0256;0809.0256;0;2;2
quant-ph/0605233;quant-ph/0605233;0;24;24
hep-th/0111213;hep-th/0111213;9;13;22
0708.2946;0708.2946;0;26;26
0902.2844;0902.2844;0;3;3
0803.1603;0803.1603;0;3;3
0803.1605;0803.1605;0;14;14
0805.1346;0805.1346;0;102;102
hep-th/9906149;hep-th/9906149;5;7;12
hep-th/9907020;hep-th/9907020;4;10;14
0709.1107;0709.1107;0;42;42
0806.4348;0806.4348;0;10;10
hep-lat/0702011;hep-lat/0702011;8;26;34
math-ph/0404068;math-ph/0404068;11;9;20
math/0401164;math/0401164;2;8;10
hep-th/9108023;hep-th/9108023;7;0;7
hep-th/0102078;hep-th/0102078;3;12;15
hep-th/0207282;hep-th/0207282;1;3;4
hep-th/0207134;hep-th/0207134;1;0;1
quant-ph/0009012;quant-ph/0009012;6;7;13
quant-ph/9912093;quant-ph/9912093;2;4;6
0812.1264;0812.1264;0;35;35
hep-th/0005164;hep-th/0005164;2;18;20
hep-th/0008059;hep-th/0008059;3;3;6
hep-th/9407053;hep-th/9407053;3;2;5
0903.5176;0903.5176;0;32;32
0912.0117;0912.0117;0;3;3
hep-th/0210167;hep-th/0210167;2;65;67
hep-th/0601022;hep-th/0601022;0;8;8
hep-th/0505242;hep-th/0505242;1;6;7
hep-th/0601023;hep-th/0601023;0;30;30
hep-th/9811049;hep-th/9811049;3;18;21
hep-th/9506038;hep-th/9506038;4;0;4
0908.3379;0908.3379;0;20;20
hep-th/9811046;hep-th/9811046;1;2;3
hep-th/9412088;hep-th/9412088;3;0;3
hep-th/9807172;hep-th/9807172;8;3;11
hep-th/0404044;hep-th/0404044;1;0;1
gr-qc/0207053;gr-qc/0207053;3;14;17
hep-lat/0105014;hep-lat/0105014;6;18;24
hep-th/0408213;hep-th/0408213;3;25;28
0904.3067;0904.3067;0;3;3
math/0105051;math/0105051;3;1;4
hep-th/0004159;hep-th/0004159;5;28;33
hep-th/0004150;hep-th/0004150;0;5;5
hep-th/0004152;hep-th/0004152;3;20;23
hep-th/0004018;hep-th/0004018;2;1;3
hep-th/9903245;hep-th/9903245;4;5;9
hep-th/9906176;hep-th/9906176;4;23;27
hep-th/9506097;hep-th/9506097;2;0;2
hep-th/9402040;hep-th/9402040;2;0;2
hep-th/9609001;hep-th/9609001;2;6;8
gr-qc/0106047;gr-qc/0106047;2;6;8
hep-th/0103218;hep-th/0103218;3;9;12
gr-qc/0106046;gr-qc/0106046;1;6;7
0906.4954;0906.4954;0;7;7
hep-th/0703130;hep-th/0703130;1;11;12
hep-th/0703137;hep-th/0703137;5;16;21
0708.3097;0708.3097;0;21;21
0901.0883;0901.0883;0;13;13
hep-th/0512168;hep-th/0512168;3;4;7
gr-qc/0509028;gr-qc/0509028;4;4;8
0908.0312;0908.0312;0;31;31
1001.0042;1001.0042;0;3;3
0811.3181;0811.3181;0;6;6
0804.4619;0804.4619;0;7;7
0706.0162;0706.0162;0;64;64
hep-th/0401210;hep-th/0401210;4;7;11
0911.0245;0911.0245;0;28;28
0906.4545;0906.4545;0;41;41
0903.5173;0903.5173;0;1;1
gr-qc/0612032;gr-qc/0612032;6;18;24
0801.2962;0801.2962;0;7;7
hep-th/0305209;hep-th/0305209;2;2;4
hep-th/0208224;hep-th/0208224;3;0;3
math/0209301;math/0209301;1;1;2
0903.3222;0903.3222;0;24;24
hep-th/9610015;hep-th/9610015;0;3;3
hep-lat/9410009;hep-lat/9410009;1;0;1
gr-qc/9510061;gr-qc/9510061;2;6;8
hep-th/0512060;hep-th/0512060;0;6;6
hep-th/0505017;hep-th/0505017;2;0;2
hep-th/9904031;hep-th/9904031;1;0;1
hep-th/9901141;hep-th/9901141;1;5;6
hep-th/9809051;hep-th/9809051;2;3;5
gr-qc/9507032;gr-qc/9507032;6;7;13
math/9801073;math/9801073;0;3;3
dg-ga/9702016;dg-ga/9702016;1;0;1
hep-th/9305009;hep-th/9305009;1;0;1
dg-ga/9709005;dg-ga/9709005;1;0;1
0909.2016;0909.2016;0;7;7
hep-th/0411047;hep-th/0411047;0;1;1
0807.4253;0807.4253;0;13;13
0810.0363;0810.0363;0;6;6
hep-th/0110106;hep-th/0110106;7;11;18
hep-th/0401030;hep-th/0401030;0;3;3
hep-th/9908192;hep-th/9908192;12;15;27
hep-th/0210094;hep-th/0210094;1;0;1
0909.1669;0909.1669;0;75;75
hep-th/0603029;hep-th/0603029;4;23;27
hep-th/0503099;hep-th/0503099;5;0;5
hep-lat/0405024;hep-lat/0405024;6;25;31
gr-qc/0307022;gr-qc/0307022;2;6;8
0912.3165;0912.3165;0;11;11
0903.0250;0903.0250;0;9;9
0901.2488;0901.2488;0;27;27
0707.2063;0707.2063;0;14;14
0903.5242;0903.5242;0;20;20
hep-th/0305190;hep-th/0305190;2;11;13
0707.2060;0707.2060;0;1;1
0805.4545;0805.4545;0;11;11
0709.2540;0709.2540;0;4;4
hep-th/0501043;hep-th/0501043;4;2;6
hep-th/0312187;hep-th/0312187;1;10;11
hep-th/0110019;hep-th/0110019;1;22;23
hep-th/0312183;hep-th/0312183;1;27;28
0705.0265;0705.0265;0;22;22
0711.1221;0711.1221;0;20;20
hep-th/0612047;hep-th/0612047;1;8;9
hep-th/9202078;hep-th/9202078;2;2;4
hep-th/0409247;hep-th/0409247;1;8;9
0805.4542;0805.4542;0;33;33
hep-th/0612212;hep-th/0612212;4;37;41
0803.0861;0803.0861;0;4;4
hep-ph/9305219;hep-ph/9305219;7;0;7
hep-th/9511142;hep-th/9511142;3;7;10
hep-th/0602231;hep-th/0602231;5;20;25
hep-th/0602232;hep-th/0602232;0;4;4
hep-th/0512015;hep-th/0512015;2;0;2
hep-th/9512191;hep-th/9512191;1;4;5
0802.4445;0802.4445;0;6;6
hep-th/9908147;hep-th/9908147;6;38;44
hep-th/9412024;hep-th/9412024;1;3;4
hep-th/9511004;hep-th/9511004;1;5;6
hep-th/9502105;hep-th/9502105;1;7;8
hep-th/9307184;hep-th/9307184;2;0;2
hep-th/9511003;hep-th/9511003;1;3;4
0801.0216;0801.0216;0;53;53
hep-th/0511183;hep-th/0511183;6;1;7
hep-th/0511182;hep-th/0511182;6;1;7
hep-th/0703189;hep-th/0703189;5;16;21
hep-th/9609187;hep-th/9609187;0;1;1
hep-th/9511025;hep-th/9511025;2;0;2
hep-th/9611057;hep-th/9611057;0;6;6
hep-th/9306046;hep-th/9306046;6;0;6
hep-th/9611059;hep-th/9611059;0;3;3
hep-th/9610109;hep-th/9610109;2;0;2
hep-th/9609189;hep-th/9609189;1;2;3
hep-th/9609121;hep-th/9609121;1;0;1
0805.0829;0805.0829;0;8;8
hep-ph/9911456;hep-ph/9911456;3;0;3
hep-ph/0410406;hep-ph/0410406;7;17;24
hep-th/9810246;hep-th/9810246;9;0;9
0908.3940;0908.3940;0;7;7
cond-mat/0008228;cond-mat/0008228;4;6;10
hep-th/0011056;hep-th/0011056;5;20;25
hep-th/9902104;hep-th/9902104;5;17;22
cond-mat/9802040;cond-mat/9802040;2;0;2
gr-qc/0512053;gr-qc/0512053;0;9;9
hep-th/9904049;hep-th/9904049;4;4;8
hep-th/0303186;hep-th/0303186;4;35;39
hep-th/0110203;hep-th/0110203;4;31;35
hep-th/0303184;hep-th/0303184;2;16;18
hep-th/0209045;hep-th/0209045;4;1;5
hep-th/0207049;hep-th/0207049;4;18;22
hep-th/0109189;hep-th/0109189;9;4;13
gr-qc/0301047;gr-qc/0301047;4;11;15
math/0211203;math/0211203;4;10;14
hep-th/0302111;hep-th/0302111;9;7;16
hep-th/0302016;hep-th/0302016;2;0;2
hep-th/0111009;hep-th/0111009;1;2;3
hep-th/0303181;hep-th/0303181;2;13;15
hep-ph/9707498;hep-ph/9707498;0;31;31
hep-ph/9502226;hep-ph/9502226;4;3;7
0902.2574;0902.2574;0;12;12
0911.2425;0911.2425;0;22;22
0908.3949;0908.3949;0;15;15
hep-th/0202001;hep-th/0202001;2;2;4
0901.4583;0901.4583;0;4;4
0905.0261;0905.0261;0;7;7
math-ph/0106008;math-ph/0106008;2;0;2
hep-th/0101137;hep-th/0101137;2;1;3
hep-th/0207250;hep-th/0207250;3;1;4
hep-ph/0011073;hep-ph/0011073;0;1;1
hep-ph/9602396;hep-ph/9602396;10;3;13
hep-ph/9605392;hep-ph/9605392;7;2;9
hep-th/9408161;hep-th/9408161;2;0;2
0708.0493;0708.0493;0;28;28
gr-qc/0503053;gr-qc/0503053;0;1;1
hep-th/9602037;hep-th/9602037;2;0;2
hep-th/9602036;hep-th/9602036;2;0;2
0902.2570;0902.2570;0;9;9
hep-th/9911179;hep-th/9911179;8;2;10
hep-th/9808113;hep-th/9808113;8;0;8
hep-th/9808155;hep-th/9808155;1;2;3
hep-th/9808152;hep-th/9808152;2;1;3
hep-th/9808150;hep-th/9808150;0;6;6
hep-th/9808151;hep-th/9808151;3;10;13
hep-th/9911037;hep-th/9911037;1;39;40
hep-th/0103095;hep-th/0103095;3;38;41
hep-th/0103091;hep-th/0103091;0;3;3
hep-th/9405131;hep-th/9405131;1;2;3
hep-th/9311142;hep-th/9311142;1;0;1
0905.3517;0905.3517;0;8;8
0910.3933;0910.3933;0;5;5
hep-th/9411034;hep-th/9411034;0;1;1
hep-th/9411036;hep-th/9411036;0;3;3
hep-th/9912136;hep-th/9912136;1;5;6
hep-th/9912138;hep-th/9912138;2;1;3
hep-th/9601122;hep-th/9601122;1;0;1
hep-th/9912139;hep-th/9912139;0;12;12
hep-th/9910017;hep-th/9910017;2;25;27
0912.2435;0912.2435;0;17;17
hep-ph/0106117;hep-ph/0106117;2;22;24
hep-th/9701130;hep-th/9701130;6;0;6
gr-qc/0612143;gr-qc/0612143;2;2;4
hep-th/9610153;hep-th/9610153;3;0;3
hep-th/9610230;hep-th/9610230;3;8;11
hep-th/9612082;hep-th/9612082;5;12;17
hep-th/0409042;hep-th/0409042;7;5;12
hep-th/0506162;hep-th/0506162;11;68;79
hep-th/0102011;hep-th/0102011;7;16;23
hep-th/0102054;hep-th/0102054;9;4;13
hep-th/0506264;hep-th/0506264;1;0;1
hep-th/9612088;hep-th/9612088;0;1;1
0804.3321;0804.3321;0;16;16
0812.3257;0812.3257;0;13;13
hep-th/9212107;hep-th/9212107;0;1;1
0708.0238;0708.0238;0;31;31
cond-mat/0401324;cond-mat/0401324;1;14;15
0710.2528;0710.2528;0;9;9
hep-th/0309059;hep-th/0309059;3;5;8
hep-th/0304099;hep-th/0304099;1;7;8
0712.1116;0712.1116;0;291;291
hep-th/0608018;hep-th/0608018;2;31;33
hep-th/0702104;hep-th/0702104;1;10;11
0910.3355;0910.3355;0;29;29
0708.0234;0708.0234;0;7;7
math/0605762;math/0605762;3;8;11
0907.4745;0907.4745;0;2;2
gr-qc/0612045;gr-qc/0612045;1;11;12
hep-th/0407266;hep-th/0407266;2;11;13
hep-th/9411147;hep-th/9411147;3;1;4
hep-lat/0208056;hep-lat/0208056;0;12;12
hep-th/9608025;hep-th/9608025;4;10;14
hep-th/0606139;hep-th/0606139;1;11;12
hep-th/0510273;hep-th/0510273;3;15;18
hep-th/0703032;hep-th/0703032;0;8;8
hep-th/0703033;hep-th/0703033;0;41;41
hep-th/0703036;hep-th/0703036;1;15;16
math/0511657;math/0511657;1;7;8
hep-th/0703034;hep-th/0703034;0;14;14
hep-th/9311128;hep-th/9311128;7;1;8
hep-th/9701176;hep-th/9701176;0;3;3
hep-th/9701178;hep-th/9701178;3;18;21
hep-th/9311117;hep-th/9311117;2;0;2
hep-th/9602159;hep-th/9602159;3;0;3
0810.2602;0810.2602;0;33;33
hep-th/0109201;hep-th/0109201;5;2;7
0810.2867;0810.2867;0;21;21
hep-th/0110098;hep-th/0110098;4;15;19
hep-th/9805093;hep-th/9805093;6;20;26
hep-th/0112091;hep-th/0112091;0;5;5
hep-th/0310115;hep-th/0310115;0;17;17
hep-th/9904093;hep-th/9904093;2;14;16
hep-th/0406136;hep-th/0406136;3;14;17
hep-th/0511236;hep-th/0511236;0;8;8
0901.3113;0901.3113;0;5;5
hep-th/9311066;hep-th/9311066;4;1;5
0807.1726;0807.1726;0;13;13
0712.4066;0712.4066;0;8;8
0903.2193;0903.2193;0;14;14
hep-th/9207083;hep-th/9207083;2;1;3
0911.3239;0911.3239;0;17;17
0808.3459;0808.3459;0;15;15
0911.3236;0911.3236;0;5;5
hep-th/0402165;hep-th/0402165;0;1;1
0911.3230;0911.3230;0;4;4
hep-th/0611342;hep-th/0611342;2;4;6
0903.0977;0903.0977;0;3;3
0805.1861;0805.1861;0;18;18
0907.1410;0907.1410;0;21;21
hep-th/9612141;hep-th/9612141;2;0;2
0705.3118;0705.3118;0;7;7
0808.0811;0808.0811;0;6;6
hep-th/0601145;hep-th/0601145;1;5;6
hep-th/9308013;hep-th/9308013;6;1;7
hep-th/0303145;hep-th/0303145;3;4;7
0903.2977;0903.2977;0;3;3
0808.0819;0808.0819;0;7;7
0705.2606;0705.2606;0;36;36
hep-th/9904086;hep-th/9904086;8;23;31
hep-th/0611314;hep-th/0611314;7;29;36
0812.0284;0812.0284;0;12;12
cond-mat/0210248;cond-mat/0210248;2;6;8
cond-mat/9805359;cond-mat/9805359;1;0;1
hep-th/0207232;hep-th/0207232;4;10;14
astro-ph/0603289;astro-ph/0603289;0;6;6
astro-ph/0601073;astro-ph/0601073;2;3;5
astro-ph/0105245;astro-ph/0105245;6;2;8
0812.0324;0812.0324;0;18;18
0706.2041;0706.2041;0;25;25
0912.3829;0912.3829;0;3;3
0705.1557;0705.1557;0;43;43
0807.0237;0807.0237;0;34;34
0807.0236;0807.0236;0;20;20
0912.4912;0912.4912;0;18;18
0807.1183;0807.1183;0;10;10
cond-mat/9605115;cond-mat/9605115;0;1;1
hep-th/0405015;hep-th/0405015;1;10;11
hep-th/0405013;hep-th/0405013;0;1;1
0906.3033;0906.3033;0;46;46
0710.4011;0710.4011;0;8;8
hep-th/0611278;hep-th/0611278;1;25;26
hep-th/0208098;hep-th/0208098;2;17;19
hep-th/0205229;hep-th/0205229;2;11;13
hep-th/0208099;hep-th/0208099;6;20;26
hep-th/9712231;hep-th/9712231;4;16;20
0804.0568;0804.0568;0;60;60
0901.1930;0901.1930;0;15;15
gr-qc/0310110;gr-qc/0310110;3;3;6
0911.0769;0911.0769;0;2;2
gr-qc/0308086;gr-qc/0308086;3;0;3
0708.2407;0708.2407;0;8;8
0708.2402;0708.2402;0;36;36
0910.0515;0910.0515;0;10;10
math-ph/0409050;math-ph/0409050;0;2;2
0805.2531;0805.2531;0;12;12
0903.1757;0903.1757;0;1;1
quant-ph/0612032;quant-ph/0612032;2;11;13
0903.1251;0903.1251;0;2;2
hep-th/0610047;hep-th/0610047;1;15;16
0903.2971;0903.2971;0;56;56
0812.3531;0812.3531;0;17;17
0804.0697;0804.0697;1;13;14
0812.3534;0812.3534;0;22;22
0808.2418;0808.2418;0;4;4
hep-th/0404067;hep-th/0404067;3;13;16
0904.2360;0904.2360;0;7;7
hep-th/0701118;hep-th/0701118;1;7;8
hep-th/0302133;hep-th/0302133;7;4;11
hep-th/0208130;hep-th/0208130;7;8;15
0801.0827;0801.0827;0;7;7
0910.2690;0910.2690;0;36;36
0907.5258;0907.5258;0;31;31
0706.3049;0706.3049;0;48;48
hep-th/0301016;hep-th/0301016;0;9;9
math/9804017;math/9804017;1;3;4
math-ph/0511072;math-ph/0511072;1;6;7
hep-th/0204230;hep-th/0204230;3;0;3
hep-th/9804099;hep-th/9804099;5;12;17
hep-th/9809008;hep-th/9809008;0;8;8
hep-th/9410123;hep-th/9410123;4;0;4
hep-th/9706212;hep-th/9706212;2;5;7
hep-th/9801035;hep-th/9801035;4;0;4
hep-th/9607165;hep-th/9607165;2;8;10
hep-th/9306005;hep-th/9306005;2;0;2
hep-th/9809003;hep-th/9809003;1;12;13
hep-th/0004037;hep-th/0004037;2;30;32
hep-th/9511067;hep-th/9511067;3;6;9
cond-mat/0306273;cond-mat/0306273;5;16;21
hep-ph/9909412;hep-ph/9909412;2;10;12
hep-th/0409211;hep-th/0409211;0;1;1
hep-th/0409213;hep-th/0409213;0;2;2
hep-th/0208015;hep-th/0208015;2;12;14
hep-th/0406097;hep-th/0406097;1;9;10
hep-th/9908031;hep-th/9908031;4;8;12
hep-th/0406090;hep-th/0406090;2;3;5
hep-th/0007133;hep-th/0007133;2;21;23
hep-th/0007130;hep-th/0007130;3;25;28
hep-th/0007134;hep-th/0007134;2;8;10
hep-th/9911120;hep-th/9911120;6;4;10
hep-th/0003102;hep-th/0003102;3;17;20
0806.1016;0806.1016;0;10;10
0711.4273;0711.4273;0;38;38
hep-th/0703148;hep-th/0703148;5;28;33
0705.3899;0705.3899;0;1;1
0711.4272;0711.4272;0;10;10
hep-th/9604170;hep-th/9604170;2;8;10
hep-th/9108022;hep-th/9108022;1;0;1
hep-th/9803055;hep-th/9803055;0;3;3
hep-th/9710131;hep-th/9710131;3;0;3
hep-th/9711075;hep-th/9711075;1;4;5
0911.0597;0911.0597;0;31;31
hep-th/0611049;hep-th/0611049;2;18;20
hep-th/0210214;hep-th/0210214;2;0;2
0812.1759;0812.1759;0;13;13
hep-th/0611097;hep-th/0611097;1;16;17
0907.1904;0907.1904;0;12;12
hep-th/9609178;hep-th/9609178;1;4;5
0910.1933;0910.1933;0;16;16
0806.1019;0806.1019;0;22;22
hep-ph/0604255;hep-ph/0604255;8;2;10
gr-qc/9805013;gr-qc/9805013;4;3;7
0811.1318;0811.1318;0;19;19
0910.4682;0910.4682;0;2;2
hep-th/9410021;hep-th/9410021;0;5;5
hep-th/9410025;hep-th/9410025;2;1;3
hep-th/9811204;hep-th/9811204;0;10;10
hep-th/9205033;hep-th/9205033;2;0;2
hep-th/9811205;hep-th/9811205;1;15;16
hep-th/9411013;hep-th/9411013;4;7;11
math/0102071;math/0102071;1;1;2
hep-th/0307185;hep-th/0307185;0;1;1
0807.4561;0807.4561;0;30;30
gr-qc/0503006;gr-qc/0503006;2;9;11
hep-th/0509030;hep-th/0509030;0;12;12
hep-th/0509031;hep-th/0509031;0;8;8
math/0005198;math/0005198;4;2;6
hep-th/0203246;hep-th/0203246;7;28;35
hep-th/0110110;hep-th/0110110;3;26;29
hep-th/0509038;hep-th/0509038;0;16;16
hep-th/0509039;hep-th/0509039;0;9;9
hep-th/0504020;hep-th/0504020;2;7;9
0708.3302;0708.3302;0;10;10
hep-th/9501082;hep-th/9501082;0;6;6
hep-th/9312178;hep-th/9312178;3;0;3
hep-th/9501086;hep-th/9501086;0;2;2
cond-mat/9501066;cond-mat/9501066;2;0;2
cond-mat/9410040;cond-mat/9410040;1;0;1
hep-th/9501084;hep-th/9501084;1;4;5
hep-ph/0407046;hep-ph/0407046;0;27;27
hep-ph/0010180;hep-ph/0010180;1;16;17
hep-ph/9211290;hep-ph/9211290;0;1;1
0711.0869;0711.0869;0;5;5
0711.0866;0711.0866;0;30;30
0711.0867;0711.0867;0;8;8
cond-mat/0101219;cond-mat/0101219;4;1;5
0811.1315;0811.1315;0;3;3
hep-ph/0409220;hep-ph/0409220;3;7;10
hep-ph/0206282;hep-ph/0206282;5;29;34
0906.0317;0906.0317;0;60;60
0908.4339;0908.4339;0;38;38
cond-mat/0503554;cond-mat/0503554;5;1;6
hep-th/9901022;hep-th/9901022;3;1;4
hep-th/9601009;hep-th/9601009;5;0;5
hep-th/9611110;hep-th/9611110;5;42;47
hep-th/9705195;hep-th/9705195;1;4;5
hep-th/9608168;hep-th/9608168;2;11;13
hep-th/9405022;hep-th/9405022;4;1;5
gr-qc/9412017;gr-qc/9412017;2;6;8
0705.1225;0705.1225;0;12;12
astro-ph/0601248;astro-ph/0601248;0;7;7
0910.2117;0910.2117;0;4;4
0709.0565;0709.0565;0;2;2
hep-th/0610057;hep-th/0610057;2;1;3
hep-th/9911159;hep-th/9911159;1;3;4
gr-qc/0405083;gr-qc/0405083;1;11;12
gr-qc/0405081;gr-qc/0405081;1;14;15
hep-th/9712240;hep-th/9712240;1;3;4
hep-th/9406145;hep-th/9406145;4;0;4
hep-th/9709157;hep-th/9709157;1;0;1
gr-qc/0405089;gr-qc/0405089;1;12;13
0704.1417;0704.1417;0;5;5
0706.0023;0706.0023;0;43;43
0805.1303;0805.1303;0;15;15
hep-th/0307116;hep-th/0307116;6;0;6
astro-ph/0601247;astro-ph/0601247;1;5;6
astro-ph/0504130;astro-ph/0504130;4;10;14
astro-ph/0310005;astro-ph/0310005;1;3;4
0910.4602;0910.4602;0;10;10
hep-th/0512349;hep-th/0512349;1;8;9
gr-qc/0310047;gr-qc/0310047;1;13;14
0908.1923;0908.1923;0;20;20
hep-th/9910161;hep-th/9910161;6;26;32
0912.4186;0912.4186;0;23;23
hep-th/0306050;hep-th/0306050;1;6;7
0910.3356;0910.3356;0;8;8
0910.3761;0910.3761;0;1;1
0807.0543;0807.0543;0;2;2
hep-th/0512344;hep-th/0512344;6;26;32
hep-th/0503035;hep-th/0503035;5;4;9
hep-th/0510258;hep-th/0510258;4;22;26
hep-th/0304116;hep-th/0304116;4;18;22
astro-ph/0210445;astro-ph/0210445;1;2;3
0807.3249;0807.3249;0;25;25
hep-ph/9808414;hep-ph/9808414;1;1;2
cond-mat/0605447;cond-mat/0605447;0;1;1
0902.3923;0902.3923;0;2;2
hep-th/0301222;hep-th/0301222;1;4;5
dg-ga/9612009;dg-ga/9612009;2;5;7
0904.1088;0904.1088;0;24;24
hep-th/0602179;hep-th/0602179;3;17;20
math/0503248;math/0503248;4;0;4
0809.2589;0809.2589;0;3;3
hep-th/0212001;hep-th/0212001;1;8;9
hep-th/0212006;hep-th/0212006;3;19;22
hep-th/0211154;hep-th/0211154;3;0;3
math/0109132;math/0109132;1;0;1
hep-th/9910112;hep-th/9910112;2;17;19
hep-th/0212004;hep-th/0212004;4;1;5
hep-th/0207252;hep-th/0207252;2;16;18
0704.1160;0704.1160;0;16;16
0912.4867;0912.4867;0;1;1
0906.4312;0906.4312;0;13;13
hep-ph/0303120;hep-ph/0303120;4;2;6
0704.2198;0704.2198;0;28;28
0810.1545;0810.1545;0;4;4
0806.0329;0806.0329;0;10;10
0811.4617;0811.4617;0;18;18
hep-ph/0007210;hep-ph/0007210;3;3;6
hep-ph/9907354;hep-ph/9907354;2;1;3
hep-th/9707220;hep-th/9707220;3;0;3
hep-th/0004069;hep-th/0004069;3;2;5
hep-th/0004140;hep-th/0004140;3;5;8
hep-th/9609150;hep-th/9609150;2;1;3
hep-th/9810241;hep-th/9810241;6;2;8
hep-ph/9903272;hep-ph/9903272;5;11;16
hep-lat/9605033;hep-lat/9605033;5;0;5
0910.1581;0910.1581;0;16;16
cond-mat/9507010;cond-mat/9507010;1;2;3
0903.5428;0903.5428;0;10;10
0805.4539;0805.4539;0;14;14
hep-th/0612034;hep-th/0612034;3;23;26
hep-th/0612033;hep-th/0612033;1;2;3
hep-th/0606138;hep-th/0606138;5;34;39
hep-th/9608044;hep-th/9608044;2;22;24
hep-th/0002247;hep-th/0002247;4;13;17
hep-th/0002246;hep-th/0002246;0;12;12
math/9803115;math/9803115;3;0;3
hep-th/9909223;hep-th/9909223;3;16;19
hep-th/0001081;hep-th/0001081;2;14;16
hep-th/9112002;hep-th/9112002;2;0;2
hep-th/0002249;hep-th/0002249;0;13;13
hep-th/0002248;hep-th/0002248;0;5;5
funct-an/9307001;funct-an/9307001;2;0;2
hep-th/0503132;hep-th/0503132;1;0;1
0704.2069;0704.2069;0;35;35
hep-th/9709188;hep-th/9709188;1;20;21
hep-th/9707053;hep-th/9707053;1;4;5
gr-qc/0106001;gr-qc/0106001;2;53;55
gr-qc/0101118;gr-qc/0101118;1;3;4
gr-qc/0105028;gr-qc/0105028;2;10;12
gr-qc/9802053;gr-qc/9802053;3;0;3
hep-th/0010156;hep-th/0010156;1;0;1
gr-qc/0003021;gr-qc/0003021;5;7;12
hep-th/9906218;hep-th/9906218;4;20;24
hep-th/0207137;hep-th/0207137;0;16;16
hep-th/0006078;hep-th/0006078;2;0;2
hep-th/0504094;hep-th/0504094;1;5;6
hep-th/0310290;hep-th/0310290;3;3;6
hep-th/0104012;hep-th/0104012;5;8;13
hep-th/0410193;hep-th/0410193;0;1;1
hep-th/0609200;hep-th/0609200;0;1;1
hep-th/0303085;hep-th/0303085;1;3;4
hep-th/0611037;hep-th/0611037;2;16;18
0802.4231;0802.4231;0;13;13
0711.2198;0711.2198;0;13;13
hep-th/0701210;hep-th/0701210;3;29;32
0711.2194;0711.2194;0;50;50
0706.2050;0706.2050;0;8;8
0910.3477;0910.3477;0;15;15
0806.3165;0806.3165;0;27;27
hep-lat/9702010;hep-lat/9702010;5;1;6
0706.3907;0706.3907;0;1;1
hep-th/0204228;hep-th/0204228;1;34;35
hep-th/0003233;hep-th/0003233;3;14;17
math/0403276;math/0403276;1;10;11
math/0303357;math/0303357;1;5;6
0904.0925;0904.0925;0;3;3
hep-th/9703108;hep-th/9703108;0;16;16
hep-ph/9207208;hep-ph/9207208;2;1;3
hep-th/9506100;hep-th/9506100;2;3;5
hep-th/0501021;hep-th/0501021;1;8;9
hep-th/0312060;hep-th/0312060;2;0;2
0812.1493;0812.1493;0;7;7
0911.5494;0911.5494;0;34;34
hep-th/0611127;hep-th/0611127;2;0;2
hep-th/0504133;hep-th/0504133;3;22;25
hep-ph/9605378;hep-ph/9605378;2;2;4
hep-ph/9605371;hep-ph/9605371;0;1;1
hep-ph/9605364;hep-ph/9605364;3;0;3
hep-th/0501024;hep-th/0501024;0;6;6
0708.1719;0708.1719;0;1;1
0903.1254;0903.1254;0;10;10
hep-th/0501026;hep-th/0501026;2;5;7
hep-th/0408130;hep-th/0408130;1;5;6
hep-th/0307172;hep-th/0307172;2;5;7
hep-th/0212085;hep-th/0212085;3;7;10
0912.1600;0912.1600;0;19;19
hep-ph/0107042;hep-ph/0107042;0;1;1
hep-th/0403054;hep-th/0403054;0;10;10
hep-ph/0207286;hep-ph/0207286;0;1;1
hep-ph/0207287;hep-ph/0207287;2;2;4
0709.1318;0709.1318;0;18;18
0912.3217;0912.3217;0;14;14
gr-qc/0609026;gr-qc/0609026;1;11;12
0811.4087;0811.4087;0;6;6
0706.2685;0706.2685;0;3;3
hep-ph/0609018;hep-ph/0609018;2;2;4
0802.1601;0802.1601;0;9;9
hep-th/0612082;hep-th/0612082;0;25;25
hep-th/0205023;hep-th/0205023;2;5;7
hep-th/9602050;hep-th/9602050;3;0;3
0909.3948;0909.3948;0;14;14
0909.2170;0909.2170;0;2;2
hep-th/9512144;hep-th/9512144;3;6;9
hep-th/9509154;hep-th/9509154;4;4;8
0807.3216;0807.3216;0;25;25
hep-th/0511173;hep-th/0511173;1;5;6
astro-ph/0608469;astro-ph/0608469;3;19;22
astro-ph/0611007;astro-ph/0611007;2;16;18
0803.1419;0803.1419;0;17;17
0901.4401;0901.4401;0;31;31
hep-th/0008146;hep-th/0008146;4;10;14
0811.3688;0811.3688;0;12;12
cond-mat/9602026;cond-mat/9602026;2;0;2
hep-th/0412222;hep-th/0412222;5;25;30
hep-ph/0503284;hep-ph/0503284;1;6;7
0704.2111;0704.2111;0;26;26
0709.0047;0709.0047;0;20;20
quant-ph/9912048;quant-ph/9912048;3;3;6
hep-th/0610287;hep-th/0610287;0;8;8
0906.4311;0906.4311;0;6;6
hep-th/9508132;hep-th/9508132;2;28;30
hep-th/0305026;hep-th/0305026;0;5;5
hep-th/0202185;hep-th/0202185;1;5;6
hep-ph/0302154;hep-ph/0302154;2;5;7
q-alg/9511028;q-alg/9511028;1;2;3
hep-th/9409178;hep-th/9409178;3;1;4
hep-th/0006152;hep-th/0006152;2;8;10
0807.4054;0807.4054;0;10;10
0909.2730;0909.2730;0;4;4
hep-ph/0110352;hep-ph/0110352;0;11;11
0705.3024;0705.3024;0;22;22
gr-qc/0501033;gr-qc/0501033;10;23;33
hep-th/0612028;hep-th/0612028;3;19;22
hep-lat/9907005;hep-lat/9907005;2;14;16
0801.1375;0801.1375;0;57;57
0801.4737;0801.4737;0;6;6
0909.0761;0909.0761;0;2;2
math-ph/0403007;math-ph/0403007;1;1;2
0901.0964;0901.0964;0;6;6
0901.0969;0901.0969;0;13;13
hep-th/0302208;hep-th/0302208;1;1;2
hep-th/9206110;hep-th/9206110;1;1;2
astro-ph/9612220;astro-ph/9612220;1;6;7
0806.4692;0806.4692;0;1;1
0805.2538;0805.2538;0;20;20
cond-mat/0309013;cond-mat/0309013;1;2;3
hep-th/0409041;hep-th/0409041;0;10;10
0911.0169;0911.0169;0;1;1
hep-ph/0309301;hep-ph/0309301;3;20;23
hep-th/0409043;hep-th/0409043;0;19;19
hep-th/0403295;hep-th/0403295;2;27;29
0905.4377;0905.4377;0;14;14
0905.4379;0905.4379;0;6;6
0907.0950;0907.0950;0;7;7
0707.1526;0707.1526;0;7;7
hep-th/0404249;hep-th/0404249;4;28;32
hep-th/0404240;hep-th/0404240;2;16;18
hep-th/9501089;hep-th/9501089;2;0;2
hep-th/0203148;hep-th/0203148;1;5;6
hep-th/0402214;hep-th/0402214;1;2;3
0905.0876;0905.0876;0;8;8
hep-th/0511198;hep-th/0511198;0;1;1
0705.0445;0705.0445;0;19;19
hep-th/0509201;hep-th/0509201;1;33;34
hep-th/0511195;hep-th/0511195;0;23;23
hep-th/0511196;hep-th/0511196;0;22;22
0707.4030;0707.4030;0;11;11
0905.1473;0905.1473;0;7;7
0706.1778;0706.1778;0;14;14
gr-qc/0406078;gr-qc/0406078;0;5;5
hep-th/9610206;hep-th/9610206;0;8;8
hep-th/9303031;hep-th/9303031;1;2;3
hep-th/9610203;hep-th/9610203;0;1;1
hep-th/9209026;hep-th/9209026;1;0;1
hep-th/9610200;hep-th/9610200;1;1;2
0801.4399;0801.4399;0;15;15
hep-th/0301197;hep-th/0301197;1;2;3
hep-th/9610209;hep-th/9610209;1;1;2
hep-th/9309158;hep-th/9309158;1;0;1
hep-th/9911196;hep-th/9911196;2;16;18
hep-th/0304088;hep-th/0304088;0;14;14
hep-th/0212336;hep-th/0212336;1;4;5
gr-qc/9708022;gr-qc/9708022;2;1;3
hep-th/0304082;hep-th/0304082;0;5;5
hep-th/0112256;hep-th/0112256;3;2;5
hep-th/0105173;hep-th/0105173;3;3;6
cond-mat/0201063;cond-mat/0201063;0;2;2
hep-ph/9706390;hep-ph/9706390;0;7;7
hep-th/9611023;hep-th/9611023;3;8;11
cond-mat/9604046;cond-mat/9604046;1;0;1
hep-th/0103122;hep-th/0103122;5;11;16
astro-ph/0305322;astro-ph/0305322;2;5;7
gr-qc/9407006;gr-qc/9407006;1;0;1
physics/0605001;physics/0605001;0;2;2
0710.0820;0710.0820;0;10;10
0809.1610;0809.1610;0;18;18
hep-th/9311095;hep-th/9311095;2;1;3
0912.3369;0912.3369;0;41;41
0704.2389;0704.2389;0;39;39
hep-th/9809120;hep-th/9809120;1;2;3
hep-th/9807044;hep-th/9807044;6;3;9
gr-qc/9712015;gr-qc/9712015;2;1;3
0907.3466;0907.3466;0;1;1
0805.1206;0805.1206;0;18;18
hep-th/0607053;hep-th/0607053;0;1;1
hep-th/0607052;hep-th/0607052;4;23;27
hep-th/9806058;hep-th/9806058;2;0;2
hep-th/9706181;hep-th/9706181;1;0;1
hep-th/9603124;hep-th/9603124;2;2;4
hep-th/0607059;hep-th/0607059;0;4;4
hep-th/0607058;hep-th/0607058;0;3;3
gr-qc/0407033;gr-qc/0407033;3;8;11
hep-th/9801068;hep-th/9801068;2;1;3
cond-mat/9804308;cond-mat/9804308;3;6;9
gr-qc/0407034;gr-qc/0407034;0;5;5
hep-th/0406119;hep-th/0406119;3;2;5
nucl-th/0512098;nucl-th/0512098;1;1;2
0903.1398;0903.1398;0;2;2
0705.3363;0705.3363;0;7;7
0801.3266;0801.3266;0;19;19
hep-th/9601149;hep-th/9601149;0;1;1
hep-th/9308096;hep-th/9308096;1;0;1
hep-th/9601145;hep-th/9601145;0;10;10
hep-th/9403042;hep-th/9403042;2;1;3
cond-mat/0110108;cond-mat/0110108;0;11;11
cond-mat/9908285;cond-mat/9908285;4;9;13
gr-qc/9812091;gr-qc/9812091;2;1;3
0807.4468;0807.4468;0;27;27
math/0701031;math/0701031;1;7;8
math/0701010;math/0701010;2;12;14
0904.0654;0904.0654;0;15;15
0712.0946;0712.0946;0;23;23
hep-ph/0612074;hep-ph/0612074;6;29;35
quant-ph/9910036;quant-ph/9910036;0;2;2
quant-ph/9805061;quant-ph/9805061;1;0;1
quant-ph/9611009;quant-ph/9611009;1;0;1
0910.3870;0910.3870;0;12;12
hep-th/0206043;hep-th/0206043;4;0;4
astro-ph/0405266;astro-ph/0405266;3;1;4
0709.3658;0709.3658;0;44;44
0710.1990;0710.1990;0;47;47
hep-ph/0504120;hep-ph/0504120;0;26;26
hep-th/0407204;hep-th/0407204;1;11;12
hep-th/0407206;hep-th/0407206;0;38;38
hep-th/0407200;hep-th/0407200;1;20;21
hep-th/9309065;hep-th/9309065;7;3;10
hep-th/9506005;hep-th/9506005;4;12;16
hep-th/9508080;hep-th/9508080;4;7;11
hep-th/9602059;hep-th/9602059;4;11;15
cond-mat/9505083;cond-mat/9505083;1;0;1
hep-th/9604010;hep-th/9604010;1;7;8
hep-th/9504112;hep-th/9504112;1;8;9
hep-th/9803173;hep-th/9803173;5;21;26
hep-ph/9505221;hep-ph/9505221;1;1;2
hep-th/9302009;hep-th/9302009;0;4;4
hep-th/9411206;hep-th/9411206;0;4;4
alg-geom/9406008;alg-geom/9406008;3;0;3
hep-th/9411207;hep-th/9411207;0;3;3
hep-th/9411200;hep-th/9411200;4;6;10
0903.1947;0903.1947;0;3;3
0809.0097;0809.0097;0;11;11
hep-th/9411208;hep-th/9411208;0;2;2
cond-mat/0612343;cond-mat/0612343;0;1;1
cond-mat/0603717;cond-mat/0603717;3;1;4
hep-th/0007034;hep-th/0007034;0;7;7
cond-mat/9711307;cond-mat/9711307;1;0;1
hep-th/0007038;hep-th/0007038;1;3;4
0910.2160;0910.2160;0;74;74
0705.2102;0705.2102;0;16;16
0705.2101;0705.2101;0;24;24
0812.1858;0812.1858;0;12;12
hep-th/0609172;hep-th/0609172;9;7;16
hep-th/0703127;hep-th/0703127;6;9;15
cond-mat/0612348;cond-mat/0612348;0;16;16
hep-th/0611057;hep-th/0611057;2;23;25
0807.3485;0807.3485;0;31;31
hep-ph/0602204;hep-ph/0602204;5;29;34
hep-th/0510054;hep-th/0510054;3;24;27
quant-ph/0201063;quant-ph/0201063;5;9;14
hep-th/0212224;hep-th/0212224;3;9;12
hep-th/9904144;hep-th/9904144;3;0;3
0801.0106;0801.0106;0;4;4
hep-th/0611055;hep-th/0611055;2;13;15
0708.2554;0708.2554;0;24;24
hep-ph/0109023;hep-ph/0109023;1;2;3
hep-th/0005079;hep-th/0005079;5;3;8
hep-th/0310093;hep-th/0310093;2;6;8
cond-mat/0108048;cond-mat/0108048;5;2;7
hep-th/0306039;hep-th/0306039;3;10;13
hep-th/0310094;hep-th/0310094;0;5;5
gr-qc/9604058;gr-qc/9604058;6;19;25
0912.0073;0912.0073;0;13;13
hep-ph/9411295;hep-ph/9411295;1;5;6
hep-th/0106106;hep-th/0106106;0;1;1
hep-th/0106098;hep-th/0106098;1;0;1
physics/9802044;physics/9802044;2;0;2
alg-geom/9704023;alg-geom/9704023;3;0;3
hep-th/0101122;hep-th/0101122;3;44;47
hep-th/9706191;hep-th/9706191;0;16;16
q-alg/9507021;q-alg/9507021;2;0;2
hep-th/9704118;hep-th/9704118;5;26;31
hep-th/9807219;hep-th/9807219;2;3;5
0709.3046;0709.3046;0;3;3
math-ph/0303024;math-ph/0303024;1;2;3
hep-lat/9906038;hep-lat/9906038;0;18;18
0709.2799;0709.2799;0;31;31
hep-th/0012167;hep-th/0012167;0;19;19
0906.2303;0906.2303;0;6;6
math-ph/0512025;math-ph/0512025;1;7;8
hep-th/0504009;hep-th/0504009;4;11;15
hep-th/0612214;hep-th/0612214;1;3;4
0909.5251;0909.5251;0;12;12
hep-th/9607093;hep-th/9607093;1;2;3
hep-th/9501125;hep-th/9501125;1;6;7
0804.2627;0804.2627;0;9;9
0804.2629;0804.2629;0;41;41
0708.3153;0708.3153;0;119;119
hep-th/0011010;hep-th/0011010;6;12;18
gr-qc/0611044;gr-qc/0611044;6;29;35
hep-th/0305151;hep-th/0305151;3;21;24
0905.3900;0905.3900;0;11;11
gr-qc/0608059;gr-qc/0608059;1;0;1
0911.1267;0911.1267;0;10;10
0706.2294;0706.2294;0;35;35
hep-th/0405192;hep-th/0405192;5;28;33
hep-th/0405193;hep-th/0405193;2;18;20
gr-qc/0402064;gr-qc/0402064;3;24;27
gr-qc/9507003;gr-qc/9507003;0;3;3
hep-th/0405198;hep-th/0405198;0;7;7
hep-th/0405199;hep-th/0405199;0;9;9
0903.4437;0903.4437;0;13;13
hep-th/9112001;hep-th/9112001;1;1;2
quant-ph/9710019;quant-ph/9710019;3;5;8
hep-th/9603193;hep-th/9603193;3;0;3
gr-qc/0307090;gr-qc/0307090;0;23;23
quant-ph/0202017;quant-ph/0202017;3;6;9
hep-th/0303164;hep-th/0303164;2;11;13
0809.3964;0809.3964;0;2;2
hep-th/0206194;hep-th/0206194;3;0;3
hep-th/0107050;hep-th/0107050;8;12;20
hep-ph/0605089;hep-ph/0605089;0;1;1
0808.1143;0808.1143;0;18;18
0908.1949;0908.1949;0;20;20
0907.2921;0907.2921;0;23;23
cond-mat/9311040;cond-mat/9311040;5;0;5
hep-th/0703145;hep-th/0703145;10;19;29
0910.3053;0910.3053;0;12;12
0904.4601;0904.4601;0;145;145
hep-th/0701109;hep-th/0701109;2;14;16
0904.4605;0904.4605;0;19;19
hep-ph/9611201;hep-ph/9611201;2;4;6
q-alg/9511010;q-alg/9511010;0;3;3
hep-th/9407016;hep-th/9407016;1;0;1
0804.2453;0804.2453;0;13;13
0812.2645;0812.2645;0;15;15
0904.2765;0904.2765;0;17;17
hep-th/0510237;hep-th/0510237;1;36;37
hep-lat/9505002;hep-lat/9505002;6;1;7
hep-lat/9511028;hep-lat/9511028;1;6;7
hep-lat/9511001;hep-lat/9511001;8;16;24
math-ph/0204024;math-ph/0204024;0;3;3
gr-qc/0111092;gr-qc/0111092;5;7;12
hep-th/9805100;hep-th/9805100;0;6;6
chao-dyn/9609005;chao-dyn/9609005;2;0;2
hep-th/9805102;hep-th/9805102;4;9;13
hep-th/9805103;hep-th/9805103;1;8;9
hep-th/9805107;hep-th/9805107;1;25;26
hep-th/0412289;hep-th/0412289;0;29;29
dg-ga/9707021;dg-ga/9707021;3;0;3
quant-ph/0308094;quant-ph/0308094;1;1;2
quant-ph/0308081;quant-ph/0308081;1;2;3
math-ph/0601066;math-ph/0601066;0;3;3
math-ph/0312058;math-ph/0312058;1;2;3
0805.1405;0805.1405;0;28;28
0901.0683;0901.0683;0;48;48
hep-th/0412283;hep-th/0412283;1;22;23
hep-th/0701056;hep-th/0701056;0;7;7
0806.3575;0806.3575;0;12;12
hep-lat/9707035;hep-lat/9707035;0;15;15
hep-ph/0402222;hep-ph/0402222;1;6;7
0804.0169;0804.0169;0;3;3
0706.3650;0706.3650;0;6;6
hep-th/0107188;hep-th/0107188;3;7;10
hep-ph/0611325;hep-ph/0611325;0;2;2
0906.4091;0906.4091;0;4;4
hep-th/9312010;hep-th/9312010;2;7;9
0706.3658;0706.3658;0;30;30
0706.3659;0706.3659;0;22;22
0909.4672;0909.4672;0;43;43
0906.4099;0906.4099;0;14;14
0909.4675;0909.4675;0;1;1
0908.2415;0908.2415;0;1;1
quant-ph/0302164;quant-ph/0302164;9;0;9
hep-ph/0607320;hep-ph/0607320;0;7;7
0802.3135;0802.3135;0;88;88
hep-th/0312025;hep-th/0312025;2;35;37
hep-ph/0406290;hep-ph/0406290;0;2;2
hep-th/9412010;hep-th/9412010;2;3;5
hep-th/9211074;hep-th/9211074;3;0;3
hep-th/9411225;hep-th/9411225;1;0;1
hep-th/9211052;hep-th/9211052;8;0;8
hep-th/9302078;hep-th/9302078;12;0;12
hep-th/9501126;hep-th/9501126;1;6;7
hep-th/9501129;hep-th/9501129;0;2;2
hep-th/9501128;hep-th/9501128;3;3;6
hep-th/9310154;hep-th/9310154;2;0;2
hep-th/9311171;hep-th/9311171;4;2;6
hep-ph/0511138;hep-ph/0511138;0;10;10
0908.0307;0908.0307;0;5;5
hep-th/9210116;hep-th/9210116;5;0;5
0908.0305;0908.0305;0;32;32
0904.3490;0904.3490;0;6;6
0809.0684;0809.0684;0;25;25
0707.3515;0707.3515;0;56;56
hep-th/9704121;hep-th/9704121;2;2;4
hep-th/9609012;hep-th/9609012;2;1;3
hep-th/9704122;hep-th/9704122;0;1;1
hep-th/9704124;hep-th/9704124;1;1;2
hep-th/9704128;hep-th/9704128;3;5;8
hep-th/0601103;hep-th/0601103;0;12;12
hep-th/0601102;hep-th/0601102;0;1;1
hep-th/0601100;hep-th/0601100;0;4;4
hep-th/0507209;hep-th/0507209;2;16;18
hep-th/0312012;hep-th/0312012;6;25;31
hep-th/0403059;hep-th/0403059;3;0;3
hep-th/0601104;hep-th/0601104;0;1;1
hep-th/0501159;hep-th/0501159;1;5;6
0904.3144;0904.3144;0;15;15
0805.0806;0805.0806;0;7;7
nucl-th/0102037;nucl-th/0102037;2;0;2
hep-ph/0511267;hep-ph/0511267;2;31;33
hep-ph/0510392;hep-ph/0510392;2;8;10
hep-ph/0511067;hep-ph/0511067;2;14;16
hep-th/9909181;hep-th/9909181;1;6;7
hep-th/0408045;hep-th/0408045;2;16;18
hep-th/0110256;hep-th/0110256;3;4;7
0710.1735;0710.1735;0;34;34
0706.0355;0706.0355;0;5;5
0910.5457;0910.5457;0;3;3
0706.0353;0706.0353;0;3;3
0811.3335;0811.3335;0;24;24
0811.3332;0811.3332;0;9;9
hep-th/9309056;hep-th/9309056;3;3;6
gr-qc/9801107;gr-qc/9801107;2;0;2
0902.2223;0902.2223;0;4;4
hep-th/0304095;hep-th/0304095;6;31;37
0709.1888;0709.1888;0;27;27
hep-th/0701266;hep-th/0701266;3;43;46
0909.2536;0909.2536;0;27;27
0912.2090;0912.2090;0;23;23
gr-qc/0110057;gr-qc/0110057;0;27;27
0704.2067;0704.2067;0;85;85
hep-th/0212056;hep-th/0212056;2;31;33
hep-th/9812142;hep-th/9812142;4;17;21
hep-th/9812145;hep-th/9812145;3;4;7
hep-th/9812146;hep-th/9812146;1;1;2
hep-th/9212025;hep-th/9212025;0;1;1
quant-ph/9901055;quant-ph/9901055;0;1;1
0707.4420;0707.4420;0;4;4
cond-mat/9403051;cond-mat/9403051;4;0;4
hep-th/9311001;hep-th/9311001;1;0;1
gr-qc/9311015;gr-qc/9311015;7;0;7
gr-qc/9306006;gr-qc/9306006;11;0;11
hep-th/9404084;hep-th/9404084;4;0;4
gr-qc/0111090;gr-qc/0111090;3;5;8
gr-qc/0301005;gr-qc/0301005;1;3;4
gr-qc/0105111;gr-qc/0105111;2;4;6
0908.4105;0908.4105;0;17;17
hep-th/0509139;hep-th/0509139;0;10;10
hep-th/0412031;hep-th/0412031;1;2;3
hep-th/9307014;hep-th/9307014;2;0;2
0802.2595;0802.2595;0;35;35
0806.4109;0806.4109;0;54;54
quant-ph/0105030;quant-ph/0105030;0;1;1
hep-th/9803238;hep-th/9803238;0;4;4
gr-qc/0210034;gr-qc/0210034;3;2;5
chao-dyn/9603014;chao-dyn/9603014;1;1;2
hep-th/9803233;hep-th/9803233;5;1;6
hep-th/9803236;hep-th/9803236;0;6;6
hep-th/9802062;hep-th/9802062;2;5;7
hep-th/9711195;hep-th/9711195;1;2;3
hep-th/9703184;hep-th/9703184;3;2;5
hep-ph/9503240;hep-ph/9503240;4;1;5
0707.4425;0707.4425;0;15;15
0911.4390;0911.4390;0;31;31
0802.0997;0802.0997;0;14;14
hep-th/0701171;hep-th/0701171;2;16;18
hep-th/0410041;hep-th/0410041;5;5;10
hep-th/0002178;hep-th/0002178;1;4;5
hep-th/9810037;hep-th/9810037;5;0;5
hep-th/0211043;hep-th/0211043;1;17;18
hep-th/0011234;hep-th/0011234;9;7;16
hep-th/0005074;hep-th/0005074;1;6;7
hep-th/9312111;hep-th/9312111;2;2;4
hep-lat/9812012;hep-lat/9812012;4;7;11
0808.3232;0808.3232;0;3;3
0905.3451;0905.3451;0;27;27
hep-th/0112210;hep-th/0112210;4;10;14
hep-th/0206142;hep-th/0206142;0;6;6
math-ph/0012012;math-ph/0012012;5;0;5
hep-th/0206140;hep-th/0206140;0;9;9
0812.2797;0812.2797;0;17;17
0812.2207;0812.2207;0;3;3
hep-ph/0410072;hep-ph/0410072;1;4;5
0902.3899;0902.3899;0;12;12
0802.0662;0802.0662;0;9;9
0907.3640;0907.3640;0;17;17
0901.3907;0901.3907;0;10;10
0901.3905;0901.3905;0;19;19
hep-th/9303178;hep-th/9303178;3;0;3
hep-th/9602149;hep-th/9602149;3;3;6
hep-th/9509029;hep-th/9509029;2;1;3
hep-th/9210142;hep-th/9210142;3;2;5
hep-th/9602143;hep-th/9602143;0;2;2
hep-th/9602142;hep-th/9602142;0;2;2
gr-qc/9506010;gr-qc/9506010;1;1;2
0908.0480;0908.0480;0;1;1
0912.2403;0912.2403;0;5;5
0901.2058;0901.2058;0;36;36
astro-ph/0501668;astro-ph/0501668;4;25;29
0806.1911;0806.1911;0;34;34
0901.2054;0901.2054;0;14;14
0901.1889;0901.1889;0;3;3
cond-mat/9511042;cond-mat/9511042;0;2;2
hep-th/9405148;hep-th/9405148;1;1;2
cond-mat/9407086;cond-mat/9407086;3;0;3
hep-th/0203275;hep-th/0203275;4;6;10
hep-lat/9710078;hep-lat/9710078;2;2;4
hep-th/0203010;hep-th/0203010;1;2;3
0902.2289;0902.2289;0;4;4
hep-th/0002168;hep-th/0002168;0;2;2
hep-th/9804014;hep-th/9804014;6;41;47
hep-th/9905093;hep-th/9905093;2;6;8
hep-th/9406071;hep-th/9406071;4;8;12
physics/9710010;physics/9710010;3;1;4
hep-th/9906210;hep-th/9906210;4;11;15
0902.1406;0902.1406;0;18;18
0901.1772;0901.1772;0;43;43
hep-th/0605192;hep-th/0605192;5;37;42
hep-th/0207262;hep-th/0207262;0;1;1
0903.5303;0903.5303;0;2;2
hep-th/0607158;hep-th/0607158;1;22;23
hep-th/0611132;hep-th/0611132;1;0;1
hep-th/0105179;hep-th/0105179;5;3;8
0909.2453;0909.2453;0;26;26
hep-th/0010152;hep-th/0010152;4;5;9
gr-qc/0412071;gr-qc/0412071;7;18;25
gr-qc/9808033;gr-qc/9808033;3;1;4
hep-th/9304080;hep-th/9304080;3;3;6
hep-th/9404066;hep-th/9404066;0;3;3
hep-th/9404067;hep-th/9404067;2;7;9
hep-th/9311048;hep-th/9311048;3;10;13
hep-th/0409003;hep-th/0409003;1;5;6
0903.4384;0903.4384;0;8;8
hep-th/9404068;hep-th/9404068;1;5;6
hep-th/9311112;hep-th/9311112;3;0;3
hep-th/9404069;hep-th/9404069;3;1;4
hep-th/0006194;hep-th/0006194;0;34;34
hep-th/9901150;hep-th/9901150;3;21;24
hep-th/9812061;hep-th/9812061;2;125;127
hep-th/9812068;hep-th/9812068;3;45;48
0711.0407;0711.0407;0;41;41
hep-th/0411060;hep-th/0411060;2;23;25
hep-th/0102097;hep-th/0102097;3;24;27
hep-th/9802077;hep-th/9802077;4;3;7
0805.3594;0805.3594;0;2;2
hep-th/0602207;hep-th/0602207;2;21;23
hep-th/0412228;hep-th/0412228;2;24;26
0910.3488;0910.3488;0;48;48
0910.3624;0910.3624;0;3;3
hep-th/9302072;hep-th/9302072;2;1;3
hep-th/9608123;hep-th/9608123;1;0;1
hep-th/9307051;hep-th/9307051;4;0;4
hep-th/9608170;hep-th/9608170;1;6;7
0803.3442;0803.3442;0;5;5
0707.0314;0707.0314;0;5;5
0708.1310;0708.1310;0;14;14
hep-th/0507062;hep-th/0507062;11;12;23
0803.1243;0803.1243;0;2;2
hep-th/0008137;hep-th/0008137;0;22;22
hep-th/0008135;hep-th/0008135;0;7;7
hep-th/0007246;hep-th/0007246;1;12;13
hep-th/0008130;hep-th/0008130;1;75;76
hep-th/9902019;hep-th/9902019;1;11;12
hep-th/9908077;hep-th/9908077;3;15;18
hep-th/9908071;hep-th/9908071;0;13;13
hep-th/9812200;hep-th/9812200;1;18;19
hep-th/9902014;hep-th/9902014;6;4;10
hep-th/0603156;hep-th/0603156;1;22;23
hep-th/0605161;hep-th/0605161;4;69;73
hep-th/0605157;hep-th/0605157;3;20;23
math/0605277;math/0605277;4;5;9
hep-th/0605167;hep-th/0605167;0;26;26
0907.1698;0907.1698;0;4;4
0712.2976;0712.2976;0;44;44
hep-th/9312054;hep-th/9312054;1;1;2
gr-qc/9411018;gr-qc/9411018;4;0;4
0906.4109;0906.4109;0;30;30
0902.3765;0902.3765;0;53;53
hep-th/0412143;hep-th/0412143;2;4;6
hep-th/0409297;hep-th/0409297;3;5;8
hep-th/9607221;hep-th/9607221;1;0;1
0705.2346;0705.2346;0;41;41
hep-th/9504100;hep-th/9504100;1;0;1
0808.2987;0808.2987;0;11;11
0802.3508;0802.3508;0;19;19
0902.3769;0902.3769;0;6;6
0912.1860;0912.1860;0;6;6
gr-qc/0502081;gr-qc/0502081;2;4;6
0708.0596;0708.0596;0;46;46
0801.0747;0801.0747;0;60;60
0801.0743;0801.0743;0;2;2
0801.0742;0801.0742;0;24;24
0806.4374;0806.4374;0;14;14
0704.1645;0704.1645;0;8;8
quant-ph/0205085;quant-ph/0205085;3;0;3
0801.4457;0801.4457;0;46;46
hep-th/0111077;hep-th/0111077;1;16;17
0912.3406;0912.3406;0;17;17
hep-th/0609071;hep-th/0609071;1;0;1
0912.3404;0912.3404;0;11;11
0811.1270;0811.1270;0;15;15
hep-th/9705154;hep-th/9705154;7;5;12
hep-th/9703046;hep-th/9703046;2;2;4
hep-th/9807057;hep-th/9807057;2;7;9
hep-th/9807058;hep-th/9807058;3;2;5
0712.0592;0712.0592;0;20;20
gr-qc/0211086;gr-qc/0211086;7;3;10
gr-qc/0504013;gr-qc/0504013;4;8;12
0707.0443;0707.0443;0;5;5
hep-th/9607128;hep-th/9607128;2;2;4
0901.3595;0901.3595;0;19;19
hep-th/0610254;hep-th/0610254;5;46;51
hep-ph/0503219;hep-ph/0503219;2;4;6
hep-ph/0406169;hep-ph/0406169;2;7;9
0705.0871;0705.0871;0;21;21
hep-th/0403076;hep-th/0403076;2;72;74
hep-th/0403070;hep-th/0403070;1;8;9
hep-th/0106224;hep-th/0106224;1;0;1
math/0401088;math/0401088;0;3;3
math/0209158;math/0209158;2;5;7
0903.4210;0903.4210;0;1;1
astro-ph/0608679;astro-ph/0608679;2;1;3
quant-ph/0106004;quant-ph/0106004;1;3;4
physics/0103021;physics/0103021;1;0;1
0804.3711;0804.3711;0;29;29
hep-ph/0105344;hep-ph/0105344;4;0;4
0707.0736;0707.0736;0;17;17
nlin/0201047;nlin/0201047;1;3;4
cond-mat/9503068;cond-mat/9503068;1;1;2
gr-qc/0401109;gr-qc/0401109;3;12;15
0811.3478;0811.3478;0;5;5
hep-th/0601200;hep-th/0601200;2;8;10
hep-th/0404019;hep-th/0404019;0;4;4
0705.1693;0705.1693;0;8;8
0901.3046;0901.3046;0;2;2
0901.3044;0901.3044;0;23;23
0805.2960;0805.2960;0;9;9
astro-ph/0307089;astro-ph/0307089;0;1;1
hep-th/9601174;hep-th/9601174;2;0;2
hep-th/9905089;hep-th/9905089;8;40;48
hep-th/0605268;hep-th/0605268;1;18;19
math/0206269;math/0206269;0;7;7
hep-th/9808193;hep-th/9808193;3;2;5
hep-th/0610257;hep-th/0610257;4;39;43
hep-th/0304042;hep-th/0304042;5;2;7
0910.0764;0910.0764;0;26;26
0708.3926;0708.3926;0;3;3
0803.3295;0803.3295;0;10;10
hep-th/9406035;hep-th/9406035;0;5;5
hep-th/9301127;hep-th/9301127;2;1;3
hep-th/9406134;hep-th/9406134;8;0;8
hep-th/9502136;hep-th/9502136;2;11;13
hep-th/9503144;hep-th/9503144;0;5;5
hep-th/9811138;hep-th/9811138;4;8;12
hep-th/0304122;hep-th/0304122;0;6;6
hep-th/0102096;hep-th/0102096;4;3;7
hep-th/9502005;hep-th/9502005;0;1;1
hep-th/9405064;hep-th/9405064;2;0;2
hep-th/9905176;hep-th/9905176;3;11;14
hep-th/0610192;hep-th/0610192;2;23;25
math-ph/9911003;math-ph/9911003;0;3;3
hep-th/9311119;hep-th/9311119;3;0;3
hep-th/9307021;hep-th/9307021;3;0;3
hep-th/0309061;hep-th/0309061;3;11;14
hep-th/9606127;hep-th/9606127;0;1;1
hep-th/9606123;hep-th/9606123;2;21;23
hep-th/9712233;hep-th/9712233;1;24;25
hep-th/9606128;hep-th/9606128;0;1;1
hep-th/9511182;hep-th/9511182;1;1;2
hep-th/9812253;hep-th/9812253;3;12;15
cond-mat/9506104;cond-mat/9506104;3;0;3
0812.2901;0812.2901;0;12;12
0812.2900;0812.2900;0;8;8
0901.2311;0901.2311;0;29;29
0807.4635;0807.4635;0;4;4
0807.4637;0807.4637;0;3;3
hep-ph/0209099;hep-ph/0209099;0;19;19
hep-th/9404052;hep-th/9404052;3;1;4
math/0605734;math/0605734;2;7;9
math/0506550;math/0506550;2;3;5
cond-mat/0209025;cond-mat/0209025;0;4;4
quant-ph/0002069;quant-ph/0002069;1;8;9
astro-ph/0102294;astro-ph/0102294;1;0;1
hep-th/0403143;hep-th/0403143;4;10;14
hep-th/0409081;hep-th/0409081;1;9;10
hep-ph/0011372;hep-ph/0011372;14;19;33
hep-th/0402148;hep-th/0402148;2;2;4
hep-th/0512088;hep-th/0512088;2;9;11
cond-mat/0212365;cond-mat/0212365;2;5;7
cond-mat/0409597;cond-mat/0409597;2;4;6
math/0012248;math/0012248;1;1;2
hep-th/0607153;hep-th/0607153;3;5;8
0802.0525;0802.0525;0;15;15
hep-th/0607159;hep-th/0607159;0;12;12
0905.4651;0905.4651;0;42;42
hep-th/0409197;hep-th/0409197;5;25;30
0911.0693;0911.0693;0;5;5
0810.3825;0810.3825;0;11;11
quant-ph/0602229;quant-ph/0602229;4;1;5
0810.5659;0810.5659;0;28;28
hep-th/9405078;hep-th/9405078;2;1;3
hep-th/9311075;hep-th/9311075;2;0;2
0801.2020;0801.2020;0;4;4
hep-ph/0301020;hep-ph/0301020;1;8;9
0910.3441;0910.3441;0;25;25
math-ph/0612041;math-ph/0612041;2;14;16
quant-ph/0005071;quant-ph/0005071;0;1;1
gr-qc/9403047;gr-qc/9403047;1;1;2
0807.0777;0807.0777;0;50;50
hep-th/0312219;hep-th/0312219;0;4;4
0906.0638;0906.0638;0;20;20
0912.4440;0912.4440;0;9;9
hep-th/0502011;hep-th/0502011;0;20;20
0909.1203;0909.1203;0;18;18
0709.3757;0709.3757;0;14;14
cond-mat/0508148;cond-mat/0508148;0;2;2
hep-th/9504035;hep-th/9504035;2;3;5
cond-mat/9705141;cond-mat/9705141;2;3;5
hep-th/0003170;hep-th/0003170;1;6;7
0711.0416;0711.0416;0;9;9
hep-th/0210271;hep-th/0210271;3;14;17
hep-th/0210270;hep-th/0210270;1;26;27
hep-th/0210276;hep-th/0210276;2;8;10
hep-th/0210275;hep-th/0210275;0;16;16
hep-th/9601042;hep-th/9601042;2;10;12
hep-th/0210274;hep-th/0210274;0;13;13
0801.4635;0801.4635;1;11;12
hep-th/0105279;hep-th/0105279;6;15;21
hep-th/0106170;hep-th/0106170;0;7;7
hep-th/0106088;hep-th/0106088;1;0;1
hep-th/0106074;hep-th/0106074;1;0;1
hep-th/0004192;hep-th/0004192;2;2;4
hep-th/9707255;hep-th/9707255;2;5;7
hep-th/9707252;hep-th/9707252;0;11;11
0809.2891;0809.2891;0;6;6
hep-th/9911010;hep-th/9911010;0;10;10
quant-ph/9906028;quant-ph/9906028;3;2;5
hep-th/0012190;hep-th/0012190;0;10;10
hep-th/9911012;hep-th/9911012;4;1;5
hep-th/9906232;hep-th/9906232;3;15;18
hep-th/9911013;hep-th/9911013;2;9;11
hep-th/9805002;hep-th/9805002;2;2;4
0906.2390;0906.2390;0;38;38
hep-th/0408212;hep-th/0408212;2;12;14
hep-th/0407230;hep-th/0407230;2;31;33
hep-th/0011185;hep-th/0011185;2;24;26
hep-th/0408211;hep-th/0408211;0;3;3
hep-th/0405212;hep-th/0405212;1;4;5
hep-th/0408215;hep-th/0408215;0;18;18
hep-th/9607006;hep-th/9607006;0;9;9
hep-th/9607003;hep-th/9607003;1;12;13
hep-th/9210151;hep-th/9210151;1;0;1
hep-ph/9911494;hep-ph/9911494;0;10;10
hep-th/9807118;hep-th/9807118;2;2;4
hep-th/9809016;hep-th/9809016;5;6;11
hep-th/9801103;hep-th/9801103;1;2;3
hep-th/9608029;hep-th/9608029;2;2;4
hep-ph/0008322;hep-ph/0008322;2;6;8
hep-ph/9910493;hep-ph/9910493;4;5;9
hep-th/0005243;hep-th/0005243;3;9;12
hep-th/0110295;hep-th/0110295;0;9;9
hep-ph/0108072;hep-ph/0108072;4;8;12
hep-th/9410038;hep-th/9410038;3;0;3
hep-th/0110296;hep-th/0110296;0;1;1
hep-th/0012229;hep-th/0012229;0;6;6
hep-th/0109079;hep-th/0109079;7;20;27
hep-th/9212067;hep-th/9212067;3;3;6
hep-th/9809085;hep-th/9809085;4;10;14
0904.2915;0904.2915;0;17;17
gr-qc/0602088;gr-qc/0602088;1;6;7
gr-qc/0602064;gr-qc/0602064;2;6;8
0904.2919;0904.2919;0;53;53
cond-mat/9504004;cond-mat/9504004;0;4;4
0706.3775;0706.3775;0;6;6
hep-ph/0605246;hep-ph/0605246;1;2;3
0804.4011;0804.4011;0;9;9
hep-ph/0702047;hep-ph/0702047;2;1;3
0704.3096;0704.3096;0;5;5
0810.0104;0810.0104;1;35;36
0904.4544;0904.4544;0;34;34
hep-th/0701265;hep-th/0701265;2;8;10
0903.3526;0903.3526;0;17;17
0810.0228;0810.0228;0;6;6
0803.1004;0803.1004;0;4;4
0804.4015;0804.4015;0;5;5
0804.0324;0804.0324;0;37;37
gr-qc/9810075;gr-qc/9810075;1;4;5
gr-qc/9810069;gr-qc/9810069;1;1;2
gr-qc/9810077;gr-qc/9810077;0;10;10
hep-th/0412165;hep-th/0412165;0;11;11
physics/9802010;physics/9802010;0;1;1
hep-th/9902001;hep-th/9902001;1;16;17
hep-th/0112229;hep-th/0112229;4;0;4
0909.0302;0909.0302;0;30;30
hep-ph/9804243;hep-ph/9804243;4;31;35
0704.0015;0704.0015;0;14;14
0909.2346;0909.2346;0;4;4
hep-th/0411034;hep-th/0411034;4;19;23
gr-qc/9504014;gr-qc/9504014;1;7;8
gr-qc/9501020;gr-qc/9501020;3;10;13
0704.0018;0704.0018;0;5;5
hep-th/0512341;hep-th/0512341;4;8;12
cond-mat/0506733;cond-mat/0506733;1;2;3
hep-th/9511018;hep-th/9511018;2;7;9
0904.1108;0904.1108;0;21;21
hep-ph/0309205;hep-ph/0309205;4;13;17
hep-th/0409057;hep-th/0409057;5;16;21
hep-th/0505163;hep-th/0505163;1;4;5
hep-th/9912099;hep-th/9912099;3;3;6
hep-th/0111075;hep-th/0111075;1;2;3
hep-th/0004060;hep-th/0004060;4;2;6
hep-th/9905119;hep-th/9905119;3;1;4
0909.5486;0909.5486;0;45;45
math-ph/0411022;math-ph/0411022;3;23;26
hep-th/9805196;hep-th/9805196;0;2;2
0809.4131;0809.4131;0;39;39
0809.4134;0809.4134;0;25;25
hep-th/9805198;hep-th/9805198;2;7;9
hep-th/9909177;hep-th/9909177;2;35;37
hep-th/9905013;hep-th/9905013;1;0;1
hep-th/0001104;hep-th/0001104;0;1;1
math-ph/0504033;math-ph/0504033;0;1;1
0707.3601;0707.3601;0;73;73
math-ph/0501007;math-ph/0501007;0;8;8
math-ph/0504038;math-ph/0504038;3;3;6
0704.2613;0704.2613;0;29;29
gr-qc/9807002;gr-qc/9807002;4;2;6
0806.3505;0806.3505;0;9;9
0806.3506;0806.3506;0;17;17
0802.3015;0802.3015;0;35;35
0704.0564;0704.0564;0;14;14
hep-ph/0412188;hep-ph/0412188;2;28;30
hep-th/0202020;hep-th/0202020;2;0;2
hep-th/9903180;hep-th/9903180;3;1;4
hep-th/0404138;hep-th/0404138;1;24;25
0809.1412;0809.1412;0;8;8
0709.1838;0709.1838;0;37;37
0809.1416;0809.1416;0;7;7
hep-th/0602162;hep-th/0602162;5;16;21
hep-th/0609093;hep-th/0609093;3;23;26
0704.2731;0704.2731;0;4;4
0908.0395;0908.0395;0;23;23
0806.0971;0806.0971;0;6;6
0806.2553;0806.2553;0;39;39
hep-th/9404131;hep-th/9404131;2;0;2
hep-th/9111002;hep-th/9111002;2;0;2
hep-th/9210004;hep-th/9210004;1;2;3
0806.0972;0806.0972;0;7;7
0806.0975;0806.0975;0;34;34
hep-th/0201014;hep-th/0201014;0;4;4
hep-th/0111223;hep-th/0111223;2;3;5
hep-th/0104006;hep-th/0104006;1;4;5
math-ph/0211076;math-ph/0211076;3;2;5
hep-th/9403030;hep-th/9403030;1;1;2
0802.0767;0802.0767;0;29;29
hep-th/0601077;hep-th/0601077;5;5;10
hep-th/9109023;hep-th/9109023;4;0;4
gr-qc/9407034;gr-qc/9407034;3;0;3
0907.3233;0907.3233;0;13;13
hep-th/0511218;hep-th/0511218;0;3;3
0907.3237;0907.3237;0;33;33
0812.1940;0812.1940;0;12;12
hep-th/0601179;hep-th/0601179;0;4;4
hep-th/0302082;hep-th/0302082;2;0;2
0901.4308;0901.4308;0;9;9
hep-th/0609094;hep-th/0609094;1;9;10
0909.2505;0909.2505;0;17;17
hep-th/0001153;hep-th/0001153;1;2;3
0912.3360;0912.3360;0;3;3
0805.4387;0805.4387;0;32;32
0806.0181;0806.0181;0;11;11
0902.1999;0902.1999;0;19;19
0811.3388;0811.3388;0;5;5
0808.4056;0808.4056;0;23;23
hep-ph/9910459;hep-ph/9910459;1;2;3
hep-ph/9712466;hep-ph/9712466;4;6;10
hep-ph/9910458;hep-ph/9910458;1;5;6
0811.3386;0811.3386;0;2;2
hep-th/9204042;hep-th/9204042;2;0;2
hep-th/9304013;hep-th/9304013;1;20;21
hep-th/9304018;hep-th/9304018;0;1;1
hep-th/0004086;hep-th/0004086;5;13;18
hep-th/0005155;hep-th/0005155;1;2;3
0802.3905;0802.3905;0;15;15
hep-th/0401059;hep-th/0401059;2;33;35
hep-th/0310284;hep-th/0310284;5;15;20
hep-lat/9610028;hep-lat/9610028;1;4;5
0910.5771;0910.5771;0;17;17
0908.4234;0908.4234;0;9;9
0912.2674;0912.2674;0;4;4
0706.1147;0706.1147;0;19;19
hep-th/0406095;hep-th/0406095;0;31;31
0707.3437;0707.3437;0;2;2
0706.1143;0706.1143;0;4;4
math-ph/0604060;math-ph/0604060;1;0;1
0802.1508;0802.1508;0;5;5
hep-th/0208198;hep-th/0208198;1;9;10
0903.1520;0903.1520;0;3;3
0909.4621;0909.4621;0;29;29
astro-ph/9911485;astro-ph/9911485;1;6;7
hep-th/0112149;hep-th/0112149;0;5;5
hep-th/0011007;hep-th/0011007;1;12;13
gr-qc/0111027;gr-qc/0111027;0;3;3
0908.1119;0908.1119;0;1;1
hep-th/0512263;hep-th/0512263;0;1;1
hep-th/9610161;hep-th/9610161;1;2;3
gr-qc/0105068;gr-qc/0105068;3;3;6
astro-ph/0309478;astro-ph/0309478;3;16;19
cond-mat/0404078;cond-mat/0404078;2;4;6
0906.0257;0906.0257;0;8;8
0908.1112;0908.1112;0;15;15
cond-mat/0506542;cond-mat/0506542;1;1;2
hep-th/0410251;hep-th/0410251;3;8;11
hep-th/0006183;hep-th/0006183;5;12;17
hep-th/0511107;hep-th/0511107;10;14;24
hep-th/0011083;hep-th/0011083;4;16;20
hep-lat/0106012;hep-lat/0106012;4;7;11
0909.3553;0909.3553;0;10;10
0901.3334;0901.3334;0;21;21
0908.2422;0908.2422;0;4;4
hep-th/0305187;hep-th/0305187;1;5;6
hep-th/0503233;hep-th/0503233;2;7;9
gr-qc/0111089;gr-qc/0111089;6;17;23
hep-th/0101045;hep-th/0101045;2;17;19
hep-th/0202209;hep-th/0202209;3;8;11
hep-th/0105193;hep-th/0105193;2;8;10
hep-th/9603145;hep-th/9603145;1;0;1
hep-ph/9710346;hep-ph/9710346;8;2;10
hep-th/0105195;hep-th/0105195;1;21;22
solv-int/9909023;solv-int/9909023;0;2;2
hep-th/0105197;hep-th/0105197;1;9;10
hep-th/0001074;hep-th/0001074;7;6;13
hep-th/0105196;hep-th/0105196;7;9;16
hep-th/0703194;hep-th/0703194;3;14;17
hep-th/0703140;hep-th/0703140;2;12;14
hep-th/0703193;hep-th/0703193;3;21;24
hep-th/0601166;hep-th/0601166;4;3;7
hep-th/0106277;hep-th/0106277;2;4;6
hep-th/0601171;hep-th/0601171;5;0;5
gr-qc/0210077;gr-qc/0210077;0;12;12
0711.0221;0711.0221;0;20;20
hep-th/0006173;hep-th/0006173;3;11;14
hep-th/9806137;hep-th/9806137;7;8;15
hep-th/0302059;hep-th/0302059;5;0;5
hep-th/9707229;hep-th/9707229;1;4;5
hep-th/0410266;hep-th/0410266;1;28;29
hep-th/0212124;hep-th/0212124;2;14;16
hep-th/0212310;hep-th/0212310;1;23;24
hep-th/0402139;hep-th/0402139;2;8;10
cond-mat/0404427;cond-mat/0404427;1;0;1
0902.4825;0902.4825;0;26;26
hep-ph/0406266;hep-ph/0406266;3;3;6
0711.4013;0711.4013;0;21;21
gr-qc/0702087;gr-qc/0702087;3;25;28
gr-qc/9311026;gr-qc/9311026;7;0;7
0912.5087;0912.5087;0;27;27
math-ph/9806003;math-ph/9806003;2;0;2
0712.2261;0712.2261;0;13;13
0907.1169;0907.1169;0;4;4
hep-th/0502017;hep-th/0502017;1;3;4
hep-th/9710100;hep-th/9710100;2;4;6
hep-th/0502016;hep-th/0502016;0;1;1
hep-th/0110037;hep-th/0110037;2;0;2
0811.4358;0811.4358;0;43;43
hep-th/0111288;hep-th/0111288;1;12;13
hep-ph/0202206;hep-ph/0202206;3;16;19
hep-th/0502019;hep-th/0502019;1;10;11
quant-ph/9803003;quant-ph/9803003;1;8;9
0808.2130;0808.2130;0;32;32
0807.0466;0807.0466;0;12;12
0904.2715;0904.2715;0;12;12
0906.2367;0906.2367;0;3;3
math/0307038;math/0307038;0;2;2
math/0301273;math/0301273;1;1;2
0906.2366;0906.2366;0;24;24
hep-th/0606202;hep-th/0606202;2;7;9
math/0307032;math/0307032;2;7;9
math/0102195;math/0102195;2;10;12
math/0211462;math/0211462;1;0;1
hep-th/9909174;hep-th/9909174;4;20;24
hep-th/0308002;hep-th/0308002;1;10;11
cond-mat/9712294;cond-mat/9712294;2;0;2
0709.2912;0709.2912;0;15;15
0709.2914;0709.2914;0;43;43
hep-th/0308009;hep-th/0308009;0;2;2
hep-th/0307230;hep-th/0307230;1;1;2
hep-th/9412206;hep-th/9412206;4;4;8
math/9807106;math/9807106;4;0;4
hep-th/9709103;hep-th/9709103;5;4;9
hep-th/9906138;hep-th/9906138;0;7;7
hep-ph/0003290;hep-ph/0003290;3;13;16
hep-th/9906133;hep-th/9906133;0;3;3
hep-th/9906132;hep-th/9906132;0;5;5
hep-th/9811216;hep-th/9811216;5;8;13
hep-th/9906137;hep-th/9906137;2;14;16
0812.2835;0812.2835;0;15;15
gr-qc/9511054;gr-qc/9511054;1;0;1
0904.3445;0904.3445;0;36;36
quant-ph/0601050;quant-ph/0601050;0;5;5
0810.0967;0810.0967;0;27;27
0909.0017;0909.0017;0;14;14
0711.5010;0711.5010;0;3;3
hep-th/0606177;hep-th/0606177;3;1;4
hep-th/0606200;hep-th/0606200;1;2;3
0907.5122;0907.5122;0;29;29
0806.2754;0806.2754;0;12;12
hep-ph/0610148;hep-ph/0610148;0;3;3
hep-ph/0407268;hep-ph/0407268;6;5;11
hep-ph/0606303;hep-ph/0606303;3;1;4
hep-ph/9804272;hep-ph/9804272;1;0;1
hep-th/0408207;hep-th/0408207;1;12;13
0903.1864;0903.1864;0;18;18
astro-ph/0211162;astro-ph/0211162;2;2;4
0712.1361;0712.1361;0;44;44
quant-ph/0404175;quant-ph/0404175;1;6;7
quant-ph/0311059;quant-ph/0311059;1;5;6
math-ph/0108005;math-ph/0108005;0;12;12
physics/9803029;physics/9803029;3;0;3
hep-th/9303003;hep-th/9303003;1;5;6
hep-th/9810252;hep-th/9810252;1;2;3
hep-th/9807128;hep-th/9807128;3;4;7
hep-th/9801056;hep-th/9801056;3;6;9
0712.1136;0712.1136;0;8;8
hep-th/0604147;hep-th/0604147;0;6;6
quant-ph/0506183;quant-ph/0506183;1;2;3
hep-th/0302166;hep-th/0302166;0;9;9
hep-th/9707092;hep-th/9707092;1;9;10
hep-th/0302161;hep-th/0302161;0;2;2
0805.3506;0805.3506;0;55;55
hep-th/0609078;hep-th/0609078;0;29;29
0805.3500;0805.3500;0;39;39
0706.0575;0706.0575;0;31;31
astro-ph/0607577;astro-ph/0607577;5;11;16
hep-th/0611300;hep-th/0611300;0;5;5
hep-th/0209259;hep-th/0209259;1;1;2
0903.3550;0903.3550;0;27;27
hep-th/0701250;hep-th/0701250;3;7;10
hep-th/0301057;hep-th/0301057;7;5;12
hep-th/0505097;hep-th/0505097;3;9;12
math/0510618;math/0510618;0;5;5
math/0507179;math/0507179;2;6;8
0706.3285;0706.3285;0;16;16
gr-qc/0312022;gr-qc/0312022;0;7;7
0707.0653;0707.0653;0;43;43
hep-th/0410243;hep-th/0410243;7;10;17
astro-ph/0410030;astro-ph/0410030;0;12;12
hep-th/0303141;hep-th/0303141;0;19;19
0807.0812;0807.0812;0;14;14
0804.1784;0804.1784;1;6;7
math-ph/0311007;math-ph/0311007;0;9;9
hep-ph/0005095;hep-ph/0005095;2;21;23
hep-ph/9911540;hep-ph/9911540;1;8;9
0812.4909;0812.4909;0;7;7
hep-th/9809010;hep-th/9809010;3;2;5
hep-ph/0206053;hep-ph/0206053;5;12;17
hep-th/9906117;hep-th/9906117;2;5;7
hep-th/9903009;hep-th/9903009;4;0;4
0812.4908;0812.4908;0;17;17
gr-qc/0210010;gr-qc/0210010;9;5;14
hep-ph/9812262;hep-ph/9812262;0;12;12
hep-th/0112121;hep-th/0112121;0;6;6
hep-th/9612139;hep-th/9612139;2;10;12
hep-th/9612136;hep-th/9612136;0;1;1
hep-th/9612132;hep-th/9612132;0;5;5
hep-ph/9907523;hep-ph/9907523;9;12;21
hep-lat/0201010;hep-lat/0201010;1;13;14
0811.2775;0811.2775;0;16;16
hep-th/9510105;hep-th/9510105;2;2;4
0812.2429;0812.2429;0;20;20
0806.1535;0806.1535;0;6;6
0912.1084;0912.1084;0;9;9
0811.2244;0811.2244;0;21;21
0708.1032;0708.1032;0;41;41
math/0108148;math/0108148;1;0;1
hep-th/9312027;hep-th/9312027;1;4;5
hep-th/9312025;hep-th/9312025;0;3;3
0802.4169;0802.4169;0;35;35
0709.2041;0709.2041;0;4;4
0708.2378;0708.2378;0;23;23
hep-th/0410111;hep-th/0410111;2;16;18
hep-th/0606102;hep-th/0606102;0;2;2
0901.0527;0901.0527;0;7;7
0710.4436;0710.4436;0;4;4
cond-mat/9804083;cond-mat/9804083;3;0;3
cond-mat/0510405;cond-mat/0510405;4;1;5
cond-mat/0402238;cond-mat/0402238;5;0;5
cond-mat/0605293;cond-mat/0605293;4;2;6
0810.4962;0810.4962;0;10;10
0911.3697;0911.3697;0;6;6
quant-ph/0403047;quant-ph/0403047;0;2;2
hep-th/0104051;hep-th/0104051;2;0;2
hep-th/9909040;hep-th/9909040;4;12;16
hep-ph/9707543;hep-ph/9707543;3;1;4
hep-th/9409115;hep-th/9409115;1;0;1
0711.0747;0711.0747;0;23;23
astro-ph/0702648;astro-ph/0702648;7;16;23
hep-th/9902133;hep-th/9902133;4;1;5
hep-th/0005070;hep-th/0005070;1;3;4
0911.1170;0911.1170;0;6;6
0911.1769;0911.1769;0;7;7
0910.1444;0910.1444;0;91;91
0907.1951;0907.1951;0;1;1
hep-th/0306163;hep-th/0306163;3;15;18
0808.0614;0808.0614;0;26;26
0903.2065;0903.2065;0;36;36
hep-th/0003068;hep-th/0003068;6;22;28
hep-th/9402090;hep-th/9402090;1;0;1
hep-th/9406087;hep-th/9406087;0;1;1
hep-th/9212052;hep-th/9212052;7;0;7
0709.3166;0709.3166;0;41;41
0909.3268;0909.3268;0;14;14
0808.2615;0808.2615;0;13;13
hep-th/0008043;hep-th/0008043;1;3;4
hep-th/0701161;hep-th/0701161;1;6;7
0907.1638;0907.1638;0;4;4
cond-mat/0308509;cond-mat/0308509;1;10;11
cond-mat/0003220;cond-mat/0003220;2;6;8
gr-qc/0505140;gr-qc/0505140;1;1;2
math/0206187;math/0206187;0;1;1
hep-th/0407087;hep-th/0407087;7;28;35
0801.4339;0801.4339;0;15;15
hep-th/9606198;hep-th/9606198;1;3;4
0812.1423;0812.1423;0;63;63
hep-th/0211112;hep-th/0211112;3;15;18
0812.1422;0812.1422;0;9;9
hep-th/9806067;hep-th/9806067;0;2;2
hep-th/9306084;hep-th/9306084;1;0;1
0805.4145;0805.4145;0;4;4
0807.0923;0807.0923;0;11;11
0904.3198;0904.3198;0;5;5
0710.0393;0710.0393;0;22;22
hep-th/0410021;hep-th/0410021;8;0;8
0807.1038;0807.1038;0;14;14
cond-mat/9510075;cond-mat/9510075;1;2;3
cond-mat/9602129;cond-mat/9602129;2;1;3
0812.3488;0812.3488;0;12;12
hep-th/0311199;hep-th/0311199;0;31;31
hep-th/0111037;hep-th/0111037;2;2;4
hep-th/0308093;hep-th/0308093;3;11;14
0804.0810;0804.0810;0;25;25
hep-th/0305114;hep-th/0305114;0;2;2
gr-qc/0301081;gr-qc/0301081;1;8;9
hep-th/9403125;hep-th/9403125;2;0;2
0705.3440;0705.3440;0;11;11
hep-th/9703199;hep-th/9703199;4;13;17
0808.3319;0808.3319;0;13;13
hep-ph/0607057;hep-ph/0607057;2;14;16
0812.0596;0812.0596;0;4;4
gr-qc/0212121;gr-qc/0212121;4;2;6
gr-qc/0310058;gr-qc/0310058;3;1;4
hep-ph/0007345;hep-ph/0007345;5;27;32
hep-th/0201026;hep-th/0201026;1;18;19
hep-th/0309016;hep-th/0309016;0;10;10
0705.1004;0705.1004;0;26;26
astro-ph/0307269;astro-ph/0307269;0;3;3
0704.0258;0704.0258;0;30;30
hep-th/9408011;hep-th/9408011;0;4;4
hep-th/9408015;hep-th/9408015;0;1;1
hep-th/9408018;hep-th/9408018;0;6;6
0801.3955;0801.3955;0;10;10
astro-ph/0501348;astro-ph/0501348;0;3;3
0912.2270;0912.2270;0;25;25
gr-qc/9710100;gr-qc/9710100;1;3;4
hep-th/0404024;hep-th/0404024;2;1;3
hep-th/9702063;hep-th/9702063;3;3;6
gr-qc/0307074;gr-qc/0307074;1;11;12
0809.5062;0809.5062;0;10;10
0811.0730;0811.0730;0;14;14
cond-mat/0611652;cond-mat/0611652;1;6;7
0803.3483;0803.3483;0;7;7
hep-th/0609097;hep-th/0609097;1;6;7
hep-th/0602183;hep-th/0602183;2;0;2
0802.1395;0802.1395;0;5;5
hep-th/0609176;hep-th/0609176;1;36;37
0809.1650;0809.1650;0;4;4
0902.3829;0902.3829;0;24;24
0809.1658;0809.1658;0;10;10
0902.3826;0902.3826;0;7;7
0902.3823;0902.3823;0;12;12
hep-th/0506201;hep-th/0506201;1;7;8
cond-mat/9709171;cond-mat/9709171;3;0;3
quant-ph/0609145;quant-ph/0609145;4;10;14
nlin/0204063;nlin/0204063;0;16;16
hep-th/9302125;hep-th/9302125;6;3;9
q-alg/9702010;q-alg/9702010;1;0;1
0705.4423;0705.4423;0;10;10
hep-th/9803075;hep-th/9803075;4;0;4
hep-th/9508004;hep-th/9508004;1;2;3
hep-th/0501065;hep-th/0501065;0;3;3
hep-th/0109060;hep-th/0109060;0;7;7
hep-th/9801001;hep-th/9801001;7;1;8
hep-th/9705222;hep-th/9705222;2;5;7
hep-th/0204119;hep-th/0204119;2;9;11
0909.2394;0909.2394;0;9;9
gr-qc/0611156;gr-qc/0611156;2;7;9
0812.1982;0812.1982;0;5;5
hep-th/9204098;hep-th/9204098;5;0;5
hep-th/9112068;hep-th/9112068;5;0;5
hep-ph/9909259;hep-ph/9909259;3;14;17
hep-th/9306038;hep-th/9306038;0;1;1
hep-th/9301078;hep-th/9301078;2;0;2
hep-th/9309029;hep-th/9309029;1;1;2
hep-th/9112022;hep-th/9112022;1;0;1
0905.3680;0905.3680;0;17;17
0905.3686;0905.3686;0;2;2
0905.3688;0905.3688;0;2;2
0810.5441;0810.5441;0;12;12
0712.1031;0712.1031;0;9;9
astro-ph/0405596;astro-ph/0405596;8;10;18
hep-ph/0005271;hep-ph/0005271;4;1;5
hep-th/0607048;hep-th/0607048;1;25;26
hep-th/0107227;hep-th/0107227;3;37;40
math/0010082;math/0010082;6;22;28
0806.3778;0806.3778;0;5;5
0801.1863;0801.1863;0;98;98
hep-lat/9809085;hep-lat/9809085;1;3;4
hep-th/9405019;hep-th/9405019;9;0;9
q-alg/9706015;q-alg/9706015;1;0;1
0906.4225;0906.4225;0;7;7
hep-th/9507128;hep-th/9507128;1;2;3
0905.2088;0905.2088;0;17;17
hep-th/9408128;hep-th/9408128;3;4;7
hep-th/9503065;hep-th/9503065;1;9;10
hep-th/9609090;hep-th/9609090;1;15;16
0704.2609;0704.2609;0;13;13
hep-th/0401215;hep-th/0401215;0;1;1
hep-th/0401214;hep-th/0401214;1;6;7
hep-th/0401217;hep-th/0401217;2;5;7
hep-th/0311136;hep-th/0311136;2;0;2
hep-th/9306095;hep-th/9306095;4;0;4
hep-th/9612243;hep-th/9612243;1;5;6
hep-th/9412045;hep-th/9412045;5;0;5
hep-th/9612249;hep-th/9612249;5;17;22
gr-qc/9602049;gr-qc/9602049;2;0;2
hep-th/9503175;hep-th/9503175;3;54;57
hep-th/9706016;hep-th/9706016;5;1;6
hep-th/9706011;hep-th/9706011;0;5;5
hep-th/0007245;hep-th/0007245;1;1;2
hep-th/0007232;hep-th/0007232;2;0;2
hep-th/0407015;hep-th/0407015;0;20;20
hep-th/0201138;hep-th/0201138;4;21;25
hep-th/9509165;hep-th/9509165;3;5;8
hep-th/9808114;hep-th/9808114;2;22;24
hep-th/9606022;hep-th/9606022;2;9;11
hep-th/9902108;hep-th/9902108;2;9;11
1001.0002;1001.0002;0;16;16
hep-th/0202055;hep-th/0202055;4;17;21
hep-th/0002069;hep-th/0002069;3;12;15
hep-th/0605067;hep-th/0605067;0;15;15
hep-th/9710088;hep-th/9710088;2;5;7
hep-th/9710022;hep-th/9710022;4;1;5
hep-th/9902002;hep-th/9902002;2;17;19
hep-th/9505180;hep-th/9505180;2;0;2
hep-th/9802073;hep-th/9802073;4;50;54
hep-th/9801093;hep-th/9801093;4;0;4
hep-th/9802075;hep-th/9802075;0;10;10
hep-th/9802008;hep-th/9802008;1;5;6
hep-th/9305155;hep-th/9305155;2;1;3
hep-th/9802079;hep-th/9802079;0;4;4
hep-th/9802078;hep-th/9802078;0;3;3
hep-th/0701289;hep-th/0701289;0;14;14
gr-qc/0610110;gr-qc/0610110;7;17;24
0806.3358;0806.3358;0;6;6
0903.3731;0903.3731;0;8;8
0802.0468;0802.0468;0;15;15
hep-th/0401119;hep-th/0401119;2;2;4
hep-th/0004200;hep-th/0004200;1;4;5
hep-th/9501132;hep-th/9501132;1;0;1
0707.0552;0707.0552;0;21;21
cond-mat/9808346;cond-mat/9808346;2;7;9
0908.1121;0908.1121;0;17;17
0808.0523;0808.0523;0;9;9
0708.0383;0708.0383;0;42;42
0908.2645;0908.2645;0;5;5
hep-th/0208185;hep-th/0208185;0;3;3
hep-ph/0204240;hep-ph/0204240;3;0;3
hep-th/0208180;hep-th/0208180;0;13;13
hep-th/9412042;hep-th/9412042;2;3;5
cond-mat/0205176;cond-mat/0205176;2;0;2
hep-ph/9810494;hep-ph/9810494;0;5;5
0704.2563;0704.2563;0;25;25
gr-qc/0311065;gr-qc/0311065;6;34;40
0704.2561;0704.2561;0;2;2
hep-th/9408110;hep-th/9408110;1;1;2
0807.1690;0807.1690;0;3;3
0807.1696;0807.1696;0;10;10
0801.4087;0801.4087;0;57;57
hep-ph/0012298;hep-ph/0012298;0;7;7
0904.1375;0904.1375;0;11;11
0801.2973;0801.2973;0;6;6
hep-th/9707058;hep-th/9707058;2;2;4
hep-ph/9604392;hep-ph/9604392;7;2;9
0910.4925;0910.4925;0;31;31
hep-th/0702051;hep-th/0702051;4;51;55
0911.2404;0911.2404;0;2;2
math/0306115;math/0306115;0;8;8
math-ph/0306010;math-ph/0306010;1;0;1
0801.0126;0801.0126;0;22;22
hep-th/9610248;hep-th/9610248;5;3;8
hep-ph/0401086;hep-ph/0401086;0;10;10
hep-ph/9912222;hep-ph/9912222;2;6;8
hep-th/0203069;hep-th/0203069;1;13;14
0803.1137;0803.1137;0;14;14
0807.1349;0807.1349;0;7;7
hep-th/9710006;hep-th/9710006;6;2;8
hep-th/9906177;hep-th/9906177;2;8;10
hep-th/9907016;hep-th/9907016;1;3;4
hep-th/9907015;hep-th/9907015;1;21;22
hep-th/9907018;hep-th/9907018;0;1;1
hep-th/9906212;hep-th/9906212;3;0;3
0809.4033;0809.4033;0;19;19
gr-qc/0107077;gr-qc/0107077;2;5;7
0709.2239;0709.2239;0;12;12
gr-qc/9604047;gr-qc/9604047;5;1;6
hep-ph/0202168;hep-ph/0202168;4;3;7
hep-ph/9808345;hep-ph/9808345;5;26;31
0709.3519;0709.3519;0;2;2
hep-ph/9908403;hep-ph/9908403;0;7;7
0704.3214;0704.3214;0;26;26
0905.1924;0905.1924;0;8;8
0903.3443;0903.3443;0;27;27
0803.1687;0803.1687;0;15;15
0901.0010;0901.0010;0;21;21
gr-qc/0611043;gr-qc/0611043;4;15;19
gr-qc/9611009;gr-qc/9611009;0;5;5
gr-qc/9608027;gr-qc/9608027;1;5;6
gr-qc/9512050;gr-qc/9512050;2;5;7
0906.2550;0906.2550;0;2;2
quant-ph/0404135;quant-ph/0404135;2;2;4
0706.0230;0706.0230;0;2;2
hep-th/0607175;hep-th/0607175;2;0;2
astro-ph/0312124;astro-ph/0312124;4;5;9
hep-th/0111237;hep-th/0111237;3;1;4
hep-th/9604146;hep-th/9604146;4;5;9
hep-th/0111233;hep-th/0111233;0;4;4
hep-th/0111232;hep-th/0111232;0;6;6
hep-th/0010166;hep-th/0010166;4;19;23
hep-th/0210007;hep-th/0210007;8;29;37
hep-th/0401006;hep-th/0401006;2;15;17
hep-th/0411081;hep-th/0411081;1;14;15
hep-th/0407242;hep-th/0407242;4;17;21
hep-th/9310038;hep-th/9310038;4;0;4
hep-th/9801045;hep-th/9801045;1;1;2
0809.4008;0809.4008;0;20;20
hep-lat/0201020;hep-lat/0201020;0;5;5
dg-ga/9601005;dg-ga/9601005;0;1;1
1001.0112;1001.0112;0;16;16
hep-th/9612123;hep-th/9612123;1;3;4
hep-th/9801044;hep-th/9801044;2;8;10
hep-th/9610070;hep-th/9610070;6;0;6
hep-th/9711111;hep-th/9711111;6;7;13
hep-th/0003238;hep-th/0003238;2;0;2
0909.2712;0909.2712;0;9;9
cond-mat/9705221;cond-mat/9705221;0;1;1
hep-th/9410234;hep-th/9410234;3;0;3
hep-th/0612223;hep-th/0612223;1;18;19
hep-th/0312088;hep-th/0312088;2;7;9
hep-th/0307114;hep-th/0307114;2;27;29
hep-th/9904099;hep-th/9904099;0;5;5
hep-th/9904090;hep-th/9904090;0;1;1
0808.1600;0808.1600;0;1;1
astro-ph/0111360;astro-ph/0111360;0;3;3
astro-ph/0109380;astro-ph/0109380;2;0;2
astro-ph/0109379;astro-ph/0109379;2;0;2
0909.2856;0909.2856;0;30;30
hep-th/9905128;hep-th/9905128;0;8;8
0811.4457;0811.4457;0;11;11
nlin/0203006;nlin/0203006;0;12;12
nlin/0203003;nlin/0203003;0;10;10
hep-th/9112046;hep-th/9112046;2;0;2
hep-th/9112041;hep-th/9112041;1;0;1
hep-th/9309006;hep-th/9309006;2;0;2
hep-th/0201120;hep-th/0201120;0;7;7
hep-th/0201123;hep-th/0201123;0;2;2
hep-th/0201129;hep-th/0201129;4;20;24
0805.3245;0805.3245;0;5;5
0906.0003;0906.0003;0;9;9
0808.2174;0808.2174;0;8;8
gr-qc/0505097;gr-qc/0505097;5;0;5
gr-qc/0512076;gr-qc/0512076;2;14;16
0811.2851;0811.2851;0;17;17
hep-ph/0312013;hep-ph/0312013;0;4;4
0711.0992;0711.0992;0;26;26
0904.3260;0904.3260;0;36;36
gr-qc/0611137;gr-qc/0611137;0;3;3
0711.0996;0711.0996;0;4;4
hep-th/9905123;hep-th/9905123;2;4;6
0711.0994;0711.0994;0;8;8
0911.3380;0911.3380;0;17;17
hep-th/0504097;hep-th/0504097;1;7;8
hep-th/0312193;hep-th/0312193;2;4;6
hep-th/0402111;hep-th/0402111;4;9;13
hep-th/9111010;hep-th/9111010;1;0;1
hep-th/9905125;hep-th/9905125;1;15;16
hep-th/9702004;hep-th/9702004;0;1;1
0706.0251;0706.0251;0;29;29
0806.2383;0806.2383;0;17;17
hep-th/9804048;hep-th/9804048;0;5;5
hep-th/9804044;hep-th/9804044;0;4;4
hep-th/9712097;hep-th/9712097;2;0;2
hep-th/9804043;hep-th/9804043;1;20;21
0910.3674;0910.3674;0;21;21
hep-th/9705026;hep-th/9705026;0;5;5
hep-th/9610065;hep-th/9610065;4;10;14
hep-th/9705072;hep-th/9705072;4;3;7
hep-th/9706055;hep-th/9706055;1;5;6
0911.4597;0911.4597;0;14;14
0912.4254;0912.4254;0;8;8
0805.0636;0805.0636;0;17;17
0807.1795;0807.1795;0;1;1
hep-ph/0308064;hep-ph/0308064;5;5;10
0906.2573;0906.2573;0;55;55
0708.3844;0708.3844;0;15;15
hep-ph/0002303;hep-ph/0002303;2;8;10
0811.3102;0811.3102;0;12;12
hep-th/0703154;hep-th/0703154;4;25;29
0905.4088;0905.4088;0;7;7
0906.2741;0906.2741;0;4;4
0708.4179;0708.4179;0;2;2
0706.1613;0706.1613;0;10;10
math-ph/0603056;math-ph/0603056;2;8;10
0911.4598;0911.4598;0;6;6
hep-ph/0012038;hep-ph/0012038;0;40;40
hep-th/0004052;hep-th/0004052;6;29;35
0908.3161;0908.3161;0;6;6
math/0512245;math/0512245;4;0;4
hep-th/0309268;hep-th/0309268;1;8;9
hep-th/0303025;hep-th/0303025;1;0;1
0709.3916;0709.3916;0;5;5
0905.4563;0905.4563;0;2;2
0709.3912;0709.3912;0;38;38
0709.3910;0709.3910;0;33;33
0709.3911;0709.3911;0;22;22
0709.3919;0709.3919;0;2;2
hep-th/0611040;hep-th/0611040;1;0;1
0803.3214;0803.3214;0;64;64
0705.1960;0705.1960;0;15;15
cond-mat/0307116;cond-mat/0307116;0;5;5
hep-th/9508059;hep-th/9508059;2;4;6
0803.3218;0803.3218;0;10;10
hep-ph/0204261;hep-ph/0204261;1;22;23
hep-th/0210290;hep-th/0210290;4;18;22
hep-th/0503043;hep-th/0503043;1;10;11
hep-th/9204027;hep-th/9204027;3;0;3
hep-th/0503049;hep-th/0503049;0;8;8
hep-th/0411207;hep-th/0411207;1;5;6
0707.0842;0707.0842;0;30;30
hep-ph/9911463;hep-ph/9911463;3;10;13
quant-ph/0404103;quant-ph/0404103;0;1;1
0905.1667;0905.1667;0;21;21
0711.1112;0711.1112;0;20;20
0904.0188;0904.0188;0;23;23
0712.2351;0712.2351;0;2;2
0710.3308;0710.3308;0;20;20
hep-th/9305124;hep-th/9305124;0;8;8
hep-th/0606172;hep-th/0606172;2;24;26
hep-th/0110131;hep-th/0110131;2;13;15
gr-qc/0208086;gr-qc/0208086;2;1;3
hep-th/0606174;hep-th/0606174;1;3;4
hep-th/9712140;hep-th/9712140;1;11;12
hep-th/9712142;hep-th/9712142;0;24;24
hep-th/0308137;hep-th/0308137;2;5;7
hep-th/0308138;hep-th/0308138;1;5;6
hep-th/0210023;hep-th/0210023;5;7;12
hep-th/0308139;hep-th/0308139;0;6;6
hep-th/0204176;hep-th/0204176;3;2;5
hep-th/9903071;hep-th/9903071;0;3;3
hep-th/9903073;hep-th/9903073;2;3;5
hep-th/9510156;hep-th/9510156;10;15;25
0810.2065;0810.2065;0;23;23
gr-qc/9411003;gr-qc/9411003;2;14;16
hep-th/9511147;hep-th/9511147;10;11;21
hep-th/0210108;hep-th/0210108;4;13;17
cond-mat/0209557;cond-mat/0209557;0;4;4
hep-th/9207116;hep-th/9207116;2;1;3
hep-th/0506042;hep-th/0506042;1;9;10
hep-th/9909051;hep-th/9909051;8;0;8
hep-th/9405047;hep-th/9405047;3;3;6
quant-ph/0606240;quant-ph/0606240;2;10;12
hep-ph/0703022;hep-ph/0703022;0;2;2
0707.4306;0707.4306;0;20;20
0810.0816;0810.0816;0;16;16
hep-th/0410169;hep-th/0410169;1;28;29
0810.0810;0810.0810;0;9;9
astro-ph/0208282;astro-ph/0208282;6;102;108
hep-th/0203196;hep-th/0203196;0;4;4
hep-th/0203195;hep-th/0203195;0;11;11
hep-th/9609106;hep-th/9609106;2;2;4
hep-th/0103016;hep-th/0103016;0;5;5
hep-th/0103017;hep-th/0103017;1;4;5
hep-th/9809074;hep-th/9809074;2;20;22
hep-th/0008046;hep-th/0008046;4;24;28
0805.3127;0805.3127;0;4;4
0801.3278;0801.3278;0;6;6
0805.0388;0805.0388;0;27;27
hep-th/0203224;hep-th/0203224;1;14;15
hep-th/0203226;hep-th/0203226;0;1;1
0907.3510;0907.3510;0;8;8
hep-th/9509077;hep-th/9509077;2;4;6
hep-th/9605132;hep-th/9605132;0;2;2
hep-th/9605130;hep-th/9605130;1;5;6
hep-th/0604157;hep-th/0604157;0;12;12
hep-th/0307161;hep-th/0307161;1;16;17
0801.2464;0801.2464;0;25;25
0711.3404;0711.3404;0;28;28
0806.3393;0806.3393;0;32;32
0801.2462;0801.2462;0;25;25
hep-th/9308004;hep-th/9308004;1;0;1
hep-th/0606181;hep-th/0606181;3;47;50
hep-th/0503151;hep-th/0503151;0;3;3
hep-th/0406035;hep-th/0406035;3;0;3
0806.1429;0806.1429;0;23;23
hep-th/0612103;hep-th/0612103;3;27;30
0711.3408;0711.3408;0;5;5
hep-th/9202073;hep-th/9202073;6;0;6
hep-th/9208063;hep-th/9208063;3;2;5
0802.4157;0802.4157;0;6;6
quant-ph/0610170;quant-ph/0610170;2;7;9
hep-th/0511142;hep-th/0511142;3;3;6
astro-ph/0410147;astro-ph/0410147;0;5;5
0704.2683;0704.2683;0;12;12
gr-qc/0606120;gr-qc/0606120;1;1;2
astro-ph/0005003;astro-ph/0005003;3;3;6
hep-th/0511167;hep-th/0511167;3;0;3
0810.0106;0810.0106;0;7;7
hep-th/0512011;hep-th/0512011;3;3;6
0810.0100;0810.0100;0;7;7
hep-th/0112016;hep-th/0112016;0;3;3
hep-th/0112011;hep-th/0112011;1;2;3
hep-th/9606156;hep-th/9606156;1;2;3
hep-th/9512022;hep-th/9512022;5;12;17
chao-dyn/9512006;chao-dyn/9512006;2;0;2
hep-th/9508097;hep-th/9508097;1;0;1
hep-th/9604157;hep-th/9604157;3;7;10
hep-th/9607230;hep-th/9607230;2;0;2
hep-th/9405077;hep-th/9405077;3;1;4
hep-th/9612003;hep-th/9612003;2;8;10
hep-th/9606005;hep-th/9606005;0;4;4
hep-th/0601046;hep-th/0601046;3;15;18
hep-th/9402145;hep-th/9402145;0;4;4
hep-lat/9711018;hep-lat/9711018;0;4;4
hep-ph/0512166;hep-ph/0512166;0;3;3
hep-ph/9512335;hep-ph/9512335;3;35;38
hep-th/9406190;hep-th/9406190;1;1;2
hep-th/9211069;hep-th/9211069;1;0;1
hep-th/9709073;hep-th/9709073;0;6;6
hep-th/9603048;hep-th/9603048;1;1;2
hep-th/9511184;hep-th/9511184;3;6;9
hep-th/0102059;hep-th/0102059;0;2;2
hep-th/0602288;hep-th/0602288;0;16;16
hep-th/0405067;hep-th/0405067;1;7;8
hep-th/0212080;hep-th/0212080;1;1;2
0710.5071;0710.5071;0;9;9
0710.5070;0710.5070;0;5;5
hep-th/9312156;hep-th/9312156;5;2;7
hep-th/9312155;hep-th/9312155;1;2;3
hep-th/0009035;hep-th/0009035;1;2;3
hep-th/9805089;hep-th/9805089;3;12;15
hep-th/0009036;hep-th/0009036;1;2;3
hep-th/0009033;hep-th/0009033;0;6;6
hep-th/9905193;hep-th/9905193;2;7;9
hep-th/9909170;hep-th/9909170;0;2;2
hep-th/9910212;hep-th/9910212;5;17;22
hep-th/9909175;hep-th/9909175;2;3;5
0905.0975;0905.0975;0;4;4
0907.1828;0907.1828;0;34;34
0806.0190;0806.0190;0;16;16
0901.4144;0901.4144;0;27;27
cond-mat/0403096;cond-mat/0403096;0;1;1
cond-mat/0401597;cond-mat/0401597;1;0;1
0708.1894;0708.1894;0;12;12
hep-th/0608092;hep-th/0608092;4;23;27
0903.2110;0903.2110;0;31;31
hep-th/0203002;hep-th/0203002;0;21;21
hep-th/0110207;hep-th/0110207;2;12;14
hep-th/0305192;hep-th/0305192;5;28;33
0804.1475;0804.1475;0;67;67
0707.4537;0707.4537;0;5;5
gr-qc/0311015;gr-qc/0311015;2;0;2
gr-qc/0506102;gr-qc/0506102;1;8;9
hep-th/0305199;hep-th/0305199;0;18;18
0912.1292;0912.1292;0;60;60
hep-th/0202158;hep-th/0202158;2;7;9
hep-th/9609094;hep-th/9609094;4;49;53
cond-mat/9911356;cond-mat/9911356;1;0;1
0709.1186;0709.1186;0;13;13
gr-qc/0312078;gr-qc/0312078;1;29;30
0904.3905;0904.3905;0;10;10
0908.2484;0908.2484;0;39;39
0808.0893;0808.0893;0;14;14
hep-th/9404102;hep-th/9404102;3;0;3
hep-th/9604053;hep-th/9604053;3;11;14
hep-th/9403036;hep-th/9403036;3;4;7
hep-th/9607191;hep-th/9607191;0;2;2
gr-qc/9807025;gr-qc/9807025;1;3;4
hep-th/9607197;hep-th/9607197;1;5;6
hep-th/9209029;hep-th/9209029;7;0;7
hep-th/9207072;hep-th/9207072;5;0;5
hep-th/9205117;hep-th/9205117;2;0;2
hep-th/9406200;hep-th/9406200;0;1;1
hep-th/9403122;hep-th/9403122;2;0;2
hep-th/9811093;hep-th/9811093;0;86;86
hep-th/9610121;hep-th/9610121;3;5;8
hep-th/9811091;hep-th/9811091;0;1;1
0903.4185;0903.4185;0;11;11
0707.1158;0707.1158;0;53;53
hep-th/9711034;hep-th/9711034;6;0;6
gr-qc/0701137;gr-qc/0701137;2;3;5
0807.1100;0807.1100;0;45;45
0807.1101;0807.1101;0;29;29
hep-th/9304066;hep-th/9304066;1;4;5
hep-th/9307172;hep-th/9307172;3;2;5
0707.1159;0707.1159;0;6;6
0807.1104;0807.1104;0;25;25
0807.1107;0807.1107;0;26;26
0712.1670;0712.1670;0;23;23
astro-ph/0302173;astro-ph/0302173;0;3;3
0903.1683;0903.1683;0;11;11
hep-ph/9804256;hep-ph/9804256;3;2;5
hep-th/9806229;hep-th/9806229;2;17;19
hep-th/9703130;hep-th/9703130;4;2;6
hep-th/9809086;hep-th/9809086;3;16;19
0912.2441;0912.2441;0;8;8
hep-th/9809088;hep-th/9809088;2;22;24
hep-th/9708093;hep-th/9708093;4;17;21
hep-th/0412204;hep-th/0412204;3;9;12
0903.2805;0903.2805;0;14;14
0903.2804;0903.2804;0;33;33
0801.1284;0801.1284;0;53;53
0801.1287;0801.1287;0;34;34
0804.3831;0804.3831;0;23;23
0809.0330;0809.0330;0;15;15
math/0609714;math/0609714;1;2;3
0804.3836;0804.3836;0;1;1
physics/9610016;physics/9610016;4;0;4
hep-th/0605068;hep-th/0605068;0;21;21
hep-th/0512202;hep-th/0512202;3;16;19
0804.3839;0804.3839;0;29;29
0802.3393;0802.3393;0;35;35
hep-th/0301196;hep-th/0301196;7;65;72
0906.0005;0906.0005;0;11;11
0908.0293;0908.0293;0;26;26
hep-th/9408123;hep-th/9408123;0;1;1
hep-th/9408124;hep-th/9408124;1;2;3
hep-th/9408129;hep-th/9408129;2;13;15
hep-th/0302077;hep-th/0302077;5;0;5
0803.2890;0803.2890;1;15;16
0912.2935;0912.2935;0;20;20
0708.2861;0708.2861;0;36;36
hep-ph/0003131;hep-ph/0003131;0;1;1
cond-mat/0701724;cond-mat/0701724;2;9;11
0706.0288;0706.0288;0;40;40
hep-th/0411175;hep-th/0411175;1;1;2
0712.2653;0712.2653;0;28;28
hep-th/9708059;hep-th/9708059;1;1;2
0910.1886;0910.1886;0;16;16
hep-ph/0602209;hep-ph/0602209;1;12;13
hep-th/0009204;hep-th/0009204;2;0;2
0910.1885;0910.1885;0;12;12
0906.3559;0906.3559;0;12;12
gr-qc/0610055;gr-qc/0610055;1;9;10
0906.3552;0906.3552;0;7;7
hep-th/0409295;hep-th/0409295;1;24;25
hep-th/0401244;hep-th/0401244;6;0;6
hep-th/9406098;hep-th/9406098;3;0;3
hep-th/0301209;hep-th/0301209;1;10;11
hep-th/0409290;hep-th/0409290;1;11;12
hep-th/0409293;hep-th/0409293;0;2;2
0801.2153;0801.2153;0;26;26
0809.1764;0809.1764;0;16;16
hep-th/0511003;hep-th/0511003;4;16;20
0809.1768;0809.1768;0;12;12
0806.1146;0806.1146;0;1;1
hep-th/0406064;hep-th/0406064;1;3;4
hep-th/9601090;hep-th/9601090;4;0;4
math-ph/0509023;math-ph/0509023;1;11;12
hep-th/0107060;hep-th/0107060;4;12;16
hep-th/0606191;hep-th/0606191;2;49;51
hep-th/0509200;hep-th/0509200;4;33;37
hep-th/0608130;hep-th/0608130;0;17;17
hep-th/0608069;hep-th/0608069;2;0;2
hep-th/0601164;hep-th/0601164;3;29;32
hep-th/0108088;hep-th/0108088;1;0;1
hep-th/9404055;hep-th/9404055;2;0;2
hep-th/9505034;hep-th/9505034;2;3;5
hep-th/9501091;hep-th/9501091;1;9;10
hep-th/9410158;hep-th/9410158;5;12;17
0704.1117;0704.1117;0;8;8
hep-th/9306056;hep-th/9306056;3;0;3
hep-th/0506052;hep-th/0506052;2;14;16
0905.2800;0905.2800;0;25;25
cond-mat/9707199;cond-mat/9707199;1;1;2
0804.1994;0804.1994;0;24;24
hep-ph/0001220;hep-ph/0001220;0;2;2
hep-ph/9609429;hep-ph/9609429;4;3;7
hep-ph/9512314;hep-ph/9512314;1;1;2
math-ph/9903001;math-ph/9903001;1;15;16
0910.4532;0910.4532;0;17;17
hep-th/0011250;hep-th/0011250;0;1;1
hep-th/0009046;hep-th/0009046;2;9;11
hep-th/0003039;hep-th/0003039;2;1;3
hep-th/9712218;hep-th/9712218;3;17;20
hep-th/0602062;hep-th/0602062;4;39;43
0812.3846;0812.3846;0;7;7
hep-th/9211077;hep-th/9211077;0;3;3
hep-th/9211073;hep-th/9211073;2;1;3
hep-lat/9710009;hep-lat/9710009;1;1;2
hep-th/9707154;hep-th/9707154;3;0;3
0801.4720;0801.4720;0;6;6
astro-ph/0310479;astro-ph/0310479;3;27;30
hep-th/0702082;hep-th/0702082;2;7;9
hep-th/0112186;hep-th/0112186;1;19;20
0802.0761;0802.0761;0;41;41
hep-th/0101139;hep-th/0101139;7;12;19
0802.0544;0802.0544;1;36;37
hep-th/0005043;hep-th/0005043;0;7;7
0904.2463;0904.2463;0;10;10
hep-th/9301116;hep-th/9301116;3;0;3
hep-th/9404147;hep-th/9404147;2;1;3
math-ph/9908020;math-ph/9908020;2;0;2
math-ph/0007014;math-ph/0007014;1;0;1
0910.0860;0910.0860;0;3;3
0802.2320;0802.2320;0;66;66
0802.2321;0802.2321;0;1;1
0706.3120;0706.3120;0;12;12
0906.1044;0906.1044;0;20;20
hep-th/0612216;hep-th/0612216;5;6;11
0906.1047;0906.1047;0;19;19
0802.1672;0802.1672;0;8;8
hep-th/9307130;hep-th/9307130;0;2;2
hep-th/9307131;hep-th/9307131;1;1;2
0906.4672;0906.4672;0;2;2
hep-th/0010125;hep-th/0010125;0;2;2
hep-th/0002063;hep-th/0002063;3;4;7
hep-th/0010123;hep-th/0010123;0;6;6
hep-th/9607243;hep-th/9607243;4;18;22
hep-th/9710117;hep-th/9710117;0;1;1
hep-th/9704103;hep-th/9704103;1;0;1
hep-th/9710110;hep-th/9710110;3;34;37
hep-th/9710111;hep-th/9710111;0;2;2
hep-th/9710113;hep-th/9710113;0;2;2
hep-ph/0612313;hep-ph/0612313;1;2;3
hep-th/9807207;hep-th/9807207;4;8;12
0804.3469;0804.3469;0;17;17
hep-th/9912192;hep-th/9912192;2;6;8
hep-th/0205235;hep-th/0205235;1;9;10
hep-th/9307061;hep-th/9307061;6;0;6
hep-th/0208118;hep-th/0208118;3;6;9
hep-th/0310258;hep-th/0310258;3;13;16
hep-ph/0210147;hep-ph/0210147;1;4;5
0801.2134;0801.2134;0;5;5
0809.4591;0809.4591;0;22;22
0904.1874;0904.1874;0;7;7
quant-ph/0509037;quant-ph/0509037;2;20;22
0706.0986;0706.0986;0;35;35
hep-ph/0612263;hep-ph/0612263;5;22;27
hep-ph/0703319;hep-ph/0703319;2;11;13
0706.0980;0706.0980;0;9;9
0706.0983;0706.0983;0;20;20
0709.3282;0709.3282;0;2;2
cond-mat/0511053;cond-mat/0511053;1;4;5
0709.3280;0709.3280;0;8;8
gr-qc/0604104;gr-qc/0604104;0;4;4
gr-qc/9312009;gr-qc/9312009;1;4;5
hep-th/0407196;hep-th/0407196;1;5;6
hep-th/0407197;hep-th/0407197;2;9;11
gr-qc/9410042;gr-qc/9410042;4;0;4
hep-th/9910020;hep-th/9910020;6;19;25
hep-th/9611029;hep-th/9611029;3;18;21
hep-th/9706205;hep-th/9706205;0;1;1
hep-ph/9505368;hep-ph/9505368;7;0;7
hep-th/9706209;hep-th/9706209;0;1;1
hep-th/9705235;hep-th/9705235;1;0;1
hep-th/0212088;hep-th/0212088;1;36;37
hep-th/9909186;hep-th/9909186;3;24;27
hep-th/0508207;hep-th/0508207;0;7;7
hep-ph/0506215;hep-ph/0506215;3;6;9
hep-th/0508082;hep-th/0508082;1;5;6
math/0106019;math/0106019;1;1;2
hep-th/0212086;hep-th/0212086;0;11;11
hep-th/0108180;hep-th/0108180;1;6;7
0709.2888;0709.2888;0;29;29
0809.2509;0809.2509;0;1;1
0903.1558;0903.1558;0;14;14
0706.3007;0706.3007;0;18;18
gr-qc/0210047;gr-qc/0210047;2;15;17
0809.3678;0809.3678;0;3;3
hep-th/0505261;hep-th/0505261;2;0;2
0912.4481;0912.4481;0;7;7
0709.3428;0709.3428;0;14;14
gr-qc/9604027;gr-qc/9604027;7;1;8
0907.2625;0907.2625;0;16;16
0802.0231;0802.0231;0;18;18
0908.1256;0908.1256;0;16;16
math/0204168;math/0204168;2;33;35
0710.4532;0710.4532;0;4;4
0804.4326;0804.4326;0;16;16
0706.3982;0706.3982;0;8;8
hep-ph/0107215;hep-ph/0107215;0;2;2
0902.4710;0902.4710;0;8;8
0805.1125;0805.1125;0;6;6
hep-th/0110237;hep-th/0110237;1;3;4
0803.3272;0803.3272;0;3;3
cond-mat/0211418;cond-mat/0211418;0;8;8
cond-mat/0302058;cond-mat/0302058;1;0;1
0803.0455;0803.0455;0;22;22
cond-mat/0211415;cond-mat/0211415;0;4;4
0704.3392;0704.3392;0;12;12
hep-th/9703181;hep-th/9703181;1;6;7
hep-th/9702062;hep-th/9702062;2;0;2
hep-th/9702064;hep-th/9702064;2;2;4
hep-th/0210022;hep-th/0210022;1;25;26
0704.0841;0704.0841;0;2;2
hep-th/0210020;hep-th/0210020;0;20;20
hep-ph/9309327;hep-ph/9309327;4;2;6
0810.2405;0810.2405;0;16;16
hep-th/0210026;hep-th/0210026;1;11;12
hep-th/0210027;hep-th/0210027;0;1;1
0909.0263;0909.0263;0;5;5
hep-th/0210024;hep-th/0210024;0;2;2
hep-th/0209143;hep-th/0209143;1;0;1
0707.2977;0707.2977;0;3;3
hep-th/0407203;hep-th/0407203;1;2;3
0707.2971;0707.2971;0;6;6
0706.3364;0706.3364;0;8;8
hep-th/0601142;hep-th/0601142;0;4;4
hep-th/0210028;hep-th/0210028;1;13;14
0806.2612;0806.2612;0;22;22
0806.2610;0806.2610;0;10;10
0802.2976;0802.2976;0;13;13
hep-th/0605077;hep-th/0605077;1;7;8
gr-qc/0602014;gr-qc/0602014;0;6;6
hep-ph/0206168;hep-ph/0206168;5;0;5
gr-qc/0408054;gr-qc/0408054;4;6;10
gr-qc/0503045;gr-qc/0503045;4;3;7
hep-ph/0010143;hep-ph/0010143;0;3;3
gr-qc/0611041;gr-qc/0611041;3;9;12
hep-th/9211101;hep-th/9211101;1;0;1
hep-th/0501133;hep-th/0501133;0;9;9
hep-th/9805088;hep-th/9805088;4;5;9
quant-ph/0009116;quant-ph/0009116;4;2;6
0911.4967;0911.4967;0;18;18
astro-ph/0510716;astro-ph/0510716;1;0;1
hep-th/9907221;hep-th/9907221;1;2;3
0901.4862;0901.4862;0;2;2
0707.0233;0707.0233;0;16;16
hep-th/0107158;hep-th/0107158;7;7;14
math/0405596;math/0405596;2;1;3
hep-th/9807086;hep-th/9807086;2;3;5
hep-th/0312318;hep-th/0312318;0;7;7
quant-ph/0110169;quant-ph/0110169;1;1;2
hep-ph/0205142;hep-ph/0205142;2;26;28
hep-th/0209049;hep-th/0209049;2;3;5
math/0509689;math/0509689;0;5;5
0802.4423;0802.4423;0;2;2
hep-th/0512343;hep-th/0512343;1;15;16
0808.1446;0808.1446;0;29;29
0910.5096;0910.5096;0;29;29
0810.0697;0810.0697;0;11;11
hep-th/0608101;hep-th/0608101;1;7;8
0712.3062;0712.3062;0;7;7
0901.4864;0901.4864;0;26;26
0803.1494;0803.1494;0;8;8
0910.1601;0910.1601;0;21;21
0704.1828;0704.1828;0;17;17
0709.1391;0709.1391;0;44;44
hep-th/9811123;hep-th/9811123;0;2;2
hep-th/9811127;hep-th/9811127;0;4;4
hep-th/9802089;hep-th/9802089;1;12;13
hep-th/0504113;hep-th/0504113;0;13;13
hep-th/0409288;hep-th/0409288;2;17;19
hep-th/0409047;hep-th/0409047;3;8;11
hep-ph/0211049;hep-ph/0211049;4;4;8
hep-th/0001026;hep-th/0001026;1;8;9
gr-qc/9611001;gr-qc/9611001;2;0;2
hep-th/0001020;hep-th/0001020;0;1;1
hep-th/0004050;hep-th/0004050;0;5;5
hep-th/0004055;hep-th/0004055;0;6;6
hep-th/0001028;hep-th/0001028;1;7;8
0707.3766;0707.3766;0;26;26
0704.3679;0704.3679;0;38;38
astro-ph/0612106;astro-ph/0612106;0;5;5
0905.2334;0905.2334;0;12;12
0807.2414;0807.2414;0;18;18
cond-mat/9905259;cond-mat/9905259;2;2;4
0801.0115;0801.0115;0;1;1
hep-th/0309147;hep-th/0309147;1;19;20
0704.2666;0704.2666;0;44;44
0706.0042;0706.0042;0;32;32
0704.2667;0704.2667;0;4;4
0710.1802;0710.1802;0;5;5
quant-ph/9711001;quant-ph/9711001;5;4;9
1001.0161;1001.0161;0;5;5
0902.3908;0902.3908;0;20;20
0709.1932;0709.1932;0;26;26
0902.3903;0902.3903;0;17;17
gr-qc/0608116;gr-qc/0608116;5;21;26
gr-qc/0410134;gr-qc/0410134;6;14;20
q-alg/9603017;q-alg/9603017;0;4;4
0806.4615;0806.4615;0;10;10
0902.3904;0902.3904;0;4;4
0810.1563;0810.1563;0;10;10
hep-th/9503018;hep-th/9503018;1;0;1
hep-th/9911213;hep-th/9911213;0;12;12
cond-mat/9701211;cond-mat/9701211;1;0;1
hep-th/9611211;hep-th/9611211;2;0;2
hep-ph/0206120;hep-ph/0206120;0;2;2
hep-th/9308072;hep-th/9308072;1;2;3
hep-th/0610048;hep-th/0610048;0;8;8
hep-th/0310295;hep-th/0310295;2;36;38
0912.1729;0912.1729;0;3;3
0912.1725;0912.1725;0;26;26
gr-qc/9603059;gr-qc/9603059;2;3;5
0711.0512;0711.0512;0;46;46
hep-lat/9810036;hep-lat/9810036;0;1;1
hep-ph/9504264;hep-ph/9504264;2;3;5
0806.0110;0806.0110;0;18;18
0807.4106;0807.4106;0;3;3
0906.2601;0906.2601;0;1;1
hep-th/0511110;hep-th/0511110;1;8;9
hep-th/0511111;hep-th/0511111;1;4;5
math-ph/0510087;math-ph/0510087;3;1;4
hep-th/9904171;hep-th/9904171;3;8;11
0802.1889;0802.1889;0;17;17
0907.0977;0907.0977;0;2;2
hep-th/0512108;hep-th/0512108;2;6;8
hep-th/9210146;hep-th/9210146;1;0;1
hep-th/9110018;hep-th/9110018;2;0;2
hep-th/0002041;hep-th/0002041;2;1;3
quant-ph/9805014;quant-ph/9805014;3;2;5
hep-th/9509015;hep-th/9509015;2;0;2
0807.4442;0807.4442;0;10;10
0801.1603;0801.1603;0;23;23
cond-mat/0307606;cond-mat/0307606;2;0;2
hep-ph/0303168;hep-ph/0303168;0;9;9
hep-th/0309181;hep-th/0309181;0;2;2
hep-th/9903083;hep-th/9903083;1;0;1
hep-th/9912004;hep-th/9912004;1;0;1
hep-th/0301074;hep-th/0301074;1;13;14
0809.2263;0809.2263;0;19;19
hep-th/0604198;hep-th/0604198;5;15;20
hep-th/0302043;hep-th/0302043;7;8;15
0907.0303;0907.0303;0;8;8
0803.4163;0803.4163;0;10;10
hep-th/0209192;hep-th/0209192;3;8;11
hep-th/0509037;hep-th/0509037;3;1;4
quant-ph/0502018;quant-ph/0502018;4;6;10
hep-th/0412166;hep-th/0412166;4;8;12
hep-th/0509163;hep-th/0509163;6;113;119
hep-th/0309221;hep-th/0309221;2;10;12
0912.0090;0912.0090;0;8;8
gr-qc/0612167;gr-qc/0612167;4;27;31
0805.1178;0805.1178;0;34;34
gr-qc/0411144;gr-qc/0411144;2;16;18
hep-th/9311016;hep-th/9311016;0;1;1
hep-th/9305076;hep-th/9305076;2;0;2
hep-th/9311018;hep-th/9311018;0;1;1
astro-ph/0607076;astro-ph/0607076;1;1;2
0805.3993;0805.3993;0;43;43
math/0202275;math/0202275;0;2;2
math/0611945;math/0611945;3;14;17
math/0606180;math/0606180;3;5;8
hep-th/9611154;hep-th/9611154;3;4;7
hep-th/9611155;hep-th/9611155;1;1;2
hep-th/9611157;hep-th/9611157;1;3;4
hep-th/9611152;hep-th/9611152;4;19;23
hep-th/9611153;hep-th/9611153;0;3;3
0711.4930;0711.4930;0;1;1
0810.2136;0810.2136;0;4;4
0809.2904;0809.2904;0;1;1
hep-th/0606039;hep-th/0606039;0;3;3
hep-ph/0202116;hep-ph/0202116;3;0;3
hep-th/0410049;hep-th/0410049;1;19;20
hep-th/0503232;hep-th/0503232;1;1;2
hep-th/0503230;hep-th/0503230;3;5;8
hep-th/0410121;hep-th/0410121;8;79;87
0810.0340;0810.0340;0;2;2
hep-ph/0403170;hep-ph/0403170;5;24;29
0812.2089;0812.2089;0;33;33
0812.2085;0812.2085;0;7;7
0812.0811;0812.0811;0;3;3
hep-th/9406124;hep-th/9406124;2;1;3
hep-th/9305070;hep-th/9305070;2;4;6
hep-th/9510075;hep-th/9510075;1;10;11
hep-th/9506096;hep-th/9506096;2;18;20
0711.2659;0711.2659;0;15;15
0911.1922;0911.1922;0;16;16
0706.1660;0706.1660;0;62;62
math/0311062;math/0311062;4;0;4
0901.0359;0901.0359;0;38;38
0902.0346;0902.0346;0;15;15
0902.4458;0902.4458;0;14;14
0808.1882;0808.1882;0;19;19
0808.1886;0808.1886;0;25;25
astro-ph/0604055;astro-ph/0604055;0;8;8
gr-qc/0402094;gr-qc/0402094;2;9;11
0912.2736;0912.2736;0;14;14
0712.3738;0712.3738;0;13;13
cond-mat/0212235;cond-mat/0212235;0;5;5
hep-th/0406127;hep-th/0406127;2;26;28
0805.2733;0805.2733;0;45;45
0904.0187;0904.0187;0;5;5
hep-th/9310050;hep-th/9310050;0;1;1
hep-th/9211045;hep-th/9211045;6;0;6
hep-th/9310054;hep-th/9310054;2;1;3
hep-th/9310057;hep-th/9310057;0;1;1
0903.2376;0903.2376;0;8;8
0803.1827;0803.1827;0;53;53
hep-th/0408011;hep-th/0408011;1;23;24
hep-th/0606285;hep-th/0606285;3;36;39
gr-qc/0702148;gr-qc/0702148;0;1;1
math-ph/0008043;math-ph/0008043;1;3;4
hep-th/0103201;hep-th/0103201;0;2;2
quant-ph/9506013;quant-ph/9506013;5;0;5
math/0111132;math/0111132;0;5;5
hep-th/0303169;hep-th/0303169;0;1;1
0912.2560;0912.2560;0;15;15
0912.4108;0912.4108;0;4;4
gr-qc/0001002;gr-qc/0001002;1;5;6
hep-th/0601030;hep-th/0601030;2;29;31
gr-qc/9410009;gr-qc/9410009;0;8;8
gr-qc/9410001;gr-qc/9410001;0;3;3
hep-th/9305164;hep-th/9305164;2;3;5
hep-th/9811219;hep-th/9811219;2;2;4
hep-th/9908091;hep-th/9908091;5;6;11
0905.1901;0905.1901;0;15;15
hep-ph/0508023;hep-ph/0508023;1;1;2
math-ph/0203059;math-ph/0203059;1;8;9
hep-th/9704099;hep-th/9704099;1;1;2
hep-th/9804037;hep-th/9804037;4;17;21
math/0408210;math/0408210;0;4;4
math/0405177;math/0405177;2;7;9
gr-qc/0202098;gr-qc/0202098;1;17;18
gr-qc/9706047;gr-qc/9706047;4;10;14
0805.3461;0805.3461;0;6;6
0903.1063;0903.1063;0;27;27
quant-ph/0211018;quant-ph/0211018;0;3;3
hep-ph/9504432;hep-ph/9504432;2;2;4
hep-th/9712245;hep-th/9712245;2;8;10
hep-th/0010236;hep-th/0010236;4;1;5
hep-th/0310225;hep-th/0310225;2;12;14
hep-ph/0309314;hep-ph/0309314;6;38;44
hep-ph/9901379;hep-ph/9901379;0;5;5
hep-lat/9505006;hep-lat/9505006;1;1;2
hep-lat/9405025;hep-lat/9405025;1;0;1
hep-lat/9205026;hep-lat/9205026;2;0;2
hep-th/9511109;hep-th/9511109;3;0;3
hep-th/0309217;hep-th/0309217;0;17;17
0901.0259;0901.0259;0;24;24
0810.5220;0810.5220;0;9;9
astro-ph/0105005;astro-ph/0105005;12;10;22
astro-ph/0106349;astro-ph/0106349;6;12;18
astro-ph/0102448;astro-ph/0102448;2;3;5
0910.5241;0910.5241;0;27;27
0812.4660;0812.4660;0;2;2
0710.1342;0710.1342;0;27;27
0705.1983;0705.1983;0;11;11
hep-th/9402079;hep-th/9402079;1;2;3
0910.5243;0910.5243;0;42;42
0805.1902;0805.1902;0;47;47
0902.3996;0902.3996;0;14;14
0805.1908;0805.1908;0;9;9
gr-qc/9511003;gr-qc/9511003;2;2;4
gr-qc/9511011;gr-qc/9511011;2;2;4
0808.0912;0808.0912;0;10;10
0801.1585;0801.1585;0;34;34
hep-th/0509114;hep-th/0509114;1;17;18
hep-th/9308101;hep-th/9308101;1;1;2
nlin/0002003;nlin/0002003;1;5;6
nlin/0006026;nlin/0006026;3;10;13
0804.0804;0804.0804;0;14;14
math/0610974;math/0610974;3;0;3
0708.3427;0708.3427;0;9;9
hep-th/0605091;hep-th/0605091;1;19;20
hep-th/0501124;hep-th/0501124;4;4;8
0901.4148;0901.4148;0;16;16
0812.4746;0812.4746;0;11;11
0801.3565;0801.3565;0;4;4
0801.0185;0801.0185;0;33;33
0712.2845;0712.2845;0;24;24
hep-th/0405119;hep-th/0405119;2;7;9
hep-th/0404203;hep-th/0404203;1;5;6
hep-th/0310128;hep-th/0310128;3;4;7
cond-mat/0205048;cond-mat/0205048;0;3;3
hep-th/0408196;hep-th/0408196;0;8;8
hep-th/0405112;hep-th/0405112;0;22;22
hep-th/0306128;hep-th/0306128;6;0;6
hep-th/0312201;hep-th/0312201;1;16;17
hep-th/0306060;hep-th/0306060;2;0;2
gr-qc/9310016;gr-qc/9310016;5;2;7
hep-th/9607155;hep-th/9607155;8;11;19
hep-th/9407015;hep-th/9407015;5;9;14
quant-ph/9601011;quant-ph/9601011;0;1;1
hep-ph/0403115;hep-ph/0403115;3;0;3
astro-ph/0402132;astro-ph/0402132;1;0;1
hep-lat/9407018;hep-lat/9407018;2;4;6
hep-th/0702133;hep-th/0702133;1;26;27
hep-th/0702135;hep-th/0702135;3;11;14
math-ph/0205045;math-ph/0205045;0;1;1
hep-th/9802184;hep-th/9802184;4;1;5
hep-ph/0102270;hep-ph/0102270;3;0;3
hep-th/0210150;hep-th/0210150;1;38;39
hep-th/0311012;hep-th/0311012;1;11;12
hep-th/9411118;hep-th/9411118;4;1;5
hep-th/9407046;hep-th/9407046;2;4;6
hep-th/9302115;hep-th/9302115;3;1;4
hep-th/9403159;hep-th/9403159;1;0;1
0705.0373;0705.0373;0;48;48
0808.2512;0808.2512;0;31;31
0808.2516;0808.2516;0;3;3
0804.0791;0804.0791;0;9;9
0705.0767;0705.0767;0;28;28
0812.3646;0812.3646;0;4;4
hep-th/0606239;hep-th/0606239;1;3;4
0909.4051;0909.4051;0;13;13
gr-qc/0602039;gr-qc/0602039;7;5;12
hep-th/0512332;hep-th/0512332;2;2;4
0809.1554;0809.1554;0;24;24
hep-ph/9705270;hep-ph/9705270;7;5;12
hep-th/9709127;hep-th/9709127;3;0;3
0706.3164;0706.3164;0;22;22
hep-th/9801174;hep-th/9801174;0;2;2
hep-th/9707071;hep-th/9707071;2;24;26
hep-th/9502019;hep-th/9502019;2;2;4
hep-th/9205038;hep-th/9205038;0;2;2
0805.3146;0805.3146;0;15;15
0901.1341;0901.1341;0;24;24
hep-ph/0502085;hep-ph/0502085;0;9;9
0908.2636;0908.2636;0;14;14
0807.4122;0807.4122;0;12;12
hep-th/9605094;hep-th/9605094;2;0;2
hep-th/9409094;hep-th/9409094;2;0;2
0805.3142;0805.3142;0;19;19
0908.3938;0908.3938;0;28;28
hep-th/0401124;hep-th/0401124;0;3;3
hep-th/0401123;hep-th/0401123;0;8;8
hep-th/0401122;hep-th/0401122;1;3;4
0906.0920;0906.0920;0;1;1
0903.0732;0903.0732;0;10;10
hep-th/0201110;hep-th/0201110;1;6;7
0708.0818;0708.0818;0;23;23
0708.0811;0708.0811;0;9;9
0709.4187;0709.4187;0;34;34
hep-th/0607046;hep-th/0607046;3;47;50
nucl-th/9503003;nucl-th/9503003;0;1;1
0804.2936;0804.2936;0;15;15
hep-th/9405139;hep-th/9405139;1;0;1
0804.2931;0804.2931;0;1;1
hep-ph/0001079;hep-ph/0001079;2;0;2
0704.0399;0704.0399;0;7;7
0906.0029;0906.0029;0;1;1
math/0505272;math/0505272;5;4;9
cond-mat/0607310;cond-mat/0607310;2;1;3
hep-th/0209118;hep-th/0209118;6;27;33
hep-th/9803253;hep-th/9803253;1;4;5
hep-th/0501188;hep-th/0501188;0;3;3
hep-th/0501189;hep-th/0501189;3;19;22
hep-th/0409267;hep-th/0409267;2;18;20
hep-th/0212107;hep-th/0212107;0;45;45
0706.4307;0706.4307;0;9;9
hep-th/0107232;hep-th/0107232;0;24;24
0810.5333;0810.5333;0;4;4
0712.3530;0712.3530;0;9;9
0811.1272;0811.1272;0;8;8
hep-th/9404128;hep-th/9404128;13;1;14
0806.3869;0806.3869;0;12;12
hep-th/0703113;hep-th/0703113;1;7;8
0904.3412;0904.3412;0;7;7
0904.2149;0904.2149;0;22;22
0906.3742;0906.3742;0;8;8
0907.2801;0907.2801;0;2;2
hep-th/9909180;hep-th/9909180;7;21;28
0903.3548;0903.3548;0;7;7
hep-th/0607049;hep-th/0607049;4;6;10
hep-th/0612117;hep-th/0612117;3;16;19
hep-th/0008244;hep-th/0008244;3;0;3
0708.3706;0708.3706;0;25;25
0908.1470;0908.1470;0;18;18
0705.0379;0705.0379;0;21;21
hep-th/0006123;hep-th/0006123;1;5;6
hep-th/0011195;hep-th/0011195;1;5;6
hep-th/9812108;hep-th/9812108;1;4;5
hep-th/9911052;hep-th/9911052;0;24;24
hep-th/9911056;hep-th/9911056;2;3;5
hep-th/9911058;hep-th/9911058;0;4;4
hep-th/0703133;hep-th/0703133;4;6;10
hep-lat/9411045;hep-lat/9411045;1;0;1
1001.0008;1001.0008;0;5;5
hep-th/0405233;hep-th/0405233;0;7;7
hep-th/0701019;hep-th/0701019;1;70;71
math-ph/0511053;math-ph/0511053;2;5;7
hep-th/0511152;hep-th/0511152;3;22;25
hep-th/0603083;hep-th/0603083;2;28;30
math-ph/0112049;math-ph/0112049;0;1;1
quant-ph/0012009;quant-ph/0012009;1;0;1
quant-ph/0205042;quant-ph/0205042;1;2;3
physics/0111042;physics/0111042;1;0;1
hep-th/0311085;hep-th/0311085;4;0;4
0704.1514;0704.1514;0;52;52
0910.4766;0910.4766;0;7;7
hep-th/0405230;hep-th/0405230;3;19;22
0907.2655;0907.2655;0;10;10
hep-th/0211187;hep-th/0211187;2;5;7
hep-th/0111283;hep-th/0111283;1;3;4
0912.4825;0912.4825;0;17;17
hep-ph/0601047;hep-ph/0601047;0;9;9
hep-ph/0410183;hep-ph/0410183;1;3;4
hep-th/0407054;hep-th/0407054;2;13;15
hep-th/0403068;hep-th/0403068;2;18;20
0912.5125;0912.5125;0;39;39
nlin/0503030;nlin/0503030;1;0;1
hep-th/0302055;hep-th/0302055;6;8;14
nlin/0501003;nlin/0501003;3;0;3
nlin/0408023;nlin/0408023;3;5;8
hep-th/0507111;hep-th/0507111;0;29;29
hep-th/0008017;hep-th/0008017;1;4;5
hep-th/9901036;hep-th/9901036;2;2;4
hep-th/0507117;hep-th/0507117;6;15;21
hep-th/0008018;hep-th/0008018;0;3;3
0908.2927;0908.2927;0;18;18
hep-th/0405184;hep-th/0405184;0;4;4
hep-th/0508136;hep-th/0508136;0;3;3
0711.0075;0711.0075;0;15;15
hep-th/0306173;hep-th/0306173;3;3;6
hep-th/0205087;hep-th/0205087;3;38;41
0806.2095;0806.2095;0;19;19
0906.2503;0906.2503;0;8;8
hep-th/0609048;hep-th/0609048;2;16;18
gr-qc/0111052;gr-qc/0111052;3;3;6
gr-qc/0112070;gr-qc/0112070;1;11;12
0711.0078;0711.0078;0;15;15
hep-th/0510137;hep-th/0510137;2;13;15
hep-th/9605198;hep-th/9605198;0;1;1
hep-th/9507037;hep-th/9507037;1;0;1
0807.3368;0807.3368;0;19;19
0901.4970;0901.4970;0;10;10
0908.4189;0908.4189;0;8;8
0708.1670;0708.1670;0;6;6
0912.3483;0912.3483;0;10;10
0806.2805;0806.2805;0;3;3
hep-th/0212127;hep-th/0212127;1;1;2
0810.2079;0810.2079;1;15;16
0908.0409;0908.0409;0;23;23
hep-th/9709016;hep-th/9709016;1;7;8
q-alg/9605045;q-alg/9605045;3;8;11
0911.4316;0911.4316;0;3;3
0811.1953;0811.1953;0;10;10
0906.4822;0906.4822;0;10;10
hep-th/0206159;hep-th/0206159;7;1;8
0811.3888;0811.3888;0;61;61
hep-th/0511222;hep-th/0511222;3;10;13
hep-th/9909097;hep-th/9909097;1;0;1
hep-th/9210019;hep-th/9210019;1;1;2
hep-th/9910012;hep-th/9910012;0;26;26
hep-th/9910010;hep-th/9910010;1;3;4
hep-th/9407045;hep-th/9407045;4;4;8
hep-th/9910014;hep-th/9910014;0;1;1
hep-th/0612172;hep-th/0612172;1;15;16
hep-th/0612176;hep-th/0612176;2;62;64
hep-th/0612177;hep-th/0612177;0;26;26
gr-qc/9701032;gr-qc/9701032;1;12;13
hep-th/9301063;hep-th/9301063;5;0;5
0907.1559;0907.1559;0;29;29
0811.1486;0811.1486;0;38;38
hep-th/9702034;hep-th/9702034;4;2;6
gr-qc/9808052;gr-qc/9808052;6;7;13
0904.4639;0904.4639;0;2;2
cond-mat/0402433;cond-mat/0402433;1;6;7
cond-mat/0410146;cond-mat/0410146;3;5;8
0707.3377;0707.3377;0;39;39
math/9806149;math/9806149;1;0;1
math/0407524;math/0407524;1;4;5
math/0308269;math/0308269;2;3;5
0707.3944;0707.3944;0;27;27
hep-th/0702212;hep-th/0702212;1;10;11
astro-ph/9811119;astro-ph/9811119;0;1;1
astro-ph/9711162;astro-ph/9711162;2;2;4
hep-th/0402209;hep-th/0402209;0;5;5
hep-th/0208164;hep-th/0208164;1;3;4
hep-th/9903151;hep-th/9903151;1;1;2
hep-th/0109207;hep-th/0109207;0;10;10
hep-th/0109203;hep-th/0109203;0;1;1
0902.4699;0902.4699;0;13;13
math/0106221;math/0106221;0;7;7
0907.1556;0907.1556;0;27;27
0802.0896;0802.0896;0;7;7
0902.4696;0902.4696;0;5;5
cond-mat/0003367;cond-mat/0003367;0;2;2
gr-qc/0009037;gr-qc/0009037;1;7;8
0802.0009;0802.0009;0;28;28
hep-ph/0506057;hep-ph/0506057;2;0;2
0904.0801;0904.0801;0;3;3
hep-th/0003257;hep-th/0003257;1;6;7
hep-th/9511010;hep-th/9511010;3;1;4
nucl-th/9810012;nucl-th/9810012;1;8;9
hep-th/9708121;hep-th/9708121;1;0;1
hep-th/9512097;hep-th/9512097;6;0;6
quant-ph/9602013;quant-ph/9602013;3;0;3
hep-th/9712134;hep-th/9712134;2;5;7
nucl-th/9701036;nucl-th/9701036;4;0;4
hep-th/0003251;hep-th/0003251;2;22;24
hep-th/0003250;hep-th/0003250;0;5;5
hep-th/9811144;hep-th/9811144;2;4;6
hep-th/9703225;hep-th/9703225;0;5;5
hep-th/9610124;hep-th/9610124;4;9;13
hep-th/9703220;hep-th/9703220;0;3;3
hep-th/9311158;hep-th/9311158;5;0;5
hep-th/0208214;hep-th/0208214;5;11;16
0911.5592;0911.5592;0;8;8
0704.3540;0704.3540;0;26;26
hep-th/0510233;hep-th/0510233;1;4;5
quant-ph/9612038;quant-ph/9612038;1;0;1
math-ph/0210056;math-ph/0210056;1;1;2
hep-ph/0512320;hep-ph/0512320;5;20;25
0904.4368;0904.4368;0;19;19
quant-ph/0107060;quant-ph/0107060;0;2;2
hep-th/0011178;hep-th/0011178;0;10;10
cond-mat/0109112;cond-mat/0109112;1;2;3
0807.3797;0807.3797;0;33;33
hep-th/0409117;hep-th/0409117;4;7;11
0806.3353;0806.3353;0;5;5
hep-ph/0006255;hep-ph/0006255;10;0;10
hep-th/9609024;hep-th/9609024;3;0;3
hep-th/9902092;hep-th/9902092;0;25;25
alg-geom/9701011;alg-geom/9701011;2;0;2
hep-th/9902096;hep-th/9902096;1;1;2
hep-th/0512140;hep-th/0512140;1;3;4
hep-th/0511149;hep-th/0511149;1;2;3
hep-th/0404074;hep-th/0404074;3;4;7
hep-th/0511084;hep-th/0511084;7;0;7
cond-mat/0109327;cond-mat/0109327;1;0;1
cond-mat/0010062;cond-mat/0010062;4;1;5
hep-th/0401077;hep-th/0401077;1;12;13
hep-th/0110251;hep-th/0110251;5;1;6
hep-th/0110257;hep-th/0110257;1;2;3
0707.4238;0707.4238;0;35;35
hep-th/0512247;hep-th/0512247;5;11;16
gr-qc/0402032;gr-qc/0402032;1;7;8
0808.1168;0808.1168;0;10;10
hep-th/0605236;hep-th/0605236;0;59;59
hep-th/0604002;hep-th/0604002;2;2;4
0803.1593;0803.1593;0;125;125
hep-th/0609187;hep-th/0609187;2;12;14
hep-lat/0406040;hep-lat/0406040;1;3;4
hep-ph/0701171;hep-ph/0701171;3;5;8
hep-th/0003119;hep-th/0003119;1;47;48
hep-ph/0601066;hep-ph/0601066;2;7;9
0912.1980;0912.1980;0;16;16
0707.2726;0707.2726;0;10;10
hep-th/0703263;hep-th/0703263;3;14;17
math/0206206;math/0206206;5;0;5
0911.4884;0911.4884;0;15;15
0909.4538;0909.4538;0;6;6
0909.4535;0909.4535;0;29;29
0810.2075;0810.2075;0;6;6
hep-th/9412044;hep-th/9412044;3;15;18
0907.4334;0907.4334;0;1;1
0908.2114;0908.2114;0;8;8
0905.3740;0905.3740;0;6;6
0712.0090;0712.0090;0;33;33
0802.0710;0802.0710;0;12;12
hep-th/0507179;hep-th/0507179;2;6;8
0904.3750;0904.3750;0;18;18
0907.3811;0907.3811;0;13;13
0809.1282;0809.1282;0;8;8
0707.2455;0707.2455;0;20;20
hep-th/9908034;hep-th/9908034;3;12;15
hep-th/9609213;hep-th/9609213;0;1;1
hep-th/0202143;hep-th/0202143;2;0;2
hep-th/0108208;hep-th/0108208;9;15;24
hep-th/0109113;hep-th/0109113;1;0;1
hep-th/0306076;hep-th/0306076;0;2;2
0903.3075;0903.3075;0;10;10
0810.1662;0810.1662;0;14;14
0902.3676;0902.3676;0;17;17
0910.4431;0910.4431;0;19;19
nlin/0403009;nlin/0403009;1;0;1
0910.0180;0910.0180;0;10;10
0803.0759;0803.0759;0;15;15
0709.0163;0709.0163;0;36;36
cond-mat/9212033;cond-mat/9212033;2;0;2
0709.0167;0709.0167;0;17;17
gr-qc/0512083;gr-qc/0512083;4;20;24
hep-th/9512212;hep-th/9512212;3;4;7
hep-th/0510167;hep-th/0510167;1;7;8
hep-th/0405165;hep-th/0405165;2;0;2
hep-th/0510162;hep-th/0510162;0;2;2
hep-th/0503134;hep-th/0503134;1;12;13
math-ph/0108028;math-ph/0108028;0;2;2
hep-th/0206250;hep-th/0206250;0;1;1
0912.3783;0912.3783;0;32;32
q-alg/9608004;q-alg/9608004;1;4;5
0912.2755;0912.2755;0;9;9
gr-qc/9701040;gr-qc/9701040;6;1;7
0805.3078;0805.3078;0;11;11
0910.4705;0910.4705;0;20;20
hep-th/9904128;hep-th/9904128;0;9;9
hep-th/9806242;hep-th/9806242;1;0;1
hep-th/9904127;hep-th/9904127;0;18;18
0806.4794;0806.4794;0;4;4
hep-th/0212283;hep-th/0212283;1;0;1
quant-ph/0606070;quant-ph/0606070;2;31;33
gr-qc/9410031;gr-qc/9410031;2;7;9
hep-th/0311218;hep-th/0311218;1;5;6
hep-lat/9702014;hep-lat/9702014;1;1;2
gr-qc/0501001;gr-qc/0501001;0;6;6
hep-th/9908177;hep-th/9908177;2;0;2
hep-th/9811112;hep-th/9811112;7;16;23
hep-th/9712153;hep-th/9712153;1;1;2
hep-th/0311109;hep-th/0311109;1;17;18
hep-th/0311217;hep-th/0311217;0;10;10
0807.3825;0807.3825;0;5;5
cond-mat/0306285;cond-mat/0306285;1;6;7
quant-ph/0207026;quant-ph/0207026;3;0;3
0911.0334;0911.0334;0;1;1
0705.0563;0705.0563;0;13;13
hep-th/0604010;hep-th/0604010;1;17;18
gr-qc/9601006;gr-qc/9601006;2;2;4
gr-qc/9601002;gr-qc/9601002;1;1;2
0812.5045;0812.5045;0;81;81
0808.3919;0808.3919;0;14;14
0912.3840;0912.3840;0;8;8
hep-th/9610122;hep-th/9610122;2;5;7
hep-th/9610123;hep-th/9610123;1;1;2
hep-th/9610127;hep-th/9610127;0;3;3
hep-th/9412049;hep-th/9412049;1;0;1
hep-lat/9802003;hep-lat/9802003;4;4;8
hep-th/9805134;hep-th/9805134;4;9;13
hep-ph/9811310;hep-ph/9811310;1;65;66
hep-th/9810080;hep-th/9810080;6;0;6
hep-th/9410195;hep-th/9410195;2;0;2
0906.2148;0906.2148;0;13;13
0808.2066;0808.2066;0;28;28
0911.2645;0911.2645;0;12;12
0808.2068;0808.2068;0;10;10
0809.0066;0809.0066;0;9;9
0810.4204;0810.4204;0;6;6
hep-th/9305184;hep-th/9305184;1;0;1
0908.4217;0908.4217;0;15;15
hep-th/0412217;hep-th/0412217;0;1;1
0710.2084;0710.2084;0;21;21
0812.1230;0812.1230;0;13;13
0812.1231;0812.1231;0;16;16
0909.3571;0909.3571;0;1;1
hep-th/0409158;hep-th/0409158;11;25;36
0801.0845;0801.0845;0;19;19
0801.0846;0801.0846;0;6;6
math-ph/9804007;math-ph/9804007;2;4;6
hep-th/0005105;hep-th/0005105;1;29;30
math/0012249;math/0012249;1;0;1
0903.2125;0903.2125;0;3;3
hep-th/9503003;hep-th/9503003;3;0;3
solv-int/9812031;solv-int/9812031;2;0;2
hep-th/9406018;hep-th/9406018;5;1;6
hep-th/0105222;hep-th/0105222;1;9;10
hep-th/0105224;hep-th/0105224;4;8;12
hep-ph/0004230;hep-ph/0004230;1;20;21
0905.4529;0905.4529;0;2;2
hep-th/0605037;hep-th/0605037;1;18;19
hep-ph/9912221;hep-ph/9912221;1;5;6
0711.3803;0711.3803;0;15;15
0904.0472;0904.0472;0;28;28
0904.0475;0904.0475;0;5;5
0806.3820;0806.3820;0;41;41
hep-th/9712076;hep-th/9712076;0;15;15
hep-th/0207116;hep-th/0207116;2;0;2
nlin/0501006;nlin/0501006;0;1;1
0811.2150;0811.2150;0;19;19
hep-th/9810034;hep-th/9810034;2;2;4
cond-mat/0604412;cond-mat/0604412;0;11;11
cond-mat/9705002;cond-mat/9705002;2;0;2
math-ph/0602040;math-ph/0602040;1;4;5
hep-lat/0310034;hep-lat/0310034;3;9;12
gr-qc/9504001;gr-qc/9504001;0;3;3
0712.0642;0712.0642;0;11;11
gr-qc/0606041;gr-qc/0606041;0;9;9
hep-th/9802177;hep-th/9802177;4;3;7
hep-th/9601061;hep-th/9601061;0;8;8
hep-th/9601063;hep-th/9601063;0;3;3
hep-th/9506053;hep-th/9506053;1;5;6
hep-th/0210149;hep-th/0210149;0;10;10
hep-th/0012127;hep-th/0012127;3;5;8
hep-ph/9905556;hep-ph/9905556;2;6;8
cond-mat/0207716;cond-mat/0207716;1;10;11
0901.3679;0901.3679;0;5;5
hep-th/0210141;hep-th/0210141;3;6;9
hep-th/0208064;hep-th/0208064;5;5;10
hep-th/0210140;hep-th/0210140;1;2;3
hep-th/0210142;hep-th/0210142;1;1;2
hep-th/0307045;hep-th/0307045;1;20;21
0811.2155;0811.2155;0;9;9
0906.2380;0906.2380;0;7;7
hep-th/9907073;hep-th/9907073;2;0;2
hep-th/0410146;hep-th/0410146;3;13;16
0812.4767;0812.4767;0;13;13
hep-th/9601004;hep-th/9601004;2;0;2
0710.5899;0710.5899;0;9;9
hep-th/9111003;hep-th/9111003;1;0;1
cond-mat/0209377;cond-mat/0209377;1;2;3
0705.0958;0705.0958;0;22;22
0908.1473;0908.1473;0;10;10
hep-th/0409035;hep-th/0409035;1;0;1
0710.3724;0710.3724;0;5;5
0805.2676;0805.2676;0;2;2
0809.1704;0809.1704;0;22;22
hep-th/0108057;hep-th/0108057;7;7;14
0904.2510;0904.2510;0;42;42
0906.2524;0906.2524;0;23;23
quant-ph/0412163;quant-ph/0412163;2;8;10
0806.0619;0806.0619;0;20;20
0712.2103;0712.2103;0;21;21
0906.1177;0906.1177;0;22;22
physics/0411072;physics/0411072;2;2;4
physics/0411073;physics/0411073;3;0;3
physics/0411071;physics/0411071;3;0;3
quant-ph/9911052;quant-ph/9911052;0;2;2
0710.5762;0710.5762;0;26;26
hep-th/9508178;hep-th/9508178;2;3;5
hep-th/9509069;hep-th/9509069;4;0;4
hep-th/9503195;hep-th/9503195;2;0;2
hep-th/9604110;hep-th/9604110;0;9;9
hep-th/9604107;hep-th/9604107;1;5;6
hep-th/9604116;hep-th/9604116;0;4;4
hep-th/9306012;hep-th/9306012;2;0;2
hep-th/9808021;hep-th/9808021;0;2;2
hep-th/9808028;hep-th/9808028;0;7;7
0712.1346;0712.1346;0;44;44
0907.3238;0907.3238;0;17;17
hep-th/0512151;hep-th/0512151;2;47;49
hep-th/9912048;hep-th/9912048;0;6;6
hep-th/9905140;hep-th/9905140;1;0;1
hep-th/9607130;hep-th/9607130;0;1;1
hep-th/9407010;hep-th/9407010;2;0;2
hep-th/9912043;hep-th/9912043;1;12;13
hep-th/9912040;hep-th/9912040;4;5;9
hep-th/9912041;hep-th/9912041;0;6;6
gr-qc/0207008;gr-qc/0207008;0;9;9
math-ph/0108026;math-ph/0108026;0;2;2
0801.4797;0801.4797;0;1;1
0804.3437;0804.3437;0;21;21
0804.0770;0804.0770;0;17;17
hep-ph/9707489;hep-ph/9707489;2;6;8
physics/9701004;physics/9701004;2;3;5
hep-th/9705051;hep-th/9705051;1;4;5
0910.3358;0910.3358;0;4;4
hep-th/0403231;hep-th/0403231;2;14;16
astro-ph/0311464;astro-ph/0311464;1;0;1
hep-th/0309003;hep-th/0309003;3;11;14
hep-th/0305118;hep-th/0305118;2;20;22
0705.3265;0705.3265;0;43;43
hep-ph/9409319;hep-ph/9409319;1;1;2
0807.3344;0807.3344;0;13;13
0906.4333;0906.4333;0;4;4
gr-qc/9606074;gr-qc/9606074;7;17;24
gr-qc/9409053;gr-qc/9409053;2;17;19
hep-th/9210035;hep-th/9210035;8;0;8
hep-th/9506124;hep-th/9506124;3;10;13
math/0507316;math/0507316;2;2;4
hep-th/0611080;hep-th/0611080;4;36;40
hep-th/0106222;hep-th/0106222;0;10;10
hep-th/0106221;hep-th/0106221;1;2;3
0712.4269;0712.4269;0;11;11
0710.1732;0710.1732;0;4;4
hep-th/0611260;hep-th/0611260;7;34;41
hep-th/0607098;hep-th/0607098;1;46;47
0807.3613;0807.3613;1;10;11
0807.3619;0807.3619;0;7;7
0910.1488;0910.1488;0;8;8
0706.1977;0706.1977;0;38;38
hep-th/0310222;hep-th/0310222;2;6;8
0706.1200;0706.1200;0;19;19
quant-ph/9810071;quant-ph/9810071;0;1;1
hep-th/9309077;hep-th/9309077;1;0;1
0907.1294;0907.1294;0;9;9
cond-mat/0008157;cond-mat/0008157;0;4;4
gr-qc/0601101;gr-qc/0601101;0;1;1
hep-th/9303140;hep-th/9303140;4;5;9
0710.4386;0710.4386;0;11;11
hep-th/0601196;hep-th/0601196;3;7;10
hep-th/9412142;hep-th/9412142;3;1;4
0710.0606;0710.0606;0;7;7
0910.1735;0910.1735;0;10;10
0704.2878;0704.2878;0;16;16
0710.5689;0710.5689;0;58;58
0804.2478;0804.2478;0;29;29
0911.2525;0911.2525;0;6;6
hep-th/9403131;hep-th/9403131;1;0;1
hep-th/0601216;hep-th/0601216;0;7;7
math/0611317;math/0611317;0;2;2
0904.2904;0904.2904;0;5;5
0708.1871;0708.1871;0;43;43
hep-th/9209068;hep-th/9209068;1;11;12
hep-th/9209064;hep-th/9209064;0;2;2
0804.0182;0804.0182;0;31;31
0804.0184;0804.0184;0;9;9
0812.0620;0812.0620;0;21;21
cond-mat/0304408;cond-mat/0304408;0;2;2
hep-th/0311153;hep-th/0311153;3;16;19
0910.3390;0910.3390;0;28;28
0904.1677;0904.1677;0;2;2
gr-qc/0503069;gr-qc/0503069;3;4;7
hep-th/0602272;hep-th/0602272;0;3;3
math-ph/0602059;math-ph/0602059;2;3;5
hep-th/0602273;hep-th/0602273;1;10;11
hep-th/0602275;hep-th/0602275;0;5;5
math-ph/0109008;math-ph/0109008;1;0;1
hep-th/9208081;hep-th/9208081;0;11;11
hep-th/9311151;hep-th/9311151;3;1;4
quant-ph/9811032;quant-ph/9811032;0;1;1
0806.1977;0806.1977;0;7;7
hep-th/9805068;hep-th/9805068;1;12;13
hep-th/9805063;hep-th/9805063;0;4;4
hep-th/9805062;hep-th/9805062;0;3;3
hep-th/9608148;hep-th/9608148;3;8;11
hep-th/9704196;hep-th/9704196;1;9;10
hep-th/9704188;hep-th/9704188;2;0;2
0704.3080;0704.3080;0;20;20
0912.4244;0912.4244;0;8;8
hep-ph/0204005;hep-ph/0204005;0;1;1
hep-ph/9512430;hep-ph/9512430;2;1;3
0806.0107;0806.0107;0;8;8
0908.0987;0908.0987;0;30;30
hep-th/0111183;hep-th/0111183;8;24;32
0811.1933;0811.1933;0;13;13
cond-mat/9909168;cond-mat/9909168;0;1;1
0804.4450;0804.4450;0;35;35
cond-mat/0109461;cond-mat/0109461;0;1;1
hep-th/0603154;hep-th/0603154;4;15;19
0909.4737;0909.4737;0;22;22
0909.4731;0909.4731;0;34;34
gr-qc/9705001;gr-qc/9705001;1;25;26
hep-th/0104077;hep-th/0104077;2;8;10
0712.0672;0712.0672;0;30;30
math-ph/0206033;math-ph/0206033;1;2;3
0908.3088;0908.3088;0;1;1
hep-th/0702188;hep-th/0702188;1;16;17
hep-ph/0212171;hep-ph/0212171;2;0;2
0706.3467;0706.3467;0;36;36
0706.3466;0706.3466;0;28;28
hep-th/0007042;hep-th/0007042;1;7;8
hep-th/9704007;hep-th/9704007;0;15;15
hep-th/9604081;hep-th/9604081;2;0;2
physics/9702013;physics/9702013;1;5;6
hep-th/9603119;hep-th/9603119;2;0;2
math-ph/9902015;math-ph/9902015;2;0;2
hep-lat/9607017;hep-lat/9607017;0;3;3
0809.1876;0809.1876;0;24;24
0910.0363;0910.0363;0;28;28
gr-qc/0403072;gr-qc/0403072;0;33;33
0809.2176;0809.2176;0;2;2
0810.3220;0810.3220;0;9;9
0805.4452;0805.4452;0;4;4
gr-qc/0404112;gr-qc/0404112;1;4;5
0908.0192;0908.0192;0;7;7
0805.4451;0805.4451;0;21;21
hep-th/0611167;hep-th/0611167;0;4;4
hep-th/0610150;hep-th/0610150;1;10;11
hep-th/0611162;hep-th/0611162;1;5;6
hep-th/0611163;hep-th/0611163;0;3;3
hep-th/0304223;hep-th/0304223;1;0;1
cond-mat/0207459;cond-mat/0207459;2;19;21
0711.3538;0711.3538;0;2;2
hep-th/9308108;hep-th/9308108;1;3;4
0709.1765;0709.1765;0;3;3
0806.1079;0806.1079;0;12;12
hep-th/9410155;hep-th/9410155;0;2;2
hep-th/9410154;hep-th/9410154;0;5;5
hep-th/9112021;hep-th/9112021;1;0;1
hep-th/9410156;hep-th/9410156;0;11;11
hep-th/9205097;hep-th/9205097;2;0;2
0709.0414;0709.0414;0;4;4
0709.0419;0709.0419;0;14;14
hep-th/0005279;hep-th/0005279;5;17;22
nlin/0612003;nlin/0612003;6;17;23
q-alg/9605044;q-alg/9605044;1;2;3
hep-th/9209015;hep-th/9209015;5;0;5
hep-th/9406044;hep-th/9406044;1;4;5
gr-qc/0504044;gr-qc/0504044;1;24;25
hep-th/0403095;hep-th/0403095;2;21;23
gr-qc/0404109;gr-qc/0404109;4;21;25
gr-qc/9311036;gr-qc/9311036;1;0;1
hep-th/0204101;hep-th/0204101;1;19;20
hep-ph/9710318;hep-ph/9710318;0;2;2
0909.2523;0909.2523;0;1;1
hep-th/9905035;hep-th/9905035;0;5;5
0908.4027;0908.4027;0;8;8
0806.0685;0806.0685;0;39;39
0903.2147;0903.2147;0;65;65
0904.4905;0904.4905;0;25;25
0904.4904;0904.4904;0;4;4
0902.3578;0902.3578;0;2;2
0706.1560;0706.1560;0;23;23
0706.1565;0706.1565;0;24;24
0711.4671;0711.4671;0;58;58
0802.1968;0802.1968;0;5;5
0911.5154;0911.5154;0;4;4
nucl-th/0207075;nucl-th/0207075;1;7;8
hep-th/0606249;hep-th/0606249;0;35;35
hep-th/0607075;hep-th/0607075;2;18;20
hep-th/0604210;hep-th/0604210;2;20;22
hep-th/9910195;hep-th/9910195;0;8;8
hep-th/9910193;hep-th/9910193;0;6;6
hep-th/9910191;hep-th/9910191;0;8;8
hep-th/0507095;hep-th/0507095;0;3;3
hep-th/0507092;hep-th/0507092;1;41;42
hep-th/0507093;hep-th/0507093;0;8;8
hep-th/0206067;hep-th/0206067;0;3;3
hep-th/0103181;hep-th/0103181;2;28;30
gr-qc/9605016;gr-qc/9605016;2;1;3
hep-th/9512018;hep-th/9512018;1;1;2
hep-th/9506214;hep-th/9506214;2;7;9
gr-qc/9605018;gr-qc/9605018;0;3;3
hep-th/9801190;hep-th/9801190;2;4;6
0910.5245;0910.5245;0;38;38
hep-th/9910221;hep-th/9910221;4;1;5
hep-th/9403169;hep-th/9403169;4;0;4
hep-th/9803204;hep-th/9803204;5;14;19
math/9902150;math/9902150;2;0;2
hep-th/0102020;hep-th/0102020;0;16;16
hep-ph/9810264;hep-ph/9810264;0;3;3
hep-ph/9704248;hep-ph/9704248;1;3;4
solv-int/9710009;solv-int/9710009;1;3;4
solv-int/9710004;solv-int/9710004;0;5;5
0810.0585;0810.0585;0;53;53
hep-th/0005161;hep-th/0005161;3;0;3
hep-th/0009245;hep-th/0009245;1;10;11
hep-th/0105022;hep-th/0105022;1;5;6
hep-th/0009232;hep-th/0009232;2;5;7
hep-th/0005082;hep-th/0005082;4;8;12
hep-th/0105025;hep-th/0105025;0;2;2
hep-th/0005009;hep-th/0005009;3;6;9
quant-ph/9910074;quant-ph/9910074;3;3;6
hep-ph/0601147;hep-ph/0601147;3;7;10
0906.4783;0906.4783;0;25;25
0906.4787;0906.4787;0;1;1
hep-th/9606041;hep-th/9606041;3;11;14
hep-th/9507063;hep-th/9507063;9;0;9
gr-qc/9609069;gr-qc/9609069;0;1;1
cond-mat/0007106;cond-mat/0007106;1;2;3
chao-dyn/9709005;chao-dyn/9709005;1;0;1
q-alg/9510004;q-alg/9510004;2;2;4
0812.3234;0812.3234;0;13;13
hep-th/9705167;hep-th/9705167;9;15;24
hep-th/0203117;hep-th/0203117;1;2;3
alg-geom/9712009;alg-geom/9712009;2;0;2
hep-th/0310126;hep-th/0310126;1;14;15
hep-th/0411275;hep-th/0411275;3;12;15
hep-th/9905199;hep-th/9905199;0;8;8
hep-th/9905191;hep-th/9905191;0;23;23
0801.2970;0801.2970;0;4;4
0806.0216;0806.0216;0;7;7
0902.2761;0902.2761;0;20;20
0902.2764;0902.2764;0;18;18
0711.3776;0711.3776;0;9;9
0902.4088;0902.4088;0;45;45
0708.0720;0708.0720;0;15;15
hep-th/0610022;hep-th/0610022;1;13;14
0711.3773;0711.3773;0;6;6
hep-th/0606062;hep-th/0606062;1;0;1
0711.3771;0711.3771;0;12;12
0711.3770;0711.3770;0;11;11
0708.0729;0708.0729;0;9;9
0902.1223;0902.1223;0;9;9
0810.2173;0810.2173;0;3;3
0809.2960;0809.2960;0;5;5
0903.5517;0903.5517;0;26;26
math/0309186;math/0309186;0;3;3
0803.3832;0803.3832;0;39;39
hep-th/0606119;hep-th/0606119;4;12;16
0803.3833;0803.3833;0;4;4
0911.2921;0911.2921;0;6;6
hep-th/0402030;hep-th/0402030;0;8;8
cond-mat/9612080;cond-mat/9612080;1;5;6
hep-th/9307113;hep-th/9307113;3;0;3
0911.2929;0911.2929;0;5;5
0911.2928;0911.2928;0;4;4
hep-th/9310010;hep-th/9310010;2;0;2
math-ph/0008027;math-ph/0008027;5;10;15
hep-th/9309082;hep-th/9309082;1;5;6
0810.5207;0810.5207;0;29;29
hep-th/0607206;hep-th/0607206;3;22;25
hep-th/0211159;hep-th/0211159;0;2;2
0905.3050;0905.3050;0;13;13
hep-ph/0505177;hep-ph/0505177;6;17;23
hep-th/0603011;hep-th/0603011;3;52;55
hep-th/0601138;hep-th/0601138;2;48;50
0907.1191;0907.1191;0;10;10
0906.1774;0906.1774;0;6;6
0710.3619;0710.3619;0;21;21
hep-th/0502055;hep-th/0502055;1;0;1
hep-th/9605205;hep-th/9605205;0;2;2
hep-th/9605203;hep-th/9605203;0;2;2
hep-th/9605202;hep-th/9605202;1;4;5
0906.1187;0906.1187;0;2;2
0810.0189;0810.0189;0;8;8
0810.0188;0810.0188;0;28;28
hep-th/0107038;hep-th/0107038;0;34;34
hep-th/9211020;hep-th/9211020;2;0;2
hep-th/0008009;hep-th/0008009;4;1;5
hep-th/0008077;hep-th/0008077;0;5;5
hep-th/9702031;hep-th/9702031;4;15;19
0907.2248;0907.2248;0;8;8
hep-th/0605207;hep-th/0605207;0;9;9
hep-th/0602154;hep-th/0602154;1;4;5
0906.3167;0906.3167;0;9;9
dg-ga/9704009;dg-ga/9704009;4;0;4
0708.1187;0708.1187;0;78;78
hep-th/0602279;hep-th/0602279;3;24;27
physics/0604021;physics/0604021;0;1;1
gr-qc/0406035;gr-qc/0406035;3;8;11
hep-ph/9704240;hep-ph/9704240;0;3;3
hep-th/9202062;hep-th/9202062;6;0;6
0708.2534;0708.2534;0;41;41
0901.1234;0901.1234;0;15;15
0906.5482;0906.5482;0;31;31
cond-mat/0701096;cond-mat/0701096;3;13;16
0908.1194;0908.1194;0;13;13
astro-ph/0010408;astro-ph/0010408;2;26;28
gr-qc/0405112;gr-qc/0405112;1;3;4
gr-qc/0305063;gr-qc/0305063;1;0;1
gr-qc/0203032;gr-qc/0203032;4;11;15
0810.1277;0810.1277;0;13;13
gr-qc/9709029;gr-qc/9709029;3;3;6
0802.2583;0802.2583;0;27;27
0709.0579;0709.0579;0;20;20
0805.2263;0805.2263;0;1;1
0805.2261;0805.2261;0;26;26
0709.0775;0709.0775;0;24;24
nlin/0004009;nlin/0004009;0;2;2
hep-th/9210058;hep-th/9210058;2;2;4
hep-ph/0610269;hep-ph/0610269;0;36;36
0706.0213;0706.0213;0;9;9
hep-th/0412307;hep-th/0412307;1;7;8
0902.4674;0902.4674;0;3;3
hep-th/0412304;hep-th/0412304;0;4;4
0810.3684;0810.3684;0;25;25
quant-ph/0412174;quant-ph/0412174;0;2;2
hep-th/0412301;hep-th/0412301;2;6;8
hep-th/0109142;hep-th/0109142;3;4;7
hep-th/0403136;hep-th/0403136;0;6;6
hep-th/9311005;hep-th/9311005;4;3;7
0911.5710;0911.5710;0;46;46
hep-th/0311126;hep-th/0311126;2;42;44
hep-th/0612153;hep-th/0612153;1;20;21
0902.3407;0902.3407;0;6;6
0707.0654;0707.0654;0;23;23
hep-th/9506033;hep-th/9506033;4;2;6
0707.3610;0707.3610;0;30;30
hep-ph/0406164;hep-ph/0406164;1;4;5
hep-th/0104046;hep-th/0104046;2;32;34
hep-th/0311219;hep-th/0311219;1;5;6
0911.4579;0911.4579;0;4;4
0706.1411;0706.1411;0;21;21
0904.2270;0904.2270;0;6;6
hep-th/0204214;hep-th/0204214;4;0;4
astro-ph/0511824;astro-ph/0511824;1;8;9
gr-qc/0504123;gr-qc/0504123;2;7;9
hep-th/0005140;hep-th/0005140;3;5;8
0710.0049;0710.0049;0;10;10
0812.2699;0812.2699;0;8;8
hep-th/9407097;hep-th/9407097;1;1;2
0806.4172;0806.4172;0;16;16
hep-th/9512027;hep-th/9512027;1;1;2
hep-th/0305119;hep-th/0305119;0;14;14
hep-th/9406171;hep-th/9406171;1;10;11
hep-th/9406177;hep-th/9406177;2;9;11
hep-th/9311170;hep-th/9311170;3;1;4
0903.1428;0903.1428;0;3;3
hep-th/9504073;hep-th/9504073;3;1;4
hep-th/9504079;hep-th/9504079;1;2;3
0903.0778;0903.0778;0;17;17
hep-th/0307066;hep-th/0307066;3;15;18
0812.0426;0812.0426;0;8;8
0801.1206;0801.1206;0;24;24
0904.0629;0904.0629;0;29;29
astro-ph/0106387;astro-ph/0106387;3;33;36
astro-ph/0403641;astro-ph/0403641;2;9;11
astro-ph/0110335;astro-ph/0110335;3;10;13
hep-th/0105133;hep-th/0105133;1;2;3
quant-ph/0304094;quant-ph/0304094;1;2;3
0710.3006;0710.3006;0;3;3
hep-th/0101006;hep-th/0101006;0;5;5
hep-th/0101004;hep-th/0101004;0;5;5
hep-th/0006052;hep-th/0006052;4;30;34
hep-th/0008242;hep-th/0008242;2;21;23
0907.1818;0907.1818;0;9;9
hep-th/9111064;hep-th/9111064;3;0;3
hep-th/9204043;hep-th/9204043;3;1;4
hep-th/9206066;hep-th/9206066;5;1;6
hep-th/9906190;hep-th/9906190;2;15;17
hep-th/9609222;hep-th/9609222;2;3;5
0807.4578;0807.4578;0;11;11
0803.3156;0803.3156;0;6;6
hep-ph/0005300;hep-ph/0005300;2;0;2
0802.3796;0802.3796;0;15;15
0901.2456;0901.2456;0;2;2
0907.4049;0907.4049;0;6;6
hep-th/0401145;hep-th/0401145;1;10;11
hep-th/0409163;hep-th/0409163;2;6;8
hep-th/0409165;hep-th/0409165;0;5;5
quant-ph/9812059;quant-ph/9812059;1;0;1
hep-th/9603146;hep-th/9603146;0;4;4
hep-th/9601156;hep-th/9601156;1;2;3
hep-th/9409164;hep-th/9409164;4;0;4
q-alg/9505027;q-alg/9505027;1;0;1
0910.3215;0910.3215;0;6;6
cond-mat/0401451;cond-mat/0401451;5;0;5
hep-th/0410004;hep-th/0410004;0;35;35
cond-mat/0204232;cond-mat/0204232;2;18;20
hep-th/0305091;hep-th/0305091;1;15;16
0901.2013;0901.2013;0;20;20
0902.4445;0902.4445;0;21;21
hep-th/0410005;hep-th/0410005;1;14;15
0712.2714;0712.2714;0;20;20
astro-ph/0404370;astro-ph/0404370;1;14;15
0804.1561;0804.1561;0;87;87
hep-th/0412119;hep-th/0412119;3;2;5
hep-th/0006244;hep-th/0006244;1;20;21
hep-th/9910062;hep-th/9910062;0;29;29
0708.3131;0708.3131;0;2;2
hep-th/0701062;hep-th/0701062;2;2;4
0905.4756;0905.4756;0;5;5
hep-th/9707078;hep-th/9707078;1;15;16
0809.4778;0809.4778;0;16;16
hep-th/9912172;hep-th/9912172;1;4;5
math-ph/9904029;math-ph/9904029;0;3;3
0903.1497;0903.1497;0;5;5
quant-ph/0509175;quant-ph/0509175;3;4;7
0705.0068;0705.0068;0;1;1
hep-th/0211179;hep-th/0211179;0;2;2
hep-th/9810175;hep-th/9810175;1;1;2
hep-th/9701141;hep-th/9701141;3;7;10
hep-th/0211177;hep-th/0211177;1;8;9
hep-th/0203139;hep-th/0203139;6;12;18
hep-th/0211038;hep-th/0211038;3;16;19
hep-th/0105142;hep-th/0105142;1;4;5
hep-th/0109123;hep-th/0109123;1;13;14
hep-th/9907156;hep-th/9907156;2;21;23
hep-th/0303226;hep-th/0303226;0;4;4
hep-th/0608146;hep-th/0608146;4;21;25
hep-th/0303229;hep-th/0303229;3;13;16
0804.4531;0804.4531;0;1;1
0804.1566;0804.1566;0;25;25
hep-th/0506127;hep-th/0506127;2;23;25
0804.1910;0804.1910;0;9;9
cond-mat/0103598;cond-mat/0103598;1;1;2
cond-mat/0110287;cond-mat/0110287;1;7;8
hep-th/0312150;hep-th/0312150;0;3;3
0809.1408;0809.1408;0;36;36
hep-th/0407129;hep-th/0407129;2;27;29
hep-th/0312158;hep-th/0312158;2;3;5
0806.4963;0806.4963;0;14;14
hep-th/0609106;hep-th/0609106;2;7;9
0711.4091;0711.4091;0;33;33
0912.4659;0912.4659;0;18;18
hep-lat/0406006;hep-lat/0406006;0;7;7
hep-th/9305091;hep-th/9305091;1;4;5
0806.4723;0806.4723;0;4;4
hep-th/0406241;hep-th/0406241;3;21;24
math/0309240;math/0309240;0;4;4
math/0010318;math/0010318;1;0;1
math/0309239;math/0309239;1;0;1
hep-th/0405162;hep-th/0405162;4;23;27
hep-th/0401222;hep-th/0401222;0;1;1
hep-th/0406248;hep-th/0406248;0;14;14
0912.2324;0912.2324;0;44;44
hep-ph/0101028;hep-ph/0101028;0;2;2
hep-th/9811175;hep-th/9811175;1;0;1
0709.0950;0709.0950;0;52;52
0903.2476;0903.2476;0;6;6
0801.1984;0801.1984;0;3;3
hep-th/9506025;hep-th/9506025;1;3;4
hep-th/9511096;hep-th/9511096;2;0;2
hep-th/9506028;hep-th/9506028;0;2;2
hep-th/9710194;hep-th/9710194;1;4;5
hep-th/9710195;hep-th/9710195;0;5;5
hep-th/9710052;hep-th/9710052;2;3;5
alg-geom/9612002;alg-geom/9612002;2;14;16
hep-th/9710060;hep-th/9710060;4;15;19
hep-th/9709105;hep-th/9709105;3;15;18
quant-ph/0702060;quant-ph/0702060;2;1;3
hep-th/0607182;hep-th/0607182;1;5;6
hep-th/0603242;hep-th/0603242;2;5;7
0912.2327;0912.2327;0;5;5
0804.3180;0804.3180;0;4;4
nlin/0110007;nlin/0110007;2;1;3
0907.1878;0907.1878;0;11;11
0910.3709;0910.3709;0;33;33
hep-th/0208084;hep-th/0208084;7;13;20
0910.4657;0910.4657;0;32;32
hep-th/0407118;hep-th/0407118;0;6;6
0807.0448;0807.0448;0;6;6
0806.1328;0806.1328;1;2;3
hep-ph/9810209;hep-ph/9810209;3;9;12
0805.4346;0805.4346;0;10;10
hep-th/9302135;hep-th/9302135;0;1;1
quant-ph/0701159;quant-ph/0701159;0;15;15
hep-th/0201003;hep-th/0201003;0;2;2
0710.4021;0710.4021;0;48;48
hep-th/0612070;hep-th/0612070;3;21;24
0710.3100;0710.3100;0;10;10
0710.1059;0710.1059;0;51;51
0710.4026;0710.4026;0;4;4
0910.5915;0910.5915;0;6;6
0705.1304;0705.1304;0;21;21
0712.3119;0712.3119;0;18;18
cond-mat/0009438;cond-mat/0009438;4;12;16
0903.0478;0903.0478;0;8;8
0804.4190;0804.4190;0;25;25
hep-th/0204073;hep-th/0204073;0;7;7
0906.0359;0906.0359;0;24;24
astro-ph/0511124;astro-ph/0511124;0;8;8
hep-th/9812029;hep-th/9812029;3;4;7
0709.2546;0709.2546;0;2;2
hep-th/0204077;hep-th/0204077;0;8;8
0705.2034;0705.2034;0;4;4
gr-qc/0703156;gr-qc/0703156;1;3;4
gr-qc/0505123;gr-qc/0505123;3;8;11
hep-th/0202098;hep-th/0202098;6;14;20
hep-th/9507042;hep-th/9507042;1;1;2
cond-mat/9706260;cond-mat/9706260;2;2;4
0801.0610;0801.0610;0;8;8
math-ph/0001034;math-ph/0001034;0;5;5
astro-ph/0506714;astro-ph/0506714;0;2;2
0704.2444;0704.2444;0;3;3
0904.2175;0904.2175;0;5;5
0708.3950;0708.3950;0;38;38
0704.2440;0704.2440;0;37;37
0704.2449;0704.2449;0;9;9
cond-mat/0607082;cond-mat/0607082;1;1;2
cond-mat/0606487;cond-mat/0606487;2;0;2
0709.2991;0709.2991;0;12;12
hep-th/9707121;hep-th/9707121;1;0;1
cond-mat/9610057;cond-mat/9610057;3;0;3
hep-th/9302002;hep-th/9302002;4;0;4
hep-th/9311033;hep-th/9311033;1;0;1
hep-th/9603122;hep-th/9603122;3;5;8
hep-th/9707152;hep-th/9707152;0;5;5
hep-th/9612145;hep-th/9612145;1;0;1
hep-th/0110027;hep-th/0110027;0;4;4
gr-qc/0011038;gr-qc/0011038;2;6;8
0707.0888;0707.0888;0;20;20
0906.2015;0906.2015;0;44;44
0704.0955;0704.0955;1;32;33
0711.0658;0711.0658;0;56;56
hep-lat/0509089;hep-lat/0509089;0;6;6
hep-lat/0509088;hep-lat/0509088;0;2;2
0806.0584;0806.0584;0;38;38
hep-ph/0411279;hep-ph/0411279;2;3;5
0806.0586;0806.0586;0;13;13
quant-ph/0702069;quant-ph/0702069;0;13;13
quant-ph/0307073;quant-ph/0307073;5;0;5
hep-th/0104010;hep-th/0104010;1;8;9
math-ph/0203035;math-ph/0203035;2;11;13
hep-th/9602133;hep-th/9602133;0;7;7
quant-ph/0602063;quant-ph/0602063;2;1;3
quant-ph/0207088;quant-ph/0207088;5;3;8
hep-th/0310279;hep-th/0310279;4;3;7
hep-th/0402107;hep-th/0402107;3;10;13
hep-th/9901097;hep-th/9901097;2;0;2
hep-th/0406032;hep-th/0406032;0;35;35
0810.5001;0810.5001;0;33;33
0910.1607;0910.1607;0;1;1
hep-th/0601186;hep-th/0601186;1;21;22
0807.4000;0807.4000;0;16;16
0901.1433;0901.1433;0;9;9
0812.0188;0812.0188;0;11;11
hep-th/0601139;hep-th/0601139;5;27;32
math/0303193;math/0303193;0;4;4
math/9909183;math/9909183;1;0;1
0807.4001;0807.4001;0;40;40
hep-ph/9712274;hep-ph/9712274;1;2;3
0707.4011;0707.4011;0;34;34
0809.3897;0809.3897;0;7;7
gr-qc/0608031;gr-qc/0608031;1;5;6
hep-th/0611227;hep-th/0611227;1;3;4
0905.1700;0905.1700;0;35;35
0811.2547;0811.2547;0;14;14
gr-qc/0603098;gr-qc/0603098;0;7;7
hep-ph/0102183;hep-ph/0102183;3;47;50
gr-qc/0301044;gr-qc/0301044;2;5;7
hep-th/0111088;hep-th/0111088;2;5;7
gr-qc/9210003;gr-qc/9210003;1;0;1
hep-th/0107156;hep-th/0107156;3;19;22
hep-th/0012247;hep-th/0012247;4;30;34
hep-th/0011055;hep-th/0011055;0;2;2
hep-th/9403189;hep-th/9403189;2;3;5
hep-th/9805210;hep-th/9805210;2;8;10
hep-th/9805211;hep-th/9805211;1;7;8
hep-th/9712173;hep-th/9712173;2;4;6
hep-th/9603030;hep-th/9603030;6;5;11
math/9912081;math/9912081;0;3;3
hep-th/0301077;hep-th/0301077;0;5;5
hep-ph/0210050;hep-ph/0210050;5;30;35
hep-th/0212205;hep-th/0212205;3;7;10
0710.3093;0710.3093;0;10;10
0808.0673;0808.0673;0;6;6
hep-ph/0206210;hep-ph/0206210;0;24;24
hep-th/0402100;hep-th/0402100;0;3;3
hep-th/0309113;hep-th/0309113;1;3;4
hep-th/0201052;hep-th/0201052;2;5;7
hep-th/0201242;hep-th/0201242;0;2;2
hep-th/9701058;hep-th/9701058;1;3;4
cond-mat/9911141;cond-mat/9911141;1;2;3
hep-th/0106253;hep-th/0106253;6;26;32
0810.5006;0810.5006;0;7;7
0909.3710;0909.3710;0;9;9
0912.5265;0912.5265;0;10;10
hep-th/0610105;hep-th/0610105;3;7;10
hep-th/0407059;hep-th/0407059;2;10;12
hep-th/9501054;hep-th/9501054;0;1;1
hep-th/9501051;hep-th/9501051;1;9;10
hep-th/9303028;hep-th/9303028;3;0;3
gr-qc/0404097;gr-qc/0404097;0;12;12
gr-qc/0404094;gr-qc/0404094;1;5;6
gr-qc/9810043;gr-qc/9810043;2;3;5
hep-th/0204236;hep-th/0204236;2;0;2
gr-qc/9903097;gr-qc/9903097;3;0;3
hep-th/0201162;hep-th/0201162;2;8;10
hep-th/0108033;hep-th/0108033;1;0;1
hep-th/0212326;hep-th/0212326;6;16;22
hep-th/0310107;hep-th/0310107;5;25;30
hep-th/0307107;hep-th/0307107;4;23;27
hep-th/9301130;hep-th/9301130;0;1;1
hep-th/9801185;hep-th/9801185;1;0;1
hep-th/9905022;hep-th/9905022;5;3;8
hep-th/9804165;hep-th/9804165;1;4;5
hep-th/9701121;hep-th/9701121;2;31;33
hep-th/9705140;hep-th/9705140;1;3;4
hep-th/9705143;hep-th/9705143;0;22;22
nlin/0111019;nlin/0111019;0;10;10
0907.3719;0907.3719;0;38;38
0904.1273;0904.1273;0;3;3
hep-th/0403066;hep-th/0403066;0;9;9
hep-th/9407088;hep-th/9407088;2;0;2
0902.1852;0902.1852;0;2;2
0902.1851;0902.1851;0;8;8
0708.2471;0708.2471;0;31;31
0710.5297;0710.5297;0;42;42
gr-qc/0012033;gr-qc/0012033;0;4;4
0911.3544;0911.3544;0;16;16
0904.4672;0904.4672;0;7;7
hep-lat/0612006;hep-lat/0612006;2;4;6
0903.5398;0903.5398;0;28;28
0904.0609;0904.0609;0;13;13
0904.0606;0904.0606;0;39;39
hep-ph/0610025;hep-ph/0610025;1;10;11
0904.0601;0904.0601;0;30;30
hep-th/0107155;hep-th/0107155;4;19;23
hep-th/9212158;hep-th/9212158;0;2;2
hep-th/0007198;hep-th/0007198;3;20;23
hep-th/0004113;hep-th/0004113;6;17;23
hep-th/9906208;hep-th/9906208;0;1;1
hep-th/0205239;hep-th/0205239;0;2;2
hep-th/0205237;hep-th/0205237;1;14;15
hep-th/0007033;hep-th/0007033;5;6;11
0912.0010;0912.0010;0;17;17
0712.4202;0712.4202;0;20;20
0712.4025;0712.4025;0;3;3
0901.2292;0901.2292;0;26;26
0712.4024;0712.4024;0;7;7
0707.1038;0707.1038;0;64;64
0809.3238;0809.3238;0;30;30
hep-ph/0012368;hep-ph/0012368;1;0;1
hep-th/0012241;hep-th/0012241;4;0;4
hep-th/0108051;hep-th/0108051;0;27;27
cond-mat/0610559;cond-mat/0610559;0;7;7
0808.1580;0808.1580;0;34;34
0904.1951;0904.1951;0;27;27
hep-th/0701060;hep-th/0701060;1;42;43
hep-th/0203076;hep-th/0203076;1;53;54
0905.0614;0905.0614;0;10;10
0711.3600;0711.3600;0;34;34
0811.2049;0811.2049;0;10;10
0902.4173;0902.4173;0;8;8
hep-th/9405130;hep-th/9405130;2;24;26
hep-th/9111024;hep-th/9111024;4;0;4
hep-th/9405134;hep-th/9405134;2;9;11
hep-th/9903137;hep-th/9903137;3;11;14
hep-th/9802159;hep-th/9802159;3;5;8
0808.1800;0808.1800;0;7;7
hep-th/0607143;hep-th/0607143;1;2;3
hep-ph/0410280;hep-ph/0410280;4;14;18
0808.1805;0808.1805;0;15;15
0802.2040;0802.2040;0;30;30
0911.5281;0911.5281;0;10;10
0804.1211;0804.1211;0;18;18
0909.4901;0909.4901;0;2;2
0909.1365;0909.1365;0;26;26
hep-th/0701038;hep-th/0701038;7;26;33
astro-ph/0505561;astro-ph/0505561;2;6;8
astro-ph/9908073;astro-ph/9908073;2;3;5
hep-th/0209087;hep-th/0209087;3;3;6
0803.0158;0803.0158;0;24;24
hep-th/0510222;hep-th/0510222;2;0;2
0809.3217;0809.3217;0;8;8
hep-th/0107240;hep-th/0107240;3;1;4
hep-th/9912270;hep-th/9912270;1;2;3
hep-th/9901008;hep-th/9901008;2;30;32
0707.0076;0707.0076;0;27;27
hep-th/0612089;hep-th/0612089;0;7;7
hep-th/0506194;hep-th/0506194;1;11;12
hep-th/0506026;hep-th/0506026;2;11;13
hep-th/0502103;hep-th/0502103;0;95;95
hep-th/0502101;hep-th/0502101;0;48;48
hep-th/0502100;hep-th/0502100;5;18;23
hep-th/0502107;hep-th/0502107;1;4;5
0911.2880;0911.2880;0;10;10
hep-ph/0610021;hep-ph/0610021;2;25;27
0705.2992;0705.2992;0;2;2
hep-th/9605072;hep-th/9605072;2;3;5
hep-th/9311121;hep-th/9311121;5;2;7
hep-th/9605070;hep-th/9605070;1;19;20
hep-th/9605076;hep-th/9605076;0;2;2
hep-th/9405046;hep-th/9405046;2;0;2
hep-th/9605075;hep-th/9605075;4;23;27
hep-th/9802106;hep-th/9802106;3;1;4
hep-th/9605078;hep-th/9605078;0;1;1
0807.4216;0807.4216;0;21;21
0910.3774;0910.3774;0;10;10
0902.1079;0902.1079;0;9;9
hep-th/9502040;hep-th/9502040;2;0;2
0911.2777;0911.2777;0;7;7
hep-th/0307237;hep-th/0307237;0;5;5
hep-th/0212040;hep-th/0212040;1;2;3
0709.0140;0709.0140;0;7;7
cond-mat/9909308;cond-mat/9909308;1;0;1
math-ph/0206006;math-ph/0206006;2;9;11
hep-th/9612201;hep-th/9612201;3;16;19
hep-th/9907147;hep-th/9907147;1;9;10
hep-th/9807041;hep-th/9807041;2;17;19
hep-th/9907149;hep-th/9907149;0;7;7
quant-ph/9505010;quant-ph/9505010;0;2;2
quant-ph/9504014;quant-ph/9504014;1;0;1
quant-ph/9504012;quant-ph/9504012;1;0;1
0803.1203;0803.1203;0;40;40
nlin/0604018;nlin/0604018;5;18;23
nlin/0512047;nlin/0512047;3;16;19
math/0402345;math/0402345;1;0;1
hep-th/0301191;hep-th/0301191;2;3;5
0707.3522;0707.3522;0;11;11
0904.2359;0904.2359;0;2;2
0912.2634;0912.2634;0;18;18
nlin/0008017;nlin/0008017;0;2;2
solv-int/9811016;solv-int/9811016;1;1;2
0803.0098;0803.0098;0;44;44
hep-th/0007223;hep-th/0007223;5;16;21
hep-th/0102150;hep-th/0102150;0;17;17
solv-int/9509001;solv-int/9509001;3;0;3
hep-th/0005278;hep-th/0005278;2;11;13
0712.0324;0712.0324;0;36;36
0812.2234;0812.2234;0;9;9
0705.1908;0705.1908;0;3;3
0805.1982;0805.1982;0;35;35
0712.0322;0712.0322;0;3;3
hep-th/0305027;hep-th/0305027;4;13;17
0710.5339;0710.5339;0;19;19
quant-ph/9602010;quant-ph/9602010;1;3;4
hep-th/9408020;hep-th/9408020;4;4;8
hep-th/0009179;hep-th/0009179;0;10;10
hep-th/9601131;hep-th/9601131;1;2;3
quant-ph/0303016;quant-ph/0303016;0;1;1
hep-th/0009170;hep-th/0009170;0;4;4
hep-th/9602109;hep-th/9602109;2;6;8
hep-th/9201049;hep-th/9201049;5;0;5
hep-th/9906196;hep-th/9906196;4;20;24
hep-lat/0511042;hep-lat/0511042;0;8;8
hep-th/0105039;hep-th/0105039;2;24;26
hep-th/0412132;hep-th/0412132;0;7;7
0907.1704;0907.1704;0;2;2
0907.1706;0907.1706;0;5;5
0810.5154;0810.5154;0;16;16
0802.3218;0802.3218;0;66;66
cond-mat/9410082;cond-mat/9410082;2;0;2
hep-th/0405287;hep-th/0405287;0;4;4
hep-th/9502036;hep-th/9502036;2;5;7
hep-th/9502037;hep-th/9502037;0;6;6
hep-th/9412103;hep-th/9412103;1;1;2
hep-lat/0011063;hep-lat/0011063;0;5;5
hep-lat/9806010;hep-lat/9806010;1;3;4
hep-lat/0011062;hep-lat/0011062;2;8;10
hep-th/0006097;hep-th/0006097;6;6;12
hep-th/0011124;hep-th/0011124;3;4;7
hep-ph/0211329;hep-ph/0211329;2;3;5
hep-th/0506241;hep-th/0506241;0;8;8
hep-th/0510143;hep-th/0510143;0;2;2
hep-th/9301057;hep-th/9301057;2;0;2
math-ph/0605026;math-ph/0605026;0;4;4
math-ph/0605027;math-ph/0605027;1;1;2
math-ph/0605025;math-ph/0605025;1;5;6
0901.4744;0901.4744;0;61;61
hep-th/0601132;hep-th/0601132;6;16;22
math-ph/9805011;math-ph/9805011;5;0;5
0809.2854;0809.2854;0;28;28
0808.0997;0808.0997;0;6;6
0808.0990;0808.0990;0;11;11
0812.3182;0812.3182;0;83;83
0808.0992;0808.0992;0;14;14
0912.3534;0912.3534;0;32;32
gr-qc/9904055;gr-qc/9904055;1;0;1
0903.2380;0903.2380;0;11;11
0801.1508;0801.1508;0;8;8
math/0002072;math/0002072;0;1;1
0809.2238;0809.2238;0;19;19
0801.2850;0801.2850;0;10;10
hep-th/9707132;hep-th/9707132;4;0;4
0801.2856;0801.2856;0;11;11
hep-th/9912149;hep-th/9912149;3;5;8
0808.2538;0808.2538;0;37;37
cond-mat/0508353;cond-mat/0508353;0;5;5
0808.2598;0808.2598;0;27;27
hep-th/0204229;hep-th/0204229;1;0;1
hep-th/0503248;hep-th/0503248;5;21;26
hep-th/0212046;hep-th/0212046;6;7;13
hep-th/0403042;hep-th/0403042;2;19;21
hep-th/0205228;hep-th/0205228;5;25;30
0804.1152;0804.1152;0;10;10
hep-th/0408111;hep-th/0408111;0;8;8
hep-th/0108168;hep-th/0108168;0;20;20
hep-th/0408116;hep-th/0408116;0;3;3
0707.3406;0707.3406;0;55;55
hep-th/0108164;hep-th/0108164;4;16;20
0712.3008;0712.3008;0;50;50
gr-qc/9504046;gr-qc/9504046;1;0;1
hep-th/9306160;hep-th/9306160;1;0;1
hep-th/0107095;hep-th/0107095;1;6;7
hep-th/9912129;hep-th/9912129;4;4;8
hep-th/0410062;hep-th/0410062;0;9;9
0711.0426;0711.0426;0;5;5
0809.3390;0809.3390;0;17;17
0705.3697;0705.3697;0;26;26
0705.3692;0705.3692;0;18;18
0708.3813;0708.3813;0;7;7
0708.3814;0708.3814;0;33;33
0905.1207;0905.1207;0;1;1
hep-th/9409118;hep-th/9409118;0;2;2
hep-th/9409112;hep-th/9409112;0;1;1
hep-ph/9310364;hep-ph/9310364;1;0;1
hep-th/0304058;hep-th/0304058;3;11;14
hep-th/0212180;hep-th/0212180;4;5;9
hep-th/0302225;hep-th/0302225;1;6;7
hep-th/0304053;hep-th/0304053;2;15;17
hep-th/0304052;hep-th/0304052;1;5;6
0705.3528;0705.3528;0;7;7
0903.0522;0903.0522;0;76;76
0804.1156;0804.1156;0;61;61
0912.0752;0912.0752;0;17;17
hep-th/0109143;hep-th/0109143;0;1;1
hep-th/0109140;hep-th/0109140;1;13;14
0807.4970;0807.4970;0;14;14
hep-th/0011081;hep-th/0011081;3;14;17
0709.0858;0709.0858;0;36;36
hep-th/0002200;hep-th/0002200;1;15;16
hep-ph/9311305;hep-ph/9311305;0;4;4
hep-th/9209090;hep-th/9209090;1;0;1
hep-th/9402134;hep-th/9402134;2;4;6
hep-th/9402135;hep-th/9402135;0;1;1
hep-th/0109144;hep-th/0109144;0;2;2
0807.3807;0807.3807;0;40;40
0706.4431;0706.4431;0;10;10
solv-int/9511002;solv-int/9511002;0;2;2
0801.3812;0801.3812;0;47;47
hep-th/9211091;hep-th/9211091;2;0;2
hep-th/9411192;hep-th/9411192;1;6;7
hep-ph/9506413;hep-ph/9506413;0;1;1
hep-th/0109149;hep-th/0109149;0;98;98
hep-th/9907083;hep-th/9907083;3;12;15
hep-th/0503120;hep-th/0503120;1;4;5
math/0406268;math/0406268;0;1;1
hep-th/9110059;hep-th/9110059;6;0;6
hep-th/0404146;hep-th/0404146;0;8;8
hep-ph/9801263;hep-ph/9801263;3;5;8
hep-th/9504042;hep-th/9504042;6;0;6
math-ph/0401024;math-ph/0401024;3;12;15
hep-th/0208226;hep-th/0208226;6;14;20
hep-ph/9611461;hep-ph/9611461;2;14;16
0906.3802;0906.3802;0;33;33
hep-th/9812154;hep-th/9812154;2;25;27
0807.5006;0807.5006;0;30;30
cond-mat/0012334;cond-mat/0012334;1;1;2
hep-th/0608079;hep-th/0608079;0;10;10
hep-th/9505177;hep-th/9505177;1;7;8
hep-th/9505174;hep-th/9505174;3;4;7
0708.0897;0708.0897;0;14;14
hep-th/0007249;hep-th/0007249;1;1;2
0704.0314;0704.0314;0;17;17
hep-th/9306105;hep-th/9306105;0;4;4
hep-th/9301117;hep-th/9301117;1;0;1
hep-th/9306109;hep-th/9306109;0;3;3
hep-th/9711169;hep-th/9711169;5;8;13
hep-th/9303120;hep-th/9303120;1;0;1
cond-mat/9304019;cond-mat/9304019;2;0;2
cond-mat/9212034;cond-mat/9212034;1;1;2
hep-th/0301201;hep-th/0301201;2;28;30
0911.2664;0911.2664;0;14;14
hep-th/9209030;hep-th/9209030;5;0;5
hep-th/9211136;hep-th/9211136;0;1;1
0911.2136;0911.2136;0;21;21
0710.5232;0710.5232;0;15;15
hep-th/0206234;hep-th/0206234;6;14;20
hep-th/0206235;hep-th/0206235;1;1;2
hep-th/0206230;hep-th/0206230;0;2;2
hep-th/9812075;hep-th/9812075;2;0;2
hep-th/0206232;hep-th/0206232;0;9;9
cond-mat/0110205;cond-mat/0110205;0;4;4
hep-th/0301208;hep-th/0301208;0;1;1
gr-qc/0002058;gr-qc/0002058;1;0;1
0906.1902;0906.1902;0;2;2
0809.3808;0809.3808;0;25;25
hep-th/0406164;hep-th/0406164;1;9;10
hep-th/9904079;hep-th/9904079;3;0;3
gr-qc/9810089;gr-qc/9810089;3;0;3
hep-th/0406162;hep-th/0406162;2;4;6
0906.1904;0906.1904;0;5;5
0804.2353;0804.2353;0;10;10
0908.4278;0908.4278;0;8;8
0906.0292;0906.0292;0;4;4
0809.1157;0809.1157;0;9;9
0809.1156;0809.1156;0;29;29
hep-th/0506122;hep-th/0506122;1;35;36
0812.0228;0812.0228;0;11;11
hep-th/0606132;hep-th/0606132;1;4;5
hep-th/9812174;hep-th/9812174;3;5;8
0905.1838;0905.1838;0;36;36
hep-ph/9903380;hep-ph/9903380;3;2;5
hep-th/0604009;hep-th/0604009;1;4;5
hep-th/0511066;hep-th/0511066;2;3;5
hep-th/9511095;hep-th/9511095;2;4;6
hep-th/0604008;hep-th/0604008;1;80;81
hep-th/0604005;hep-th/0604005;0;15;15
hep-th/0602029;hep-th/0602029;1;17;18
hep-th/0609036;hep-th/0609036;0;9;9
hep-th/0010242;hep-th/0010242;0;22;22
hep-th/9909136;hep-th/9909136;1;6;7
hep-th/0010248;hep-th/0010248;1;18;19
hep-th/0010249;hep-th/0010249;0;1;1
0804.0851;0804.0851;0;3;3
0804.0855;0804.0855;0;35;35
0806.3914;0806.3914;0;4;4
hep-th/0207237;hep-th/0207237;2;9;11
0810.3300;0810.3300;0;19;19
0806.3913;0806.3913;0;40;40
hep-th/0305012;hep-th/0305012;2;0;2
hep-th/0312057;hep-th/0312057;1;7;8
hep-th/0701147;hep-th/0701147;0;2;2
hep-th/0608144;hep-th/0608144;1;15;16
gr-qc/0607137;gr-qc/0607137;2;5;7
hep-th/0701141;hep-th/0701141;0;7;7
hep-th/9908063;hep-th/9908063;0;12;12
hep-th/9410122;hep-th/9410122;2;0;2
hep-th/9708162;hep-th/9708162;1;4;5
cond-mat/9904093;cond-mat/9904093;0;5;5
hep-th/9802131;hep-th/9802131;3;1;4
hep-th/9611183;hep-th/9611183;4;1;5
hep-th/9910057;hep-th/9910057;2;4;6
hep-ph/9806395;hep-ph/9806395;1;3;4
hep-ph/0501147;hep-ph/0501147;1;4;5
gr-qc/9806074;gr-qc/9806074;1;1;2
hep-th/0007224;hep-th/0007224;3;1;4
hep-th/0009014;hep-th/0009014;2;2;4
hep-th/9308149;hep-th/9308149;2;0;2
gr-qc/9607055;gr-qc/9607055;2;7;9
hep-th/0310162;hep-th/0310162;5;25;30
0806.0501;0806.0501;0;19;19
gr-qc/9803096;gr-qc/9803096;2;0;2
hep-th/0701149;hep-th/0701149;0;47;47
hep-th/9706122;hep-th/9706122;0;6;6
hep-th/9706126;hep-th/9706126;0;2;2
hep-th/0106003;hep-th/0106003;0;6;6
0811.1620;0811.1620;0;20;20
hep-th/0603252;hep-th/0603252;0;3;3
hep-th/0401070;hep-th/0401070;1;1;2
gr-qc/0312115;gr-qc/0312115;1;6;7
0809.0957;0809.0957;0;1;1
0807.0633;0807.0633;0;6;6
0706.1264;0706.1264;0;28;28
0802.1020;0802.1020;0;21;21
hep-th/0207233;hep-th/0207233;0;8;8
hep-th/0109026;hep-th/0109026;1;0;1
quant-ph/9809047;quant-ph/9809047;4;1;5
0806.0628;0806.0628;0;3;3
hep-th/0701253;hep-th/0701253;0;15;15
hep-th/0510146;hep-th/0510146;2;11;13
hep-th/0405059;hep-th/0405059;1;6;7
0907.2705;0907.2705;0;1;1
0710.4273;0710.4273;0;11;11
0710.4275;0710.4275;0;10;10
0804.1073;0804.1073;0;56;56
hep-th/0211039;hep-th/0211039;1;14;15
astro-ph/0606512;astro-ph/0606512;0;12;12
0804.1077;0804.1077;0;2;2
0907.4053;0907.4053;0;1;1
0902.3642;0902.3642;0;24;24
hep-lat/9802014;hep-lat/9802014;0;4;4
0903.1324;0903.1324;0;10;10
hep-ph/0307226;hep-ph/0307226;0;14;14
0704.2769;0704.2769;0;29;29
hep-th/0506253;hep-th/0506253;1;20;21
hep-th/0509169;hep-th/0509169;2;19;21
0802.0080;0802.0080;0;2;2
hep-th/0303058;hep-th/0303058;1;6;7
0903.4030;0903.4030;0;19;19
0803.0318;0803.0318;0;13;13
0803.0319;0803.0319;0;6;6
0903.0511;0903.0511;0;3;3
0803.3305;0803.3305;0;16;16
gr-qc/0311056;gr-qc/0311056;2;16;18
0803.0313;0803.0313;0;37;37
hep-th/0507188;hep-th/0507188;2;49;51
hep-th/0207230;hep-th/0207230;0;4;4
0709.2381;0709.2381;0;1;1
hep-th/0408209;hep-th/0408209;0;12;12
hep-th/0512234;hep-th/0512234;2;7;9
hep-th/0103157;hep-th/0103157;4;26;30
hep-th/0512235;hep-th/0512235;3;5;8
hep-th/0512237;hep-th/0512237;0;10;10
0706.1843;0706.1843;0;25;25
0804.4721;0804.4721;0;39;39
hep-th/0701031;hep-th/0701031;2;35;37
0803.1880;0803.1880;0;19;19
0909.4824;0909.4824;0;6;6
0911.1358;0911.1358;0;20;20
hep-ph/0603051;hep-ph/0603051;3;17;20
0903.4471;0903.4471;0;47;47
hep-th/0610214;hep-th/0610214;8;0;8
hep-th/9810150;hep-th/9810150;3;7;10
0711.2099;0711.2099;0;8;8
0904.1343;0904.1343;0;10;10
hep-th/0307035;hep-th/0307035;0;12;12
hep-th/0204067;hep-th/0204067;1;0;1
0904.4509;0904.4509;0;13;13
0711.3059;0711.3059;0;55;55
hep-th/0108138;hep-th/0108138;4;0;4
hep-th/0007110;hep-th/0007110;2;39;41
math/0011160;math/0011160;1;23;24
cond-mat/0202166;cond-mat/0202166;6;0;6
hep-th/0302206;hep-th/0302206;2;26;28
0903.3564;0903.3564;0;2;2
hep-ph/9911325;hep-ph/9911325;0;3;3
0908.2190;0908.2190;0;18;18
hep-th/9111023;hep-th/9111023;2;0;2
0812.3391;0812.3391;0;51;51
0810.0269;0810.0269;0;7;7
0811.0179;0811.0179;0;10;10
hep-th/0209167;hep-th/0209167;0;6;6
quant-ph/0203109;quant-ph/0203109;5;2;7
hep-th/0207118;hep-th/0207118;1;0;1
hep-th/0004049;hep-th/0004049;14;0;14
hep-th/0209168;hep-th/0209168;0;1;1
0909.0346;0909.0346;0;7;7
0902.2934;0902.2934;0;9;9
cond-mat/9610212;cond-mat/9610212;0;6;6
0704.0052;0704.0052;0;1;1
0707.2754;0707.2754;0;17;17
0802.2908;0802.2908;0;20;20
gr-qc/0212065;gr-qc/0212065;1;17;18
hep-th/9209059;hep-th/9209059;2;0;2
0910.5755;0910.5755;0;1;1
0707.4221;0707.4221;0;6;6
hep-th/0002197;hep-th/0002197;1;4;5
0909.5440;0909.5440;0;6;6
0909.5441;0909.5441;0;11;11
hep-lat/9811001;hep-lat/9811001;1;11;12
hep-th/0001147;hep-th/0001147;0;1;1
hep-th/0001146;hep-th/0001146;1;3;4
hep-th/0001141;hep-th/0001141;2;5;7
hep-th/0001142;hep-th/0001142;0;39;39
hep-th/9906145;hep-th/9906145;1;11;12
hep-th/0001149;hep-th/0001149;1;18;19
hep-th/0001148;hep-th/0001148;0;4;4
0804.2878;0804.2878;0;26;26
hep-th/0312031;hep-th/0312031;0;6;6
0809.2154;0809.2154;0;3;3
0709.4033;0709.4033;0;69;69
hep-th/0504228;hep-th/0504228;0;10;10
0804.1114;0804.1114;0;8;8
0812.2690;0812.2690;0;14;14
hep-th/0410277;hep-th/0410277;2;2;4
math/0610322;math/0610322;2;2;4
hep-th/0510252;hep-th/0510252;3;7;10
hep-th/0702152;hep-th/0702152;2;10;12
0802.3518;0802.3518;0;7;7
0806.4715;0806.4715;0;12;12
0806.4716;0806.4716;0;13;13
hep-th/0204197;hep-th/0204197;3;33;36
hep-th/0210040;hep-th/0210040;1;13;14
hep-th/0505101;hep-th/0505101;6;23;29
math-ph/0310068;math-ph/0310068;0;3;3
hep-th/0610124;hep-th/0610124;1;50;51
math-ph/0310062;math-ph/0310062;0;2;2
0804.4836;0804.4836;0;15;15
math-ph/0310066;math-ph/0310066;1;1;2
hep-th/0204019;hep-th/0204019;2;1;3
0802.2018;0802.2018;0;9;9
hep-th/0701256;hep-th/0701256;0;10;10
0707.2593;0707.2593;0;1;1
quant-ph/0101077;quant-ph/0101077;3;0;3
math/0006001;math/0006001;0;2;2
hep-th/9505179;hep-th/9505179;3;0;3
cond-mat/0109539;cond-mat/0109539;1;0;1
0901.0644;0901.0644;0;8;8
hep-th/0504083;hep-th/0504083;2;24;26
0704.2465;0704.2465;0;8;8
hep-th/9212148;hep-th/9212148;3;1;4
hep-th/9304058;hep-th/9304058;0;1;1
hep-th/9212132;hep-th/9212132;2;0;2
hep-th/9207055;hep-th/9207055;3;0;3
hep-th/9905216;hep-th/9905216;0;3;3
hep-th/9802169;hep-th/9802169;1;11;12
hep-th/9811023;hep-th/9811023;2;4;6
0901.2648;0901.2648;0;3;3
hep-th/0103113;hep-th/0103113;0;3;3
0706.0678;0706.0678;0;9;9
hep-th/0106007;hep-th/0106007;0;2;2
0707.1483;0707.1483;0;34;34
0706.0676;0706.0676;0;44;44
hep-lat/0611012;hep-lat/0611012;0;9;9
hep-th/9608057;hep-th/9608057;3;0;3
hep-th/9711024;hep-th/9711024;2;9;11
0902.4669;0902.4669;0;5;5
0710.0944;0710.0944;0;6;6
0706.1104;0706.1104;0;38;38
0811.2425;0811.2425;0;3;3
hep-th/9602092;hep-th/9602092;1;0;1
0704.0729;0704.0729;0;16;16
0705.2486;0705.2486;0;16;16
0911.1063;0911.1063;0;28;28
hep-th/9607087;hep-th/9607087;1;0;1
hep-th/9704038;hep-th/9704038;2;0;2
hep-ph/9812376;hep-ph/9812376;4;13;17
hep-th/9807047;hep-th/9807047;1;2;3
hep-th/9807048;hep-th/9807048;1;2;3
0807.4841;0807.4841;0;4;4
hep-th/0002148;hep-th/0002148;3;9;12
hep-th/0106052;hep-th/0106052;2;12;14
hep-th/9310061;hep-th/9310061;5;0;5
quant-ph/0603003;quant-ph/0603003;2;0;2
0809.2453;0809.2453;0;9;9
0809.2452;0809.2452;0;71;71
hep-th/9611212;hep-th/9611212;2;2;4
hep-th/0108154;hep-th/0108154;2;18;20
hep-th/0108155;hep-th/0108155;0;6;6
gr-qc/9303015;gr-qc/9303015;1;21;22
gr-qc/9305004;gr-qc/9305004;1;0;1
hep-th/9307179;hep-th/9307179;1;2;3
gr-qc/9306024;gr-qc/9306024;1;1;2
gr-qc/9208010;gr-qc/9208010;1;0;1
gr-qc/9209003;gr-qc/9209003;2;0;2
hep-th/9511177;hep-th/9511177;0;4;4
hep-th/9508038;hep-th/9508038;2;1;3
hep-th/9511174;hep-th/9511174;0;4;4
0910.3422;0910.3422;0;14;14
0803.2045;0803.2045;0;63;63
0809.3398;0809.3398;0;30;30
0801.3385;0801.3385;0;21;21
0907.1124;0907.1124;0;1;1
hep-ph/0606308;hep-ph/0606308;1;12;13
0712.2221;0712.2221;0;41;41
hep-ph/9307297;hep-ph/9307297;5;0;5
math-ph/0110004;math-ph/0110004;1;1;2
gr-qc/0504075;gr-qc/0504075;0;6;6
0911.3341;0911.3341;0;18;18
gr-qc/9405026;gr-qc/9405026;6;1;7
math/0106140;math/0106140;1;3;4
gr-qc/0311087;gr-qc/0311087;0;1;1
hep-th/0110091;hep-th/0110091;3;14;17
0804.1988;0804.1988;0;21;21
quant-ph/9807048;quant-ph/9807048;0;1;1
hep-th/9703171;hep-th/9703171;1;18;19
hep-th/0302145;hep-th/0302145;5;14;19
0811.2423;0811.2423;0;32;32
0710.5407;0710.5407;0;5;5
hep-th/9906175;hep-th/9906175;1;9;10
hep-th/9806070;hep-th/9806070;2;0;2
hep-th/9906171;hep-th/9906171;0;2;2
hep-ph/9610338;hep-ph/9610338;1;0;1
0903.4375;0903.4375;0;9;9
0810.3291;0810.3291;0;24;24
0810.3296;0810.3296;0;38;38
hep-th/0110003;hep-th/0110003;0;3;3
0908.3406;0908.3406;0;18;18
0704.0722;0704.0722;0;13;13
0902.0590;0902.0590;0;13;13
0804.0779;0804.0779;0;16;16
hep-ph/9703239;hep-ph/9703239;4;11;15
gr-qc/0206064;gr-qc/0206064;1;6;7
gr-qc/0206065;gr-qc/0206065;0;15;15
gr-qc/0312064;gr-qc/0312064;1;18;19
gr-qc/0311068;gr-qc/0311068;1;13;14
gr-qc/9705003;gr-qc/9705003;5;1;6
gr-qc/0312068;gr-qc/0312068;0;6;6
gr-qc/0307026;gr-qc/0307026;1;3;4
gr-qc/0312069;gr-qc/0312069;3;1;4
hep-th/0103121;hep-th/0103121;0;3;3
hep-th/9310027;hep-th/9310027;2;0;2
hep-th/0103125;hep-th/0103125;1;2;3
hep-th/0103129;hep-th/0103129;0;11;11
0902.2729;0902.2729;0;13;13
0806.1026;0806.1026;0;21;21
0803.2777;0803.2777;1;34;35
0904.4801;0904.4801;0;6;6
0801.2268;0801.2268;0;41;41
gr-qc/0404076;gr-qc/0404076;3;2;5
hep-th/9810218;hep-th/9810218;2;3;5
hep-th/9810216;hep-th/9810216;0;1;1
hep-th/9810217;hep-th/9810217;1;7;8
0708.3452;0708.3452;0;9;9
hep-th/0008189;hep-th/0008189;0;2;2
hep-th/0008187;hep-th/0008187;0;1;1
math/0308160;math/0308160;1;2;3
hep-th/0403003;hep-th/0403003;0;38;38
0905.1822;0905.1822;0;65;65
0710.2453;0710.2453;0;17;17
0810.5197;0810.5197;0;5;5
0810.5195;0810.5195;0;32;32
0711.0825;0711.0825;0;2;2
0711.1744;0711.1744;0;37;37
hep-ph/0010234;hep-ph/0010234;2;4;6
hep-ph/0010294;hep-ph/0010294;2;9;11
hep-th/0010197;hep-th/0010197;2;5;7
hep-ph/9606372;hep-ph/9606372;2;7;9
0907.4678;0907.4678;0;48;48
math-ph/0610032;math-ph/0610032;0;8;8
math-ph/0606057;math-ph/0606057;2;0;2
hep-ph/0408236;hep-ph/0408236;1;3;4
hep-th/9912126;hep-th/9912126;1;2;3
quant-ph/0602097;quant-ph/0602097;3;3;6
0906.2456;0906.2456;0;25;25
hep-ph/0407353;hep-ph/0407353;3;12;15
0910.2975;0910.2975;0;3;3
0801.2581;0801.2581;0;7;7
math-ph/0010026;math-ph/0010026;1;9;10
hep-th/0211161;hep-th/0211161;2;13;15
hep-th/0310298;hep-th/0310298;1;13;14
0710.2484;0710.2484;0;12;12
0705.2443;0705.2443;0;19;19
0906.2385;0906.2385;0;25;25
0808.3568;0808.3568;0;6;6
0808.3567;0808.3567;0;44;44
0805.3511;0805.3511;0;22;22
0709.4060;0709.4060;0;8;8
cond-mat/0512167;cond-mat/0512167;1;5;6
cond-mat/9705233;cond-mat/9705233;2;0;2
cond-mat/0111375;cond-mat/0111375;0;5;5
hep-th/0605190;hep-th/0605190;0;22;22
hep-ph/0508117;hep-ph/0508117;0;5;5
hep-ph/0507131;hep-ph/0507131;0;4;4
hep-th/0302135;hep-th/0302135;2;0;2
0805.3515;0805.3515;0;16;16
0708.0373;0708.0373;0;5;5
gr-qc/0505153;gr-qc/0505153;3;9;12
0812.0334;0812.0334;0;8;8
gr-qc/0508126;gr-qc/0508126;0;2;2
0710.4473;0710.4473;0;23;23
0710.4471;0710.4471;0;108;108
hep-th/0412037;hep-th/0412037;3;18;21
0812.2791;0812.2791;0;24;24
cond-mat/9807024;cond-mat/9807024;0;3;3
hep-th/9609097;hep-th/9609097;2;5;7
math-ph/0703083;math-ph/0703083;0;57;57
hep-th/0206133;hep-th/0206133;3;4;7
hep-th/0208140;hep-th/0208140;1;12;13
hep-th/0010199;hep-th/0010199;6;4;10
gr-qc/0407077;gr-qc/0407077;1;8;9
hep-th/0207112;hep-th/0207112;3;0;3
hep-th/0101024;hep-th/0101024;2;0;2
0708.2646;0708.2646;0;1;1
0708.2648;0708.2648;0;27;27
math/0507414;math/0507414;4;8;12
0710.3886;0710.3886;0;38;38
0808.3382;0808.3382;0;11;11
math/0605141;math/0605141;0;7;7
math/0504420;math/0504420;3;13;16
hep-th/9409092;hep-th/9409092;0;1;1
hep-th/9409090;hep-th/9409090;1;3;4
hep-th/9409036;hep-th/9409036;2;0;2
hep-th/9409095;hep-th/9409095;0;23;23
0802.1118;0802.1118;0;26;26
0811.2514;0811.2514;0;3;3
0711.1559;0711.1559;0;3;3
0911.0075;0911.0075;0;26;26
0705.3460;0705.3460;0;40;40
0804.0457;0804.0457;0;3;3
hep-th/9403148;hep-th/9403148;0;2;2
hep-th/9403145;hep-th/9403145;0;2;2
hep-th/9403140;hep-th/9403140;0;2;2
0903.1047;0903.1047;0;11;11
quant-ph/0507246;quant-ph/0507246;0;4;4
hep-th/9706081;hep-th/9706081;4;0;4
0807.0960;0807.0960;0;10;10
0709.1658;0709.1658;0;17;17
hep-th/0406194;hep-th/0406194;2;8;10
hep-th/0602248;hep-th/0602248;1;11;12
0808.2387;0808.2387;0;15;15
gr-qc/9404006;gr-qc/9404006;2;2;4
gr-qc/0609032;gr-qc/0609032;0;9;9
gr-qc/0508091;gr-qc/0508091;1;12;13
0803.3234;0803.3234;0;13;13
hep-th/9410063;hep-th/9410063;3;5;8
0812.3442;0812.3442;0;20;20
quant-ph/0108094;quant-ph/0108094;0;2;2
0807.4046;0807.4046;0;4;4
hep-th/0505004;hep-th/0505004;3;7;10
hep-th/0006058;hep-th/0006058;7;24;31
hep-th/0409051;hep-th/0409051;1;52;53
hep-ph/0501204;hep-ph/0501204;1;4;5
0706.3757;0706.3757;0;32;32
hep-th/0408030;hep-th/0408030;4;0;4
0906.4990;0906.4990;0;5;5
0807.4084;0807.4084;0;26;26
0712.3631;0712.3631;0;14;14
hep-th/9301051;hep-th/9301051;1;0;1
hep-th/9504144;hep-th/9504144;1;5;6
hep-ph/9510330;hep-ph/9510330;0;3;3
hep-ph/9510331;hep-ph/9510331;0;3;3
0803.3999;0803.3999;0;140;140
0910.0466;0910.0466;0;35;35
hep-th/0611133;hep-th/0611133;2;0;2
0905.2069;0905.2069;0;11;11
hep-ph/9807403;hep-ph/9807403;7;1;8
gr-qc/0005101;gr-qc/0005101;0;7;7
nucl-th/9901079;nucl-th/9901079;1;7;8
0906.4282;0906.4282;0;14;14
hep-th/0611250;hep-th/0611250;0;2;2
hep-th/9710038;hep-th/9710038;2;0;2
gr-qc/0411073;gr-qc/0411073;1;1;2
hep-th/0412089;hep-th/0412089;3;14;17
0903.0318;0903.0318;0;34;34
hep-th/9408055;hep-th/9408055;0;3;3
hep-th/9208014;hep-th/9208014;4;0;4
hep-th/9408054;hep-th/9408054;0;1;1
hep-th/9408051;hep-th/9408051;0;2;2
hep-th/9408050;hep-th/9408050;0;2;2
hep-th/0410015;hep-th/0410015;1;18;19
0802.0864;0802.0864;0;14;14
astro-ph/0209242;astro-ph/0209242;7;15;22
hep-th/0412066;hep-th/0412066;1;14;15
0708.0583;0708.0583;0;45;45
0912.1044;0912.1044;0;28;28
hep-th/0410017;hep-th/0410017;1;5;6
0908.3009;0908.3009;0;3;3
0909.3714;0909.3714;0;5;5
hep-th/0509073;hep-th/0509073;2;9;11
0911.3062;0911.3062;0;9;9
0905.0240;0905.0240;0;16;16
0708.1399;0708.1399;0;66;66
0712.4062;0712.4062;0;25;25
0805.1611;0805.1611;0;24;24
0706.4196;0706.4196;0;3;3
hep-th/0606192;hep-th/0606192;1;8;9
0803.1741;0803.1741;0;5;5
hep-th/0608220;hep-th/0608220;0;6;6
hep-th/9412007;hep-th/9412007;5;0;5
hep-th/0403245;hep-th/0403245;1;15;16
0904.4772;0904.4772;0;8;8
0803.2001;0803.2001;0;12;12
hep-th/9708164;hep-th/9708164;1;94;95
hep-th/9306097;hep-th/9306097;3;0;3
hep-th/9408101;hep-th/9408101;3;8;11
hep-th/9711086;hep-th/9711086;0;20;20
hep-th/0406062;hep-th/0406062;4;11;15
hep-th/0112212;hep-th/0112212;2;12;14
math-ph/0104019;math-ph/0104019;1;3;4
hep-ph/9602313;hep-ph/9602313;0;2;2
hep-ph/9602311;hep-ph/9602311;1;8;9
0804.0274;0804.0274;0;2;2
hep-th/0505045;hep-th/0505045;0;61;61
0802.2257;0802.2257;0;62;62
0903.0606;0903.0606;0;1;1
0805.2220;0805.2220;0;26;26
0809.1340;0809.1340;0;3;3
0704.1651;0704.1651;0;11;11
0704.1653;0704.1653;0;23;23
0809.4556;0809.4556;0;44;44
0704.1657;0704.1657;0;27;27
0709.2502;0709.2502;0;10;10
0903.0420;0903.0420;0;5;5
0807.2745;0807.2745;0;28;28
astro-ph/0507399;astro-ph/0507399;0;6;6
0905.3323;0905.3323;0;19;19
hep-th/9108015;hep-th/9108015;1;0;1
hep-th/9812023;hep-th/9812023;2;7;9
hep-th/9812020;hep-th/9812020;0;4;4
hep-th/0409203;hep-th/0409203;1;8;9
hep-th/0108202;hep-th/0108202;4;29;33
hep-th/0507010;hep-th/0507010;2;15;17
hep-th/0507018;hep-th/0507018;0;13;13
hep-th/9302081;hep-th/9302081;1;0;1
hep-th/9307065;hep-th/9307065;2;6;8
gr-qc/0505105;gr-qc/0505105;0;7;7
math/0409016;math/0409016;1;0;1
hep-th/0609177;hep-th/0609177;0;34;34
hep-th/0609174;hep-th/0609174;1;2;3
hep-th/9607034;hep-th/9607034;1;0;1
0803.4351;0803.4351;0;25;25
0806.2587;0806.2587;0;14;14
hep-th/0604181;hep-th/0604181;2;0;2
0901.3865;0901.3865;0;52;52
hep-th/0108209;hep-th/0108209;0;8;8
0901.3860;0901.3860;0;8;8
gr-qc/0506130;gr-qc/0506130;3;5;8
0802.1784;0802.1784;0;7;7
0810.3467;0810.3467;0;31;31
0911.4211;0911.4211;0;29;29
0704.3563;0704.3563;0;13;13
hep-th/9708018;hep-th/9708018;2;1;3
0705.2430;0705.2430;0;17;17
0911.4215;0911.4215;0;2;2
0906.4709;0906.4709;0;16;16
0911.3431;0911.3431;0;17;17
0810.3180;0810.3180;0;27;27
hep-th/0507162;hep-th/0507162;5;9;14
hep-th/9808096;hep-th/9808096;1;3;4
hep-th/9708048;hep-th/9708048;3;11;14
0806.1741;0806.1741;0;9;9
0805.4738;0805.4738;0;3;3
0711.4520;0711.4520;0;8;8
hep-th/0612233;hep-th/0612233;0;4;4
hep-th/0110012;hep-th/0110012;1;0;1
quant-ph/0005035;quant-ph/0005035;3;0;3
hep-th/9702036;hep-th/9702036;4;2;6
hep-th/9702032;hep-th/9702032;0;3;3
0805.0424;0805.0424;0;13;13
gr-qc/9608023;gr-qc/9608023;2;12;14
hep-th/9606042;hep-th/9606042;2;19;21
hep-th/9608021;hep-th/9608021;1;10;11
quant-ph/0204035;quant-ph/0204035;1;2;3
0706.1779;0706.1779;0;11;11
math/0512084;math/0512084;3;12;15
0802.0784;0802.0784;0;10;10
hep-th/0309091;hep-th/0309091;0;4;4
hep-ph/0409263;hep-ph/0409263;1;3;4
0912.2475;0912.2475;0;12;12
hep-ph/0410076;hep-ph/0410076;1;11;12
hep-th/0411076;hep-th/0411076;2;32;34
hep-th/0404152;hep-th/0404152;1;12;13
hep-th/0501151;hep-th/0501151;1;8;9
hep-th/0309098;hep-th/0309098;1;3;4
hep-th/9303073;hep-th/9303073;2;0;2
solv-int/9711011;solv-int/9711011;1;0;1
hep-th/9801074;hep-th/9801074;0;22;22
hep-th/9311049;hep-th/9311049;4;4;8
hep-ph/0406154;hep-ph/0406154;6;33;39
0807.4376;0807.4376;0;20;20
0907.2593;0907.2593;0;15;15
0911.5168;0911.5168;0;7;7
gr-qc/0608028;gr-qc/0608028;2;5;7
quant-ph/0510043;quant-ph/0510043;3;4;7
0711.2201;0711.2201;0;6;6
0707.4526;0707.4526;0;25;25
0711.2206;0711.2206;0;40;40
0707.4523;0707.4523;0;15;15
0706.2167;0706.2167;0;38;38
0903.4172;0903.4172;0;28;28
hep-th/0407245;hep-th/0407245;1;9;10
hep-th/0312084;hep-th/0312084;1;10;11
hep-th/0410144;hep-th/0410144;0;4;4
astro-ph/0301021;astro-ph/0301021;3;12;15
0902.3050;0902.3050;0;18;18
0904.4207;0904.4207;0;14;14
0811.0816;0811.0816;0;7;7
hep-th/9809091;hep-th/9809091;1;6;7
hep-th/9511082;hep-th/9511082;2;0;2
0811.0814;0811.0814;0;10;10
hep-ph/0608070;hep-ph/0608070;1;7;8
0811.0818;0811.0818;0;4;4
0803.1928;0803.1928;0;40;40
hep-th/0003060;hep-th/0003060;0;6;6
hep-th/9811082;hep-th/9811082;2;9;11
hep-th/0003069;hep-th/0003069;0;17;17
0711.0798;0711.0798;0;12;12
hep-th/9309109;hep-th/9309109;1;0;1
hep-th/0105102;hep-th/0105102;4;33;37
hep-th/0110190;hep-th/0110190;0;10;10
math/0310214;math/0310214;1;5;6
hep-th/0011039;hep-th/0011039;0;15;15
hep-th/9912261;hep-th/9912261;1;14;15
0905.3522;0905.3522;0;6;6
0902.0655;0902.0655;0;21;21
0711.2122;0711.2122;0;38;38
hep-ph/9609369;hep-ph/9609369;3;0;3
0806.1823;0806.1823;0;1;1
hep-th/0406089;hep-th/0406089;0;3;3
0806.2103;0806.2103;0;31;31
0908.2015;0908.2015;0;10;10
hep-th/0011030;hep-th/0011030;2;6;8
0706.2005;0706.2005;0;34;34
hep-ph/9608316;hep-ph/9608316;0;6;6
hep-th/9811014;hep-th/9811014;0;3;3
hep-th/9409018;hep-th/9409018;2;0;2
hep-th/9506049;hep-th/9506049;1;0;1
0909.0689;0909.0689;0;8;8
hep-th/9811185;hep-th/9811185;0;1;1
0707.0528;0707.0528;0;2;2
0902.2878;0902.2878;0;2;2
0805.0134;0805.0134;0;17;17
0907.2672;0907.2672;0;12;12
quant-ph/0601065;quant-ph/0601065;0;1;1
0902.2876;0902.2876;0;9;9
0704.3695;0704.3695;0;10;10
0808.0839;0808.0839;0;39;39
0903.3338;0903.3338;0;24;24
hep-ph/0406165;hep-ph/0406165;1;19;20
hep-ph/9207238;hep-ph/9207238;2;0;2
hep-th/9404018;hep-th/9404018;2;0;2
hep-th/9407004;hep-th/9407004;1;25;26
hep-th/9302011;hep-th/9302011;1;2;3
0909.3083;0909.3083;0;15;15
hep-th/0306249;hep-th/0306249;1;9;10
hep-th/0312075;hep-th/0312075;2;6;8
0710.2294;0710.2294;0;38;38
gr-qc/9509060;gr-qc/9509060;0;1;1
hep-th/9305168;hep-th/9305168;1;0;1
0709.1482;0709.1482;0;44;44
0709.1483;0709.1483;0;5;5
hep-ph/0608125;hep-ph/0608125;0;2;2
hep-th/9209035;hep-th/9209035;1;0;1
hep-lat/9305022;hep-lat/9305022;2;1;3
0711.5022;0711.5022;0;10;10
hep-th/9608004;hep-th/9608004;1;5;6
hep-th/0608033;hep-th/0608033;2;83;85
hep-th/0412258;hep-th/0412258;0;37;37
cond-mat/0502322;cond-mat/0502322;3;0;3
hep-th/0212153;hep-th/0212153;4;17;21
hep-th/0504021;hep-th/0504021;0;4;4
0908.1229;0908.1229;0;19;19
hep-th/0206048;hep-th/0206048;1;2;3
hep-th/0109134;hep-th/0109134;2;5;7
0909.3338;0909.3338;0;44;44
hep-th/0207207;hep-th/0207207;4;15;19
hep-ph/9506293;hep-ph/9506293;3;0;3
gr-qc/0106018;gr-qc/0106018;0;11;11
0811.0911;0811.0911;0;2;2
0907.0889;0907.0889;0;20;20
hep-th/0412257;hep-th/0412257;0;23;23
hep-th/0412256;hep-th/0412256;0;1;1
hep-th/0406168;hep-th/0406168;1;0;1
0912.5295;0912.5295;0;12;12
gr-qc/9701009;gr-qc/9701009;2;3;5
0911.0271;0911.0271;0;6;6
hep-th/9808019;hep-th/9808019;2;31;33
0912.5297;0912.5297;0;23;23
astro-ph/0401532;astro-ph/0401532;1;9;10
hep-th/0107157;hep-th/0107157;1;9;10
gr-qc/9511033;gr-qc/9511033;1;2;3
gr-qc/9511035;gr-qc/9511035;1;3;4
0912.1433;0912.1433;0;9;9
hep-th/0605159;hep-th/0605159;1;11;12
hep-th/9905058;hep-th/9905058;1;6;7
0809.4276;0809.4276;0;8;8
math-ph/0403021;math-ph/0403021;0;1;1
hep-th/9608001;hep-th/9608001;0;1;1
0907.1944;0907.1944;0;1;1
0904.0979;0904.0979;0;56;56
hep-th/9911143;hep-th/9911143;2;3;5
hep-th/9912200;hep-th/9912200;2;7;9
hep-th/9508134;hep-th/9508134;2;0;2
hep-th/0303179;hep-th/0303179;1;1;2
hep-th/0102049;hep-th/0102049;2;3;5
hep-th/0206210;hep-th/0206210;1;4;5
hep-th/0304242;hep-th/0304242;2;4;6
hep-th/0607142;hep-th/0607142;0;15;15
hep-th/9808047;hep-th/9808047;1;6;7
hep-th/9801005;hep-th/9801005;2;6;8
0910.5167;0910.5167;0;25;25
hep-th/9508157;hep-th/9508157;1;1;2
0912.0520;0912.0520;0;1;1
hep-th/0608039;hep-th/0608039;0;6;6
hep-lat/0105021;hep-lat/0105021;4;7;11
hep-th/9511036;hep-th/9511036;0;3;3
hep-th/9511031;hep-th/9511031;1;6;7
0812.1377;0812.1377;0;47;47
0806.4780;0806.4780;0;22;22
hep-th/0401046;hep-th/0401046;0;25;25
hep-th/0303233;hep-th/0303233;1;27;28
hep-th/0401047;hep-th/0401047;0;12;12
0911.0896;0911.0896;0;9;9
0708.4008;0708.4008;0;32;32
0810.2192;0810.2192;0;1;1
0805.1703;0805.1703;0;20;20
hep-th/0506028;hep-th/0506028;2;39;41
gr-qc/0511120;gr-qc/0511120;3;4;7
0712.2521;0712.2521;0;4;4
hep-ph/9809464;hep-ph/9809464;1;2;3
0905.0188;0905.0188;0;27;27
0712.1873;0712.1873;0;9;9
0705.1168;0705.1168;0;3;3
0812.1501;0812.1501;0;9;9
0708.0992;0708.0992;0;45;45
0811.3670;0811.3670;0;19;19
hep-th/9308011;hep-th/9308011;0;10;10
hep-th/9308016;hep-th/9308016;0;3;3
hep-th/9303087;hep-th/9303087;1;1;2
hep-th/9912068;hep-th/9912068;0;4;4
0805.3862;0805.3862;0;28;28
hep-th/0106096;hep-th/0106096;3;23;26
0805.3864;0805.3864;0;1;1
hep-th/9712242;hep-th/9712242;1;7;8
hep-th/9712219;hep-th/9712219;1;2;3
hep-th/9712249;hep-th/9712249;1;23;24
hep-th/9611028;hep-th/9611028;0;10;10
0801.2063;0801.2063;0;31;31
0805.1595;0805.1595;0;2;2
0805.1594;0805.1594;0;25;25
hep-th/9611025;hep-th/9611025;2;5;7
hep-th/0602197;hep-th/0602197;1;29;30
hep-th/0602196;hep-th/0602196;0;9;9
0810.4692;0810.4692;0;26;26
math-ph/0507068;math-ph/0507068;3;13;16
0810.4696;0810.4696;0;5;5
0810.4699;0810.4699;0;43;43
hep-th/0612293;hep-th/0612293;1;19;20
quant-ph/0307192;quant-ph/0307192;1;0;1
0810.0219;0810.0219;0;13;13
hep-th/0512307;hep-th/0512307;0;6;6
hep-th/0512244;hep-th/0512244;1;0;1
hep-th/9510077;hep-th/9510077;2;4;6
hep-th/9510076;hep-th/9510076;1;9;10
hep-th/0402020;hep-th/0402020;0;14;14
hep-th/0007186;hep-th/0007186;1;10;11
hep-th/9804148;hep-th/9804148;1;3;4
0802.3662;0802.3662;0;22;22
0911.0082;0911.0082;0;8;8
0903.2481;0903.2481;0;28;28
0704.1224;0704.1224;0;14;14
0805.2024;0805.2024;0;26;26
0911.0084;0911.0084;0;27;27
hep-th/9402060;hep-th/9402060;2;11;13
hep-th/9411040;hep-th/9411040;2;1;3
hep-th/9411043;hep-th/9411043;1;1;2
hep-th/9411046;hep-th/9411046;1;7;8
hep-th/9409126;hep-th/9409126;1;9;10
hep-th/9112024;hep-th/9112024;1;0;1
hep-th/0508076;hep-th/0508076;3;3;6
hep-th/0311120;hep-th/0311120;1;26;27
hep-th/0311044;hep-th/0311044;4;59;63
hep-th/0502056;hep-th/0502056;1;0;1
hep-th/0508072;hep-th/0508072;0;8;8
hep-th/0507031;hep-th/0507031;1;12;13
hep-th/9203063;hep-th/9203063;2;0;2
0708.4295;0708.4295;0;10;10
math-ph/0405050;math-ph/0405050;1;2;3
hep-th/0408060;hep-th/0408060;3;30;33
0705.3928;0705.3928;0;18;18
hep-th/9311034;hep-th/9311034;2;1;3
0806.0859;0806.0859;0;36;36
gr-qc/0612094;gr-qc/0612094;1;14;15
hep-th/9202068;hep-th/9202068;2;0;2
math-ph/0405058;math-ph/0405058;0;4;4
0808.0280;0808.0280;0;14;14
0808.0283;0808.0283;0;1;1
0808.0282;0808.0282;0;35;35
cond-mat/0305237;cond-mat/0305237;5;8;13
hep-th/0408079;hep-th/0408079;2;6;8
math-ph/0104036;math-ph/0104036;1;0;1
hep-th/9701126;hep-th/9701126;0;6;6
gr-qc/0107006;gr-qc/0107006;0;5;5
0907.4165;0907.4165;0;6;6
hep-ph/9505420;hep-ph/9505420;3;2;5
0712.3598;0712.3598;0;8;8
0909.5252;0909.5252;0;30;30
astro-ph/0611788;astro-ph/0611788;0;18;18
0807.1714;0807.1714;0;12;12
0712.4034;0712.4034;0;20;20
hep-th/0204162;hep-th/0204162;1;9;10
0711.1969;0711.1969;0;2;2
0901.0416;0901.0416;0;9;9
0903.5022;0903.5022;0;13;13
hep-th/9412029;hep-th/9412029;0;5;5
hep-th/0012055;hep-th/0012055;4;2;6
hep-th/9501044;hep-th/9501044;4;0;4
0705.4414;0705.4414;0;3;3
0808.3736;0808.3736;0;5;5
0811.1277;0811.1277;0;21;21
hep-th/0701180;hep-th/0701180;0;11;11
hep-th/0609189;hep-th/0609189;2;4;6
0909.4272;0909.4272;0;21;21
cond-mat/0205133;cond-mat/0205133;0;14;14
cond-mat/9911220;cond-mat/9911220;2;3;5
0809.4478;0809.4478;0;6;6
hep-th/0009044;hep-th/0009044;3;12;15
0711.2680;0711.2680;0;16;16
hep-th/0405028;hep-th/0405028;0;4;4
hep-th/9502003;hep-th/9502003;3;0;3
hep-th/0702005;hep-th/0702005;0;39;39
hep-th/0702007;hep-th/0702007;1;1;2
hep-th/0701182;hep-th/0701182;0;11;11
0807.2663;0807.2663;0;41;41
hep-th/0701183;hep-th/0701183;0;40;40
hep-th/0006212;hep-th/0006212;0;1;1
gr-qc/9612061;gr-qc/9612061;2;0;2
0801.0322;0801.0322;0;6;6
hep-th/0006218;hep-th/0006218;0;22;22
0903.5141;0903.5141;0;5;5
0711.0404;0711.0404;0;5;5
hep-th/0612282;hep-th/0612282;1;3;4
hep-th/0702173;hep-th/0702173;1;0;1
0705.4431;0705.4431;0;15;15
hep-th/0210285;hep-th/0210285;2;22;24
math-ph/0609089;math-ph/0609089;1;7;8
0812.3473;0812.3473;0;6;6
cond-mat/0608496;cond-mat/0608496;1;4;5
cond-mat/9908290;cond-mat/9908290;1;3;4
0804.3349;0804.3349;0;29;29
hep-th/0211239;hep-th/0211239;3;5;8
hep-th/0107104;hep-th/0107104;8;15;23
0907.4046;0907.4046;0;4;4
hep-th/0211231;hep-th/0211231;0;10;10
hep-th/0102204;hep-th/0102204;1;1;2
hep-th/0102205;hep-th/0102205;1;2;3
hep-th/0102206;hep-th/0102206;3;0;3
hep-th/9808003;hep-th/9808003;4;14;18
hep-th/9811250;hep-th/9811250;1;1;2
hep-th/9811253;hep-th/9811253;0;6;6
0906.3580;0906.3580;0;2;2
0806.0367;0806.0367;0;11;11
0807.2337;0807.2337;0;30;30
hep-th/0703163;hep-th/0703163;0;2;2
solv-int/9712011;solv-int/9712011;1;0;1
0804.4664;0804.4664;0;13;13
solv-int/9912003;solv-int/9912003;2;18;20
hep-th/0007165;hep-th/0007165;2;6;8
hep-th/9511013;hep-th/9511013;8;4;12
hep-th/0007167;hep-th/0007167;0;3;3
hep-th/0007162;hep-th/0007162;0;4;4
gr-qc/0403079;gr-qc/0403079;1;0;1
hep-th/0004204;hep-th/0004204;1;0;1
0904.2073;0904.2073;0;1;1
0807.4924;0807.4924;0;19;19
hep-th/9507044;hep-th/9507044;1;0;1
0707.3378;0707.3378;0;42;42
0711.0812;0711.0812;0;1;1
0904.3304;0904.3304;0;4;4
0906.3638;0906.3638;0;10;10
0908.0485;0908.0485;0;43;43
0901.0025;0901.0025;0;13;13
0712.4249;0712.4249;0;37;37
hep-th/0611041;hep-th/0611041;0;4;4
hep-th/0611047;hep-th/0611047;2;8;10
hep-th/0611046;hep-th/0611046;1;7;8
hep-th/0610307;hep-th/0610307;2;7;9
hep-th/9201018;hep-th/9201018;2;0;2
hep-th/0611044;hep-th/0611044;0;14;14
hep-th/9904006;hep-th/9904006;1;1;2
hep-th/9410092;hep-th/9410092;2;0;2
0906.0587;0906.0587;0;20;20
hep-ph/0005036;hep-ph/0005036;0;11;11
0906.0582;0906.0582;0;2;2
0906.0581;0906.0581;0;11;11
quant-ph/0401120;quant-ph/0401120;3;1;4
0904.1622;0904.1622;0;1;1
hep-th/9410053;hep-th/9410053;4;9;13
0805.0974;0805.0974;0;18;18
0912.2448;0912.2448;0;17;17
0911.3382;0911.3382;0;3;3
0704.0737;0704.0737;0;82;82
hep-th/0509064;hep-th/0509064;0;6;6
math/0401130;math/0401130;3;3;6
hep-th/0509062;hep-th/0509062;0;30;30
0906.5299;0906.5299;0;1;1
0902.1352;0902.1352;0;11;11
0906.1988;0906.1988;0;5;5
cond-mat/0703466;cond-mat/0703466;0;20;20
cond-mat/0610260;cond-mat/0610260;1;0;1
hep-th/9809170;hep-th/9809170;2;0;2
hep-th/9810247;hep-th/9810247;1;1;2
hep-th/9812246;hep-th/9812246;1;0;1
0709.3891;0709.3891;0;65;65
nlin/0101001;nlin/0101001;1;11;12
nlin/0010020;nlin/0010020;1;10;11
nlin/0008014;nlin/0008014;1;5;6
0806.3810;0806.3810;0;12;12
0710.3240;0710.3240;0;51;51
hep-th/0502198;hep-th/0502198;0;3;3
hep-th/0011286;hep-th/0011286;1;13;14
hep-th/0011285;hep-th/0011285;0;24;24
hep-th/9706084;hep-th/9706084;2;2;4
hep-th/9910024;hep-th/9910024;1;3;4
hep-th/9209107;hep-th/9209107;2;4;6
gr-qc/9912040;gr-qc/9912040;1;12;13
hep-th/9902049;hep-th/9902049;5;5;10
gr-qc/9912046;gr-qc/9912046;0;10;10
hep-th/0701263;hep-th/0701263;0;7;7
hep-th/0605022;hep-th/0605022;1;0;1
hep-th/0512293;hep-th/0512293;1;0;1
0706.1793;0706.1793;0;20;20
0908.0360;0908.0360;0;8;8
hep-th/9901082;hep-th/9901082;2;0;2
0802.1783;0802.1783;0;19;19
hep-th/0001219;hep-th/0001219;0;13;13
0902.0030;0902.0030;0;10;10
0809.2707;0809.2707;0;11;11
0802.2230;0802.2230;0;5;5
hep-th/0211086;hep-th/0211086;3;32;35
hep-th/0107016;hep-th/0107016;6;29;35
hep-th/0507201;hep-th/0507201;1;6;7
hep-th/0505233;hep-th/0505233;3;53;56
hep-th/0405022;hep-th/0405022;3;0;3
0704.2251;0704.2251;0;15;15
math-ph/0405049;math-ph/0405049;0;3;3
math-ph/0405047;math-ph/0405047;1;6;7
hep-th/0208186;hep-th/0208186;0;9;9
0912.5535;0912.5535;0;20;20
cond-mat/0703630;cond-mat/0703630;0;8;8
cond-mat/0309680;cond-mat/0309680;1;3;4
hep-th/0106043;hep-th/0106043;2;33;35
hep-th/0104028;hep-th/0104028;3;31;34
hep-th/9604162;hep-th/9604162;2;6;8
0901.1903;0901.1903;0;13;13
0711.4489;0711.4489;0;12;12
hep-ph/0408051;hep-ph/0408051;0;4;4
0706.0762;0706.0762;0;16;16
0811.3531;0811.3531;0;47;47
0709.3227;0709.3227;0;9;9
0807.3040;0807.3040;0;26;26
0904.0024;0904.0024;0;6;6
0902.2682;0902.2682;0;23;23
0805.1410;0805.1410;0;2;2
0806.3070;0806.3070;0;3;3
quant-ph/0607071;quant-ph/0607071;0;4;4
0704.0262;0704.0262;0;37;37
0706.3936;0706.3936;0;25;25
0908.1049;0908.1049;0;17;17
hep-lat/9909003;hep-lat/9909003;1;2;3
0708.0609;0708.0609;0;19;19
hep-th/0502187;hep-th/0502187;3;21;24
hep-th/0611267;hep-th/0611267;0;2;2
hep-th/0101183;hep-th/0101183;3;0;3
hep-th/0608142;hep-th/0608142;2;17;19
0704.0264;0704.0264;0;5;5
0901.4458;0901.4458;0;3;3
0811.0617;0811.0617;0;13;13
0812.2488;0812.2488;0;10;10
0803.1466;0803.1466;0;33;33
gr-qc/9503026;gr-qc/9503026;1;1;2
0808.1755;0808.1755;0;22;22
hep-th/0412152;hep-th/0412152;1;9;10
0810.3005;0810.3005;0;13;13
cond-mat/0610687;cond-mat/0610687;2;0;2
0709.2430;0709.2430;0;21;21
hep-ph/0703159;hep-ph/0703159;0;13;13
hep-lat/0703007;hep-lat/0703007;3;30;33
hep-th/9701086;hep-th/9701086;2;0;2
0802.4216;0802.4216;0;3;3
hep-th/0107237;hep-th/0107237;1;1;2
0901.2963;0901.2963;0;1;1
hep-th/9809050;hep-th/9809050;3;12;15
hep-th/9809098;hep-th/9809098;2;13;15
hep-th/0104121;hep-th/0104121;3;3;6
0704.3615;0704.3615;0;1;1
0704.3612;0704.3612;1;40;41
0704.3613;0704.3613;0;29;29
0812.4216;0812.4216;0;15;15
hep-th/9410088;hep-th/9410088;3;9;12
hep-ph/9401223;hep-ph/9401223;0;1;1
quant-ph/0309170;quant-ph/0309170;0;2;2
quant-ph/0107122;quant-ph/0107122;1;0;1
0708.1557;0708.1557;0;4;4
0804.0431;0804.0431;0;52;52
q-alg/9610009;q-alg/9610009;2;0;2
math/0403247;math/0403247;1;5;6
hep-th/9312193;hep-th/9312193;2;0;2
0803.4000;0803.4000;0;17;17
0706.0768;0706.0768;0;8;8
0801.3961;0801.3961;0;17;17
gr-qc/0108038;gr-qc/0108038;1;8;9
hep-th/0208046;hep-th/0208046;4;0;4
gr-qc/9603039;gr-qc/9603039;1;3;4
0803.0487;0803.0487;0;7;7
hep-th/9703175;hep-th/9703175;1;0;1
hep-th/9401103;hep-th/9401103;3;2;5
hep-th/9703135;hep-th/9703135;0;1;1
gr-qc/9906012;gr-qc/9906012;0;1;1
0807.2131;0807.2131;0;18;18
0911.2118;0911.2118;0;15;15
physics/0410148;physics/0410148;0;2;2
chao-dyn/9905028;chao-dyn/9905028;1;0;1
0911.2111;0911.2111;0;11;11
0904.2536;0904.2536;0;21;21
0811.3271;0811.3271;0;7;7
0911.2114;0911.2114;0;6;6
hep-ph/0204054;hep-ph/0204054;0;1;1
0912.0674;0912.0674;0;8;8
hep-th/0111056;hep-th/0111056;1;3;4
hep-ph/0110322;hep-ph/0110322;2;8;10
0803.0736;0803.0736;0;4;4
0907.5009;0907.5009;0;3;3
hep-th/9902164;hep-th/9902164;0;7;7
quant-ph/9803052;quant-ph/9803052;0;5;5
gr-qc/0306088;gr-qc/0306088;0;2;2
hep-th/0207225;hep-th/0207225;2;8;10
0709.1365;0709.1365;0;22;22
gr-qc/0309059;gr-qc/0309059;2;11;13
hep-th/0406140;hep-th/0406140;1;54;55
0907.2207;0907.2207;0;24;24
0912.3244;0912.3244;0;1;1
0909.0727;0909.0727;0;10;10
hep-th/9509025;hep-th/9509025;0;23;23
hep-th/9401063;hep-th/9401063;1;0;1
hep-th/9509023;hep-th/9509023;3;1;4
0912.5270;0912.5270;0;1;1
cond-mat/9707202;cond-mat/9707202;2;0;2
cond-mat/0005533;cond-mat/0005533;0;3;3
gr-qc/0412013;gr-qc/0412013;0;3;3
hep-ph/0210062;hep-ph/0210062;4;7;11
hep-th/0301216;hep-th/0301216;2;5;7
0907.4204;0907.4204;0;5;5
0710.3367;0710.3367;0;1;1
nucl-th/0108007;nucl-th/0108007;1;0;1
hep-th/0104137;hep-th/0104137;0;1;1
hep-th/9702060;hep-th/9702060;1;8;9
hep-th/0409004;hep-th/0409004;1;19;20
0801.4521;0801.4521;0;11;11
0907.3969;0907.3969;0;10;10
hep-th/0512345;hep-th/0512345;1;15;16
0801.4529;0801.4529;0;2;2
physics/0005051;physics/0005051;1;2;3
hep-th/0406034;hep-th/0406034;2;8;10
hep-th/9807125;hep-th/9807125;2;13;15
hep-th/9806248;hep-th/9806248;2;0;2
hep-th/9807126;hep-th/9807126;0;15;15
hep-th/9807120;hep-th/9807120;0;4;4
math/0310451;math/0310451;0;2;2
hep-th/9807129;hep-th/9807129;3;3;6
hep-th/0404033;hep-th/0404033;0;1;1
hep-th/9308076;hep-th/9308076;1;1;2
hep-th/9210026;hep-th/9210026;4;0;4
hep-th/9303167;hep-th/9303167;2;0;2
hep-th/9412221;hep-th/9412221;1;5;6
hep-th/0610096;hep-th/0610096;0;24;24
hep-th/0104162;hep-th/0104162;5;13;18
hep-th/0610091;hep-th/0610091;0;13;13
hep-th/0608189;hep-th/0608189;1;2;3
hep-th/9703014;hep-th/9703014;4;10;14
0905.0538;0905.0538;0;9;9
0904.1947;0904.1947;0;24;24
0705.0496;0705.0496;0;9;9
0911.5295;0911.5295;0;5;5
gr-qc/0308013;gr-qc/0308013;4;1;5
gr-qc/0308011;gr-qc/0308011;0;2;2
gr-qc/0210056;gr-qc/0210056;2;0;2
0905.1286;0905.1286;0;21;21
gr-qc/0512161;gr-qc/0512161;1;34;35
0902.3901;0902.3901;0;4;4
0810.2952;0810.2952;0;7;7
0712.0190;0712.0190;0;14;14
hep-th/0611340;hep-th/0611340;1;15;16
quant-ph/0610024;quant-ph/0610024;1;4;5
quant-ph/9909072;quant-ph/9909072;0;1;1
0707.3228;0707.3228;0;25;25
0707.3229;0707.3229;0;3;3
0906.4464;0906.4464;0;10;10
0901.3609;0901.3609;0;33;33
0707.3222;0707.3222;0;1;1
hep-th/0108079;hep-th/0108079;0;12;12
hep-th/9410182;hep-th/9410182;0;2;2
0707.1574;0707.1574;0;34;34
hep-th/0512024;hep-th/0512024;0;6;6
hep-th/0404234;hep-th/0404234;1;16;17
hep-th/0205306;hep-th/0205306;1;95;96
hep-th/0210134;hep-th/0210134;1;94;95
hep-th/9603022;hep-th/9603022;0;1;1
hep-th/9603020;hep-th/9603020;3;2;5
hep-th/9603027;hep-th/9603027;0;2;2
0707.3460;0707.3460;0;7;7
0812.1740;0812.1740;0;5;5
hep-th/9604184;hep-th/9604184;1;1;2
0903.3681;0903.3681;0;5;5
astro-ph/0407417;astro-ph/0407417;0;4;4
0810.2951;0810.2951;0;41;41
hep-th/9604187;hep-th/9604187;0;2;2
hep-th/0610050;hep-th/0610050;1;9;10
0810.0691;0810.0691;0;28;28
hep-th/0108074;hep-th/0108074;0;4;4
hep-th/9610235;hep-th/9610235;0;10;10
hep-th/9604122;hep-th/9604122;1;0;1
hep-th/0301219;hep-th/0301219;0;2;2
gr-qc/0011048;gr-qc/0011048;0;4;4
cond-mat/0402562;cond-mat/0402562;4;2;6
0912.5351;0912.5351;0;11;11
hep-th/0211036;hep-th/0211036;1;31;32
hep-th/0105146;hep-th/0105146;2;5;7
hep-th/0211037;hep-th/0211037;0;5;5
hep-th/0610056;hep-th/0610056;0;3;3
gr-qc/9811024;gr-qc/9811024;2;7;9
hep-th/0411185;hep-th/0411185;2;16;18
0803.0497;0803.0497;0;16;16
math/0508337;math/0508337;3;0;3
0710.0873;0710.0873;0;58;58
hep-th/9701050;hep-th/9701050;5;2;7
hep-th/9512110;hep-th/9512110;2;12;14
0909.1448;0909.1448;0;3;3
hep-th/0105318;hep-th/0105318;0;10;10
math-ph/0201062;math-ph/0201062;0;4;4
0912.4759;0912.4759;0;10;10
hep-th/9809133;hep-th/9809133;9;25;34
0807.2740;0807.2740;0;12;12
0805.1254;0805.1254;0;36;36
0904.4104;0904.4104;0;2;2
hep-th/0412324;hep-th/0412324;1;4;5
astro-ph/0201075;astro-ph/0201075;0;14;14
cond-mat/0006070;cond-mat/0006070;1;1;2
hep-ph/0510148;hep-ph/0510148;4;49;53
hep-th/0212154;hep-th/0212154;2;2;4
hep-ph/0508138;hep-ph/0508138;7;14;21
hep-th/0509040;hep-th/0509040;4;21;25
0905.0673;0905.0673;0;19;19
hep-th/0111275;hep-th/0111275;3;30;33
0810.5686;0810.5686;0;8;8
0810.5683;0810.5683;0;9;9
0912.2974;0912.2974;0;5;5
hep-th/0703065;hep-th/0703065;2;21;23
hep-th/0607180;hep-th/0607180;5;0;5
hep-th/0310082;hep-th/0310082;3;8;11
0911.0019;0911.0019;0;29;29
gr-qc/0010029;gr-qc/0010029;0;4;4
0812.2075;0812.2075;0;2;2
0902.1051;0902.1051;0;13;13
astro-ph/0308292;astro-ph/0308292;2;20;22
hep-th/0604084;hep-th/0604084;0;1;1
hep-th/0512287;hep-th/0512287;6;25;31
hep-th/0604081;hep-th/0604081;0;10;10
0810.5355;0810.5355;0;9;9
quant-ph/9709050;quant-ph/9709050;4;0;4
0707.1300;0707.1300;0;19;19
0902.3857;0902.3857;0;8;8
0712.0977;0712.0977;0;8;8
0801.2279;0801.2279;0;3;3
quant-ph/0107096;quant-ph/0107096;2;0;2
hep-th/0101121;hep-th/0101121;1;2;3
hep-th/9305156;hep-th/9305156;2;0;2
hep-th/9508037;hep-th/9508037;1;1;2
hep-th/9405177;hep-th/9405177;1;0;1
hep-th/9409184;hep-th/9409184;2;3;5
hep-ph/0310146;hep-ph/0310146;0;5;5
hep-ph/0111205;hep-ph/0111205;3;0;3
cond-mat/0007325;cond-mat/0007325;4;0;4
0712.3821;0712.3821;0;14;14
0807.0538;0807.0538;0;5;5
hep-lat/9608117;hep-lat/9608117;1;4;5
0812.4182;0812.4182;0;26;26
0706.0824;0706.0824;0;11;11
0706.0820;0706.0820;0;13;13
hep-th/0506188;hep-th/0506188;2;3;5
nlin/0105053;nlin/0105053;1;0;1
0912.1807;0912.1807;0;23;23
0907.0556;0907.0556;0;17;17
hep-th/0407259;hep-th/0407259;0;9;9
hep-th/0309077;hep-th/0309077;1;13;14
hep-th/0308052;hep-th/0308052;3;0;3
hep-th/0407257;hep-th/0407257;1;2;3
hep-th/0301127;hep-th/0301127;1;4;5
hep-th/0407254;hep-th/0407254;2;5;7
hep-th/0111245;hep-th/0111245;1;13;14
hep-th/0406118;hep-th/0406118;8;33;41
hep-th/9604024;hep-th/9604024;1;3;4
hep-th/9604022;hep-th/9604022;2;6;8
hep-th/9604020;hep-th/9604020;0;7;7
0806.2420;0806.2420;0;4;4
gr-qc/0303060;gr-qc/0303060;4;1;5
math/0201284;math/0201284;0;1;1
0710.1391;0710.1391;0;9;9
hep-th/9709169;hep-th/9709169;0;16;16
hep-th/9709168;hep-th/9709168;0;4;4
hep-th/9709163;hep-th/9709163;1;5;6
hep-th/9709161;hep-th/9709161;3;13;16
hep-th/9709164;hep-th/9709164;1;4;5
hep-th/0610017;hep-th/0610017;0;7;7
hep-th/0610016;hep-th/0610016;1;1;2
0710.3272;0710.3272;0;12;12
0807.0586;0807.0586;0;32;32
hep-th/0308125;hep-th/0308125;2;0;2
0910.4142;0910.4142;0;10;10
hep-ph/0507057;hep-ph/0507057;5;4;9
hep-ph/0212332;hep-ph/0212332;2;6;8
0707.1890;0707.1890;0;16;16
0804.3506;0804.3506;0;7;7
0805.4410;0805.4410;0;24;24
hep-th/0603087;hep-th/0603087;1;24;25
hep-th/9507129;hep-th/9507129;0;4;4
0911.1680;0911.1680;0;2;2
hep-th/9507123;hep-th/9507123;0;3;3
hep-th/9507122;hep-th/9507122;1;9;10
hep-th/9507120;hep-th/9507120;0;5;5
hep-th/9506034;hep-th/9506034;1;5;6
hep-th/9507127;hep-th/9507127;0;5;5
0708.1705;0708.1705;0;24;24
hep-th/0501209;hep-th/0501209;3;20;23
0711.0396;0711.0396;0;62;62
astro-ph/0512303;astro-ph/0512303;1;6;7
0905.3848;0905.3848;0;25;25
0910.3661;0910.3661;0;2;2
hep-ph/9708221;hep-ph/9708221;3;21;24
hep-th/9707213;hep-th/9707213;0;3;3
hep-th/9609036;hep-th/9609036;2;1;3
hep-th/9601040;hep-th/9601040;2;6;8
0903.1122;0903.1122;0;7;7
gr-qc/0505085;gr-qc/0505085;2;6;8
0807.1500;0807.1500;0;14;14
0908.1568;0908.1568;0;13;13
0909.3781;0909.3781;0;44;44
0806.2791;0806.2791;0;24;24
0812.1490;0812.1490;0;6;6
hep-th/0407177;hep-th/0407177;2;5;7
0806.2799;0806.2799;0;1;1
0708.1701;0708.1701;0;11;11
0709.2037;0709.2037;0;11;11
0910.4852;0910.4852;0;3;3
hep-ph/0106200;hep-ph/0106200;0;2;2
0812.5096;0812.5096;0;7;7
0909.1389;0909.1389;0;8;8
gr-qc/0307041;gr-qc/0307041;2;7;9
0707.4110;0707.4110;0;14;14
hep-ph/9811297;hep-ph/9811297;0;2;2
hep-ph/9806411;hep-ph/9806411;1;1;2
hep-ph/9710452;hep-ph/9710452;2;0;2
0707.4116;0707.4116;0;17;17
0704.1604;0704.1604;0;20;20
0804.2248;0804.2248;0;20;20
hep-ph/0109258;hep-ph/0109258;1;6;7
math-ph/9909019;math-ph/9909019;3;0;3
hep-th/0207042;hep-th/0207042;0;8;8
math/0003190;math/0003190;0;2;2
hep-th/0204233;hep-th/0204233;10;0;10
0912.5465;0912.5465;0;4;4
hep-th/0701283;hep-th/0701283;1;0;1
hep-th/0202145;hep-th/0202145;1;19;20
0901.1267;0901.1267;0;5;5
hep-th/0702218;hep-th/0702218;4;13;17
hep-th/0508013;hep-th/0508013;3;0;3
hep-th/0110047;hep-th/0110047;3;14;17
hep-th/0008143;hep-th/0008143;2;24;26
hep-th/0205158;hep-th/0205158;5;9;14
hep-th/0702211;hep-th/0702211;0;23;23
gr-qc/0510119;gr-qc/0510119;0;4;4
0705.0756;0705.0756;0;5;5
0708.1664;0708.1664;0;14;14
hep-th/0608061;hep-th/0608061;3;0;3
math/0001083;math/0001083;2;0;2
hep-th/0302079;hep-th/0302079;8;1;9
hep-th/0607209;hep-th/0607209;3;9;12
0911.2665;0911.2665;0;6;6
hep-th/0203064;hep-th/0203064;5;51;56
math-ph/0511038;math-ph/0511038;1;6;7
hep-th/9410002;hep-th/9410002;1;0;1
hep-th/0206211;hep-th/0206211;1;0;1
0708.1667;0708.1667;0;33;33
0810.1074;0810.1074;0;42;42
0809.4170;0809.4170;0;6;6
math/0301136;math/0301136;1;7;8
0810.4344;0810.4344;0;22;22
0909.4681;0909.4681;0;7;7
math-ph/0501045;math-ph/0501045;1;3;4
0705.2223;0705.2223;0;3;3
gr-qc/0611054;gr-qc/0611054;1;3;4
math-ph/0601059;math-ph/0601059;0;4;4
0705.2222;0705.2222;0;48;48
hep-th/0610237;hep-th/0610237;2;19;21
0709.1568;0709.1568;0;1;1
hep-ph/0512288;hep-ph/0512288;1;0;1
math-ph/0601050;math-ph/0601050;1;10;11
math/0510096;math/0510096;2;2;4
gr-qc/0603029;gr-qc/0603029;0;5;5
0705.3017;0705.3017;0;1;1
astro-ph/0509230;astro-ph/0509230;1;3;4
cond-mat/0703712;cond-mat/0703712;0;9;9
0706.3662;0706.3662;0;32;32
hep-th/0605070;hep-th/0605070;3;58;61
hep-th/0412314;hep-th/0412314;3;5;8
0706.3667;0706.3667;0;12;12
0808.3621;0808.3621;0;80;80
0909.2564;0909.2564;0;9;9
0812.2804;0812.2804;0;2;2
hep-th/0610293;hep-th/0610293;0;25;25
hep-ph/0206086;hep-ph/0206086;0;2;2
hep-th/0201053;hep-th/0201053;0;1;1
hep-th/0108109;hep-th/0108109;4;10;14
0909.4397;0909.4397;0;4;4
0906.0466;0906.0466;0;8;8
0912.4911;0912.4911;0;33;33
0908.2770;0908.2770;0;8;8
0908.2771;0908.2771;0;3;3
0908.3883;0908.3883;0;18;18
hep-th/0409065;hep-th/0409065;4;11;15
0707.2511;0707.2511;0;22;22
0908.0684;0908.0684;0;21;21
0708.1408;0708.1408;0;12;12
hep-th/0412186;hep-th/0412186;2;14;16
0706.0368;0706.0368;0;18;18
0706.0365;0706.0365;0;23;23
0706.0360;0706.0360;0;48;48
0912.4918;0912.4918;0;88;88
0910.5487;0910.5487;0;6;6
0811.3343;0811.3343;0;25;25
0910.5483;0910.5483;0;14;14
0809.1451;0809.1451;0;7;7
hep-th/0005196;hep-th/0005196;2;6;8
hep-th/0005195;hep-th/0005195;1;2;3
0711.4878;0711.4878;0;65;65
hep-ph/9705272;hep-ph/9705272;3;16;19
hep-ph/9604339;hep-ph/9604339;4;6;10
hep-th/9809087;hep-th/9809087;2;0;2
hep-th/0010153;hep-th/0010153;4;0;4
hep-th/9212053;hep-th/9212053;0;1;1
hep-th/9212055;hep-th/9212055;0;1;1
hep-th/9207029;hep-th/9207029;3;0;3
hep-th/0411256;hep-th/0411256;2;18;20
0801.0467;0801.0467;0;26;26
0710.1996;0710.1996;0;19;19
hep-ph/0606152;hep-ph/0606152;0;18;18
gr-qc/0202072;gr-qc/0202072;2;0;2
gr-qc/0111062;gr-qc/0111062;0;1;1
gr-qc/9811081;gr-qc/9811081;2;0;2
0811.3417;0811.3417;0;11;11
0905.3922;0905.3922;0;19;19
0810.4775;0810.4775;0;16;16
0908.1150;0908.1150;0;26;26
0907.3436;0907.3436;0;9;9
hep-th/0002032;hep-th/0002032;2;16;18
hep-th/0104237;hep-th/0104237;0;9;9
gr-qc/9805076;gr-qc/9805076;1;0;1
hep-th/9409049;hep-th/9409049;1;0;1
0810.2098;0810.2098;0;11;11
hep-th/9608153;hep-th/9608153;1;0;1
0706.2983;0706.2983;0;15;15
hep-th/0104235;hep-th/0104235;3;14;17
0908.0900;0908.0900;0;9;9
hep-th/9511205;hep-th/9511205;3;13;16
hep-th/9607217;hep-th/9607217;2;9;11
0909.0163;0909.0163;0;8;8
hep-th/0501171;hep-th/0501171;4;0;4
hep-th/0503172;hep-th/0503172;0;3;3
0707.2174;0707.2174;0;5;5
0806.0509;0806.0509;0;3;3
hep-th/0603033;hep-th/0603033;4;0;4
0803.2989;0803.2989;0;32;32
0806.0700;0806.0700;0;26;26
hep-th/0601006;hep-th/0601006;4;6;10
quant-ph/0512162;quant-ph/0512162;1;3;4
0706.1183;0706.1183;0;28;28
0706.1185;0706.1185;0;50;50
0811.2122;0811.2122;0;13;13
0805.4201;0805.4201;0;3;3
hep-th/9302079;hep-th/9302079;3;4;7
hep-th/9210064;hep-th/9210064;3;2;5
0802.0634;0802.0634;0;3;3
0712.1254;0712.1254;0;25;25
0810.1737;0810.1737;0;39;39
gr-qc/0311001;gr-qc/0311001;0;1;1
hep-th/0308042;hep-th/0308042;0;4;4
hep-th/0308041;hep-th/0308041;0;5;5
hep-th/9209081;hep-th/9209081;3;0;3
gr-qc/9506045;gr-qc/9506045;1;2;3
hep-th/9310106;hep-th/9310106;2;0;2
0708.0118;0708.0118;0;41;41
hep-th/9602178;hep-th/9602178;0;1;1
0811.4465;0811.4465;0;34;34
hep-th/0203022;hep-th/0203022;0;4;4
hep-th/0104151;hep-th/0104151;1;0;1
hep-th/0203023;hep-th/0203023;1;33;34
math/0109038;math/0109038;0;2;2
hep-th/9707114;hep-th/9707114;1;3;4
math/9910017;math/9910017;2;7;9
0803.1988;0803.1988;0;20;20
hep-th/0203029;hep-th/0203029;1;15;16
0910.5162;0910.5162;0;2;2
hep-th/9510242;hep-th/9510242;5;6;11
hep-th/9604009;hep-th/9604009;2;4;6
solv-int/9605001;solv-int/9605001;1;9;10
hep-th/9510166;hep-th/9510166;1;9;10
hep-th/9702183;hep-th/9702183;0;6;6
hep-th/9402058;hep-th/9402058;1;0;1
hep-th/9403075;hep-th/9403075;4;10;14
hep-th/9702185;hep-th/9702185;1;3;4
0706.0442;0706.0442;0;43;43
0804.1588;0804.1588;0;4;4
math-ph/0509047;math-ph/0509047;2;2;4
hep-th/0412226;hep-th/0412226;2;1;3
0807.0580;0807.0580;0;10;10
0902.1132;0902.1132;0;17;17
0902.1138;0902.1138;0;6;6
hep-th/0001094;hep-th/0001094;1;0;1
math-ph/0701023;math-ph/0701023;1;0;1
0708.1391;0708.1391;0;32;32
hep-th/0007068;hep-th/0007068;0;12;12
hep-th/9606186;hep-th/9606186;1;0;1
hep-th/0006076;hep-th/0006076;2;0;2
hep-th/0006095;hep-th/0006095;1;6;7
hep-th/9704060;hep-th/9704060;0;1;1
hep-th/9301011;hep-th/9301011;1;0;1
hep-th/0603214;hep-th/0603214;1;9;10
hep-th/9511019;hep-th/9511019;1;7;8
hep-th/0603213;hep-th/0603213;0;4;4
hep-th/0302121;hep-th/0302121;0;12;12
hep-th/9911036;hep-th/9911036;2;9;11
physics/9711024;physics/9711024;1;5;6
hep-th/0302124;hep-th/0302124;1;11;12
0804.4240;0804.4240;0;1;1
0803.1369;0803.1369;0;10;10
quant-ph/0304004;quant-ph/0304004;0;1;1
0706.1310;0706.1310;0;12;12
0707.3446;0707.3446;0;12;12
0707.3444;0707.3444;0;4;4
0902.1385;0902.1385;0;16;16
hep-th/9503235;hep-th/9503235;7;3;10
hep-th/9510139;hep-th/9510139;2;6;8
hep-th/9608120;hep-th/9608120;1;1;2
hep-ph/0104023;hep-ph/0104023;1;3;4
alg-geom/9711008;alg-geom/9711008;2;0;2
0804.2662;0804.2662;0;5;5
0801.3134;0801.3134;0;1;1
hep-th/0411053;hep-th/0411053;4;15;19
hep-th/9607035;hep-th/9607035;2;4;6
hep-th/9612177;hep-th/9612177;0;1;1
hep-ph/9408337;hep-ph/9408337;1;5;6
hep-ph/9408274;hep-ph/9408274;2;0;2
hep-th/9612179;hep-th/9612179;0;8;8
hep-th/0008104;hep-th/0008104;0;8;8
hep-th/9210159;hep-th/9210159;1;4;5
hep-th/9204051;hep-th/9204051;2;0;2
gr-qc/0007059;gr-qc/0007059;2;4;6
hep-th/9412109;hep-th/9412109;1;0;1
0808.3470;0808.3470;0;11;11
0708.1077;0708.1077;0;15;15
hep-th/9312067;hep-th/9312067;0;1;1
gr-qc/9602027;gr-qc/9602027;2;3;5
0907.1193;0907.1193;0;3;3
0705.2376;0705.2376;0;22;22
0811.4155;0811.4155;0;5;5
0811.4150;0811.4150;0;4;4
hep-th/9909084;hep-th/9909084;0;7;7
hep-th/9909080;hep-th/9909080;1;17;18
0710.5282;0710.5282;0;16;16
math/0701740;math/0701740;0;3;3
math/0509393;math/0509393;5;1;6
0907.1999;0907.1999;0;3;3
0902.2061;0902.2061;0;6;6
hep-th/0702034;hep-th/0702034;2;0;2
0706.1082;0706.1082;0;1;1
0911.0560;0911.0560;0;8;8
0904.0509;0904.0509;0;4;4
hep-th/0010001;hep-th/0010001;0;27;27
hep-th/9807089;hep-th/9807089;0;4;4
gr-qc/9308009;gr-qc/9308009;5;1;6
alg-geom/9610021;alg-geom/9610021;6;0;6
hep-th/9503131;hep-th/9503131;0;2;2
hep-th/9411002;hep-th/9411002;2;0;2
hep-th/9503139;hep-th/9503139;1;3;4
0808.2650;0808.2650;0;13;13
hep-th/9911203;hep-th/9911203;3;20;23
hep-th/9910121;hep-th/9910121;1;19;20
q-alg/9712024;q-alg/9712024;2;12;14
0705.0845;0705.0845;0;11;11
hep-th/9607206;hep-th/9607206;1;5;6
0906.5021;0906.5021;0;8;8
0911.1276;0911.1276;0;17;17
0901.4666;0901.4666;0;22;22
0909.3223;0909.3223;0;19;19
0901.0561;0901.0561;0;27;27
0901.4661;0901.4661;0;26;26
0901.0563;0901.0563;0;8;8
hep-th/9801037;hep-th/9801037;2;4;6
hep-th/9806029;hep-th/9806029;0;6;6
0911.0386;0911.0386;0;36;36
0708.1036;0708.1036;0;3;3
hep-th/0112257;hep-th/0112257;0;9;9
hep-th/9609149;hep-th/9609149;1;4;5
hep-th/9609148;hep-th/9609148;1;4;5
hep-th/0507024;hep-th/0507024;1;2;3
0712.1786;0712.1786;0;7;7
hep-th/0507023;hep-th/0507023;0;1;1
0903.1518;0903.1518;0;22;22
0912.1877;0912.1877;0;18;18
0808.3306;0808.3306;0;10;10
hep-th/9111046;hep-th/9111046;7;0;7
hep-th/9409017;hep-th/9409017;0;4;4
hep-th/0304155;hep-th/0304155;0;5;5
hep-th/0304156;hep-th/0304156;0;8;8
0705.3404;0705.3404;0;13;13
hep-th/0510028;hep-th/0510028;0;1;1
0711.0667;0711.0667;0;1;1
0911.1385;0911.1385;0;31;31
hep-th/0204231;hep-th/0204231;1;0;1
hep-th/0608192;hep-th/0608192;2;30;32
hep-th/0411125;hep-th/0411125;1;0;1
gr-qc/0310013;gr-qc/0310013;0;6;6
hep-th/9401043;hep-th/9401043;3;0;3
hep-th/0309055;hep-th/0309055;0;60;60
hep-th/9405027;hep-th/9405027;0;2;2
hep-th/9303078;hep-th/9303078;1;1;2
hep-th/9201030;hep-th/9201030;2;0;2
gr-qc/0511089;gr-qc/0511089;1;5;6
gr-qc/9906037;gr-qc/9906037;1;5;6
0705.0489;0705.0489;0;32;32
0803.4076;0803.4076;0;14;14
hep-th/9410222;hep-th/9410222;0;3;3
hep-th/9410226;hep-th/9410226;0;2;2
hep-th/9410224;hep-th/9410224;0;7;7
hep-th/9409129;hep-th/9409129;2;8;10
0905.4590;0905.4590;0;12;12
0905.4594;0905.4594;0;19;19
gr-qc/0201096;gr-qc/0201096;0;3;3
hep-th/0404061;hep-th/0404061;0;7;7
hep-th/0311010;hep-th/0311010;1;7;8
hep-th/0311021;hep-th/0311021;2;13;15
hep-th/0404060;hep-th/0404060;4;19;23
hep-th/0212183;hep-th/0212183;2;25;27
hep-ph/0001192;hep-ph/0001192;1;3;4
hep-th/0607186;hep-th/0607186;0;5;5
0708.3002;0708.3002;0;40;40
0708.3001;0708.3001;0;7;7
gr-qc/0606130;gr-qc/0606130;0;10;10
0905.2289;0905.2289;0;33;33
0812.1285;0812.1285;0;11;11
0704.0212;0704.0212;0;14;14
hep-th/0607239;hep-th/0607239;3;60;63
hep-th/0409189;hep-th/0409189;2;4;6
hep-th/0504166;hep-th/0504166;0;2;2
0704.1165;0704.1165;0;3;3
hep-th/0607230;hep-th/0607230;1;11;12
hep-th/9607218;hep-th/9607218;4;9;13
hep-th/0601163;hep-th/0601163;2;1;3
0910.3474;0910.3474;0;7;7
hep-th/9210005;hep-th/9210005;2;0;2
hep-th/9711007;hep-th/9711007;3;29;32
hep-th/9807147;hep-th/9807147;2;10;12
hep-th/0204220;hep-th/0204220;2;7;9
cond-mat/0009047;cond-mat/0009047;1;0;1
hep-th/0112048;hep-th/0112048;1;26;27
hep-th/0109185;hep-th/0109185;3;1;4
0908.1552;0908.1552;0;3;3
hep-th/0509233;hep-th/0509233;2;8;10
0705.1929;0705.1929;0;46;46
0911.3396;0911.3396;0;1;1
0911.3395;0911.3395;0;20;20
0711.0441;0711.0441;0;10;10
math/0504544;math/0504544;3;2;5
gr-qc/0407106;gr-qc/0407106;1;11;12
0711.0444;0711.0444;0;99;99
hep-th/9207038;hep-th/9207038;1;0;1
hep-th/0302119;hep-th/0302119;2;7;9
hep-th/9512045;hep-th/9512045;1;0;1
hep-th/0502214;hep-th/0502214;1;34;35
0803.1874;0803.1874;0;5;5
0707.4308;0707.4308;0;2;2
hep-ph/0610070;hep-ph/0610070;1;6;7
hep-th/9506036;hep-th/9506036;2;10;12
0912.1095;0912.1095;0;11;11
hep-th/9708111;hep-th/9708111;1;9;10
hep-th/9708114;hep-th/9708114;1;5;6
astro-ph/0510052;astro-ph/0510052;1;1;2
cond-mat/9703157;cond-mat/9703157;2;1;3
hep-th/0407091;hep-th/0407091;1;23;24
math/0008062;math/0008062;0;4;4
0910.5132;0910.5132;0;4;4
hep-th/0205176;hep-th/0205176;0;6;6
hep-th/0205167;hep-th/0205167;3;0;3
0705.3181;0705.3181;0;34;34
hep-th/0202152;hep-th/0202152;1;20;21
gr-qc/0601093;gr-qc/0601093;3;12;15
0909.3307;0909.3307;0;10;10
0708.4365;0708.4365;0;18;18
0708.4361;0708.4361;0;3;3
hep-ph/0212128;hep-ph/0212128;0;2;2
0709.1014;0709.1014;0;20;20
hep-th/0104013;hep-th/0104013;1;1;2
hep-th/0005004;hep-th/0005004;3;10;13
hep-th/0010056;hep-th/0010056;1;7;8
hep-th/9804052;hep-th/9804052;2;3;5
cond-mat/9904190;cond-mat/9904190;0;2;2
gr-qc/0401033;gr-qc/0401033;2;9;11
hep-th/0506081;hep-th/0506081;1;21;22
hep-th/9409124;hep-th/9409124;2;5;7
hep-th/9612230;hep-th/9612230;0;3;3
hep-th/9612232;hep-th/9612232;0;7;7
hep-th/0207215;hep-th/0207215;1;12;13
math-ph/0702012;math-ph/0702012;0;4;4
hep-th/0205156;hep-th/0205156;2;9;11
cond-mat/0302218;cond-mat/0302218;1;6;7
hep-th/0207216;hep-th/0207216;0;3;3
hep-th/0506088;hep-th/0506088;1;23;24
0802.4081;0802.4081;0;5;5
hep-th/0609159;hep-th/0609159;3;15;18
0710.1312;0710.1312;0;1;1
hep-th/0212244;hep-th/0212244;3;20;23
hep-th/0207213;hep-th/0207213;3;13;16
hep-th/9406120;hep-th/9406120;4;2;6
hep-th/0212249;hep-th/0212249;0;4;4
0706.1344;0706.1344;0;17;17
0806.1431;0806.1431;0;8;8
0708.3459;0708.3459;0;29;29
cond-mat/0511122;cond-mat/0511122;0;17;17
hep-th/0307267;hep-th/0307267;1;9;10
hep-lat/0308002;hep-lat/0308002;0;6;6
hep-lat/0308004;hep-lat/0308004;2;3;5
hep-th/9802002;hep-th/9802002;1;5;6
hep-th/9801167;hep-th/9801167;2;0;2
hep-th/9802006;hep-th/9802006;2;6;8
hep-lat/9403006;hep-lat/9403006;1;0;1
0908.1016;0908.1016;0;7;7
0902.1553;0902.1553;0;6;6
hep-th/0409095;hep-th/0409095;2;10;12
hep-th/0405029;hep-th/0405029;2;0;2
0906.5430;0906.5430;0;12;12
0908.0520;0908.0520;0;23;23
0902.3764;0902.3764;0;59;59
hep-th/9602053;hep-th/9602053;1;0;1
hep-th/0701207;hep-th/0701207;2;4;6
0910.1165;0910.1165;0;8;8
math/0512229;math/0512229;0;3;3
math/0506359;math/0506359;1;2;3
hep-th/9805130;hep-th/9805130;3;12;15
0803.0216;0803.0216;0;6;6
0803.0215;0803.0215;0;15;15
hep-th/9305126;hep-th/9305126;2;1;3
0906.1471;0906.1471;0;8;8
0709.3552;0709.3552;0;41;41
gr-qc/0605094;gr-qc/0605094;3;18;21
hep-th/9209092;hep-th/9209092;0;2;2
hep-th/9207030;hep-th/9207030;2;0;2
0704.2538;0704.2538;0;5;5
0809.4076;0809.4076;0;21;21
hep-ph/0605070;hep-ph/0605070;2;7;9
0704.1935;0704.1935;0;7;7
0908.0948;0908.0948;0;2;2
0710.4311;0710.4311;0;1;1
hep-th/9603032;hep-th/9603032;0;1;1
hep-th/9707022;hep-th/9707022;1;50;51
hep-th/9608138;hep-th/9608138;10;1;11
hep-th/9701094;hep-th/9701094;2;23;25
hep-th/9707026;hep-th/9707026;0;3;3
hep-th/9810054;hep-th/9810054;0;4;4
hep-th/9810056;hep-th/9810056;0;12;12
hep-th/9810011;hep-th/9810011;3;4;7
hep-th/9810052;hep-th/9810052;0;14;14
hep-th/9705243;hep-th/9705243;3;5;8
math/0306143;math/0306143;0;1;1
hep-th/0009115;hep-th/0009115;1;5;6
0903.5311;0903.5311;0;10;10
0807.1335;0807.1335;0;9;9
hep-th/9904083;hep-th/9904083;1;10;11
hep-th/9706083;hep-th/9706083;1;10;11
math/9908013;math/9908013;0;6;6
0901.1091;0901.1091;0;6;6
0709.2208;0709.2208;0;42;42
hep-th/0209204;hep-th/0209204;0;1;1
hep-ph/0010032;hep-ph/0010032;2;3;5
0911.2386;0911.2386;0;1;1
hep-ph/0010035;hep-ph/0010035;0;48;48
gr-qc/0611135;gr-qc/0611135;0;6;6
hep-ph/9811317;hep-ph/9811317;0;3;3
math-ph/0010038;math-ph/0010038;1;6;7
math-ph/0004006;math-ph/0004006;2;0;2
0805.1171;0805.1171;0;18;18
cond-mat/0206098;cond-mat/0206098;3;3;6
hep-th/9503188;hep-th/9503188;3;1;4
hep-th/0108032;hep-th/0108032;1;13;14
hep-th/9411214;hep-th/9411214;3;5;8
math-ph/0212023;math-ph/0212023;1;4;5
hep-th/0006220;hep-th/0006220;6;3;9
gr-qc/9611051;gr-qc/9611051;0;2;2
0801.0333;0801.0333;0;7;7
0802.1947;0802.1947;0;38;38
0707.4303;0707.4303;0;21;21
hep-th/0306283;hep-th/0306283;2;18;20
quant-ph/0405065;quant-ph/0405065;0;6;6
hep-th/0101146;hep-th/0101146;2;5;7
hep-lat/0012028;hep-lat/0012028;8;18;26
hep-lat/0201018;hep-lat/0201018;0;8;8
hep-th/0607074;hep-th/0607074;1;29;30
gr-qc/0605112;gr-qc/0605112;1;6;7
cond-mat/0003425;cond-mat/0003425;1;4;5
hep-lat/0201012;hep-lat/0201012;0;28;28
0909.4057;0909.4057;0;106;106
hep-th/0701012;hep-th/0701012;6;13;19
hep-th/0403065;hep-th/0403065;5;12;17
hep-th/0501030;hep-th/0501030;3;9;12
0908.2635;0908.2635;0;4;4
hep-th/0101147;hep-th/0101147;0;25;25
hep-th/0412071;hep-th/0412071;0;4;4
hep-th/0412070;hep-th/0412070;2;15;17
astro-ph/9803187;astro-ph/9803187;1;1;2
math-ph/0209028;math-ph/0209028;3;0;3
cond-mat/0410391;cond-mat/0410391;0;2;2
cond-mat/0206560;cond-mat/0206560;1;0;1
hep-th/9702084;hep-th/9702084;1;12;13
hep-th/9811095;hep-th/9811095;0;3;3
hep-th/9810033;hep-th/9810033;1;0;1
hep-th/9809216;hep-th/9809216;1;2;3
hep-th/9210157;hep-th/9210157;2;2;4
hep-th/9205001;hep-th/9205001;1;0;1
hep-th/9210156;hep-th/9210156;0;2;2
hep-th/9205026;hep-th/9205026;1;0;1
0904.3813;0904.3813;0;6;6
cond-mat/9805033;cond-mat/9805033;1;2;3
hep-ph/9212276;hep-ph/9212276;3;0;3
0705.4495;0705.4495;0;12;12
hep-th/0403144;hep-th/0403144;2;17;19
hep-lat/9208027;hep-lat/9208027;2;0;2
math-ph/0006003;math-ph/0006003;2;1;3
hep-th/0210201;hep-th/0210201;0;2;2
hep-th/9405198;hep-th/9405198;4;5;9
cond-mat/9810249;cond-mat/9810249;1;0;1
hep-th/0509187;hep-th/0509187;0;10;10
math/0406292;math/0406292;2;3;5
hep-th/9503076;hep-th/9503076;1;0;1
0812.4552;0812.4552;0;1;1
0908.2808;0908.2808;0;6;6
0902.1904;0902.1904;0;34;34
0906.1243;0906.1243;0;5;5
0807.3605;0807.3605;0;20;20
hep-th/0508069;hep-th/0508069;3;17;20
hep-th/9708158;hep-th/9708158;0;7;7
hep-th/9708156;hep-th/9708156;0;1;1
hep-th/9508069;hep-th/9508069;1;0;1
hep-th/9708151;hep-th/9708151;0;1;1
hep-th/0609130;hep-th/0609130;1;11;12
hep-th/0609089;hep-th/0609089;3;29;32
hep-th/0609134;hep-th/0609134;0;9;9
hep-th/0609139;hep-th/0609139;0;3;3
0810.4689;0810.4689;0;6;6
hep-th/9606162;hep-th/9606162;2;0;2
hep-ph/9907258;hep-ph/9907258;3;1;4
0804.0993;0804.0993;0;3;3
0809.1383;0809.1383;0;2;2
0912.2546;0912.2546;0;1;1
hep-th/9303126;hep-th/9303126;0;3;3
hep-th/9305135;hep-th/9305135;2;2;4
hep-th/9307005;hep-th/9307005;0;4;4
hep-th/9506190;hep-th/9506190;0;1;1
hep-th/9806116;hep-th/9806116;1;10;11
cond-mat/0205567;cond-mat/0205567;2;9;11
cond-mat/0201354;cond-mat/0201354;2;10;12
hep-th/0507058;hep-th/0507058;0;15;15
hep-th/0112245;hep-th/0112245;0;2;2
hep-th/9802176;hep-th/9802176;1;26;27
hep-th/9607024;hep-th/9607024;1;0;1
hep-th/0112241;hep-th/0112241;0;4;4
0710.5001;0710.5001;0;7;7
quant-ph/0310128;quant-ph/0310128;0;1;1
0802.1299;0802.1299;0;20;20
0802.1298;0802.1298;0;30;30
0902.3839;0902.3839;0;7;7
math/0510021;math/0510021;4;2;6
hep-th/9706086;hep-th/9706086;1;4;5
hep-ph/0108125;hep-ph/0108125;2;11;13
0907.4087;0907.4087;0;18;18
hep-th/0012098;hep-th/0012098;3;10;13
hep-th/0506099;hep-th/0506099;0;8;8
0704.3442;0704.3442;0;83;83
hep-th/0006159;hep-th/0006159;1;9;10
hep-th/0006150;hep-th/0006150;1;5;6
hep-th/9809025;hep-th/9809025;1;6;7
cond-mat/9207025;cond-mat/9207025;2;0;2
hep-th/9701039;hep-th/9701039;1;0;1
hep-th/0006155;hep-th/0006155;0;1;1
hep-lat/9207001;hep-lat/9207001;1;3;4
hep-th/9109011;hep-th/9109011;2;0;2
0911.5125;0911.5125;0;23;23
gr-qc/0411135;gr-qc/0411135;5;7;12
0910.1129;0910.1129;0;38;38
0910.1128;0910.1128;0;21;21
0806.1783;0806.1783;0;25;25
0806.1788;0806.1788;0;17;17
math/0610933;math/0610933;1;2;3
0710.3675;0710.3675;0;18;18
0908.3487;0908.3487;0;8;8
quant-ph/0007091;quant-ph/0007091;2;1;3
quant-ph/0007092;quant-ph/0007092;1;0;1
hep-th/0505171;hep-th/0505171;0;10;10
hep-th/0405254;hep-th/0405254;1;0;1
hep-th/9501103;hep-th/9501103;4;0;4
0803.2333;0803.2333;0;4;4
hep-th/0105246;hep-th/0105246;4;41;45
hep-th/0211286;hep-th/0211286;1;11;12
hep-th/9908121;hep-th/9908121;2;26;28
hep-th/0106195;hep-th/0106195;4;38;42
hep-th/0208116;hep-th/0208116;0;6;6
0911.5695;0911.5695;0;3;3
0911.5697;0911.5697;0;36;36
0902.4048;0902.4048;0;14;14
0902.4041;0902.4041;0;34;34
0801.3300;0801.3300;0;11;11
hep-th/0505179;hep-th/0505179;1;20;21
hep-th/9510058;hep-th/9510058;2;4;6
hep-th/0301034;hep-th/0301034;4;7;11
hep-th/9905132;hep-th/9905132;4;5;9
0903.4686;0903.4686;0;19;19
0901.1581;0901.1581;0;11;11
0806.2493;0806.2493;0;1;1
0704.0936;0704.0936;0;42;42
hep-th/9810016;hep-th/9810016;0;8;8
0901.0265;0901.0265;0;73;73
math/0505634;math/0505634;0;1;1
0707.2848;0707.2848;0;49;49
math-ph/0212017;math-ph/0212017;0;1;1
0901.0262;0901.0262;0;10;10
gr-qc/9803028;gr-qc/9803028;2;32;34
hep-th/9907064;hep-th/9907064;0;3;3
hep-th/0409167;hep-th/0409167;0;2;2
hep-th/9907068;hep-th/9907068;0;10;10
hep-th/9611073;hep-th/9611073;1;1;2
0806.2144;0806.2144;0;7;7
0806.2145;0806.2145;0;6;6
0806.2141;0806.2141;0;13;13
quant-ph/0210095;quant-ph/0210095;0;3;3
0902.0230;0902.0230;0;4;4
0901.4945;0901.4945;0;28;28
hep-ph/0403173;hep-ph/0403173;1;2;3
0803.0250;0803.0250;0;3;3
0904.0955;0904.0955;0;14;14
cond-mat/9710314;cond-mat/9710314;0;1;1
math-ph/0402029;math-ph/0402029;0;2;2
math-ph/0402004;math-ph/0402004;1;2;3
hep-th/0111289;hep-th/0111289;0;7;7
hep-th/9907151;hep-th/9907151;1;4;5
hep-th/0111286;hep-th/0111286;0;4;4
hep-th/0201199;hep-th/0201199;0;15;15
gr-qc/9806023;gr-qc/9806023;2;9;11
hep-th/9407040;hep-th/9407040;0;2;2
0902.1569;0902.1569;0;18;18
0902.1566;0902.1566;0;4;4
0910.1309;0910.1309;0;14;14
0811.3772;0811.3772;0;9;9
0909.2976;0909.2976;0;8;8
hep-th/9805092;hep-th/9805092;2;7;9
0902.3688;0902.3688;0;7;7
hep-th/9210113;hep-th/9210113;0;1;1
hep-th/9210111;hep-th/9210111;0;2;2
hep-ph/0201073;hep-ph/0201073;1;7;8
hep-th/9812006;hep-th/9812006;1;0;1
hep-ph/0304152;hep-ph/0304152;1;9;10
hep-th/0107024;hep-th/0107024;2;12;14
0809.3402;0809.3402;0;7;7
hep-th/0301108;hep-th/0301108;2;10;12
0908.3291;0908.3291;0;9;9
math/9909014;math/9909014;0;5;5
0809.3406;0809.3406;0;3;3
0905.4752;0905.4752;0;16;16
cond-mat/9802213;cond-mat/9802213;1;3;4
cond-mat/9706266;cond-mat/9706266;2;1;3
0910.5826;0910.5826;0;5;5
0706.0174;0706.0174;0;60;60
0706.0175;0706.0175;0;16;16
1001.0050;1001.0050;0;10;10
physics/0609137;physics/0609137;2;2;4
0710.1933;0710.1933;0;8;8
0706.0179;0706.0179;0;12;12
0802.2152;0802.2152;0;18;18
0907.3709;0907.3709;0;12;12
0908.2802;0908.2802;0;13;13
hep-th/0003182;hep-th/0003182;0;6;6
hep-th/9810038;hep-th/9810038;4;8;12
gr-qc/9701049;gr-qc/9701049;0;17;17
0811.2822;0811.2822;0;23;23
0811.2825;0811.2825;0;48;48
0905.3415;0905.3415;0;19;19
astro-ph/0409064;astro-ph/0409064;0;5;5
0806.3515;0806.3515;0;4;4
0905.3536;0905.3536;0;15;15
hep-th/0003181;hep-th/0003181;0;3;3
hep-th/0410020;hep-th/0410020;0;23;23
hep-th/9610004;hep-th/9610004;0;3;3
0905.3532;0905.3532;0;12;12
0710.4599;0710.4599;0;48;48
hep-th/0003214;hep-th/0003214;0;12;12
math/0406380;math/0406380;0;5;5
math/0107040;math/0107040;1;3;4
0905.3533;0905.3533;0;1;1
0801.1442;0801.1442;0;3;3
astro-ph/0102419;astro-ph/0102419;4;8;12
0909.2025;0909.2025;0;52;52
math/0702189;math/0702189;2;2;4
0912.3135;0912.3135;0;6;6
0912.4027;0912.4027;0;11;11
0912.5503;0912.5503;0;2;2
hep-th/0411078;hep-th/0411078;1;10;11
gr-qc/0207066;gr-qc/0207066;6;3;9
hep-th/0511024;hep-th/0511024;3;25;28
math/0507252;math/0507252;5;18;23
solv-int/9801022;solv-int/9801022;2;0;2
nlin/0111032;nlin/0111032;3;15;18
hep-th/9710039;hep-th/9710039;3;7;10
math/9912218;math/9912218;5;0;5
hep-th/9303135;hep-th/9303135;1;1;2
hep-th/0306009;hep-th/0306009;3;22;25
0707.1768;0707.1768;0;87;87
0907.0847;0907.0847;0;15;15
gr-qc/0412084;gr-qc/0412084;1;0;1
math/0511521;math/0511521;0;2;2
0911.3805;0911.3805;0;7;7
hep-th/0401007;hep-th/0401007;1;16;17
hep-th/0211067;hep-th/0211067;2;23;25
hep-th/0401002;hep-th/0401002;0;5;5
0902.3358;0902.3358;0;6;6
0909.1615;0909.1615;0;8;8
0909.1617;0909.1617;0;18;18
hep-ph/9407270;hep-ph/9407270;0;1;1
0804.4553;0804.4553;0;74;74
0911.3737;0911.3737;0;1;1
hep-th/0406042;hep-th/0406042;0;11;11
0905.1632;0905.1632;0;9;9
cond-mat/9911383;cond-mat/9911383;1;12;13
hep-th/9308058;hep-th/9308058;1;1;2
hep-th/9308059;hep-th/9308059;0;1;1
hep-th/0312195;hep-th/0312195;0;18;18
hep-th/9308050;hep-th/9308050;1;5;6
hep-th/9308051;hep-th/9308051;0;5;5
hep-th/0406045;hep-th/0406045;3;25;28
hep-th/0405265;hep-th/0405265;5;9;14
0805.4037;0805.4037;0;27;27
0805.1004;0805.1004;0;1;1
0805.4031;0805.4031;0;11;11
0805.4038;0805.4038;0;12;12
0805.1009;0805.1009;0;15;15
hep-th/0212342;hep-th/0212342;1;16;17
physics/0403109;physics/0403109;3;1;4
hep-th/0602224;hep-th/0602224;1;1;2
physics/0110047;physics/0110047;1;0;1
0809.4100;0809.4100;0;8;8
gr-qc/9312034;gr-qc/9312034;2;3;5
hep-th/0507145;hep-th/0507145;1;3;4
math/0511525;math/0511525;0;2;2
hep-th/9509101;hep-th/9509101;2;7;9
hep-th/9511076;hep-th/9511076;0;4;4
hep-th/9611069;hep-th/9611069;0;6;6
hep-th/9212051;hep-th/9212051;5;0;5
hep-th/9611061;hep-th/9611061;1;19;20
hep-th/9609199;hep-th/9609199;0;2;2
cond-mat/9804302;cond-mat/9804302;0;1;1
cond-mat/9601130;cond-mat/9601130;2;0;2
hep-th/0508040;hep-th/0508040;1;1;2
0907.1084;0907.1084;0;24;24
hep-ph/9702396;hep-ph/9702396;0;1;1
hep-th/9908210;hep-th/9908210;1;2;3
hep-th/9906136;hep-th/9906136;2;0;2
hep-th/9906135;hep-th/9906135;2;0;2
nlin/0103047;nlin/0103047;2;0;2
nlin/0101033;nlin/0101033;1;0;1
hep-th/0606107;hep-th/0606107;1;22;23
hep-ph/9702399;hep-ph/9702399;0;6;6
hep-th/0410177;hep-th/0410177;1;15;16
0910.1906;0910.1906;0;64;64
hep-th/0005284;hep-th/0005284;0;3;3
hep-th/9705081;hep-th/9705081;1;1;2
0806.3548;0806.3548;0;23;23
cond-mat/0212475;cond-mat/0212475;0;11;11
0804.3305;0804.3305;0;15;15
hep-th/0403185;hep-th/0403185;1;9;10
hep-ph/0512187;hep-ph/0512187;3;3;6
0812.0792;0812.0792;0;49;49
hep-th/0601101;hep-th/0601101;3;40;43
0907.5424;0907.5424;0;54;54
0804.3301;0804.3301;0;50;50
0808.0884;0808.0884;0;3;3
0810.3640;0810.3640;0;4;4
hep-ph/9903318;hep-ph/9903318;4;10;14
0708.0482;0708.0482;0;13;13
0708.0483;0708.0483;0;34;34
0912.3606;0912.3606;0;13;13
0802.2916;0802.2916;0;57;57
0803.0684;0803.0684;0;5;5
0808.0880;0808.0880;0;4;4
0908.2963;0908.2963;0;13;13
0803.0685;0803.0685;0;14;14
hep-th/9808144;hep-th/9808144;3;5;8
hep-th/0103084;hep-th/0103084;2;16;18
hep-th/9808148;hep-th/9808148;0;12;12
hep-th/0103081;hep-th/0103081;0;35;35
hep-th/9411006;hep-th/9411006;0;5;5
hep-th/9607180;hep-th/9607180;0;10;10
hep-th/9212092;hep-th/9212092;2;0;2
0903.2293;0903.2293;0;12;12
hep-th/9912122;hep-th/9912122;5;10;15
cond-mat/9312077;cond-mat/9312077;1;0;1
0804.1914;0804.1914;0;18;18
math/0111047;math/0111047;1;2;3
hep-th/0204013;hep-th/0204013;3;21;24
0710.2517;0710.2517;0;9;9
0907.0064;0907.0064;0;21;21
0803.2610;0803.2610;0;1;1
0803.2613;0803.2613;0;10;10
hep-lat/0208061;hep-lat/0208061;1;7;8
hep-lat/0208060;hep-lat/0208060;0;7;7
0801.0305;0801.0305;0;21;21
gr-qc/0612052;gr-qc/0612052;0;2;2
hep-lat/0208066;hep-lat/0208066;1;4;5
0705.1322;0705.1322;0;16;16
hep-th/9912251;hep-th/9912251;1;6;7
hep-th/9701161;hep-th/9701161;0;14;14
hep-th/9602103;hep-th/9602103;1;13;14
0912.0677;0912.0677;0;11;11
hep-lat/0603022;hep-lat/0603022;0;7;7
hep-th/0112083;hep-th/0112083;1;16;17
hep-th/0109180;hep-th/0109180;1;17;18
hep-th/0105240;hep-th/0105240;3;14;17
hep-th/0310121;hep-th/0310121;3;20;23
hep-th/0103151;hep-th/0103151;1;6;7
gr-qc/0310025;gr-qc/0310025;2;19;21
hep-th/0310127;hep-th/0310127;0;9;9
hep-th/0206157;hep-th/0206157;1;12;13
0710.0808;0710.0808;0;49;49
hep-lat/9709062;hep-lat/9709062;2;3;5
hep-lat/9808044;hep-lat/9808044;1;4;5
0712.4070;0712.4070;0;17;17
hep-ph/0002092;hep-ph/0002092;1;9;10
0804.2066;0804.2066;0;11;11
0808.3444;0808.3444;0;4;4
0805.1876;0805.1876;0;7;7
0805.1874;0805.1874;0;39;39
hep-th/0703076;hep-th/0703076;3;11;14
0912.2866;0912.2866;0;3;3
0705.2611;0705.2611;0;14;14
hep-th/0001004;hep-th/0001004;4;0;4
hep-th/0511038;hep-th/0511038;2;16;18
hep-th/0105131;hep-th/0105131;0;4;4
0907.4137;0907.4137;0;69;69
hep-th/9609221;hep-th/9609221;1;2;3
hep-th/0607173;hep-th/0607173;0;1;1
hep-th/9609227;hep-th/9609227;0;5;5
hep-th/9509113;hep-th/9509113;1;7;8
0812.2655;0812.2655;0;8;8
0801.3455;0801.3455;0;43;43
gr-qc/0308052;gr-qc/0308052;1;7;8
0807.0225;0807.0225;0;51;51
math-ph/0202016;math-ph/0202016;1;1;2
hep-th/0601160;hep-th/0601160;1;9;10
0909.2107;0909.2107;0;34;34
cond-mat/0205174;cond-mat/0205174;3;5;8
hep-th/0312024;hep-th/0312024;5;12;17
0904.3814;0904.3814;0;6;6
hep-th/0301200;hep-th/0301200;4;12;16
hep-th/0410110;hep-th/0410110;1;21;22
hep-th/0404049;hep-th/0404049;6;20;26
0802.3391;0802.3391;0;31;31
0904.0911;0904.0911;0;2;2
0707.0223;0707.0223;0;6;6
hep-th/0004129;hep-th/0004129;0;6;6
hep-th/0004127;hep-th/0004127;1;6;7
hep-lat/0309018;hep-lat/0309018;2;4;6
0707.3070;0707.3070;0;38;38
hep-th/9908092;hep-th/9908092;1;27;28
hep-th/9910083;hep-th/9910083;4;10;14
hep-th/9911031;hep-th/9911031;5;14;19
0712.0619;0712.0619;0;9;9
0811.4427;0811.4427;0;16;16
0709.0206;0709.0206;0;6;6
0811.4423;0811.4423;0;1;1
0811.4422;0811.4422;0;54;54
hep-th/9407086;hep-th/9407086;0;1;1
hep-th/9407083;hep-th/9407083;0;2;2
hep-th/9407082;hep-th/9407082;0;1;1
0802.2117;0802.2117;0;31;31
hep-th/0212161;hep-th/0212161;3;11;14
0903.5453;0903.5453;0;10;10
0907.1242;0907.1242;0;23;23
0804.1757;0804.1757;0;26;26
0901.4066;0901.4066;0;20;20
hep-th/0301184;hep-th/0301184;0;27;27
0901.3237;0901.3237;0;8;8
hep-th/0301185;hep-th/0301185;0;4;4
hep-th/0506261;hep-th/0506261;0;1;1
hep-th/0511067;hep-th/0511067;1;6;7
hep-th/0411035;hep-th/0411035;1;27;28
hep-th/0411037;hep-th/0411037;1;1;2
cond-mat/9809365;cond-mat/9809365;6;22;28
0707.2302;0707.2302;0;11;11
quant-ph/0204067;quant-ph/0204067;2;5;7
quant-ph/0206022;quant-ph/0206022;3;2;5
0707.2303;0707.2303;0;21;21
0805.0665;0805.0665;0;23;23
0707.2304;0707.2304;0;20;20
0707.2305;0707.2305;0;131;131
hep-th/0510014;hep-th/0510014;5;0;5
0903.3771;0903.3771;0;2;2
0907.0803;0907.0803;0;25;25
0809.0879;0809.0879;0;5;5
0910.5670;0910.5670;0;23;23
0806.1187;0806.1187;0;14;14
hep-th/0510077;hep-th/0510077;4;10;14
0706.1667;0706.1667;0;49;49
0706.1663;0706.1663;0;31;31
0710.0456;0710.0456;0;16;16
0710.0841;0710.0841;0;7;7
quant-ph/0612122;quant-ph/0612122;2;8;10
hep-ph/0211250;hep-ph/0211250;1;35;36
hep-th/0610216;hep-th/0610216;1;50;51
0910.1586;0910.1586;0;31;31
hep-ph/0605145;hep-ph/0605145;0;16;16
0802.0514;0802.0514;0;44;44
0904.0738;0904.0738;0;1;1
0710.0453;0710.0453;0;9;9
0911.1149;0911.1149;0;5;5
hep-th/9402076;hep-th/9402076;1;3;4
hep-th/9610042;hep-th/9610042;0;18;18
hep-th/9412240;hep-th/9412240;1;0;1
hep-th/9610047;hep-th/9610047;0;5;5
hep-th/9406057;hep-th/9406057;3;0;3
hep-th/9308091;hep-th/9308091;4;2;6
hep-th/9308095;hep-th/9308095;0;9;9
hep-th/9308097;hep-th/9308097;0;2;2
0810.4521;0810.4521;0;12;12
0803.4273;0803.4273;0;17;17
0802.1490;0802.1490;0;32;32
0809.4384;0809.4384;0;9;9
0810.3532;0810.3532;0;18;18
0710.5676;0710.5676;0;13;13
hep-th/0702138;hep-th/0702138;3;29;32
hep-th/0512353;hep-th/0512353;5;17;22
0912.3552;0912.3552;0;2;2
hep-th/0412282;hep-th/0412282;2;10;12
0804.3233;0804.3233;0;7;7
math/0102038;math/0102038;3;5;8
hep-th/9707169;hep-th/9707169;4;3;7
hep-th/9609156;hep-th/9609156;0;1;1
hep-th/9609158;hep-th/9609158;2;4;6
0711.2499;0711.2499;0;6;6
0711.2498;0711.2498;0;14;14
hep-th/0401107;hep-th/0401107;2;0;2
hep-th/9305118;hep-th/9305118;0;1;1
hep-th/0606143;hep-th/0606143;1;13;14
hep-th/9712138;hep-th/9712138;0;5;5
0809.3048;0809.3048;0;41;41
0707.3899;0707.3899;0;63;63
quant-ph/9611045;quant-ph/9611045;1;2;3
0710.3683;0710.3683;0;3;3
hep-th/9903004;hep-th/9903004;1;1;2
gr-qc/0104065;gr-qc/0104065;0;3;3
hep-th/9705133;hep-th/9705133;3;4;7
hep-lat/9903027;hep-lat/9903027;5;9;14
0710.1670;0710.1670;0;7;7
0705.1216;0705.1216;0;1;1
hep-th/9401034;hep-th/9401034;0;2;2
hep-th/9211086;hep-th/9211086;1;0;1
hep-th/9401037;hep-th/9401037;0;1;1
0912.4013;0912.4013;0;30;30
0909.3048;0909.3048;0;2;2
hep-th/0307300;hep-th/0307300;4;37;41
hep-th/0207255;hep-th/0207255;1;27;28
0801.4910;0801.4910;0;66;66
0705.1211;0705.1211;0;36;36
0912.2058;0912.2058;0;1;1
0704.3559;0704.3559;0;22;22
0801.3583;0801.3583;0;13;13
gr-qc/9511040;gr-qc/9511040;2;5;7
0801.2399;0801.2399;0;17;17
0811.3149;0811.3149;0;10;10
hep-lat/9411059;hep-lat/9411059;1;0;1
hep-th/0604166;hep-th/0604166;0;16;16
hep-th/9503111;hep-th/9503111;1;3;4
hep-th/0501129;hep-th/0501129;1;7;8
gr-qc/0209080;gr-qc/0209080;4;21;25
hep-th/0412105;hep-th/0412105;1;22;23
0710.2551;0710.2551;0;42;42
hep-th/0604168;hep-th/0604168;0;8;8
hep-th/0507237;hep-th/0507237;1;7;8
0907.4736;0907.4736;0;8;8
hep-th/9405100;hep-th/9405100;2;0;2
0710.5688;0710.5688;0;13;13
0705.3809;0705.3809;0;14;14
hep-th/9511011;hep-th/9511011;2;1;3
0906.2192;0906.2192;0;15;15
0805.3373;0805.3373;0;29;29
0704.2334;0704.2334;0;7;7
hep-th/0112042;hep-th/0112042;2;15;17
hep-th/9612032;hep-th/9612032;0;1;1
hep-th/9612033;hep-th/9612033;0;1;1
hep-th/9206089;hep-th/9206089;5;1;6
0909.1450;0909.1450;0;8;8
hep-th/0102029;hep-th/0102029;1;14;15
hep-th/9809013;hep-th/9809013;3;5;8
hep-th/9701138;hep-th/9701138;3;8;11
hep-th/9709085;hep-th/9709085;0;6;6
0712.0217;0712.0217;0;43;43
gr-qc/0612018;gr-qc/0612018;1;5;6
gr-qc/0612011;gr-qc/0612011;0;5;5
0911.4274;0911.4274;0;6;6
0705.2656;0705.2656;0;53;53
hep-lat/9205013;hep-lat/9205013;1;0;1
0801.1435;0801.1435;0;20;20
hep-th/9909128;hep-th/9909128;2;14;16
physics/0210117;physics/0210117;0;1;1
physics/0210074;physics/0210074;1;0;1
0807.0269;0807.0269;0;2;2
0801.3498;0801.3498;0;30;30
0807.1074;0807.1074;0;22;22
physics/0009079;physics/0009079;0;2;2
hep-th/0510199;hep-th/0510199;1;1;2
hep-th/0510198;hep-th/0510198;2;0;2
0801.1693;0801.1693;0;17;17
hep-th/0208220;hep-th/0208220;1;5;6
hep-th/0310166;hep-th/0310166;0;1;1
hep-th/9605156;hep-th/9605156;3;0;3
hep-th/9703143;hep-th/9703143;1;8;9
hep-th/0307249;hep-th/0307249;2;0;2
hep-th/0310163;hep-th/0310163;1;14;15
astro-ph/0303250;astro-ph/0303250;0;6;6
0905.1951;0905.1951;0;45;45
hep-ph/9610539;hep-ph/9610539;0;2;2
0904.1070;0904.1070;0;30;30
hep-th/0702086;hep-th/0702086;3;16;19
hep-th/0702087;hep-th/0702087;1;6;7
hep-th/0606110;hep-th/0606110;2;18;20
hep-th/0702080;hep-th/0702080;1;2;3
0808.1630;0808.1630;0;25;25
0810.4944;0810.4944;0;47;47
hep-th/0207271;hep-th/0207271;3;7;10
0808.2752;0808.2752;0;27;27
0901.4508;0901.4508;0;9;9
0802.3765;0802.3765;0;3;3
astro-ph/0102032;astro-ph/0102032;1;2;3
hep-th/9403065;hep-th/9403065;0;1;1
hep-th/9403064;hep-th/9403064;1;1;2
hep-th/9207026;hep-th/9207026;2;0;2
hep-th/9403061;hep-th/9403061;1;8;9
hep-th/9201062;hep-th/9201062;2;0;2
hep-th/9202033;hep-th/9202033;2;0;2
hep-th/9403062;hep-th/9403062;0;4;4
0805.1249;0805.1249;0;30;30
0906.4191;0906.4191;0;3;3
0705.1301;0705.1301;0;11;11
0809.1822;0809.1822;0;12;12
hep-th/9409200;hep-th/9409200;0;8;8
hep-ph/0502003;hep-ph/0502003;0;2;2
math/0004034;math/0004034;2;15;17
math/9903096;math/9903096;2;7;9
0901.3426;0901.3426;0;11;11
0807.0880;0807.0880;0;4;4
hep-th/0401106;hep-th/0401106;0;11;11
0907.4424;0907.4424;0;46;46
hep-th/0612299;hep-th/0612299;0;20;20
0812.3564;0812.3564;0;17;17
cond-mat/0606453;cond-mat/0606453;1;0;1
hep-th/9410013;hep-th/9410013;4;10;14
hep-th/0204090;hep-th/0204090;2;20;22
0802.0355;0802.0355;0;7;7
0812.3560;0812.3560;0;62;62
0812.0185;0812.0185;0;17;17
hep-th/0107058;hep-th/0107058;1;2;3
0806.4971;0806.4971;0;2;2
0801.4148;0801.4148;0;6;6
gr-qc/0509051;gr-qc/0509051;1;8;9
0812.0183;0812.0183;0;5;5
0706.3014;0706.3014;0;3;3
0712.3170;0712.3170;0;6;6
0903.5284;0903.5284;0;4;4
hep-th/9809078;hep-th/9809078;2;6;8
0712.3176;0712.3176;0;9;9
hep-th/9809075;hep-th/9809075;0;18;18
hep-th/9809077;hep-th/9809077;0;4;4
0802.1232;0802.1232;0;28;28
0910.0541;0910.0541;0;3;3
0905.1334;0905.1334;0;31;31
hep-ph/9808276;hep-ph/9808276;0;8;8
math-ph/0507020;math-ph/0507020;0;5;5
hep-th/9904103;hep-th/9904103;2;1;3
hep-th/9408151;hep-th/9408151;0;1;1
hep-th/9408153;hep-th/9408153;1;1;2
hep-th/9408154;hep-th/9408154;1;4;5
hep-th/9408157;hep-th/9408157;0;1;1
0705.3237;0705.3237;0;3;3
hep-th/0607011;hep-th/0607011;0;14;14
hep-th/0501116;hep-th/0501116;1;21;22
0812.4033;0812.4033;0;15;15
0807.2779;0807.2779;0;14;14
0812.4037;0812.4037;0;20;20
gr-qc/0612039;gr-qc/0612039;2;13;15
gr-qc/0202023;gr-qc/0202023;1;0;1
0704.0400;0704.0400;0;53;53
0812.3952;0812.3952;0;21;21
0704.0409;0704.0409;0;6;6
hep-th/0412253;hep-th/0412253;1;3;4
hep-ph/0611278;hep-ph/0611278;2;25;27
0707.2755;0707.2755;0;8;8
hep-th/0311108;hep-th/0311108;2;7;9
0904.0126;0904.0126;0;33;33
hep-ph/0512221;hep-ph/0512221;1;12;13
0908.3126;0908.3126;0;10;10
hep-th/9607014;hep-th/9607014;1;0;1
physics/9709009;physics/9709009;0;4;4
0906.3503;0906.3503;0;10;10
0809.5279;0809.5279;0;3;3
0808.2811;0808.2811;0;44;44
0809.5270;0809.5270;0;9;9
0809.5271;0809.5271;0;3;3
0811.2182;0811.2182;0;13;13
hep-ph/0203095;hep-ph/0203095;1;9;10
0804.3139;0804.3139;0;12;12
hep-th/9505007;hep-th/9505007;0;12;12
hep-th/9504119;hep-th/9504119;1;3;4
hep-th/0503087;hep-th/0503087;1;7;8
0710.3527;0710.3527;0;7;7
0906.1735;0906.1735;0;7;7
hep-th/0011203;hep-th/0011203;0;3;3
hep-th/0008025;hep-th/0008025;2;6;8
hep-th/0011202;hep-th/0011202;4;21;25
hep-th/0011201;hep-th/0011201;0;1;1
hep-th/9909165;hep-th/9909165;1;0;1
hep-th/0009027;hep-th/0009027;2;6;8
hep-th/9911127;hep-th/9911127;0;2;2
hep-th/9911122;hep-th/9911122;0;1;1
hep-ph/0610082;hep-ph/0610082;0;6;6
chao-dyn/9601018;chao-dyn/9601018;0;3;3
chao-dyn/9509007;chao-dyn/9509007;1;0;1
chao-dyn/9504002;chao-dyn/9504002;1;0;1
chao-dyn/9601010;chao-dyn/9601010;1;1;2
hep-th/9512162;hep-th/9512162;2;0;2
chao-dyn/9601015;chao-dyn/9601015;0;2;2
hep-th/9409173;hep-th/9409173;3;0;3
hep-th/9508149;hep-th/9508149;6;2;8
hep-th/9209033;hep-th/9209033;2;0;2
0704.1460;0704.1460;0;61;61
nucl-th/0605004;nucl-th/0605004;1;4;5
hep-th/9810178;hep-th/9810178;2;0;2
hep-th/0005093;hep-th/0005093;1;31;32
hep-th/0005097;hep-th/0005097;2;4;6
hep-th/9902109;hep-th/9902109;3;2;5
hep-th/9312214;hep-th/9312214;2;2;4
hep-th/0005095;hep-th/0005095;1;29;30
0811.0943;0811.0943;0;7;7
0907.5580;0907.5580;0;18;18
0709.0635;0709.0635;0;9;9
math/0701378;math/0701378;1;5;6
0706.0731;0706.0731;0;16;16
0906.1011;0906.1011;0;33;33
0711.0181;0711.0181;0;5;5
gr-qc/0210058;gr-qc/0210058;2;0;2
0906.2429;0906.2429;0;12;12
0806.0141;0806.0141;0;16;16
hep-th/9710143;hep-th/9710143;0;3;3
0910.5309;0910.5309;0;58;58
0907.3508;0907.3508;0;1;1
0811.2510;0811.2510;0;7;7
hep-th/0310208;hep-th/0310208;0;12;12
0706.0979;0706.0979;0;11;11
hep-th/0310205;hep-th/0310205;0;3;3
hep-th/0306159;hep-th/0306159;1;5;6
hep-ph/0306164;hep-ph/0306164;3;0;3
hep-th/9807010;hep-th/9807010;3;2;5
hep-th/0310201;hep-th/0310201;1;8;9
0906.4999;0906.4999;0;7;7
0806.0394;0806.0394;0;29;29
0903.3779;0903.3779;0;12;12
math/0212061;math/0212061;0;1;1
0802.0866;0802.0866;0;10;10
0802.0868;0802.0868;0;32;32
0709.1109;0709.1109;0;4;4
gr-qc/0304077;gr-qc/0304077;1;2;3
hep-th/0507284;hep-th/0507284;2;7;9
hep-th/0503037;hep-th/0503037;1;3;4
hep-th/0507283;hep-th/0507283;0;14;14
hep-th/0507281;hep-th/0507281;0;2;2
0804.1772;0804.1772;0;19;19
0709.2505;0709.2505;0;4;4
hep-th/0202108;hep-th/0202108;0;5;5
hep-th/0202106;hep-th/0202106;1;15;16
hep-th/0201188;hep-th/0201188;1;0;1
0908.3909;0908.3909;0;2;2
hep-th/0006086;hep-th/0006086;3;0;3
hep-th/0207167;hep-th/0207167;1;2;3
hep-th/0207165;hep-th/0207165;1;18;19
hep-th/9205061;hep-th/9205061;5;0;5
0809.2558;0809.2558;0;15;15
0809.5234;0809.5234;0;25;25
hep-th/0309255;hep-th/0309255;0;6;6
math-ph/0308019;math-ph/0308019;1;0;1
hep-th/0303050;hep-th/0303050;0;29;29
hep-ph/9502213;hep-ph/9502213;1;1;2
hep-th/9609235;hep-th/9609235;1;0;1
hep-th/0309257;hep-th/0309257;0;10;10
hep-th/9405099;hep-th/9405099;2;6;8
hep-th/0306275;hep-th/0306275;0;6;6
hep-th/0210082;hep-th/0210082;1;4;5
hep-th/0204126;hep-th/0204126;1;0;1
0806.3135;0806.3135;0;3;3
0704.3694;0704.3694;0;11;11
hep-ph/0506015;hep-ph/0506015;3;0;3
0812.4345;0812.4345;0;3;3
0907.2677;0907.2677;0;16;16
hep-th/0510107;hep-th/0510107;1;5;6
0811.0866;0811.0866;0;16;16
gr-qc/9911017;gr-qc/9911017;1;1;2
0810.5321;0810.5321;0;4;4
hep-ph/0011223;hep-ph/0011223;0;8;8
hep-ph/0008323;hep-ph/0008323;1;0;1
hep-ph/0011115;hep-ph/0011115;3;12;15
0811.0917;0811.0917;0;6;6
hep-th/0209180;hep-th/0209180;3;4;7
hep-th/0303014;hep-th/0303014;1;6;7
0811.0916;0811.0916;0;37;37
0904.4711;0904.4711;0;6;6
hep-th/9811210;hep-th/9811210;3;10;13
0811.0913;0811.0913;0;4;4
0811.0910;0811.0910;0;34;34
funct-an/9710003;funct-an/9710003;1;1;2
0811.0919;0811.0919;0;24;24
0804.4786;0804.4786;0;8;8
math-ph/0701037;math-ph/0701037;1;0;1
0811.1358;0811.1358;0;9;9
0902.4353;0902.4353;0;3;3
0808.1264;0808.1264;0;32;32
0808.1262;0808.1262;0;17;17
hep-th/0512305;hep-th/0512305;0;8;8
hep-th/0512303;hep-th/0512303;1;43;44
hep-th/0510169;hep-th/0510169;1;31;32
hep-th/0412234;hep-th/0412234;3;14;17
hep-th/9905138;hep-th/9905138;9;17;26
hep-th/0108178;hep-th/0108178;2;26;28
hep-th/0110094;hep-th/0110094;1;16;17
hep-th/0103226;hep-th/0103226;1;12;13
hep-th/0110095;hep-th/0110095;2;1;3
hep-lat/0412041;hep-lat/0412041;3;36;39
0909.5688;0909.5688;0;5;5
cond-mat/0410749;cond-mat/0410749;0;1;1
0909.5682;0909.5682;0;8;8
0909.5681;0909.5681;0;11;11
hep-lat/0507014;hep-lat/0507014;2;5;7
hep-th/0602236;hep-th/0602236;1;7;8
hep-th/0507126;hep-th/0507126;2;7;9
0706.3359;0706.3359;0;22;22
math-ph/0608001;math-ph/0608001;1;0;1
0904.1595;0904.1595;0;1;1
0811.4329;0811.4329;0;12;12
0911.1886;0911.1886;0;3;3
0909.3900;0909.3900;0;12;12
0806.2667;0806.2667;0;32;32
0806.2661;0806.2661;0;22;22
0907.4532;0907.4532;0;16;16
0903.4073;0903.4073;0;32;32
hep-lat/9311032;hep-lat/9311032;3;0;3
hep-th/9811115;hep-th/9811115;0;7;7
0911.4939;0911.4939;0;7;7
astro-ph/0301173;astro-ph/0301173;2;0;2
0707.0200;0707.0200;0;5;5
0909.4486;0909.4486;0;4;4
hep-th/0209019;hep-th/0209019;1;4;5
hep-th/0209018;hep-th/0209018;0;33;33
hep-th/0209015;hep-th/0209015;0;12;12
hep-th/9501102;hep-th/9501102;5;4;9
hep-th/0209016;hep-th/0209016;0;6;6
hep-th/0209013;hep-th/0209013;0;23;23
hep-th/0208068;hep-th/0208068;2;32;34
0904.3665;0904.3665;0;18;18
hep-th/0611038;hep-th/0611038;2;12;14
q-alg/9603021;q-alg/9603021;1;0;1
0811.4584;0811.4584;0;14;14
hep-th/9210101;hep-th/9210101;0;7;7
math-ph/9908021;math-ph/9908021;1;7;8
0803.1467;0803.1467;0;44;44
hep-ph/9406259;hep-ph/9406259;2;0;2
0908.3055;0908.3055;0;10;10
0801.1605;0801.1605;0;20;20
0811.3675;0811.3675;0;7;7
hep-ph/0701192;hep-ph/0701192;0;3;3
0811.3679;0811.3679;0;21;21
hep-th/9703068;hep-th/9703068;2;0;2
hep-th/9210055;hep-th/9210055;2;2;4
hep-th/0401216;hep-th/0401216;1;7;8
0912.2111;0912.2111;0;68;68
physics/0510102;physics/0510102;0;1;1
hep-th/0109052;hep-th/0109052;0;9;9
hep-th/0510270;hep-th/0510270;0;6;6
astro-ph/0405083;astro-ph/0405083;1;0;1
astro-ph/0309566;astro-ph/0309566;2;0;2
astro-ph/0409631;astro-ph/0409631;1;0;1
0901.0737;0901.0737;0;24;24
0912.1608;0912.1608;0;16;16
0710.5358;0710.5358;0;19;19
0912.5471;0912.5471;0;1;1
hep-th/0212018;hep-th/0212018;8;16;24
0807.5113;0807.5113;0;19;19
0710.1838;0710.1838;0;13;13
quant-ph/0606144;quant-ph/0606144;0;1;1
0706.0071;0706.0071;0;32;32
cond-mat/0008028;cond-mat/0008028;0;1;1
0710.1833;0710.1833;0;47;47
0802.0593;0802.0593;0;13;13
math-ph/0612054;math-ph/0612054;3;17;20
0908.3059;0908.3059;0;22;22
hep-ph/0507124;hep-ph/0507124;2;12;14
0909.3364;0909.3364;0;13;13
0806.4620;0806.4620;0;21;21
0810.1517;0810.1517;0;34;34
0911.0135;0911.0135;0;13;13
0711.2910;0711.2910;0;3;3
0710.3522;0710.3522;0;22;22
hep-th/9911241;hep-th/9911241;0;3;3
hep-ph/9910546;hep-ph/9910546;1;1;2
hep-th/9710002;hep-th/9710002;2;0;2
hep-lat/9304015;hep-lat/9304015;1;1;2
hep-ph/0509129;hep-ph/0509129;2;2;4
hep-ph/0408209;hep-ph/0408209;1;1;2
0903.1126;0903.1126;0;15;15
0805.1998;0805.1998;0;2;2
0801.2832;0801.2832;0;5;5
0909.3254;0909.3254;0;26;26
0802.3991;0802.3991;0;11;11
0807.3896;0807.3896;0;2;2
0802.1870;0802.1870;0;6;6
0811.4269;0811.4269;0;3;3
0803.1153;0803.1153;0;12;12
math/0006174;math/0006174;0;4;4
math/9811130;math/9811130;1;0;1
cond-mat/0407007;cond-mat/0407007;0;1;1
0707.0851;0707.0851;0;22;22
0706.1231;0706.1231;0;27;27
0705.2926;0705.2926;0;7;7
0712.1341;0712.1341;0;6;6
hep-th/0301130;hep-th/0301130;1;14;15
0805.2621;0805.2621;0;6;6
0711.2759;0711.2759;0;13;13
0709.2741;0709.2741;0;4;4
hep-th/0301134;hep-th/0301134;0;3;3
0810.2091;0810.2091;0;3;3
0810.2095;0810.2095;0;35;35
hep-th/0608057;hep-th/0608057;4;28;32
hep-th/9903157;hep-th/9903157;1;35;36
hep-th/0002031;hep-th/0002031;2;13;15
hep-th/9604192;hep-th/9604192;1;9;10
0911.1261;0911.1261;0;4;4
hep-th/0611321;hep-th/0611321;0;2;2
hep-th/0511267;hep-th/0511267;1;3;4
math/0303191;math/0303191;0;1;1
cond-mat/0209227;cond-mat/0209227;1;2;3
0911.0676;0911.0676;0;4;4
0707.2179;0707.2179;0;2;2
hep-th/0312058;hep-th/0312058;0;7;7
0801.2836;0801.2836;0;12;12
hep-th/0312053;hep-th/0312053;0;26;26
hep-th/0312050;hep-th/0312050;0;26;26
0801.0935;0801.0935;0;17;17
0711.1337;0711.1337;0;12;12
0711.2452;0711.2452;0;13;13
0903.0292;0903.0292;0;13;13
0805.3940;0805.3940;0;34;34
0805.3941;0805.3941;0;13;13
hep-ph/9707361;hep-ph/9707361;3;12;15
hep-th/0209061;hep-th/0209061;3;18;21
gr-qc/9806027;gr-qc/9806027;1;2;3
0808.2959;0808.2959;0;8;8
0808.2957;0808.2957;0;38;38
0903.5118;0903.5118;0;15;15
hep-th/9611109;hep-th/9611109;0;2;2
hep-th/0602090;hep-th/0602090;0;6;6
0810.3472;0810.3472;0;23;23
0712.1347;0712.1347;0;37;37
hep-ph/0703294;hep-ph/0703294;0;17;17
hep-th/9301055;hep-th/9301055;3;4;7
0705.3334;0705.3334;0;12;12
0705.3330;0705.3330;0;21;21
hep-th/9601110;hep-th/9601110;0;6;6
hep-th/9601117;hep-th/9601117;1;9;10
0905.2493;0905.2493;0;11;11
0809.0844;0809.0844;0;22;22
0712.2616;0712.2616;0;13;13
0709.3080;0709.3080;0;5;5
0807.2121;0807.2121;0;3;3
0802.3869;0802.3869;0;13;13
hep-th/0611068;hep-th/0611068;1;3;4
0811.3250;0811.3250;0;3;3
math-ph/0407018;math-ph/0407018;1;2;3
0708.0872;0708.0872;0;14;14
0706.3119;0706.3119;0;22;22
0710.1380;0710.1380;0;11;11
0807.3134;0807.3134;0;9;9
hep-th/9903211;hep-th/9903211;0;4;4
0801.4892;0801.4892;0;4;4
0801.4891;0801.4891;0;5;5
alg-geom/9601012;alg-geom/9601012;1;4;5
hep-th/9403076;hep-th/9403076;1;0;1
astro-ph/0303422;astro-ph/0303422;2;5;7
0809.1137;0809.1137;0;21;21
0806.4349;0806.4349;0;22;22
hep-th/0611004;hep-th/0611004;1;14;15
hep-th/9302077;hep-th/9302077;2;8;10
hep-th/0103236;hep-th/0103236;0;2;2
0905.3776;0905.3776;0;2;2
0905.3770;0905.3770;0;32;32
0905.3772;0905.3772;0;18;18
0711.4683;0711.4683;0;1;1
0903.1914;0903.1914;0;5;5
gr-qc/0702067;gr-qc/0702067;2;28;30
gr-qc/9208001;gr-qc/9208001;2;0;2
0809.1130;0809.1130;0;22;22
0903.1910;0903.1910;0;8;8
0812.4816;0812.4816;0;22;22
solv-int/9909022;solv-int/9909022;1;7;8
0902.4874;0902.4874;0;7;7
hep-th/0508248;hep-th/0508248;0;13;13
hep-th/0508249;hep-th/0508249;1;7;8
gr-qc/9704034;gr-qc/9704034;1;0;1
hep-th/0508242;hep-th/0508242;0;84;84
hep-th/0410180;hep-th/0410180;1;26;27
hep-th/0508244;hep-th/0508244;0;8;8
hep-th/0508245;hep-th/0508245;0;9;9
gr-qc/9410035;gr-qc/9410035;1;13;14
gr-qc/9806037;gr-qc/9806037;0;1;1
hep-ph/9706250;hep-ph/9706250;1;2;3
hep-ph/9802281;hep-ph/9802281;0;1;1
0804.3588;0804.3588;0;8;8
gr-qc/9803049;gr-qc/9803049;0;34;34
0801.2648;0801.2648;0;35;35
0902.2041;0902.2041;0;9;9
0807.3453;0807.3453;0;14;14
0801.2641;0801.2641;0;9;9
0905.1954;0905.1954;0;14;14
gr-qc/0507109;gr-qc/0507109;0;9;9
gr-qc/0409098;gr-qc/0409098;1;3;4
hep-th/0403284;hep-th/0403284;2;5;7
quant-ph/0204044;quant-ph/0204044;1;0;1
0910.4159;0910.4159;0;9;9
0707.3702;0707.3702;0;29;29
0907.1511;0907.1511;0;27;27
0907.2189;0907.2189;0;17;17
gr-qc/0007063;gr-qc/0007063;1;3;4
0711.4276;0711.4276;0;1;1
0907.3605;0907.3605;0;11;11
math/0312192;math/0312192;2;5;7
0812.4659;0812.4659;0;37;37
hep-th/9802060;hep-th/9802060;2;2;4
quant-ph/0301082;quant-ph/0301082;2;9;11
0807.3988;0807.3988;0;8;8
0710.1315;0710.1315;0;5;5
0804.2182;0804.2182;0;24;24
hep-th/0310223;hep-th/0310223;4;16;20
0807.3981;0807.3981;0;8;8
0710.3677;0710.3677;0;4;4
0808.0949;0808.0949;0;19;19
0812.2992;0812.2992;0;10;10
0905.3131;0905.3131;0;3;3
0910.4938;0910.4938;0;54;54
0803.0981;0803.0981;0;33;33
0710.2417;0710.2417;0;17;17
hep-ph/0301131;hep-ph/0301131;2;22;24
0905.3137;0905.3137;0;37;37
hep-th/0309097;hep-th/0309097;2;39;41
0706.3199;0706.3199;0;19;19
0705.1404;0705.1404;0;35;35
0801.3519;0801.3519;0;36;36
0807.0180;0807.0180;0;13;13
0807.0185;0807.0185;0;5;5
0712.2155;0712.2155;0;13;13
0812.5012;0812.5012;0;2;2
gr-qc/0703130;gr-qc/0703130;2;4;6
0812.5013;0812.5013;0;24;24
0904.0587;0904.0587;0;5;5
hep-th/0501122;hep-th/0501122;2;4;6
hep-th/0405145;hep-th/0405145;0;4;4
hep-th/0405144;hep-th/0405144;1;18;19
hep-th/0405147;hep-th/0405147;0;16;16
hep-th/9807194;hep-th/9807194;3;4;7
hep-th/9409061;hep-th/9409061;1;7;8
hep-th/0405140;hep-th/0405140;1;1;2
hep-th/0301230;hep-th/0301230;2;20;22
gr-qc/9406045;gr-qc/9406045;1;2;3
0812.1772;0812.1772;0;18;18
0911.0679;0911.0679;0;13;13
0911.0677;0911.0677;0;11;11
0809.3915;0809.3915;0;20;20
0904.2512;0904.2512;0;4;4
hep-th/0311060;hep-th/0311060;0;10;10
hep-th/0311042;hep-th/0311042;5;33;38
hep-th/0311065;hep-th/0311065;1;39;40
0710.4854;0710.4854;0;1;1
0806.1137;0806.1137;0;19;19
0801.0149;0801.0149;0;20;20
0904.4671;0904.4671;0;7;7
0904.4677;0904.4677;0;22;22
0904.4675;0904.4675;0;9;9
0904.4674;0904.4674;0;17;17
0912.4082;0912.4082;0;13;13
0705.0752;0705.0752;0;44;44
0811.4031;0811.4031;0;66;66
0706.3193;0706.3193;0;29;29
0909.2011;0909.2011;0;2;2
hep-th/0203180;hep-th/0203180;0;1;1
math/0105207;math/0105207;1;4;5
math/0104150;math/0104150;0;2;2
cond-mat/0002108;cond-mat/0002108;0;1;1
0810.2231;0810.2231;0;7;7
0906.4046;0906.4046;0;17;17
hep-th/0401118;hep-th/0401118;0;3;3
hep-th/0401114;hep-th/0401114;0;23;23
hep-th/0401111;hep-th/0401111;0;11;11
hep-th/9303091;hep-th/9303091;4;0;4
hep-th/0303215;hep-th/0303215;1;7;8
hep-th/9706176;hep-th/9706176;2;16;18
0705.0362;0705.0362;0;23;23
0801.3731;0801.3731;0;26;26
0906.0979;0906.0979;0;29;29
0907.3697;0907.3697;0;6;6
hep-th/0202086;hep-th/0202086;1;2;3
0910.2627;0910.2627;0;2;2
hep-th/0402224;hep-th/0402224;3;8;11
0704.2630;0704.2630;0;15;15
cond-mat/9406056;cond-mat/9406056;2;0;2
0711.2524;0711.2524;0;3;3
hep-th/0411046;hep-th/0411046;0;6;6
0906.3773;0906.3773;0;3;3
0710.3402;0710.3402;0;9;9
0912.3305;0912.3305;0;9;9
math/0205118;math/0205118;0;8;8
0801.4956;0801.4956;0;15;15
0911.0550;0911.0550;0;1;1
0809.0582;0809.0582;0;3;3
0806.2270;0806.2270;0;6;6
0704.0672;0704.0672;0;20;20
0910.5406;0910.5406;0;1;1
gr-qc/0603001;gr-qc/0603001;0;1;1
0809.5137;0809.5137;0;16;16
0906.5396;0906.5396;0;11;11
0906.4043;0906.4043;0;11;11
0908.3713;0908.3713;0;24;24
0705.4240;0705.4240;0;10;10
0806.3890;0806.3890;0;25;25
0908.4257;0908.4257;0;3;3
hep-ph/0601015;hep-ph/0601015;0;19;19
0712.2158;0712.2158;0;11;11
math/9803044;math/9803044;1;0;1
0809.1188;0809.1188;0;14;14
math/0703456;math/0703456;4;0;4
0908.1402;0908.1402;0;27;27
hep-th/0010162;hep-th/0010162;5;5;10
0906.4048;0906.4048;0;9;9
quant-ph/0505220;quant-ph/0505220;2;1;3
hep-th/0501094;hep-th/0501094;2;0;2
0712.3401;0712.3401;0;5;5
math/0606480;math/0606480;3;0;3
hep-th/9401114;hep-th/9401114;2;0;2
0908.4150;0908.4150;0;8;8
hep-th/0311205;hep-th/0311205;2;9;11
0908.4151;0908.4151;0;11;11
hep-lat/9801017;hep-lat/9801017;0;6;6
hep-lat/9711038;hep-lat/9711038;2;2;4
hep-lat/9801011;hep-lat/9801011;0;6;6
hep-th/0502038;hep-th/0502038;0;11;11
0809.1238;0809.1238;0;1;1
0910.4756;0910.4756;0;16;16
hep-th/9402059;hep-th/9402059;1;1;2
hep-th/9411110;hep-th/9411110;0;1;1
hep-th/9812150;hep-th/9812150;2;0;2
hep-th/0502037;hep-th/0502037;3;9;12
hep-th/0410287;hep-th/0410287;2;7;9
hep-th/9910029;hep-th/9910029;1;2;3
hep-th/0312161;hep-th/0312161;6;16;22
hep-th/0507128;hep-th/0507128;0;9;9
hep-th/0301214;hep-th/0301214;2;9;11
hep-th/0403148;hep-th/0403148;1;9;10
hep-th/0203234;hep-th/0203234;1;10;11
0908.2946;0908.2946;0;2;2
hep-th/0206110;hep-th/0206110;0;15;15
hep-th/0206113;hep-th/0206113;2;18;20
hep-th/0105292;hep-th/0105292;2;22;24
0711.0020;0711.0020;0;1;1
hep-th/0608122;hep-th/0608122;3;27;30
astro-ph/0409109;astro-ph/0409109;0;6;6
cond-mat/0404010;cond-mat/0404010;0;5;5
hep-lat/9705010;hep-lat/9705010;1;3;4
hep-th/0212157;hep-th/0212157;0;4;4
0903.1510;0903.1510;0;4;4
hep-th/0409289;hep-th/0409289;2;6;8
0907.3062;0907.3062;0;15;15
0908.0432;0908.0432;0;13;13
0908.0434;0908.0434;0;7;7
0908.0437;0908.0437;0;7;7
0904.2738;0904.2738;0;9;9
0809.0154;0809.0154;0;23;23
0906.4810;0906.4810;0;10;10
0811.1967;0811.1967;0;2;2
0807.1512;0807.1512;0;1;1
0710.3480;0710.3480;0;23;23
hep-th/9608165;hep-th/9608165;2;3;5
0911.5096;0911.5096;0;18;18
cond-mat/0210673;cond-mat/0210673;0;1;1
0907.5201;0907.5201;0;3;3
0806.4862;0806.4862;0;10;10
hep-th/0210008;hep-th/0210008;2;6;8
solv-int/9603001;solv-int/9603001;3;0;3
hep-th/0311027;hep-th/0311027;2;5;7
hep-th/0409007;hep-th/0409007;3;12;15
hep-th/0002139;hep-th/0002139;3;7;10
hep-th/9903164;hep-th/9903164;2;28;30
hep-th/0001207;hep-th/0001207;2;12;14
hep-th/0002135;hep-th/0002135;1;7;8
hep-th/0002137;hep-th/0002137;0;1;1
gr-qc/0002037;gr-qc/0002037;1;0;1
cond-mat/9511018;cond-mat/9511018;0;1;1
0908.4470;0908.4470;0;21;21
0906.4557;0906.4557;0;10;10
gr-qc/9603045;gr-qc/9603045;1;8;9
gr-qc/9409003;gr-qc/9409003;2;2;4
0905.4899;0905.4899;0;15;15
0805.1192;0805.1192;0;13;13
0704.3719;0704.3719;0;12;12
hep-ph/0601222;hep-ph/0601222;3;28;31
hep-ph/0411018;hep-ph/0411018;2;8;10
0807.3305;0807.3305;0;22;22
0707.2872;0707.2872;0;1;1
hep-lat/9811014;hep-lat/9811014;4;4;8
0810.0703;0810.0703;0;15;15
0709.0776;0709.0776;0;3;3
0810.0704;0810.0704;0;22;22
0707.4410;0707.4410;0;8;8
0705.0316;0705.0316;0;17;17
0810.0707;0810.0707;0;6;6
0809.3493;0809.3493;0;42;42
hep-th/9602008;hep-th/9602008;1;0;1
hep-th/0003266;hep-th/0003266;2;1;3
hep-th/0003268;hep-th/0003268;1;14;15
hep-th/9411027;hep-th/9411027;4;2;6
hep-th/9603064;hep-th/9603064;4;0;4
hep-th/9709047;hep-th/9709047;1;8;9
0902.1583;0902.1583;0;15;15
0809.4728;0809.4728;0;53;53
gr-qc/9411059;gr-qc/9411059;2;0;2
gr-qc/9702001;gr-qc/9702001;1;0;1
0710.2598;0710.2598;0;30;30
0904.1122;0904.1122;0;26;26
q-alg/9505020;q-alg/9505020;2;0;2
0905.4417;0905.4417;0;1;1
0708.1346;0708.1346;0;17;17
hep-th/9803078;hep-th/9803078;4;34;38
0708.1347;0708.1347;0;7;7
0708.1342;0708.1342;0;14;14
0911.2011;0911.2011;0;11;11
0711.4614;0711.4614;0;13;13
hep-th/9804203;hep-th/9804203;0;10;10
hep-ph/0004159;hep-ph/0004159;4;8;12
hep-th/9506050;hep-th/9506050;3;0;3
0905.2992;0905.2992;0;11;11
cond-mat/0007272;cond-mat/0007272;2;3;5
0903.0123;0903.0123;0;10;10
hep-th/9902041;hep-th/9902041;0;3;3
cond-mat/9806334;cond-mat/9806334;2;0;2
0802.2809;0802.2809;0;33;33
hep-th/0512115;hep-th/0512115;0;6;6
hep-th/0501029;hep-th/0501029;2;35;37
hep-th/0410268;hep-th/0410268;3;0;3
0805.4046;0805.4046;0;6;6
0809.5142;0809.5142;0;1;1
0803.3292;0803.3292;0;29;29
math-ph/0511054;math-ph/0511054;3;6;9
0710.2073;0710.2073;0;5;5
hep-th/9507174;hep-th/9507174;1;0;1
hep-th/9508056;hep-th/9508056;5;11;16
hep-th/9508101;hep-th/9508101;1;0;1
0707.2719;0707.2719;0;40;40
0902.0729;0902.0729;0;5;5
0708.2898;0708.2898;0;9;9
0908.2125;0908.2125;0;3;3
0912.3472;0912.3472;0;24;24
0801.4401;0801.4401;0;13;13
astro-ph/9808345;astro-ph/9808345;2;0;2
hep-th/9807002;hep-th/9807002;0;14;14
hep-th/9807001;hep-th/9807001;0;6;6
0710.3565;0710.3565;0;16;16
hep-th/0305044;hep-th/0305044;1;52;53
hep-th/0303235;hep-th/0303235;3;29;32
0710.3564;0710.3564;0;18;18
hep-th/0610193;hep-th/0610193;1;6;7
hep-th/9412036;hep-th/9412036;1;1;2
0705.1640;0705.1640;0;17;17
cond-mat/0603814;cond-mat/0603814;2;3;5
hep-ph/0204041;hep-ph/0204041;2;16;18
gr-qc/9601037;gr-qc/9601037;2;5;7
hep-th/0610228;hep-th/0610228;1;1;2
hep-th/0610229;hep-th/0610229;0;2;2
math-ph/0112056;math-ph/0112056;2;10;12
hep-th/0610225;hep-th/0610225;0;12;12
hep-th/0603118;hep-th/0603118;1;19;20
hep-th/0610220;hep-th/0610220;0;4;4
hep-th/0610223;hep-th/0610223;0;13;13
0912.3806;0912.3806;0;18;18
hep-th/0603238;hep-th/0603238;2;13;15
quant-ph/0012036;quant-ph/0012036;1;1;2
dg-ga/9503001;dg-ga/9503001;1;0;1
0805.3898;0805.3898;0;10;10
cond-mat/0106484;cond-mat/0106484;1;0;1
nlin/0310019;nlin/0310019;0;18;18
hep-th/9211026;hep-th/9211026;2;0;2
0812.4821;0812.4821;0;3;3
0901.0267;0901.0267;0;41;41
0711.2890;0711.2890;0;6;6
hep-th/0502241;hep-th/0502241;0;6;6
0812.0552;0812.0552;0;16;16
0705.3489;0705.3489;0;10;10
hep-th/0305174;hep-th/0305174;2;9;11
gr-qc/0310094;gr-qc/0310094;0;5;5
hep-th/0311266;hep-th/0311266;3;9;12
hep-th/0311268;hep-th/0311268;0;6;6
hep-th/0305037;hep-th/0305037;3;10;13
nlin/0305014;nlin/0305014;1;3;4
0806.2278;0806.2278;0;6;6
hep-ph/0210398;hep-ph/0210398;5;7;12
0911.0301;0911.0301;0;8;8
0710.0352;0710.0352;0;11;11
0710.0356;0710.0356;0;3;3
math-ph/0510075;math-ph/0510075;3;3;6
0708.2069;0708.2069;0;1;1
0901.0705;0901.0705;0;28;28
hep-th/0502243;hep-th/0502243;0;7;7
0708.2060;0708.2060;0;31;31
gr-qc/0508013;gr-qc/0508013;1;17;18
hep-th/9610178;hep-th/9610178;1;11;12
hep-th/9610174;hep-th/9610174;0;15;15
hep-th/9610177;hep-th/9610177;1;11;12
hep-th/9610173;hep-th/9610173;2;2;4
hep-th/9901005;hep-th/9901005;0;10;10
gr-qc/0205048;gr-qc/0205048;0;13;13
0903.0133;0903.0133;0;18;18
0707.3097;0707.3097;0;3;3
hep-th/9609186;hep-th/9609186;1;3;4
hep-th/9412019;hep-th/9412019;3;0;3
math-ph/0507072;math-ph/0507072;2;1;3
0912.0542;0912.0542;0;29;29
astro-ph/0609683;astro-ph/0609683;1;14;15
gr-qc/0606071;gr-qc/0606071;0;1;1
hep-th/9609184;hep-th/9609184;1;3;4
hep-th/9403035;hep-th/9403035;2;3;5
gr-qc/0001067;gr-qc/0001067;0;2;2
quant-ph/0610009;quant-ph/0610009;1;2;3
0810.4459;0810.4459;0;5;5
0910.1451;0910.1451;0;8;8
gr-qc/0606078;gr-qc/0606078;0;3;3
hep-ph/9903445;hep-ph/9903445;0;6;6
hep-th/9703205;hep-th/9703205;2;1;3
hep-ph/0103227;hep-ph/0103227;1;16;17
hep-ph/0104194;hep-ph/0104194;1;8;9
0707.3384;0707.3384;0;19;19
0812.1205;0812.1205;0;10;10
0801.0872;0801.0872;0;26;26
hep-th/0104196;hep-th/0104196;2;8;10
0810.5328;0810.5328;0;35;35
hep-th/0111144;hep-th/0111144;1;16;17
hep-th/0210130;hep-th/0210130;1;1;2
0810.3159;0810.3159;0;27;27
cond-mat/0305366;cond-mat/0305366;3;0;3
cond-mat/0211523;cond-mat/0211523;2;1;3
hep-th/0311189;hep-th/0311189;1;0;1
hep-th/0312248;hep-th/0312248;1;18;19
hep-th/9204015;hep-th/9204015;1;0;1
hep-th/0312240;hep-th/0312240;1;4;5
hep-th/0312245;hep-th/0312245;1;32;33
0708.2933;0708.2933;0;9;9
hep-th/0204044;hep-th/0204044;1;1;2
hep-th/0405260;hep-th/0405260;0;64;64
hep-th/0403181;hep-th/0403181;3;20;23
hep-th/0403253;hep-th/0403253;1;27;28
hep-th/0607103;hep-th/0607103;0;10;10
0708.0574;0708.0574;0;15;15
0705.3714;0705.3714;0;32;32
0708.0573;0708.0573;0;1;1
0908.0961;0908.0961;0;5;5
astro-ph/0202469;astro-ph/0202469;3;6;9
0908.2957;0908.2957;0;15;15
0808.3419;0808.3419;0;11;11
0710.4882;0710.4882;0;9;9
hep-th/9309071;hep-th/9309071;0;1;1
hep-th/9309070;hep-th/9309070;0;1;1
hep-th/9309072;hep-th/9309072;0;2;2
hep-th/9307083;hep-th/9307083;1;0;1
hep-th/9309032;hep-th/9309032;1;0;1
0812.4790;0812.4790;0;10;10
0707.4367;0707.4367;0;16;16
hep-th/0109080;hep-th/0109080;1;2;3
hep-th/0505174;hep-th/0505174;3;13;16
0810.5415;0810.5415;0;18;18
0905.2322;0905.2322;0;23;23
0804.0951;0804.0951;0;11;11
0810.5419;0810.5419;0;2;2
hep-th/0402116;hep-th/0402116;0;14;14
hep-th/0402114;hep-th/0402114;2;10;12
0710.1991;0710.1991;0;46;46
hep-th/0402118;hep-th/0402118;0;7;7
hep-lat/9608011;hep-lat/9608011;0;2;2
0904.1276;0904.1276;0;8;8
astro-ph/0202448;astro-ph/0202448;0;5;5
cond-mat/9808068;cond-mat/9808068;1;2;3
hep-th/9803161;hep-th/9803161;4;5;9
0903.1528;0903.1528;0;28;28
hep-th/0203210;hep-th/0203210;2;8;10
hep-th/0605293;hep-th/0605293;1;20;21
gr-qc/0408072;gr-qc/0408072;5;3;8
0706.3599;0706.3599;0;11;11
hep-lat/9809003;hep-lat/9809003;0;5;5
astro-ph/0312227;astro-ph/0312227;0;2;2
cond-mat/0312455;cond-mat/0312455;1;0;1
hep-th/0101066;hep-th/0101066;0;11;11
0708.1625;0708.1625;0;74;74
0710.5737;0710.5737;0;2;2
0710.5734;0710.5734;0;18;18
hep-th/9303004;hep-th/9303004;4;0;4
hep-th/9407098;hep-th/9407098;1;8;9
hep-th/9611129;hep-th/9611129;1;0;1
hep-th/0008224;hep-th/0008224;2;10;12
0905.3639;0905.3639;0;1;1
0905.3638;0905.3638;0;3;3
hep-th/0605294;hep-th/0605294;0;7;7
0905.3738;0905.3738;0;35;35
0710.1296;0710.1296;0;17;17
0808.2136;0808.2136;0;24;24
0803.0670;0803.0670;0;7;7
0710.1299;0710.1299;0;29;29
cond-mat/9512071;cond-mat/9512071;1;3;4
0909.2865;0909.2865;0;36;36
hep-th/9401108;hep-th/9401108;3;0;3
hep-th/9306135;hep-th/9306135;4;1;5
hep-th/9306079;hep-th/9306079;4;2;6
hep-th/9403185;hep-th/9403185;2;15;17
hep-th/9306129;hep-th/9306129;2;0;2
hep-th/9303058;hep-th/9303058;1;0;1
0710.3658;0710.3658;0;20;20
hep-th/9505103;hep-th/9505103;1;13;14
hep-th/9506153;hep-th/9506153;2;2;4
0804.1338;0804.1338;0;4;4
0705.3043;0705.3043;0;75;75
0801.1957;0801.1957;0;1;1
0710.2976;0710.2976;0;4;4
0911.1804;0911.1804;0;2;2
hep-th/0703195;hep-th/0703195;1;16;17
hep-th/9802153;hep-th/9802153;1;15;16
hep-th/0612077;hep-th/0612077;4;41;45
hep-th/9209018;hep-th/9209018;2;1;3
0706.1923;0706.1923;0;9;9
hep-ph/0204114;hep-ph/0204114;2;0;2
0808.3413;0808.3413;0;20;20
0911.4244;0911.4244;0;32;32
hep-th/9111039;hep-th/9111039;1;0;1
0710.2468;0710.2468;0;24;24
hep-th/9303171;hep-th/9303171;2;1;3
0906.2313;0906.2313;0;26;26
0910.1703;0910.1703;0;8;8
0806.2458;0806.2458;0;3;3
hep-th/0610256;hep-th/0610256;2;18;20
0906.2161;0906.2161;0;8;8
0906.2165;0906.2165;0;7;7
0906.2164;0906.2164;0;15;15
0707.4247;0707.4247;0;12;12
0804.1055;0804.1055;0;38;38
quant-ph/9606032;quant-ph/9606032;1;1;2
hep-th/9608051;hep-th/9608051;1;0;1
0804.3236;0804.3236;0;44;44
0805.2982;0805.2982;0;4;4
0804.0172;0804.0172;0;5;5
0804.0176;0804.0176;0;32;32
0907.2583;0907.2583;0;1;1
0812.0616;0812.0616;0;25;25
0909.5013;0909.5013;0;13;13
0910.2794;0910.2794;0;2;2
0902.4634;0902.4634;0;14;14
q-alg/9712005;q-alg/9712005;3;0;3
hep-th/9208051;hep-th/9208051;0;3;3
hep-th/0010008;hep-th/0010008;5;8;13
hep-th/0111240;hep-th/0111240;0;2;2
hep-th/0111242;hep-th/0111242;1;7;8
hep-th/0207251;hep-th/0207251;2;5;7
hep-th/0111248;hep-th/0111248;0;7;7
hep-th/9805053;hep-th/9805053;1;11;12
0810.2610;0810.2610;0;50;50
cond-mat/0610398;cond-mat/0610398;0;3;3
0706.3786;0706.3786;0;47;47
hep-th/0611320;hep-th/0611320;2;0;2
0909.4763;0909.4763;0;1;1
hep-th/0511080;hep-th/0511080;0;29;29
hep-ph/0607092;hep-ph/0607092;0;53;53
hep-th/0307051;hep-th/0307051;0;1;1
0805.2073;0805.2073;0;14;14
0807.1732;0807.1732;0;1;1
hep-th/0201150;hep-th/0201150;0;1;1
hep-th/0201153;hep-th/0201153;0;10;10
hep-th/0611287;hep-th/0611287;1;8;9
astro-ph/9904185;astro-ph/9904185;0;4;4
hep-th/9704031;hep-th/9704031;0;20;20
hep-th/9603114;hep-th/9603114;1;2;3
0908.1005;0908.1005;0;3;3
0809.1880;0809.1880;0;13;13
0805.2430;0805.2430;0;15;15
0910.3934;0910.3934;0;4;4
0902.3976;0902.3976;0;3;3
0908.3509;0908.3509;0;6;6
0809.3428;0809.3428;0;8;8
0706.0207;0706.0207;0;24;24
0706.0205;0706.0205;0;48;48
hep-th/0701135;hep-th/0701135;1;10;11
hep-th/9510218;hep-th/9510218;1;9;10
hep-th/9804017;hep-th/9804017;0;3;3
hep-th/9406104;hep-th/9406104;1;0;1
0811.4609;0811.4609;0;11;11
0709.3813;0709.3813;0;27;27
hep-th/9705071;hep-th/9705071;0;28;28
hep-th/9703087;hep-th/9703087;1;0;1
0811.3152;0811.3152;0;1;1
hep-th/0309108;hep-th/0309108;2;2;4
0802.2190;0802.2190;0;17;17
nlin/0703035;nlin/0703035;0;4;4
0903.1458;0903.1458;0;17;17
gr-qc/0702021;gr-qc/0702021;0;12;12
hep-th/0508215;hep-th/0508215;4;11;15
hep-th/0607166;hep-th/0607166;1;15;16
0712.4330;0712.4330;0;6;6
nucl-th/0111004;nucl-th/0111004;0;1;1
0912.1983;0912.1983;0;1;1
hep-th/9304002;hep-th/9304002;2;0;2
hep-th/9412235;hep-th/9412235;1;16;17
0902.4180;0902.4180;0;23;23
0809.0057;0809.0057;0;11;11
0909.3624;0909.3624;0;2;2
hep-th/9609206;hep-th/9609206;2;4;6
hep-th/9308067;hep-th/9308067;2;0;2
0902.4186;0902.4186;0;30;30
hep-ph/0608241;hep-ph/0608241;5;0;5
hep-th/0503034;hep-th/0503034;1;6;7
hep-th/0503040;hep-th/0503040;1;15;16
hep-th/0503031;hep-th/0503031;0;4;4
hep-th/0402040;hep-th/0402040;4;12;16
hep-th/9609208;hep-th/9609208;0;1;1
0711.4319;0711.4319;0;6;6
hep-th/0401228;hep-th/0401228;2;11;13
hep-ph/0405145;hep-ph/0405145;0;3;3
0809.2060;0809.2060;0;20;20
0809.2063;0809.2063;0;19;19
0711.4314;0711.4314;0;36;36
hep-th/0512197;hep-th/0512197;4;52;56
0806.3818;0806.3818;0;30;30
0802.0775;0802.0775;0;21;21
0710.2886;0710.2886;0;11;11
0902.0103;0902.0103;0;14;14
cond-mat/9210007;cond-mat/9210007;1;0;1
0904.3079;0904.3079;0;24;24
0904.1867;0904.1867;0;2;2
cond-mat/9711298;cond-mat/9711298;0;1;1
hep-th/0308160;hep-th/0308160;0;1;1
hep-th/0308165;hep-th/0308165;0;33;33
hep-th/0303026;hep-th/0303026;3;4;7
hep-th/9501070;hep-th/9501070;2;19;21
hep-th/0105051;hep-th/0105051;0;28;28
hep-th/0105055;hep-th/0105055;0;19;19
hep-th/0105056;hep-th/0105056;2;16;18
0901.2107;0901.2107;0;1;1
hep-th/9606119;hep-th/9606119;1;15;16
0810.4273;0810.4273;0;31;31
0808.1973;0808.1973;0;58;58
0909.3319;0909.3319;0;15;15
hep-th/9607166;hep-th/9607166;0;3;3
0704.2673;0704.2673;0;13;13
0812.3507;0812.3507;0;16;16
0807.2421;0807.2421;0;33;33
0711.2415;0711.2415;0;28;28
hep-th/0606106;hep-th/0606106;2;11;13
0708.0779;0708.0779;0;4;4
0901.1662;0901.1662;0;12;12
0710.2009;0710.2009;0;14;14
0901.1666;0901.1666;0;41;41
0710.2003;0710.2003;0;13;13
0805.2009;0805.2009;0;43;43
hep-th/0602202;hep-th/0602202;3;16;19
0712.1895;0712.1895;0;48;48
hep-th/9802201;hep-th/9802201;0;14;14
0903.5523;0903.5523;0;32;32
0907.3566;0907.3566;0;7;7
0907.3565;0907.3565;0;27;27
hep-th/9404179;hep-th/9404179;1;8;9
hep-th/9404176;hep-th/9404176;2;3;5
hep-th/9305103;hep-th/9305103;2;0;2
0810.5258;0810.5258;0;14;14
hep-th/0606235;hep-th/0606235;2;17;19
0809.4572;0809.4572;0;9;9
0805.3668;0805.3668;0;14;14
hep-th/0612120;hep-th/0612120;2;0;2
0712.0627;0712.0627;0;15;15
0810.5255;0810.5255;0;5;5
hep-th/0703155;hep-th/0703155;2;1;3
0705.3292;0705.3292;0;18;18
0809.0661;0809.0661;0;13;13
0902.1764;0902.1764;0;1;1
0712.0626;0712.0626;0;3;3
0802.4106;0802.4106;0;13;13
0803.2638;0803.2638;0;6;6
0903.0003;0903.0003;0;7;7
hep-th/0109028;hep-th/0109028;0;3;3
math-ph/9807035;math-ph/9807035;1;0;1
hep-th/0011265;hep-th/0011265;3;1;4
0808.3365;0808.3365;0;34;34
0812.1549;0812.1549;0;9;9
hep-th/0612189;hep-th/0612189;4;18;22
0812.4865;0812.4865;0;9;9
0901.2749;0901.2749;0;15;15
astro-ph/0410133;astro-ph/0410133;0;10;10
astro-ph/0402065;astro-ph/0402065;1;9;10
0909.1929;0909.1929;0;28;28
hep-th/9703047;hep-th/9703047;0;14;14
hep-th/9211112;hep-th/9211112;3;0;3
hep-th/9703043;hep-th/9703043;1;12;13
hep-th/9607094;hep-th/9607094;2;0;2
hep-th/9709006;hep-th/9709006;1;22;23
hep-th/9709008;hep-th/9709008;0;10;10
hep-th/0402215;hep-th/0402215;1;8;9
hep-th/9804008;hep-th/9804008;2;11;13
math/0009180;math/0009180;3;2;5
hep-th/9312105;hep-th/9312105;2;1;3
hep-th/9208003;hep-th/9208003;3;0;3
hep-th/9312109;hep-th/9312109;0;1;1
0907.1549;0907.1549;0;3;3
0712.2028;0712.2028;0;13;13
quant-ph/0509216;quant-ph/0509216;1;4;5
0810.1943;0810.1943;0;32;32
hep-th/0205241;hep-th/0205241;1;0;1
0802.3454;0802.3454;0;46;46
hep-th/0409235;hep-th/0409235;6;3;9
0802.3453;0802.3453;0;18;18
gr-qc/0308032;gr-qc/0308032;0;2;2
0809.4701;0809.4701;0;52;52
0805.2570;0805.2570;0;26;26
0907.1895;0907.1895;0;8;8
0804.3432;0804.3432;0;2;2
0810.1203;0810.1203;0;11;11
0907.1893;0907.1893;0;32;32
0907.1892;0907.1892;0;12;12
0705.2331;0705.2331;0;23;23
0705.2525;0705.2525;0;4;4
0904.3103;0904.3103;0;5;5
0811.4743;0811.4743;0;19;19
0912.1243;0912.1243;0;12;12
0904.3106;0904.3106;0;18;18
0712.2025;0712.2025;1;36;37
0801.0527;0801.0527;0;61;61
0712.0385;0712.0385;0;75;75
0812.3074;0812.3074;0;7;7
hep-th/0610242;hep-th/0610242;1;5;6
hep-th/0702227;hep-th/0702227;1;0;1
hep-th/9301073;hep-th/9301073;1;0;1
hep-th/9401158;hep-th/9401158;1;7;8
hep-th/9303054;hep-th/9303054;2;3;5
hep-th/9607084;hep-th/9607084;2;8;10
hep-th/0402143;hep-th/0402143;1;12;13
hep-th/9607123;hep-th/9607123;0;6;6
hep-th/9601104;hep-th/9601104;2;20;22
hep-th/9607127;hep-th/9607127;0;1;1
0905.2879;0905.2879;0;9;9
hep-th/9810190;hep-th/9810190;3;2;5
hep-th/9803223;hep-th/9803223;1;3;4
hep-th/9503102;hep-th/9503102;2;0;2
hep-th/0009040;hep-th/0009040;0;2;2
0807.0802;0807.0802;0;11;11
0708.2389;0708.2389;0;3;3
0710.0098;0710.0098;0;26;26
0901.3775;0901.3775;0;1;1
0807.0804;0807.0804;0;1;1
0901.3777;0901.3777;0;2;2
0807.0808;0807.0808;0;3;3
0708.2386;0708.2386;0;19;19
hep-th/0503168;hep-th/0503168;3;22;25
hep-th/0606099;hep-th/0606099;1;10;11
nlin/0601001;nlin/0601001;2;0;2
0711.0678;0711.0678;0;26;26
0901.4350;0901.4350;0;29;29
0811.1968;0811.1968;0;24;24
hep-th/0601201;hep-th/0601201;2;22;24
hep-th/0404113;hep-th/0404113;4;20;24
hep-ph/9901426;hep-ph/9901426;0;4;4
hep-th/0601207;hep-th/0601207;0;22;22
astro-ph/0206171;astro-ph/0206171;0;2;2
gr-qc/0011100;gr-qc/0011100;1;4;5
astro-ph/0604518;astro-ph/0604518;0;1;1
hep-ph/0204012;hep-ph/0204012;0;17;17
0903.3543;0903.3543;0;5;5
0908.4161;0908.4161;0;13;13
hep-th/0305126;hep-th/0305126;0;24;24
hep-th/0005071;hep-th/0005071;2;6;8
hep-th/0211176;hep-th/0211176;1;0;1
hep-th/0305121;hep-th/0305121;4;8;12
hep-th/9406080;hep-th/9406080;1;0;1
hep-ph/0304283;hep-ph/0304283;1;0;1
0902.2304;0902.2304;0;27;27
hep-th/9504023;hep-th/9504023;0;16;16
hep-th/9409197;hep-th/9409197;1;0;1
hep-th/9504021;hep-th/9504021;1;6;7
0912.0595;0912.0595;0;5;5
0803.4484;0803.4484;0;23;23
0803.4483;0803.4483;0;6;6
0707.1431;0707.1431;0;28;28
hep-ph/9610548;hep-ph/9610548;1;0;1
0708.0469;0708.0469;0;62;62
0804.1369;0804.1369;0;18;18
hep-th/0512288;hep-th/0512288;1;3;4
hep-ph/9410206;hep-ph/9410206;1;0;1
hep-th/9906068;hep-th/9906068;1;17;18
hep-th/9504051;hep-th/9504051;1;0;1
hep-th/9508013;hep-th/9508013;6;0;6
hep-th/0101030;hep-th/0101030;0;8;8
math-ph/0609031;math-ph/0609031;0;8;8
hep-th/0208222;hep-th/0208222;3;0;3
hep-th/0211145;hep-th/0211145;1;2;3
hep-ph/9706479;hep-ph/9706479;0;14;14
0811.3375;0811.3375;0;21;21
0912.0627;0912.0627;0;22;22
gr-qc/0107058;gr-qc/0107058;1;2;3
0809.0614;0809.0614;0;14;14
cond-mat/0605120;cond-mat/0605120;3;7;10
cond-mat/9709285;cond-mat/9709285;1;0;1
hep-th/0512254;hep-th/0512254;3;28;31
hep-th/0612124;hep-th/0612124;0;42;42
hep-th/9708021;hep-th/9708021;2;13;15
hep-th/0503240;hep-th/0503240;1;22;23
hep-th/0409152;hep-th/0409152;1;8;9
hep-th/0409157;hep-th/0409157;0;8;8
hep-th/0409154;hep-th/0409154;0;10;10
hep-th/9405097;hep-th/9405097;1;0;1
hep-th/9603110;hep-th/9603110;0;17;17
0805.4426;0805.4426;0;4;4
hep-th/9609215;hep-th/9609215;1;6;7
0908.3449;0908.3449;0;3;3
0710.0952;0710.0952;0;8;8
0810.1303;0810.1303;0;8;8
0710.3017;0710.3017;0;22;22
0910.1870;0910.1870;0;4;4
0911.5141;0911.5141;0;35;35
0705.2893;0705.2893;0;41;41
0705.2898;0705.2898;0;33;33
cond-mat/0409486;cond-mat/0409486;0;109;109
hep-th/9905060;hep-th/9905060;1;3;4
hep-th/0303218;hep-th/0303218;2;30;32
hep-th/0303216;hep-th/0303216;0;7;7
hep-th/0303217;hep-th/0303217;0;3;3
hep-th/0102003;hep-th/0102003;1;0;1
q-alg/9609033;q-alg/9609033;1;0;1
hep-th/9505087;hep-th/9505087;0;16;16
0810.4648;0810.4648;0;13;13
0910.3381;0910.3381;0;8;8
hep-th/9505089;hep-th/9505089;1;28;29
hep-th/9504118;hep-th/9504118;2;0;2
hep-th/9307078;hep-th/9307078;2;0;2
astro-ph/0612079;astro-ph/0612079;0;7;7
hep-th/9811166;hep-th/9811166;3;6;9
hep-th/0312166;hep-th/0312166;0;2;2
hep-th/0312164;hep-th/0312164;0;27;27
math-ph/0001040;math-ph/0001040;0;1;1
hep-th/9503185;hep-th/9503185;3;4;7
hep-ph/0101050;hep-ph/0101050;0;5;5
0905.3284;0905.3284;0;13;13
0812.3810;0812.3810;0;33;33
hep-ph/9507214;hep-ph/9507214;0;7;7
hep-th/0608164;hep-th/0608164;1;21;22
hep-th/0608019;hep-th/0608019;2;5;7
hep-th/9701044;hep-th/9701044;4;0;4
hep-ph/0506052;hep-ph/0506052;2;24;26
hep-ph/0502076;hep-ph/0502076;5;20;25
hep-th/0510190;hep-th/0510190;4;13;17
hep-th/0512199;hep-th/0512199;1;7;8
cond-mat/0207132;cond-mat/0207132;0;2;2
0804.1876;0804.1876;0;19;19
nucl-th/0305063;nucl-th/0305063;0;5;5
0906.0050;0906.0050;0;12;12
0807.1729;0807.1729;0;10;10
math/9803036;math/9803036;1;2;3
hep-th/0102130;hep-th/0102130;1;25;26
0809.0305;0809.0305;0;11;11
hep-th/9708013;hep-th/9708013;1;8;9
0807.3169;0807.3169;0;20;20
0910.0839;0910.0839;0;59;59
0912.3435;0912.3435;0;22;22
hep-ph/0605079;hep-ph/0605079;2;11;13
hep-th/0703186;hep-th/0703186;1;45;46
0912.2530;0912.2530;0;63;63
hep-th/0112155;hep-th/0112155;2;59;61
hep-th/0006185;hep-th/0006185;3;27;30
hep-th/0406272;hep-th/0406272;2;59;61
hep-th/0211248;hep-th/0211248;6;0;6
hep-th/0207092;hep-th/0207092;4;13;17
hep-th/0406275;hep-th/0406275;0;16;16
0711.3749;0711.3749;0;2;2
0804.2263;0804.2263;0;46;46
0804.2262;0804.2262;0;29;29
0806.0034;0806.0034;0;3;3
hep-th/0701015;hep-th/0701015;0;4;4
0912.2858;0912.2858;0;1;1
0705.1816;0705.1816;0;19;19
0710.0721;0710.0721;0;7;7
0704.1759;0704.1759;0;4;4
hep-th/0010155;hep-th/0010155;1;21;22
0807.3291;0807.3291;0;6;6
0706.1269;0706.1269;0;41;41
0912.2857;0912.2857;0;15;15
hep-th/9508109;hep-th/9508109;0;7;7
hep-ph/9710254;hep-ph/9710254;0;4;4
hep-th/0608110;hep-th/0608110;1;2;3
0910.2697;0910.2697;0;20;20
0805.2601;0805.2601;0;22;22
hep-th/9701192;hep-th/9701192;0;1;1
hep-th/9701193;hep-th/9701193;0;1;1
hep-th/9503219;hep-th/9503219;1;0;1
hep-th/9408111;hep-th/9408111;0;1;1
0806.3381;0806.3381;0;31;31
0906.3837;0906.3837;0;43;43
0812.2897;0812.2897;0;14;14
hep-th/0701116;hep-th/0701116;0;3;3
math-ph/9805006;math-ph/9805006;1;0;1
hep-th/0101179;hep-th/0101179;1;15;16
hep-th/9802165;hep-th/9802165;0;9;9
hep-th/9802161;hep-th/9802161;0;2;2
hep-th/0006092;hep-th/0006092;0;3;3
hep-th/9610219;hep-th/9610219;1;1;2
0910.5925;0910.5925;0;6;6
math/0503231;math/0503231;0;2;2
0707.4206;0707.4206;0;9;9
0803.3041;0803.3041;0;5;5
0709.2856;0709.2856;0;31;31
hep-th/0310040;hep-th/0310040;5;21;26
hep-th/0110282;hep-th/0110282;1;6;7
hep-th/0505102;hep-th/0505102;0;17;17
hep-th/9310030;hep-th/9310030;1;0;1
0811.2762;0811.2762;0;2;2
dg-ga/9502008;dg-ga/9502008;1;0;1
0903.2224;0903.2224;0;8;8
hep-th/9507019;hep-th/9507019;0;5;5
hep-th/9506172;hep-th/9506172;2;5;7
gr-qc/9904005;gr-qc/9904005;2;4;6
hep-th/0508160;hep-th/0508160;1;19;20
0704.2472;0704.2472;0;23;23
hep-th/0002199;hep-th/0002199;1;18;19
hep-th/0106045;hep-th/0106045;0;54;54
hep-th/0011101;hep-th/0011101;2;44;46
0802.4098;0802.4098;0;8;8
hep-th/0309047;hep-th/0309047;3;4;7
hep-th/9707104;hep-th/9707104;0;3;3
hep-th/9707103;hep-th/9707103;1;5;6
hep-th/0110011;hep-th/0110011;1;5;6
hep-th/0011188;hep-th/0011188;3;0;3
hep-th/0110016;hep-th/0110016;1;5;6
hep-th/9811070;hep-th/9811070;2;14;16
hep-th/0110017;hep-th/0110017;0;7;7
hep-th/0007219;hep-th/0007219;1;0;1
hep-th/9707108;hep-th/9707108;1;9;10
math-ph/0310007;math-ph/0310007;1;7;8
gr-qc/9809052;gr-qc/9809052;1;1;2
hep-th/9803134;hep-th/9803134;1;1;2
gr-qc/9809058;gr-qc/9809058;1;5;6
hep-lat/0509054;hep-lat/0509054;0;3;3
0807.1478;0807.1478;0;9;9
0811.1022;0811.1022;0;4;4
0711.3214;0711.3214;0;32;32
hep-th/0506248;hep-th/0506248;1;8;9
0904.1513;0904.1513;0;11;11
0711.3210;0711.3210;0;30;30
0711.3211;0711.3211;0;11;11
0809.4378;0809.4378;0;12;12
0908.1387;0908.1387;0;38;38
0908.1123;0908.1123;0;6;6
hep-th/9205050;hep-th/9205050;1;0;1
hep-th/0107144;hep-th/0107144;0;1;1
hep-th/0610329;hep-th/0610329;0;36;36
hep-th/9212064;hep-th/9212064;1;0;1
0907.2519;0907.2519;0;41;41
0810.0314;0810.0314;0;2;2
0811.3494;0811.3494;0;13;13
hep-th/0209094;hep-th/0209094;0;8;8
hep-th/0206252;hep-th/0206252;1;11;12
hep-th/0003034;hep-th/0003034;1;1;2
0707.4026;0707.4026;0;12;12
0706.2623;0706.2623;0;82;82
math-ph/0005025;math-ph/0005025;1;1;2
math-ph/0005026;math-ph/0005026;1;1;2
0909.0233;0909.0233;0;22;22
0912.1613;0912.1613;0;3;3
math-ph/0005029;math-ph/0005029;3;4;7
0803.0266;0803.0266;0;7;7
hep-ph/0010312;hep-ph/0010312;3;1;4
hep-ph/0211076;hep-ph/0211076;3;3;6
hep-th/9412234;hep-th/9412234;2;0;2
hep-ph/9308334;hep-ph/9308334;1;0;1
0906.4978;0906.4978;0;13;13
hep-th/9609009;hep-th/9609009;2;1;3
hep-th/9303118;hep-th/9303118;3;0;3
hep-lat/0204031;hep-lat/0204031;0;3;3
hep-th/9508081;hep-th/9508081;1;0;1
0909.3769;0909.3769;0;5;5
0905.3047;0905.3047;0;9;9
0904.0839;0904.0839;0;1;1
hep-th/9811190;hep-th/9811190;0;3;3
hep-th/9811197;hep-th/9811197;0;2;2
hep-th/9508152;hep-th/9508152;0;9;9
cond-mat/0304634;cond-mat/0304634;0;4;4
cond-mat/0206483;cond-mat/0206483;2;6;8
hep-th/0001075;hep-th/0001075;0;2;2
hep-ph/9708289;hep-ph/9708289;1;5;6
quant-ph/9506014;quant-ph/9506014;1;2;3
quant-ph/9506017;quant-ph/9506017;0;5;5
0809.3491;0809.3491;0;40;40
0807.1186;0807.1186;0;17;17
0710.3055;0710.3055;0;14;14
0709.0362;0709.0362;0;5;5
0811.4504;0811.4504;0;8;8
physics/9702015;physics/9702015;0;1;1
0907.2437;0907.2437;0;28;28
hep-th/0609198;hep-th/0609198;5;0;5
quant-ph/0207015;quant-ph/0207015;1;2;3
hep-th/9512090;hep-th/9512090;2;0;2
cond-mat/0101046;cond-mat/0101046;2;0;2
cond-mat/0010069;cond-mat/0010069;1;3;4
cond-mat/9912193;cond-mat/9912193;2;4;6
0902.3978;0902.3978;0;14;14
0902.3973;0902.3973;0;40;40
cond-mat/9902041;cond-mat/9902041;3;1;4
hep-th/0408019;hep-th/0408019;1;0;1
hep-th/0109184;hep-th/0109184;0;26;26
0912.1612;0912.1612;0;28;28
0711.2994;0711.2994;0;21;21
0711.2991;0711.2991;0;26;26
0711.2992;0711.2992;0;22;22
0801.1174;0801.1174;0;7;7
0811.2900;0811.2900;0;51;51
0901.4834;0901.4834;0;14;14
hep-ph/0609310;hep-ph/0609310;0;2;2
hep-th/9308089;hep-th/9308089;3;0;3
0806.0845;0806.0845;0;9;9
gr-qc/0601017;gr-qc/0601017;5;11;16
0806.0846;0806.0846;0;7;7
hep-th/0204116;hep-th/0204116;1;7;8
quant-ph/9701033;quant-ph/9701033;1;0;1
solv-int/9602001;solv-int/9602001;0;3;3
solv-int/9510006;solv-int/9510006;2;3;5
hep-th/9909138;hep-th/9909138;2;10;12
hep-th/0009200;hep-th/0009200;0;2;2
hep-th/0009207;hep-th/0009207;2;20;22
0705.2692;0705.2692;0;1;1
hep-th/0511143;hep-th/0511143;1;11;12
0711.0736;0711.0736;0;7;7
0809.0005;0809.0005;0;45;45
hep-th/0503166;hep-th/0503166;0;43;43
0705.0165;0705.0165;0;20;20
0901.4236;0901.4236;0;17;17
hep-th/0503167;hep-th/0503167;1;3;4
hep-th/0503164;hep-th/0503164;0;18;18
hep-th/9304129;hep-th/9304129;0;10;10
0712.4043;0712.4043;0;2;2
0904.0675;0904.0675;0;7;7
0912.1615;0912.1615;0;8;8
hep-lat/0303009;hep-lat/0303009;3;4;7
hep-th/0309150;hep-th/0309150;0;1;1
cond-mat/9310041;cond-mat/9310041;1;0;1
0805.4339;0805.4339;0;24;24
0904.0588;0904.0588;0;6;6
hep-th/9311041;hep-th/9311041;0;3;3
hep-th/9304143;hep-th/9304143;1;0;1
hep-th/9311044;hep-th/9311044;0;1;1
0803.0833;0803.0833;0;1;1
0803.0836;0803.0836;0;31;31
hep-th/0508234;hep-th/0508234;2;22;24
hep-th/0611029;hep-th/0611029;0;1;1
0812.3010;0812.3010;0;14;14
hep-th/9609057;hep-th/9609057;0;4;4
hep-lat/9608025;hep-lat/9608025;1;1;2
hep-th/9609058;hep-th/9609058;0;1;1
hep-th/9503015;hep-th/9503015;2;0;2
hep-th/0108066;hep-th/0108066;1;6;7
0708.3363;0708.3363;0;23;23
0708.3364;0708.3364;0;1;1
0911.4309;0911.4309;0;28;28
hep-th/0606063;hep-th/0606063;1;21;22
hep-th/0606064;hep-th/0606064;0;1;1
0905.0665;0905.0665;0;45;45
math/0402386;math/0402386;0;2;2
0710.5180;0710.5180;0;8;8
astro-ph/0605409;astro-ph/0605409;2;3;5
0911.4709;0911.4709;0;4;4
0911.4708;0911.4708;0;22;22
hep-th/9903168;hep-th/9903168;2;8;10
hep-th/9903041;hep-th/9903041;1;0;1
0911.4603;0911.4603;0;37;37
quant-ph/0007085;quant-ph/0007085;2;0;2
0911.4654;0911.4654;0;9;9
0808.1837;0808.1837;0;30;30
0805.4767;0805.4767;0;13;13
astro-ph/0505531;astro-ph/0505531;0;14;14
hep-th/0408078;hep-th/0408078;1;18;19
0911.5257;0911.5257;0;14;14
0804.3394;0804.3394;0;16;16
0902.4407;0902.4407;0;16;16
hep-th/0604158;hep-th/0604158;3;6;9
hep-th/9611181;hep-th/9611181;2;9;11
hep-th/0307266;hep-th/0307266;0;14;14
gr-qc/9209005;gr-qc/9209005;1;0;1
hep-th/0307264;hep-th/0307264;1;11;12
hep-th/0104199;hep-th/0104199;1;2;3
cond-mat/9812227;cond-mat/9812227;1;0;1
hep-th/0104193;hep-th/0104193;0;15;15
0801.4813;0801.4813;0;1;1
0709.0105;0709.0105;0;4;4
0910.0510;0910.0510;0;44;44
0810.2594;0810.2594;0;27;27
0805.3716;0805.3716;0;12;12
0711.1955;0711.1955;0;35;35
0707.0002;0707.0002;0;15;15
0707.0001;0707.0001;0;9;9
hep-th/0501057;hep-th/0501057;0;9;9
hep-th/0502136;hep-th/0502136;0;8;8
hep-th/0502138;hep-th/0502138;1;16;17
hep-th/0208133;hep-th/0208133;3;1;4
hep-th/0104019;hep-th/0104019;1;0;1
hep-th/0304174;hep-th/0304174;1;0;1
hep-th/0407186;hep-th/0407186;1;2;3
0905.1615;0905.1615;0;21;21
hep-th/0104228;hep-th/0104228;0;6;6
hep-th/9605029;hep-th/9605029;0;25;25
hep-th/9605025;hep-th/9605025;0;3;3
0802.2039;0802.2039;0;43;43
0907.0327;0907.0327;0;20;20
0907.0106;0907.0106;0;44;44
math/0510406;math/0510406;2;15;17
hep-ph/0610414;hep-ph/0610414;0;20;20
hep-ph/0405157;hep-ph/0405157;2;22;24
0711.3550;0711.3550;0;16;16
0808.1097;0808.1097;0;12;12
0805.3781;0805.3781;0;7;7
0711.4354;0711.4354;0;16;16
0911.2708;0911.2708;0;49;49
hep-th/9908118;hep-th/9908118;0;9;9
hep-th/9305061;hep-th/9305061;1;0;1
hep-th/9908117;hep-th/9908117;1;3;4
hep-th/0302012;hep-th/0302012;0;12;12
hep-th/9907137;hep-th/9907137;0;4;4
hep-th/0510039;hep-th/0510039;0;3;3
hep-ph/9606248;hep-ph/9606248;0;1;1
hep-th/0510030;hep-th/0510030;1;7;8
hep-th/0510036;hep-th/0510036;0;2;2
hep-th/0506045;hep-th/0506045;1;1;2
hep-th/0510037;hep-th/0510037;0;20;20
0903.3680;0903.3680;0;34;34
quant-ph/0601209;quant-ph/0601209;1;10;11
hep-th/9502064;hep-th/9502064;0;2;2
hep-th/9207023;hep-th/9207023;1;0;1
hep-th/9305108;hep-th/9305108;1;0;1
hep-th/9502062;hep-th/9502062;0;6;6
0905.0099;0905.0099;0;7;7
hep-th/0102107;hep-th/0102107;2;5;7
hep-th/0102102;hep-th/0102102;1;2;3
0705.3881;0705.3881;0;7;7
hep-th/0312133;hep-th/0312133;3;13;16
0708.1270;0708.1270;0;191;191
0710.5342;0710.5342;0;17;17
gr-qc/0509057;gr-qc/0509057;1;7;8
0801.0225;0801.0225;0;26;26
gr-qc/0508076;gr-qc/0508076;2;13;15
hep-th/0608224;hep-th/0608224;3;41;44
0801.0226;0801.0226;0;59;59
0705.0505;0705.0505;0;24;24
0805.2981;0805.2981;0;1;1
hep-th/0411026;hep-th/0411026;1;0;1
hep-th/9709215;hep-th/9709215;0;17;17
hep-th/9709218;hep-th/9709218;0;2;2
hep-th/9704062;hep-th/9704062;1;1;2
0801.3596;0801.3596;0;28;28
0712.2811;0712.2811;0;10;10
astro-ph/0608199;astro-ph/0608199;0;1;1
hep-th/0310041;hep-th/0310041;1;7;8
hep-th/0310047;hep-th/0310047;0;2;2
hep-th/0310049;hep-th/0310049;3;10;13
hep-th/0008229;hep-th/0008229;1;0;1
0808.0491;0808.0491;0;15;15
0810.3201;0810.3201;0;51;51
math-ph/0105041;math-ph/0105041;1;5;6
hep-th/0102209;hep-th/0102209;1;9;10
0808.0227;0808.0227;0;13;13
0810.4251;0810.4251;0;29;29
hep-th/0603084;hep-th/0603084;3;34;37
math/0112299;math/0112299;1;2;3
0707.0894;0707.0894;0;51;51
0709.4610;0709.4610;0;10;10
gr-qc/0608027;gr-qc/0608027;0;4;4
0805.2683;0805.2683;0;12;12
hep-ph/0602174;hep-ph/0602174;0;2;2
0705.2755;0705.2755;0;6;6
hep-th/9509103;hep-th/9509103;1;9;10
hep-th/9409125;hep-th/9409125;0;5;5
hep-th/9503008;hep-th/9503008;0;1;1
hep-th/9409123;hep-th/9409123;0;2;2
hep-th/9309090;hep-th/9309090;3;1;4
hep-th/9301054;hep-th/9301054;4;0;4
hep-th/9409121;hep-th/9409121;0;3;3
0801.2703;0801.2703;0;12;12
0706.2676;0706.2676;0;12;12
0801.2702;0801.2702;0;3;3
0707.2712;0707.2712;0;44;44
hep-th/0408161;hep-th/0408161;2;11;13
hep-th/0408165;hep-th/0408165;1;13;14
0904.2368;0904.2368;0;8;8
hep-ph/0501075;hep-ph/0501075;1;4;5
0706.3112;0706.3112;0;16;16
hep-th/9801109;hep-th/9801109;0;25;25
0712.3034;0712.3034;0;12;12
0712.3032;0712.3032;0;5;5
0712.3038;0712.3038;0;20;20
quant-ph/0703016;quant-ph/0703016;0;7;7
quant-ph/0703017;quant-ph/0703017;0;1;1
0906.0011;0906.0011;0;23;23
0807.0063;0807.0063;0;16;16
0710.3933;0710.3933;0;5;5
0705.1769;0705.1769;0;24;24
0708.3828;0708.3828;0;5;5
0710.3939;0710.3939;0;3;3
hep-th/0401194;hep-th/0401194;1;4;5
hep-th/0401017;hep-th/0401017;2;4;6
math-ph/0401028;math-ph/0401028;3;0;3
hep-ph/9611439;hep-ph/9611439;0;1;1
0707.0105;0707.0105;0;36;36
0801.0900;0801.0900;0;11;11
0705.3575;0705.3575;0;15;15
0812.4370;0812.4370;0;1;1
0704.0366;0704.0366;0;12;12
0903.2893;0903.2893;0;10;10
0807.2575;0807.2575;0;33;33
0706.4460;0706.4460;0;38;38
0909.0134;0909.0134;0;17;17
0802.3564;0802.3564;0;11;11
0906.1206;0906.1206;0;2;2
0907.3299;0907.3299;0;3;3
0906.3261;0906.3261;0;3;3
hep-th/0512094;hep-th/0512094;0;19;19
gr-qc/0603084;gr-qc/0603084;1;1;2
0906.5313;0906.5313;0;3;3
0803.0507;0803.0507;0;5;5
0706.3198;0706.3198;0;4;4
0710.1726;0710.1726;1;18;19
0806.3812;0806.3812;0;15;15
hep-th/9505125;hep-th/9505125;1;7;8
hep-th/9710157;hep-th/9710157;2;2;4
0708.2469;0708.2469;0;21;21
0906.2703;0906.2703;0;15;15
0809.1100;0809.1100;0;11;11
0707.2207;0707.2207;0;3;3
0708.3823;0708.3823;0;24;24
0810.5015;0810.5015;0;19;19
0704.1096;0704.1096;0;5;5
0704.1090;0704.1090;0;38;38
hep-th/9711134;hep-th/9711134;2;6;8
hep-th/9911008;hep-th/9911008;0;6;6
hep-th/0501150;hep-th/0501150;1;5;6
0704.1545;0704.1545;0;13;13
hep-th/0511031;hep-th/0511031;2;11;13
hep-th/0205088;hep-th/0205088;1;7;8
0704.1540;0704.1540;0;20;20
0809.3269;0809.3269;0;33;33
0804.1773;0804.1773;0;8;8
0707.0418;0707.0418;0;33;33
cond-mat/9610017;cond-mat/9610017;2;0;2
hep-th/9411196;hep-th/9411196;0;2;2
hep-th/9308061;hep-th/9308061;1;0;1
hep-th/9411197;hep-th/9411197;0;2;2
hep-th/9304008;hep-th/9304008;2;0;2
hep-th/9204092;hep-th/9204092;5;0;5
0910.0973;0910.0973;0;5;5
0901.0079;0901.0079;0;5;5
0908.4224;0908.4224;0;24;24
hep-th/0406094;hep-th/0406094;1;6;7
hep-th/9411199;hep-th/9411199;0;3;3
hep-th/9310168;hep-th/9310168;1;2;3
hep-th/9302097;hep-th/9302097;3;0;3
hep-th/9802001;hep-th/9802001;3;0;3
hep-th/0005228;hep-th/0005228;2;5;7
quant-ph/0701085;quant-ph/0701085;2;3;5
hep-th/0409001;hep-th/0409001;0;3;3
0807.3319;0807.3319;0;60;60
hep-th/0609005;hep-th/0609005;0;14;14
0906.4548;0906.4548;0;17;17
0804.0869;0804.0869;0;13;13
0910.5220;0910.5220;0;3;3
0907.4091;0907.4091;0;10;10
0802.2548;0802.2548;0;6;6
cond-mat/0411761;cond-mat/0411761;3;17;20
0801.4947;0801.4947;0;33;33
hep-th/0606186;hep-th/0606186;2;16;18
0802.2542;0802.2542;0;10;10
0912.2993;0912.2993;0;11;11
0806.2505;0806.2505;0;48;48
0802.1014;0802.1014;0;32;32
0802.1017;0802.1017;0;21;21
hep-th/0403145;hep-th/0403145;3;35;38
0801.4946;0801.4946;0;25;25
0805.4199;0805.4199;0;51;51
0704.1111;0704.1111;0;21;21
gr-qc/0604054;gr-qc/0604054;1;14;15
gr-qc/0305045;gr-qc/0305045;3;3;6
q-alg/9601001;q-alg/9601001;4;1;5
0909.3834;0909.3834;0;20;20
hep-th/0506218;hep-th/0506218;2;5;7
hep-th/0202028;hep-th/0202028;4;36;40
hep-th/0109062;hep-th/0109062;2;5;7
math-ph/0506076;math-ph/0506076;0;3;3
0706.1238;0706.1238;0;39;39
0806.1509;0806.1509;0;4;4
0706.1233;0706.1233;0;2;2
0711.4721;0711.4721;0;18;18
gr-qc/0605012;gr-qc/0605012;0;6;6
gr-qc/0412041;gr-qc/0412041;1;10;11
0806.0673;0806.0673;0;15;15
hep-th/0308017;hep-th/0308017;3;32;35
0710.4249;0710.4249;0;18;18
hep-th/0210103;hep-th/0210103;6;7;13
0909.0145;0909.0145;0;15;15
0907.2739;0907.2739;0;5;5
hep-th/0508055;hep-th/0508055;1;12;13
0908.1303;0908.1303;0;4;4
0908.1306;0908.1306;0;28;28
hep-ph/0606215;hep-ph/0606215;0;1;1
hep-ph/0506031;hep-ph/0506031;2;0;2
0804.4096;0804.4096;0;17;17
0804.4098;0804.4098;0;30;30
0902.4642;0902.4642;0;14;14
0911.5011;0911.5011;0;5;5
0809.2760;0809.2760;0;16;16
hep-th/0307069;hep-th/0307069;0;41;41
1001.0079;1001.0079;0;5;5
hep-th/0410031;hep-th/0410031;0;2;2
hep-th/0410037;hep-th/0410037;0;6;6
hep-th/0410038;hep-th/0410038;0;3;3
hep-th/0302139;hep-th/0302139;0;10;10
0802.0294;0802.0294;0;2;2
q-alg/9504028;q-alg/9504028;1;0;1
hep-ph/9711406;hep-ph/9711406;0;3;3
0811.0784;0811.0784;0;7;7
hep-th/0302134;hep-th/0302134;0;8;8
hep-th/0211208;hep-th/0211208;2;7;9
hep-th/9512151;hep-th/9512151;3;0;3
math-ph/0201019;math-ph/0201019;0;1;1
math-ph/0110032;math-ph/0110032;1;0;1
gr-qc/9908067;gr-qc/9908067;0;26;26
hep-th/0603209;hep-th/0603209;1;1;2
gr-qc/9908069;gr-qc/9908069;2;2;4
hep-th/0512195;hep-th/0512195;0;3;3
hep-th/0110208;hep-th/0110208;0;2;2
hep-th/0512193;hep-th/0512193;0;18;18
hep-th/0110025;hep-th/0110025;1;0;1
hep-th/9608140;hep-th/9608140;2;15;17
hep-th/9810122;hep-th/9810122;0;1;1
hep-th/9804207;hep-th/9804207;1;0;1
hep-th/9810124;hep-th/9810124;0;2;2
0901.1169;0901.1169;0;10;10
0901.1163;0901.1163;0;17;17
0806.2013;0806.2013;0;81;81
hep-th/0703174;hep-th/0703174;2;23;25
0705.1645;0705.1645;0;21;21
0711.3026;0711.3026;0;28;28
hep-th/0502006;hep-th/0502006;1;36;37
0810.0298;0810.0298;0;20;20
0707.0326;0707.0326;0;22;22
hep-th/0703181;hep-th/0703181;1;11;12
0810.0297;0810.0297;0;7;7
0810.5128;0810.5128;0;10;10
0911.4878;0911.4878;0;8;8
hep-th/9308025;hep-th/9308025;1;0;1
hep-th/0209117;hep-th/0209117;4;25;29
hep-th/0506254;hep-th/0506254;0;18;18
hep-th/0310145;hep-th/0310145;1;5;6
hep-th/0004091;hep-th/0004091;1;0;1
0803.1371;0803.1371;0;28;28
hep-th/0701190;hep-th/0701190;3;9;12
0806.2938;0806.2938;0;9;9
hep-th/0306003;hep-th/0306003;1;6;7
0707.0497;0707.0497;0;47;47
0803.1547;0803.1547;0;25;25
0707.0499;0707.0499;0;34;34
0909.1382;0909.1382;0;88;88
hep-th/9407178;hep-th/9407178;0;1;1
hep-th/9407172;hep-th/9407172;0;2;2
hep-th/9407171;hep-th/9407171;0;1;1
hep-th/9203032;hep-th/9203032;1;0;1
hep-th/0409138;hep-th/0409138;1;12;13
0902.1459;0902.1459;0;12;12
hep-th/0510069;hep-th/0510069;2;19;21
hep-th/0510134;hep-th/0510134;0;60;60
hep-th/0503059;hep-th/0503059;3;18;21
0908.3290;0908.3290;0;6;6
hep-lat/9703007;hep-lat/9703007;0;5;5
0912.2228;0912.2228;0;18;18
0903.2644;0903.2644;0;1;1
hep-th/0610226;hep-th/0610226;0;6;6
0901.0610;0901.0610;0;26;26
0901.0614;0901.0614;0;29;29
hep-ph/0103170;hep-ph/0103170;1;0;1
hep-th/9609011;hep-th/9609011;4;9;13
hep-th/9811202;hep-th/9811202;0;6;6
hep-th/9410028;hep-th/9410028;0;2;2
hep-th/9904170;hep-th/9904170;0;1;1
hep-th/9812036;hep-th/9812036;1;0;1
hep-th/9904173;hep-th/9904173;4;8;12
0806.4748;0806.4748;0;23;23
0809.5149;0809.5149;0;45;45
hep-th/0610112;hep-th/0610112;0;11;11
hep-th/0610110;hep-th/0610110;0;35;35
hep-th/0701178;hep-th/0701178;3;12;15
math/0209168;math/0209168;1;8;9
0706.0622;0706.0622;0;2;2
0706.0623;0706.0623;0;43;43
0904.4805;0904.4805;0;7;7
0801.4023;0801.4023;0;14;14
astro-ph/9208003;astro-ph/9208003;1;0;1
hep-th/0511262;hep-th/0511262;0;3;3
0904.1936;0904.1936;0;4;4
hep-th/9411155;hep-th/9411155;3;0;3
0902.2640;0902.2640;0;14;14
0911.2546;0911.2546;0;28;28
hep-th/9608131;hep-th/9608131;2;9;11
math/0208173;math/0208173;1;0;1
math/0611819;math/0611819;0;1;1
0912.1546;0912.1546;0;16;16
0903.1517;0903.1517;0;8;8
hep-th/0411108;hep-th/0411108;2;27;29
0810.2356;0810.2356;0;1;1
hep-th/0702065;hep-th/0702065;0;25;25
hep-th/0511058;hep-th/0511058;1;2;3
hep-th/9811218;hep-th/9811218;1;3;4
cond-mat/9806051;cond-mat/9806051;1;15;16
0803.1184;0803.1184;1;52;53
0911.2548;0911.2548;0;13;13
astro-ph/0510030;astro-ph/0510030;1;10;11
hep-ph/0303073;hep-ph/0303073;0;7;7
0905.1077;0905.1077;0;4;4
0812.4407;0812.4407;0;15;15
0712.3549;0712.3549;0;49;49
0803.1927;0803.1927;0;3;3
0712.3545;0712.3545;0;2;2
math-ph/0612034;math-ph/0612034;0;12;12
hep-th/0105291;hep-th/0105291;1;31;32
hep-th/0105297;hep-th/0105297;0;1;1
0711.2898;0711.2898;0;3;3
0911.1035;0911.1035;0;5;5
0711.2788;0711.2788;0;26;26
cond-mat/0612270;cond-mat/0612270;0;10;10
cond-mat/9408015;cond-mat/9408015;4;0;4
hep-th/0112018;hep-th/0112018;0;3;3
0904.0429;0904.0429;0;6;6
0905.0031;0905.0031;0;56;56
astro-ph/0601219;astro-ph/0601219;3;5;8
hep-th/0308097;hep-th/0308097;0;21;21
hep-th/9403184;hep-th/9403184;1;0;1
hep-th/9611220;hep-th/9611220;0;5;5
hep-th/9611221;hep-th/9611221;0;6;6
hep-th/9611226;hep-th/9611226;0;1;1
hep-th/9611227;hep-th/9611227;1;2;3
hep-th/9611229;hep-th/9611229;0;1;1
hep-ph/9601207;hep-ph/9601207;1;0;1
hep-th/0108188;hep-th/0108188;0;2;2
hep-th/9907153;hep-th/9907153;2;1;3
hep-ph/9408302;hep-ph/9408302;1;3;4
hep-th/9511149;hep-th/9511149;1;4;5
hep-th/9511146;hep-th/9511146;0;1;1
gr-qc/9408016;gr-qc/9408016;1;3;4
hep-th/9511144;hep-th/9511144;0;2;2
hep-th/9510160;hep-th/9510160;1;1;2
gr-qc/0206015;gr-qc/0206015;3;11;14
hep-th/9401101;hep-th/9401101;0;3;3
hep-th/9302043;hep-th/9302043;1;1;2
hep-th/9302042;hep-th/9302042;2;1;3
hep-th/9601018;hep-th/9601018;0;5;5
math/0407012;math/0407012;0;4;4
math/0005111;math/0005111;1;11;12
hep-th/9305022;hep-th/9305022;0;1;1
hep-th/9204053;hep-th/9204053;1;0;1
hep-ph/0407045;hep-ph/0407045;0;4;4
hep-th/9109057;hep-th/9109057;1;0;1
cond-mat/9704149;cond-mat/9704149;7;0;7
0809.1038;0809.1038;0;7;7
hep-th/9711018;hep-th/9711018;1;7;8
hep-th/9712003;hep-th/9712003;0;6;6
0807.2000;0807.2000;0;30;30
0804.4507;0804.4507;0;24;24
hep-th/0402197;hep-th/0402197;0;7;7
hep-th/0402195;hep-th/0402195;0;6;6
hep-th/0402194;hep-th/0402194;0;5;5
math-ph/0402037;math-ph/0402037;2;0;2
0906.3663;0906.3663;0;4;4
0907.1203;0907.1203;0;11;11
0710.3778;0710.3778;0;25;25
hep-th/0212213;hep-th/0212213;3;13;16
0907.5555;0907.5555;0;11;11
gr-qc/0402105;gr-qc/0402105;0;1;1
hep-th/0212120;hep-th/0212120;1;0;1
gr-qc/0309063;gr-qc/0309063;2;46;48
gr-qc/0312052;gr-qc/0312052;0;4;4
hep-th/9808072;hep-th/9808072;1;3;4
hep-th/9808077;hep-th/9808077;1;6;7
0803.2377;0803.2377;0;22;22
0912.2184;0912.2184;0;5;5
0908.4331;0908.4331;0;1;1
0710.2797;0710.2797;0;8;8
hep-th/9912010;hep-th/9912010;0;31;31
0904.4719;0904.4719;0;13;13
gr-qc/0207054;gr-qc/0207054;0;4;4
0911.5342;0911.5342;0;12;12
0804.3466;0804.3466;0;12;12
hep-th/9908098;hep-th/9908098;0;3;3
hep-th/9901028;hep-th/9901028;1;30;31
hep-th/0303148;hep-th/0303148;3;7;10
hep-th/0303059;hep-th/0303059;4;7;11
hep-th/0101174;hep-th/0101174;1;31;32
0805.3575;0805.3575;0;90;90
hep-ph/9906556;hep-ph/9906556;3;12;15
0708.1772;0708.1772;0;6;6
hep-ph/0305055;hep-ph/0305055;1;8;9
hep-ph/0212357;hep-ph/0212357;2;7;9
0909.3859;0909.3859;0;6;6
hep-th/0512012;hep-th/0512012;3;5;8
hep-th/0110161;hep-th/0110161;0;8;8
hep-th/0512139;hep-th/0512139;0;3;3
hep-th/0106278;hep-th/0106278;2;10;12
0712.4238;0712.4238;0;11;11
cond-mat/9502076;cond-mat/9502076;3;0;3
hep-th/9911162;hep-th/9911162;3;1;4
hep-th/9701090;hep-th/9701090;0;2;2
0710.5170;0710.5170;0;42;42
0912.0998;0912.0998;0;24;24
0710.5172;0710.5172;0;24;24
quant-ph/0602041;quant-ph/0602041;0;2;2
quant-ph/0506239;quant-ph/0506239;1;2;3
quant-ph/0506214;quant-ph/0506214;2;1;3
0903.4630;0903.4630;0;24;24
0904.1873;0904.1873;0;20;20
0905.4900;0905.4900;0;2;2
0912.0136;0912.0136;0;4;4
0806.3758;0806.3758;0;15;15
0808.3530;0808.3530;0;30;30
0810.3238;0810.3238;0;26;26
hep-th/9412191;hep-th/9412191;0;4;4
hep-th/9412190;hep-th/9412190;0;1;1
astro-ph/0511073;astro-ph/0511073;6;3;9
0903.0259;0903.0259;0;3;3
0801.3653;0801.3653;0;8;8
0801.3657;0801.3657;0;37;37
hep-th/9906159;hep-th/9906159;0;9;9
hep-th/9906158;hep-th/9906158;0;4;4
astro-ph/0112523;astro-ph/0112523;0;50;50
0911.0614;0911.0614;0;4;4
0903.2561;0903.2561;0;1;1
hep-ph/0208056;hep-ph/0208056;2;0;2
0812.5112;0812.5112;0;31;31
gr-qc/0508117;gr-qc/0508117;2;6;8
hep-th/9210080;hep-th/9210080;0;5;5
0806.0054;0806.0054;0;1;1
0905.1748;0905.1748;0;29;29
hep-th/9906150;hep-th/9906150;0;5;5
0807.0316;0807.0316;0;16;16
hep-th/9812109;hep-th/9812109;4;27;31
0907.1920;0907.1920;0;7;7
0907.1924;0907.1924;0;42;42
0706.2472;0706.2472;0;22;22
0910.0782;0910.0782;0;15;15
0904.2649;0904.2649;0;6;6
hep-th/0311100;hep-th/0311100;2;6;8
hep-th/0307258;hep-th/0307258;3;48;51
hep-th/0210166;hep-th/0210166;5;14;19
0705.4169;0705.4169;0;11;11
hep-ph/0008281;hep-ph/0008281;0;25;25
0911.0020;0911.0020;0;3;3
0904.1133;0904.1133;0;53;53
0808.3921;0808.3921;0;64;64
0705.0890;0705.0890;0;41;41
0903.0058;0903.0058;0;16;16
0910.0431;0910.0431;0;16;16
0905.4013;0905.4013;0;26;26
cond-mat/0610833;cond-mat/0610833;1;9;10
cond-mat/0701768;cond-mat/0701768;2;10;12
gr-qc/0203096;gr-qc/0203096;1;4;5
0908.1265;0908.1265;0;11;11
astro-ph/0407011;astro-ph/0407011;0;1;1
hep-th/9503216;hep-th/9503216;1;9;10
hep-th/9312144;hep-th/9312144;5;0;5
hep-th/9304001;hep-th/9304001;1;2;3
hep-th/9410004;hep-th/9410004;2;10;12
cond-mat/9409094;cond-mat/9409094;1;0;1
0808.1615;0808.1615;0;14;14
0808.2378;0808.2378;0;5;5
hep-th/0512106;hep-th/0512106;2;4;6
0912.4211;0912.4211;0;3;3
0812.3410;0812.3410;0;9;9
0812.3416;0812.3416;0;2;2
0806.1253;0806.1253;0;58;58
hep-th/0609008;hep-th/0609008;1;1;2
hep-th/0604059;hep-th/0604059;3;1;4
hep-th/0409066;hep-th/0409066;0;15;15
hep-ph/0102286;hep-ph/0102286;2;0;2
hep-th/9501110;hep-th/9501110;1;0;1
hep-th/9709102;hep-th/9709102;2;3;5
hep-th/0409062;hep-th/0409062;1;3;4
gr-qc/0201065;gr-qc/0201065;1;6;7
hep-th/0409061;hep-th/0409061;0;7;7
0808.3242;0808.3242;0;13;13
0812.0097;0812.0097;0;12;12
0810.5712;0810.5712;0;40;40
math/0701260;math/0701260;2;4;6
hep-th/9810205;hep-th/9810205;2;15;17
hep-th/0611201;hep-th/0611201;0;1;1
hep-th/0602204;hep-th/0602204;0;2;2
hep-th/0611202;hep-th/0611202;0;17;17
hep-th/0007010;hep-th/0007010;0;3;3
hep-th/0003296;hep-th/0003296;1;10;11
0809.1807;0809.1807;0;80;80
0709.1625;0709.1625;0;3;3
hep-ph/0203037;hep-ph/0203037;0;2;2
0704.0530;0704.0530;0;82;82
0704.0531;0704.0531;0;23;23
hep-th/9410129;hep-th/9410129;0;1;1
hep-th/9410124;hep-th/9410124;0;7;7
hep-th/9410127;hep-th/9410127;0;1;1
hep-th/9410120;hep-th/9410120;0;2;2
hep-th/9812018;hep-th/9812018;0;6;6
hep-th/0509111;hep-th/0509111;0;13;13
hep-th/0103140;hep-th/0103140;0;6;6
math-ph/0307002;math-ph/0307002;0;1;1
math-ph/0303043;math-ph/0303043;2;0;2
hep-th/0509119;hep-th/0509119;2;5;7
hep-th/0507048;hep-th/0507048;1;17;18
gr-qc/0606073;gr-qc/0606073;1;18;19
0706.0424;0706.0424;0;8;8
0908.1694;0908.1694;0;3;3
0809.1374;0809.1374;0;26;26
0809.1371;0809.1371;0;7;7
0809.1370;0809.1370;0;41;41
0705.1160;0705.1160;0;32;32
quant-ph/0208190;quant-ph/0208190;0;5;5
0802.1939;0802.1939;0;2;2
0810.4160;0810.4160;0;23;23
0905.3379;0905.3379;0;36;36
0812.4239;0812.4239;0;59;59
0803.2829;0803.2829;0;11;11
0807.4899;0807.4899;0;34;34
hep-th/0608190;hep-th/0608190;2;32;34
0805.4760;0805.4760;0;2;2
0803.2822;0803.2822;0;27;27
0804.1576;0804.1576;0;9;9
0910.1195;0910.1195;0;14;14
0803.2059;0803.2059;0;17;17
0806.2626;0806.2626;0;25;25
quant-ph/0012076;quant-ph/0012076;2;0;2
gr-qc/0109012;gr-qc/0109012;3;2;5
0908.4052;0908.4052;0;27;27
hep-ph/0605327;hep-ph/0605327;0;1;1
hep-ph/0108165;hep-ph/0108165;1;0;1
gr-qc/0102048;gr-qc/0102048;0;2;2
hep-ph/9403247;hep-ph/9403247;1;1;2
hep-ph/9305249;hep-ph/9305249;1;0;1
0909.4105;0909.4105;0;23;23
0806.2597;0806.2597;0;10;10
0906.4164;0906.4164;0;3;3
hep-ph/0103078;hep-ph/0103078;2;2;4
0807.3503;0807.3503;0;101;101
0903.1477;0903.1477;0;23;23
cond-mat/9911070;cond-mat/9911070;2;2;4
0806.4948;0806.4948;0;12;12
0805.0449;0805.0449;1;17;18
0806.4940;0806.4940;0;27;27
hep-th/0411229;hep-th/0411229;0;11;11
hep-th/0612243;hep-th/0612243;0;17;17
quant-ph/0510150;quant-ph/0510150;3;1;4
hep-th/0405157;hep-th/0405157;3;8;11
hep-th/9512087;hep-th/9512087;1;4;5
0809.3333;0809.3333;0;23;23
0808.3368;0808.3368;0;8;8
0805.0453;0805.0453;0;4;4
hep-ph/0210084;hep-ph/0210084;0;4;4
0808.2475;0808.2475;0;12;12
0812.4999;0812.4999;0;19;19
cond-mat/0608691;cond-mat/0608691;0;4;4
0706.0603;0706.0603;0;9;9
0709.3342;0709.3342;0;48;48
0710.4789;0710.4789;0;29;29
0902.1279;0902.1279;0;35;35
0709.2433;0709.2433;0;10;10
hep-th/0006128;hep-th/0006128;0;1;1
hep-th/0006129;hep-th/0006129;1;2;3
hep-th/0006126;hep-th/0006126;0;4;4
hep-th/0006124;hep-th/0006124;0;2;2
hep-th/9902154;hep-th/9902154;3;9;12
hep-th/0408021;hep-th/0408021;1;16;17
0710.3162;0710.3162;0;37;37
hep-th/0408020;hep-th/0408020;3;10;13
0911.5192;0911.5192;0;4;4
hep-th/9810083;hep-th/9810083;0;29;29
hep-th/0408025;hep-th/0408025;0;1;1
hep-th/0408027;hep-th/0408027;0;15;15
0706.2132;0706.2132;0;27;27
hep-th/0008215;hep-th/0008215;4;12;16
solv-int/9701017;solv-int/9701017;5;0;5
hep-th/0012173;hep-th/0012173;2;8;10
0901.1314;0901.1314;0;8;8
0809.4646;0809.4646;0;16;16
hep-th/0403255;hep-th/0403255;0;15;15
0904.4270;0904.4270;0;5;5
0803.4445;0803.4445;0;8;8
0911.2353;0911.2353;0;3;3
0710.5530;0710.5530;0;73;73
0710.5539;0710.5539;0;2;2
0812.1934;0812.1934;0;6;6
hep-th/9811160;hep-th/9811160;1;4;5
gr-qc/9912071;gr-qc/9912071;2;14;16
gr-qc/9801015;gr-qc/9801015;3;23;26
hep-th/9402082;hep-th/9402082;1;3;4
0803.0536;0803.0536;0;39;39
hep-th/9110009;hep-th/9110009;2;0;2
0803.0537;0803.0537;0;4;4
hep-th/0208160;hep-th/0208160;1;4;5
0903.3851;0903.3851;0;8;8
0903.3966;0903.3966;0;38;38
0902.4387;0902.4387;0;15;15
0805.3563;0805.3563;0;14;14
hep-th/0512010;hep-th/0512010;0;5;5
hep-th/0203184;hep-th/0203184;3;8;11
solv-int/9711008;solv-int/9711008;2;0;2
hep-th/0605285;hep-th/0605285;0;6;6
hep-th/9801004;hep-th/9801004;3;3;6
hep-th/9312181;hep-th/9312181;0;2;2
0804.0769;0804.0769;0;9;9
cond-mat/0506373;cond-mat/0506373;0;11;11
hep-th/9801003;hep-th/9801003;1;3;4
gr-qc/0008056;gr-qc/0008056;0;10;10
gr-qc/9907065;gr-qc/9907065;2;6;8
hep-th/0312244;hep-th/0312244;1;6;7
gr-qc/0507017;gr-qc/0507017;0;2;2
hep-th/9811026;hep-th/9811026;1;9;10
hep-th/9811020;hep-th/9811020;0;2;2
hep-th/9510230;hep-th/9510230;1;1;2
0805.1550;0805.1550;0;4;4
0912.3331;0912.3331;0;6;6
0912.3339;0912.3339;0;28;28
0707.0511;0707.0511;0;52;52
hep-th/0208172;hep-th/0208172;3;6;9
0707.0512;0707.0512;0;15;15
0803.1663;0803.1663;0;9;9
0810.0481;0810.0481;0;18;18
0907.4197;0907.4197;0;21;21
hep-ph/0406139;hep-ph/0406139;1;1;2
hep-th/0605281;hep-th/0605281;0;1;1
hep-ph/9404273;hep-ph/9404273;1;2;3
0712.1334;0712.1334;0;51;51
hep-th/9407034;hep-th/9407034;0;13;13
hep-th/9407035;hep-th/9407035;0;1;1
hep-th/9302001;hep-th/9302001;5;6;11
hep-th/9407030;hep-th/9407030;0;3;3
hep-th/0410108;hep-th/0410108;1;5;6
hep-th/0607108;hep-th/0607108;0;6;6
hep-th/0011266;hep-th/0011266;5;5;10
0811.2439;0811.2439;0;24;24
0812.3006;0812.3006;0;28;28
gr-qc/9509031;gr-qc/9509031;0;7;7
hep-th/0610309;hep-th/0610309;0;1;1
0903.2769;0903.2769;0;4;4
hep-th/0610303;hep-th/0610303;1;17;18
hep-th/0610306;hep-th/0610306;0;26;26
hep-th/0610305;hep-th/0610305;0;4;4
hep-th/0610304;hep-th/0610304;0;28;28
hep-th/0601017;hep-th/0601017;0;14;14
hep-th/0205181;hep-th/0205181;1;0;1
0805.3168;0805.3168;0;29;29
0805.3169;0805.3169;0;3;3
hep-th/9512072;hep-th/9512072;0;1;1
hep-th/9512076;hep-th/9512076;1;1;2
hep-th/9505029;hep-th/9505029;3;4;7
hep-th/0703126;hep-th/0703126;0;25;25
0912.2069;0912.2069;0;13;13
0901.3445;0901.3445;0;11;11
hep-th/0703120;hep-th/0703120;0;7;7
0812.0453;0812.0453;0;18;18
0912.1844;0912.1844;0;11;11
0801.1256;0801.1256;0;2;2
0901.0867;0901.0867;0;26;26
hep-th/9206030;hep-th/9206030;0;1;1
0707.3355;0707.3355;0;24;24
0911.0227;0911.0227;0;7;7
0707.3350;0707.3350;0;98;98
0707.3358;0707.3358;0;5;5
hep-ph/0611364;hep-ph/0611364;1;0;1
hep-th/0305219;hep-th/0305219;0;37;37
hep-th/0305214;hep-th/0305214;0;5;5
quant-ph/9610027;quant-ph/9610027;2;0;2
hep-th/9411052;hep-th/9411052;1;0;1
hep-th/9603197;hep-th/9603197;0;1;1
hep-th/9603196;hep-th/9603196;0;3;3
hep-th/9603192;hep-th/9603192;1;1;2
hep-th/9901127;hep-th/9901127;0;6;6
hep-th/0203068;hep-th/0203068;2;12;14
0705.0303;0705.0303;0;33;33
0903.3234;0903.3234;0;23;23
0811.1698;0811.1698;0;20;20
0903.0722;0903.0722;0;12;12
0810.2256;0810.2256;0;34;34
0912.0517;0912.0517;0;6;6
hep-th/0010041;hep-th/0010041;3;4;7
0912.0512;0912.0512;0;7;7
0903.3231;0903.3231;0;22;22
0905.1550;0905.1550;0;5;5
0704.1880;0704.1880;0;8;8
0803.0982;0803.0982;0;19;19
0807.3679;0807.3679;0;11;11
hep-th/0401099;hep-th/0401099;0;9;9
hep-th/0310020;hep-th/0310020;1;0;1
0811.2632;0811.2632;0;12;12
hep-ph/9503355;hep-ph/9503355;1;2;3
0911.5400;0911.5400;0;33;33
hep-th/0401092;hep-th/0401092;0;2;2
hep-th/0401097;hep-th/0401097;1;21;22
hep-th/0401094;hep-th/0401094;0;10;10
0808.3121;0808.3121;0;5;5
0712.2519;0712.2519;0;30;30
0805.4531;0805.4531;0;7;7
0901.2423;0901.2423;0;4;4
0803.3189;0803.3189;0;10;10
0909.1688;0909.1688;0;7;7
physics/0503084;physics/0503084;0;1;1
hep-th/9203010;hep-th/9203010;3;0;3
0705.4554;0705.4554;0;42;42
0805.1095;0805.1095;0;13;13
0903.0186;0903.0186;0;1;1
0903.0187;0903.0187;0;9;9
hep-th/9311176;hep-th/9311176;1;9;10
hep-th/9311173;hep-th/9311173;3;2;5
hep-ph/9903386;hep-ph/9903386;0;3;3
0708.0439;0708.0439;0;38;38
0708.0438;0708.0438;0;2;2
hep-lat/0610008;hep-lat/0610008;1;0;1
hep-th/9712170;hep-th/9712170;5;30;35
hep-th/9706035;hep-th/9706035;2;8;10
hep-th/9712217;hep-th/9712217;0;2;2
hep-th/9712212;hep-th/9712212;2;12;14
hep-th/9712158;hep-th/9712158;1;2;3
gr-qc/9804078;gr-qc/9804078;0;16;16
gr-qc/9707034;gr-qc/9707034;3;17;20
hep-th/9309138;hep-th/9309138;0;8;8
hep-th/9309139;hep-th/9309139;1;3;4
0804.0229;0804.0229;0;16;16
0909.0271;0909.0271;0;56;56
hep-th/9508084;hep-th/9508084;3;18;21
hep-th/9411023;hep-th/9411023;1;2;3
hep-th/9510005;hep-th/9510005;1;7;8
0803.4369;0803.4369;0;39;39
0907.1344;0907.1344;0;16;16
0907.5458;0907.5458;0;35;35
0909.0277;0909.0277;0;5;5
0902.2566;0902.2566;0;20;20
hep-ph/9909525;hep-ph/9909525;0;1;1
0902.2565;0902.2565;0;4;4
hep-th/0107069;hep-th/0107069;0;1;1
hep-th/0106250;hep-th/0106250;2;6;8
hep-ph/9307272;hep-ph/9307272;0;1;1
hep-th/9808133;hep-th/9808133;1;6;7
hep-th/9504059;hep-th/9504059;1;0;1
0911.1623;0911.1623;0;24;24
0809.3064;0809.3064;0;13;13
cond-mat/9904389;cond-mat/9904389;0;2;2
chao-dyn/9707024;chao-dyn/9707024;3;1;4
chao-dyn/9803019;chao-dyn/9803019;1;2;3
0908.1742;0908.1742;0;23;23
hep-th/0407141;hep-th/0407141;0;12;12
hep-th/0311252;hep-th/0311252;2;7;9
hep-th/0507248;hep-th/0507248;1;41;42
hep-th/0407148;hep-th/0407148;3;17;20
0804.3341;0804.3341;0;22;22
0812.3239;0812.3239;0;3;3
0903.4871;0903.4871;0;1;1
0905.2326;0905.2326;0;17;17
0803.2630;0803.2630;0;6;6
hep-th/9506054;hep-th/9506054;0;3;3
hep-th/9506055;hep-th/9506055;0;2;2
hep-th/9506051;hep-th/9506051;0;2;2
0907.1128;0907.1128;0;6;6
hep-th/9301105;hep-th/9301105;2;0;2
hep-th/9412016;hep-th/9412016;0;4;4
0804.1278;0804.1278;0;29;29
0910.1088;0910.1088;0;1;1
0910.1087;0910.1087;0;3;3
0811.0538;0811.0538;0;6;6
nlin/0602032;nlin/0602032;1;0;1
hep-th/0511248;hep-th/0511248;1;19;20
hep-th/0703092;hep-th/0703092;0;2;2
hep-th/9912031;hep-th/9912031;1;0;1
hep-th/9701116;hep-th/9701116;2;6;8
hep-th/9701114;hep-th/9701114;0;6;6
hep-th/9701111;hep-th/9701111;2;1;3
hep-th/9412148;hep-th/9412148;1;0;1
0801.2739;0801.2739;0;17;17
hep-th/0410040;hep-th/0410040;1;17;18
hep-th/9609232;hep-th/9609232;2;0;2
0807.0298;0807.0298;0;38;38
hep-th/0112194;hep-th/0112194;0;2;2
0712.4004;0712.4004;0;41;41
0806.0024;0806.0024;0;10;10
0802.4247;0802.4247;0;11;11
0911.3257;0911.3257;0;15;15
0710.1002;0710.1002;0;4;4
0803.4497;0803.4497;0;5;5
hep-ph/0408165;hep-ph/0408165;1;17;18
hep-th/0001038;hep-th/0001038;1;0;1
hep-th/9808165;hep-th/9808165;1;1;2
hep-th/9610027;hep-th/9610027;2;0;2
hep-th/9812129;hep-th/9812129;2;2;4
hep-th/9704160;hep-th/9704160;1;2;3
hep-th/9904080;hep-th/9904080;1;2;3
hep-th/9406037;hep-th/9406037;2;0;2
astro-ph/0002434;astro-ph/0002434;1;3;4
gr-qc/0008051;gr-qc/0008051;1;0;1
hep-th/9211116;hep-th/9211116;2;0;2
hep-th/9408118;hep-th/9408118;1;0;1
hep-th/0012066;hep-th/0012066;0;6;6
0804.0584;0804.0584;0;33;33
0901.2276;0901.2276;0;22;22
gr-qc/0306048;gr-qc/0306048;2;6;8
0906.2049;0906.2049;0;14;14
0903.2597;0903.2597;0;2;2
hep-th/0111010;hep-th/0111010;0;2;2
cond-mat/9712233;cond-mat/9712233;3;6;9
hep-th/9610072;hep-th/9610072;0;2;2
gr-qc/9211003;gr-qc/9211003;4;0;4
0804.0632;0804.0632;0;32;32
0802.3379;0802.3379;0;44;44
0812.0152;0812.0152;0;18;18
0801.1113;0801.1113;0;21;21
0707.2129;0707.2129;0;71;71
0812.4702;0812.4702;0;23;23
0801.1117;0801.1117;0;38;38
hep-th/0003207;hep-th/0003207;1;0;1
0704.3343;0704.3343;0;23;23
0907.5371;0907.5371;0;6;6
0710.0959;0710.0959;0;2;2
hep-th/0702057;hep-th/0702057;0;7;7
math/0503410;math/0503410;1;12;13
hep-ph/9210243;hep-ph/9210243;1;0;1
hep-th/0211260;hep-th/0211260;0;5;5
hep-ph/9906554;hep-ph/9906554;1;9;10
0906.2957;0906.2957;0;32;32
hep-th/0011084;hep-th/0011084;0;1;1
hep-th/0011087;hep-th/0011087;0;1;1
hep-th/0011082;hep-th/0011082;0;1;1
hep-th/0009249;hep-th/0009249;0;7;7
quant-ph/0701233;quant-ph/0701233;1;9;10
quant-ph/0702028;quant-ph/0702028;1;9;10
hep-th/0004047;hep-th/0004047;0;1;1
hep-ph/0104248;hep-ph/0104248;0;4;4
hep-ph/9411440;hep-ph/9411440;3;1;4
hep-ph/9805291;hep-ph/9805291;1;0;1
0908.1724;0908.1724;0;1;1
hep-th/0004045;hep-th/0004045;2;1;3
hep-th/9911144;hep-th/9911144;1;2;3
hep-th/9912197;hep-th/9912197;1;2;3
hep-th/9911141;hep-th/9911141;1;3;4
hep-th/9912198;hep-th/9912198;1;3;4
hep-th/9912199;hep-th/9912199;1;2;3
0905.4117;0905.4117;0;18;18
nucl-th/0410004;nucl-th/0410004;0;4;4
0706.3903;0706.3903;0;59;59
hep-th/0611107;hep-th/0611107;0;8;8
hep-ph/0412070;hep-ph/0412070;0;5;5
hep-th/0201213;hep-th/0201213;0;12;12
hep-th/0201212;hep-th/0201212;1;2;3
hep-th/0201214;hep-th/0201214;0;3;3
hep-th/9109044;hep-th/9109044;0;1;1
hep-th/0412208;hep-th/0412208;0;16;16
hep-th/0406236;hep-th/0406236;1;15;16
hep-th/0406206;hep-th/0406206;2;13;15
hep-th/0406201;hep-th/0406201;1;16;17
cond-mat/9603157;cond-mat/9603157;1;0;1
cond-mat/9611105;cond-mat/9611105;1;6;7
cond-mat/9610215;cond-mat/9610215;2;0;2
cond-mat/9503126;cond-mat/9503126;2;0;2
0706.1761;0706.1761;0;8;8
hep-th/9604144;hep-th/9604144;1;1;2
cond-mat/0004441;cond-mat/0004441;2;2;4
hep-th/0204193;hep-th/0204193;0;17;17
hep-th/0203096;hep-th/0203096;1;0;1
hep-th/0107105;hep-th/0107105;1;20;21
hep-th/0611073;hep-th/0611073;0;126;126
hep-th/0503107;hep-th/0503107;3;12;15
hep-th/0611070;hep-th/0611070;0;9;9
hep-th/9708053;hep-th/9708053;1;10;11
hep-th/9804117;hep-th/9804117;0;1;1
hep-th/9503187;hep-th/9503187;3;2;5
hep-th/0608025;hep-th/0608025;0;1;1
0906.1289;0906.1289;0;9;9
0709.1673;0709.1673;0;6;6
cond-mat/0701641;cond-mat/0701641;1;2;3
math/0305323;math/0305323;0;2;2
hep-th/9510052;hep-th/9510052;1;0;1
0710.3107;0710.3107;0;21;21
hep-th/0703188;hep-th/0703188;1;20;21
hep-th/0608024;hep-th/0608024;0;5;5
0812.0687;0812.0687;0;15;15
0903.4107;0903.4107;0;4;4
0910.5536;0910.5536;0;18;18
0811.3056;0811.3056;0;7;7
0909.0160;0909.0160;0;6;6
0905.3739;0905.3739;0;57;57
0905.3632;0905.3632;0;2;2
0909.2418;0909.2418;0;6;6
0806.0177;0806.0177;0;14;14
hep-th/0202007;hep-th/0202007;2;13;15
0708.4056;0708.4056;0;3;3
hep-th/9812201;hep-th/9812201;0;11;11
hep-th/9212124;hep-th/9212124;0;2;2
hep-th/0205248;hep-th/0205248;1;8;9
hep-th/0111070;hep-th/0111070;2;28;30
hep-th/9403071;hep-th/9403071;1;0;1
hep-th/0001057;hep-th/0001057;2;27;29
hep-th/9705134;hep-th/9705134;2;7;9
hep-th/9212062;hep-th/9212062;6;0;6
0910.3334;0910.3334;0;38;38
gr-qc/9912018;gr-qc/9912018;3;1;4
0707.1066;0707.1066;0;5;5
0905.0903;0905.0903;0;17;17
0707.1062;0707.1062;0;20;20
math-ph/0003018;math-ph/0003018;0;4;4
hep-th/9409012;hep-th/9409012;1;0;1
gr-qc/0610119;gr-qc/0610119;0;8;8
gr-qc/0103078;gr-qc/0103078;1;4;5
hep-lat/9401034;hep-lat/9401034;1;0;1
0711.4219;0711.4219;0;35;35
hep-th/0611331;hep-th/0611331;2;19;21
0803.0514;0803.0514;0;48;48
0806.4044;0806.4044;0;5;5
hep-th/9902016;hep-th/9902016;2;0;2
hep-th/0110104;hep-th/0110104;2;10;12
gr-qc/9403041;gr-qc/9403041;0;1;1
gr-qc/9403042;gr-qc/9403042;1;4;5
gr-qc/9403045;gr-qc/9403045;2;3;5
0909.3525;0909.3525;0;4;4
hep-th/0507238;hep-th/0507238;0;10;10
hep-th/0507236;hep-th/0507236;0;1;1
hep-th/0507233;hep-th/0507233;0;13;13
hep-ph/0412297;hep-ph/0412297;2;0;2
hep-th/0002238;hep-th/0002238;2;0;2
hep-th/0005019;hep-th/0005019;1;6;7
hep-th/0507231;hep-th/0507231;0;8;8
hep-th/0308023;hep-th/0308023;6;44;50
0911.5499;0911.5499;0;9;9
hep-th/0308203;hep-th/0308203;1;35;36
0704.2284;0704.2284;0;6;6
hep-ph/0403171;hep-ph/0403171;3;17;20
0902.4243;0902.4243;0;5;5
0807.1739;0807.1739;0;7;7
0902.3817;0902.3817;0;26;26
hep-ph/9801347;hep-ph/9801347;0;2;2
0902.4485;0902.4485;0;27;27
hep-th/9602001;hep-th/9602001;1;6;7
0708.0113;0708.0113;0;12;12
0907.3195;0907.3195;0;29;29
0910.5178;0910.5178;0;5;5
gr-qc/0511063;gr-qc/0511063;0;1;1
gr-qc/0509043;gr-qc/0509043;1;0;1
0710.2129;0710.2129;0;5;5
math-ph/0306034;math-ph/0306034;1;0;1
0710.2124;0710.2124;0;7;7
0708.0636;0708.0636;0;13;13
cond-mat/0611319;cond-mat/0611319;0;8;8
cond-mat/9802271;cond-mat/9802271;1;0;1
0707.0081;0707.0081;0;22;22
0809.2875;0809.2875;0;20;20
hep-th/0002224;hep-th/0002224;0;1;1
hep-th/0002221;hep-th/0002221;0;12;12
hep-th/0002220;hep-th/0002220;0;8;8
hep-th/9112043;hep-th/9112043;2;0;2
0909.3524;0909.3524;0;11;11
math/9907140;math/9907140;0;4;4
quant-ph/9504005;quant-ph/9504005;0;3;3
hep-th/0303052;hep-th/0303052;0;6;6
hep-th/9707084;hep-th/9707084;1;0;1
0810.3053;0810.3053;0;9;9
math-ph/0301043;math-ph/0301043;1;2;3
math-ph/0302012;math-ph/0302012;1;1;2
hep-th/0012209;hep-th/0012209;1;3;4
hep-th/0201090;hep-th/0201090;1;0;1
0710.2696;0710.2696;0;51;51
0809.4431;0809.4431;0;2;2
0809.4430;0809.4430;0;36;36
0904.1019;0904.1019;0;7;7
hep-lat/0501003;hep-lat/0501003;2;0;2
0805.3705;0805.3705;0;49;49
hep-ph/9610403;hep-ph/9610403;3;0;3
0805.3700;0805.3700;0;10;10
0802.4221;0802.4221;0;40;40
0911.2782;0911.2782;0;144;144
0911.2781;0911.2781;0;31;31
hep-th/0210180;hep-th/0210180;0;1;1
hep-th/0104110;hep-th/0104110;2;15;17
0704.3667;0704.3667;0;20;20
hep-th/0512173;hep-th/0512173;2;0;2
hep-th/0210182;hep-th/0210182;0;7;7
hep-th/9911204;hep-th/9911204;0;9;9
0906.4699;0906.4699;0;12;12
0810.0208;0810.0208;0;25;25
0908.2034;0908.2034;0;12;12
0902.0542;0902.0542;0;2;2
0810.1985;0810.1985;0;23;23
hep-ph/0004018;hep-ph/0004018;3;0;3
hep-ph/0006096;hep-ph/0006096;3;2;5
hep-th/0608148;hep-th/0608148;0;7;7
hep-th/9411086;hep-th/9411086;1;0;1
hep-th/0102004;hep-th/0102004;1;0;1
0804.3635;0804.3635;0;9;9
0801.2564;0801.2564;0;8;8
hep-th/9703169;hep-th/9703169;0;3;3
hep-th/9703164;hep-th/9703164;1;5;6
hep-th/9608098;hep-th/9608098;0;3;3
0912.4832;0912.4832;0;1;1
hep-th/0703149;hep-th/0703149;0;8;8
cond-mat/9905307;cond-mat/9905307;1;1;2
0912.1492;0912.1492;0;8;8
hep-th/9412112;hep-th/9412112;0;8;8
hep-ph/0207190;hep-ph/0207190;0;4;4
hep-ph/0207194;hep-ph/0207194;1;9;10
hep-ph/0207195;hep-ph/0207195;1;10;11
0903.4422;0903.4422;0;29;29
hep-th/9902136;hep-th/9902136;0;1;1
hep-th/0302096;hep-th/0302096;1;13;14
hep-th/9908199;hep-th/9908199;0;97;97
hep-th/9708169;hep-th/9708169;1;0;1
quant-ph/9812005;quant-ph/9812005;0;1;1
hep-th/0412161;hep-th/0412161;0;14;14
0906.0679;0906.0679;0;9;9
hep-th/9412118;hep-th/9412118;0;4;4
0805.2154;0805.2154;0;12;12
0903.2493;0903.2493;0;1;1
0802.3244;0802.3244;0;1;1
0909.2753;0909.2753;0;1;1
math/0112219;math/0112219;0;5;5
0902.3361;0902.3361;0;8;8
0812.3138;0812.3138;0;8;8
0801.4574;0801.4574;0;16;16
hep-th/9807177;hep-th/9807177;0;1;1
hep-th/9807175;hep-th/9807175;1;1;2
hep-th/9807174;hep-th/9807174;0;16;16
hep-th/9805099;hep-th/9805099;1;21;22
hep-lat/9910002;hep-lat/9910002;0;4;4
hep-lat/9910003;hep-lat/9910003;0;3;3
hep-lat/9807026;hep-lat/9807026;1;0;1
0901.3635;0901.3635;0;7;7
0903.5533;0903.5533;0;14;14
0806.3364;0806.3364;0;61;61
hep-th/0702189;hep-th/0702189;1;2;3
0906.1737;0906.1737;0;18;18
hep-th/0104216;hep-th/0104216;1;4;5
hep-th/9510065;hep-th/9510065;2;0;2
math-ph/9809001;math-ph/9809001;1;3;4
0709.1319;0709.1319;0;16;16
hep-th/0601087;hep-th/0601087;0;5;5
hep-th/9510176;hep-th/9510176;1;4;5
hep-th/9512136;hep-th/9512136;0;4;4
hep-th/9512134;hep-th/9512134;0;3;3
hep-th/9512132;hep-th/9512132;0;2;2
hep-th/9509131;hep-th/9509131;2;1;3
hep-th/9512133;hep-th/9512133;0;1;1
hep-th/0305047;hep-th/0305047;0;1;1
hep-th/0305041;hep-th/0305041;0;3;3
hep-th/9402109;hep-th/9402109;1;2;3
0710.0223;0710.0223;0;13;13
0710.0221;0710.0221;0;31;31
gr-qc/0402058;gr-qc/0402058;2;0;2
0704.3164;0704.3164;0;11;11
0705.3641;0705.3641;0;35;35
0705.3648;0705.3648;0;42;42
0905.3394;0905.3394;0;34;34
hep-ph/0501264;hep-ph/0501264;2;11;13
0711.3763;0711.3763;0;36;36
0812.4489;0812.4489;0;9;9
0801.4843;0801.4843;0;11;11
hep-th/9503081;hep-th/9503081;0;11;11
0905.3391;0905.3391;0;8;8
math-ph/0702094;math-ph/0702094;0;2;2
math-ph/0601029;math-ph/0601029;3;3;6
hep-th/0211064;hep-th/0211064;0;3;3
hep-th/0211066;hep-th/0211066;3;14;17
hep-th/0210268;hep-th/0210268;1;8;9
0912.0704;0912.0704;0;34;34
quant-ph/0408192;quant-ph/0408192;0;2;2
quant-ph/9505012;quant-ph/9505012;1;0;1
hep-th/9610050;hep-th/9610050;2;8;10
solv-int/9906003;solv-int/9906003;1;0;1
hep-th/9412031;hep-th/9412031;1;0;1
cond-mat/0209299;cond-mat/0209299;0;3;3
hep-ph/0110012;hep-ph/0110012;1;14;15
0707.1545;0707.1545;0;60;60
gr-qc/0504125;gr-qc/0504125;0;27;27
hep-th/0307200;hep-th/0307200;1;5;6
hep-th/9801187;hep-th/9801187;1;19;20
hep-th/9203036;hep-th/9203036;3;0;3
0704.3160;0704.3160;0;9;9
0707.3826;0707.3826;0;16;16
0807.1947;0807.1947;0;17;17
0807.4714;0807.4714;0;17;17
0712.2703;0712.2703;0;32;32
0807.0399;0807.0399;0;38;38
0708.0668;0708.0668;0;26;26
hep-th/0103174;hep-th/0103174;2;13;15
hep-th/0404192;hep-th/0404192;0;13;13
hep-th/0102195;hep-th/0102195;2;0;2
quant-ph/0109061;quant-ph/0109061;1;0;1
hep-th/0304024;hep-th/0304024;0;1;1
hep-th/0304023;hep-th/0304023;0;9;9
hep-th/0602047;hep-th/0602047;0;9;9
hep-th/0507032;hep-th/0507032;2;3;5
hep-th/0502216;hep-th/0502216;4;6;10
hep-th/9501117;hep-th/9501117;1;0;1
hep-th/0508056;hep-th/0508056;1;10;11
gr-qc/9707032;gr-qc/9707032;1;5;6
gr-qc/9502003;gr-qc/9502003;6;0;6
hep-th/0408024;hep-th/0408024;0;1;1
0801.2116;0801.2116;0;27;27
0801.0987;0801.0987;0;14;14
0801.0988;0801.0988;0;2;2
math/0501344;math/0501344;0;11;11
0911.1299;0911.1299;0;1;1
hep-th/0210009;hep-th/0210009;0;39;39
hep-th/0101191;hep-th/0101191;1;13;14
0906.1237;0906.1237;0;1;1
hep-th/9903247;hep-th/9903247;1;0;1
q-alg/9606023;q-alg/9606023;1;10;11
hep-th/9309038;hep-th/9309038;1;0;1
hep-th/9311161;hep-th/9311161;1;0;1
0912.4704;0912.4704;0;26;26
0810.3430;0810.3430;0;16;16
0808.0411;0808.0411;0;15;15
hep-th/9809186;hep-th/9809186;0;8;8
hep-th/0201186;hep-th/0201186;0;7;7
0710.5939;0710.5939;0;20;20
math/0410562;math/0410562;2;4;6
0809.4548;0809.4548;0;15;15
0909.4155;0909.4155;0;11;11
gr-qc/0506125;gr-qc/0506125;1;8;9
hep-th/9306156;hep-th/9306156;2;10;12
hep-th/0208139;hep-th/0208139;1;22;23
hep-th/0604016;hep-th/0604016;2;15;17
hep-th/0604047;hep-th/0604047;1;0;1
hep-th/0604073;hep-th/0604073;0;2;2
hep-th/0010213;hep-th/0010213;0;1;1
hep-th/0010212;hep-th/0010212;0;1;1
gr-qc/0002024;gr-qc/0002024;0;1;1
gr-qc/9812038;gr-qc/9812038;0;36;36
0910.2230;0910.2230;0;14;14
0905.2211;0905.2211;0;5;5
hep-th/0010219;hep-th/0010219;0;5;5
hep-th/0609101;hep-th/0609101;0;15;15
0809.0144;0809.0144;0;18;18
0908.0374;0908.0374;0;45;45
hep-th/9508067;hep-th/9508067;0;4;4
hep-th/9508060;hep-th/9508060;0;4;4
hep-th/9502101;hep-th/9502101;3;3;6
hep-th/9303176;hep-th/9303176;1;9;10
0912.2137;0912.2137;0;15;15
0706.0857;0706.0857;0;70;70
0809.4464;0809.4464;0;6;6
hep-ph/9806349;hep-ph/9806349;1;4;5
0808.1285;0808.1285;0;17;17
0806.0051;0806.0051;0;10;10
hep-th/0406181;hep-th/0406181;1;10;11
hep-th/0107218;hep-th/0107218;1;7;8
astro-ph/9905175;astro-ph/9905175;0;2;2
hep-th/0107210;hep-th/0107210;0;6;6
hep-th/0107211;hep-th/0107211;0;3;3
hep-th/0107213;hep-th/0107213;0;27;27
hep-th/0611234;hep-th/0611234;0;27;27
0912.3508;0912.3508;0;26;26
hep-th/0405031;hep-th/0405031;1;17;18
hep-th/0701030;hep-th/0701030;0;4;4
hep-th/0701032;hep-th/0701032;0;6;6
hep-th/0701033;hep-th/0701033;0;2;2
0910.5474;0910.5474;0;10;10
0911.3433;0911.3433;0;15;15
hep-th/9709153;hep-th/9709153;0;3;3
hep-th/9709156;hep-th/9709156;0;1;1
0806.1583;0806.1583;0;27;27
0908.0370;0908.0370;0;1;1
0910.2170;0910.2170;0;31;31
astro-ph/0611303;astro-ph/0611303;0;1;1
0804.3557;0804.3557;0;3;3
0808.0355;0808.0355;0;7;7
0910.4951;0910.4951;0;28;28
0808.0351;0808.0351;0;55;55
0710.3230;0710.3230;0;10;10
0710.1638;0710.1638;0;28;28
0710.1636;0710.1636;0;24;24
0709.3717;0709.3717;0;4;4
hep-th/9911145;hep-th/9911145;2;11;13
0710.1632;0710.1632;0;12;12
0909.2684;0909.2684;0;8;8
hep-th/9507116;hep-th/9507116;0;3;3
hep-th/9507117;hep-th/9507117;0;3;3
hep-th/9503233;hep-th/9503233;1;2;3
0902.3610;0902.3610;0;10;10
physics/9703005;physics/9703005;0;2;2
gr-qc/0412104;gr-qc/0412104;1;5;6
0911.2754;0911.2754;0;11;11
cond-mat/9908113;cond-mat/9908113;2;1;3
hep-th/9406060;hep-th/9406060;2;0;2
gr-qc/9703085;gr-qc/9703085;1;6;7
hep-th/0103180;hep-th/0103180;2;4;6
hep-th/9704039;hep-th/9704039;2;0;2
gr-qc/9701065;gr-qc/9701065;2;2;4
hep-th/0106164;hep-th/0106164;1;17;18
hep-th/0106163;hep-th/0106163;0;14;14
0709.0049;0709.0049;0;6;6
0909.2428;0909.2428;0;5;5
0910.4335;0910.4335;0;3;3
0802.0741;0802.0741;0;34;34
0905.3938;0905.3938;0;19;19
hep-th/9502148;hep-th/9502148;1;0;1
hep-th/9306057;hep-th/9306057;7;0;7
hep-th/9505040;hep-th/9505040;4;10;14
math/9803067;math/9803067;1;0;1
math-ph/0512083;math-ph/0512083;0;6;6
math-ph/0106013;math-ph/0106013;1;0;1
0905.4951;0905.4951;0;28;28
0906.2847;0906.2847;0;43;43
hep-th/0408202;hep-th/0408202;0;26;26
hep-ph/0101252;hep-ph/0101252;1;10;11
0904.1250;0904.1250;0;22;22
0708.4351;0708.4351;0;9;9
0905.3936;0905.3936;0;2;2
hep-ph/0612344;hep-ph/0612344;1;0;1
gr-qc/0409078;gr-qc/0409078;0;1;1
hep-th/0110287;hep-th/0110287;1;12;13
hep-th/0009143;hep-th/0009143;1;15;16
0808.2096;0808.2096;0;12;12
cond-mat/9504012;cond-mat/9504012;0;1;1
0904.4556;0904.4556;0;17;17
0805.3793;0805.3793;0;37;37
0810.5199;0810.5199;0;1;1
quant-ph/9909056;quant-ph/9909056;1;0;1
0803.1014;0803.1014;0;31;31
0803.1013;0803.1013;0;26;26
hep-th/0209199;hep-th/0209199;3;7;10
0812.2918;0812.2918;0;16;16
hep-th/0008005;hep-th/0008005;2;7;9
hep-th/0207093;hep-th/0207093;0;10;10
chao-dyn/9701005;chao-dyn/9701005;1;0;1
hep-th/0207095;hep-th/0207095;0;1;1
math-ph/0107020;math-ph/0107020;1;0;1
hep-th/0207094;hep-th/0207094;2;22;24
0909.5167;0909.5167;0;1;1
0901.1258;0901.1258;0;10;10
0909.5161;0909.5161;0;2;2
hep-ph/9804250;hep-ph/9804250;0;19;19
0808.3024;0808.3024;0;18;18
0805.3481;0805.3481;0;16;16
0805.3480;0805.3480;0;7;7
0807.2144;0807.2144;0;3;3
0707.4270;0707.4270;0;82;82
hep-th/0505173;hep-th/0505173;0;3;3
0812.2810;0812.2810;0;6;6
hep-lat/9905019;hep-lat/9905019;1;2;3
0803.2260;0803.2260;0;18;18
hep-th/0305029;hep-th/0305029;1;1;2
hep-th/9507059;hep-th/9507059;1;0;1
hep-th/9802019;hep-th/9802019;3;0;3
hep-th/0001130;hep-th/0001130;5;10;15
0809.3793;0809.3793;0;7;7
0807.2146;0807.2146;0;10;10
hep-th/0607207;hep-th/0607207;3;6;9
0705.1713;0705.1713;0;17;17
hep-ph/9809474;hep-ph/9809474;2;5;7
hep-th/9809031;hep-th/9809031;1;11;12
math-ph/0504028;math-ph/0504028;1;17;18
math-ph/0504029;math-ph/0504029;0;3;3
0811.3533;0811.3533;0;27;27
math/0510020;math/0510020;1;0;1
0909.5476;0909.5476;0;9;9
0806.3510;0806.3510;0;6;6
0805.4724;0805.4724;0;6;6
0805.1299;0805.1299;0;19;19
hep-th/0306084;hep-th/0306084;0;14;14
cond-mat/9407024;cond-mat/9407024;1;0;1
hep-th/0306081;hep-th/0306081;3;5;8
hep-th/0212152;hep-th/0212152;3;2;5
0902.2987;0902.2987;0;36;36
0709.1828;0709.1828;0;18;18
0704.1351;0704.1351;0;2;2
hep-th/9606183;hep-th/9606183;3;1;4
0704.1355;0704.1355;0;9;9
0711.0697;0711.0697;0;2;2
hep-th/9411011;hep-th/9411011;1;1;2
0806.0963;0806.0963;0;16;16
0709.0199;0709.0199;0;22;22
quant-ph/0103089;quant-ph/0103089;2;0;2
hep-th/0201022;hep-th/0201022;0;8;8
hep-ph/0511214;hep-ph/0511214;0;4;4
0807.3033;0807.3033;0;39;39
hep-ph/0604123;hep-ph/0604123;1;3;4
gr-qc/0211029;gr-qc/0211029;4;5;9
hep-ph/0511211;hep-ph/0511211;1;13;14
hep-th/0301126;hep-th/0301126;0;19;19
0704.0929;0704.0929;0;51;51
hep-th/0601169;hep-th/0601169;0;11;11
hep-th/0104248;hep-th/0104248;1;2;3
hep-th/0509033;hep-th/0509033;1;0;1
hep-th/0504076;hep-th/0504076;3;23;26
0908.0675;0908.0675;0;25;25
hep-th/0612074;hep-th/0612074;1;0;1
0904.3125;0904.3125;0;40;40
0902.2328;0902.2328;0;10;10
0901.4374;0901.4374;0;14;14
hep-th/0602023;hep-th/0602023;2;34;36
0706.0334;0706.0334;0;29;29
0704.0928;0704.0928;0;22;22
0812.0732;0812.0732;0;1;1
hep-th/9909227;hep-th/9909227;2;71;73
math/9909007;math/9909007;1;0;1
0805.0757;0805.0757;0;32;32
hep-lat/9610030;hep-lat/9610030;3;1;4
0707.1697;0707.1697;0;16;16
0902.2790;0902.2790;0;15;15
0812.1866;0812.1866;0;10;10
0805.4270;0805.4270;0;8;8
0707.1383;0707.1383;0;4;4
0812.0500;0812.0500;0;37;37
0707.0409;0707.0409;0;15;15
hep-th/0503222;hep-th/0503222;0;22;22
hep-th/0412247;hep-th/0412247;1;17;18
hep-th/0108108;hep-th/0108108;0;2;2
hep-lat/9607037;hep-lat/9607037;1;2;3
0912.0272;0912.0272;0;3;3
hep-th/0108103;hep-th/0108103;0;15;15
hep-th/0108107;hep-th/0108107;0;18;18
hep-th/9410098;hep-th/9410098;6;2;8
hep-ph/0204362;hep-ph/0204362;0;2;2
hep-th/0212341;hep-th/0212341;2;8;10
0903.1578;0903.1578;0;6;6
0812.2917;0812.2917;0;24;24
0711.1074;0711.1074;0;19;19
0711.4003;0711.4003;0;3;3
0809.3287;0809.3287;0;28;28
math-ph/0402057;math-ph/0402057;1;14;15
0710.3440;0710.3440;0;13;13
gr-qc/0504004;gr-qc/0504004;1;2;3
gr-qc/0504008;gr-qc/0504008;0;4;4
math/0012199;math/0012199;0;5;5
hep-th/0308016;hep-th/0308016;0;3;3
0704.2071;0704.2071;0;7;7
hep-lat/0702013;hep-lat/0702013;1;10;11
0809.2488;0809.2488;0;24;24
0805.4186;0805.4186;0;37;37
hep-th/0308019;hep-th/0308019;1;1;2
hep-th/0308018;hep-th/0308018;0;14;14
0709.2904;0709.2904;0;31;31
hep-th/9404007;hep-th/9404007;3;1;4
hep-th/0411266;hep-th/0411266;0;8;8
0903.4321;0903.4321;0;2;2
quant-ph/0510002;quant-ph/0510002;0;1;1
hep-th/9310182;hep-th/9310182;0;2;2
hep-th/9204008;hep-th/9204008;1;0;1
0708.3563;0708.3563;0;4;4
0711.2942;0711.2942;0;2;2
hep-th/0504196;hep-th/0504196;1;32;33
hep-th/0109170;hep-th/0109170;1;24;25
0909.1105;0909.1105;0;26;26
0706.2785;0706.2785;0;53;53
0807.2559;0807.2559;0;25;25
hep-th/9608114;hep-th/9608114;0;13;13
hep-th/9608115;hep-th/9608115;0;2;2
hep-th/9608112;hep-th/9608112;0;3;3
hep-th/9608113;hep-th/9608113;1;14;15
hep-th/9601102;hep-th/9601102;4;9;13
gr-qc/9905109;gr-qc/9905109;0;1;1
0710.2715;0710.2715;0;16;16
0909.1163;0909.1163;0;5;5
0907.0227;0907.0227;0;12;12
hep-th/9912091;hep-th/9912091;0;15;15
hep-th/9912095;hep-th/9912095;0;1;1
0710.3432;0710.3432;0;21;21
0907.4939;0907.4939;0;29;29
0902.1161;0902.1161;0;19;19
nucl-th/9511014;nucl-th/9511014;0;1;1
nucl-th/9510026;nucl-th/9510026;1;0;1
hep-th/9810249;hep-th/9810249;1;2;3
0805.0036;0805.0036;0;21;21
hep-th/9908015;hep-th/9908015;1;2;3
0906.3172;0906.3172;0;34;34
hep-th/0302112;hep-th/0302112;1;5;6
hep-th/0302114;hep-th/0302114;0;1;1
0812.0177;0812.0177;0;19;19
quant-ph/0109013;quant-ph/0109013;0;4;4
quant-ph/0005033;quant-ph/0005033;1;0;1
0812.4394;0812.4394;0;9;9
0905.0179;0905.0179;0;5;5
0802.4071;0802.4071;0;18;18
0710.4343;0710.4343;0;31;31
0710.4344;0710.4344;0;20;20
0710.4345;0710.4345;0;21;21
0810.3919;0810.3919;0;1;1
0812.2106;0812.2106;0;1;1
0705.1483;0705.1483;0;17;17
0911.3047;0911.3047;0;6;6
0812.4914;0812.4914;0;2;2
0808.2155;0808.2155;0;19;19
hep-th/0112137;hep-th/0112137;0;44;44
hep-ph/0101021;hep-ph/0101021;5;5;10
hep-th/0505238;hep-th/0505238;0;6;6
hep-th/0505237;hep-th/0505237;2;6;8
hep-th/0505239;hep-th/0505239;0;9;9
hep-th/0502074;hep-th/0502074;1;0;1
hep-ph/9905256;hep-ph/9905256;0;1;1
hep-th/0505236;hep-th/0505236;0;16;16
hep-th/0108027;hep-th/0108027;1;2;3
0807.4542;0807.4542;0;20;20
hep-th/0304078;hep-th/0304078;1;7;8
0805.4093;0805.4093;0;3;3
0812.2459;0812.2459;0;4;4
0906.5422;0906.5422;0;3;3
0710.5156;0710.5156;0;1;1
hep-th/0606157;hep-th/0606157;0;2;2
0710.5150;0710.5150;0;7;7
0710.5151;0710.5151;0;20;20
hep-th/9312037;hep-th/9312037;0;1;1
hep-th/9312036;hep-th/9312036;1;10;11
cond-mat/0512111;cond-mat/0512111;0;10;10
0710.1430;0710.1430;0;6;6
hep-th/9909055;hep-th/9909055;0;7;7
hep-th/9909054;hep-th/9909054;0;11;11
hep-th/9209117;hep-th/9209117;2;3;5
0708.2633;0708.2633;0;11;11
hep-ph/9304305;hep-ph/9304305;0;1;1
hep-ph/9210205;hep-ph/9210205;1;0;1
0708.3484;0708.3484;0;29;29
hep-th/0603203;hep-th/0603203;3;11;14
0708.2639;0708.2639;0;5;5
0808.0627;0808.0627;0;18;18
0704.3577;0704.3577;0;1;1
math-ph/0702026;math-ph/0702026;1;0;1
0903.2079;0903.2079;0;2;2
0705.2410;0705.2410;0;43;43
hep-th/9409045;hep-th/9409045;0;1;1
hep-th/9409040;hep-th/9409040;0;6;6
0705.1146;0705.1146;0;7;7
hep-th/0305238;hep-th/0305238;0;7;7
hep-th/9406099;hep-th/9406099;0;6;6
hep-th/9312174;hep-th/9312174;2;4;6
cond-mat/0410265;cond-mat/0410265;2;14;16
hep-th/0310156;hep-th/0310156;2;19;21
hep-th/0408042;hep-th/0408042;0;8;8
hep-th/0212043;hep-th/0212043;3;23;26
hep-th/0301225;hep-th/0301225;1;2;3
hep-th/9403118;hep-th/9403118;0;1;1
hep-ph/9502318;hep-ph/9502318;3;6;9
hep-th/9806076;hep-th/9806076;0;14;14
0912.5207;0912.5207;0;40;40
0708.2098;0708.2098;0;13;13
0710.0388;0710.0388;0;11;11
0807.4039;0807.4039;0;71;71
hep-th/0105065;hep-th/0105065;1;5;6
hep-th/0612210;hep-th/0612210;1;17;18
0805.4525;0805.4525;0;3;3
0807.1046;0807.1046;0;19;19
hep-th/9509044;hep-th/9509044;2;3;5
0903.2694;0903.2694;0;11;11
math-ph/0602042;math-ph/0602042;3;17;20
hep-th/9204067;hep-th/9204067;1;0;1
hep-th/9404072;hep-th/9404072;1;1;2
0708.3946;0708.3946;0;5;5
0909.4299;0909.4299;0;37;37
hep-th/0311183;hep-th/0311183;2;15;17
hep-th/0311185;hep-th/0311185;0;6;6
hep-lat/0211032;hep-lat/0211032;3;2;5
hep-lat/0303008;hep-lat/0303008;2;9;11
hep-lat/0209153;hep-lat/0209153;4;2;6
hep-lat/0305013;hep-lat/0305013;0;1;1
0905.1479;0905.1479;0;2;2
astro-ph/0108201;astro-ph/0108201;2;18;20
hep-th/9301081;hep-th/9301081;0;2;2
hep-th/9504110;hep-th/9504110;1;4;5
quant-ph/0507233;quant-ph/0507233;0;1;1
math-ph/0503040;math-ph/0503040;1;0;1
0705.3437;0705.3437;0;11;11
0705.2259;0705.2259;0;22;22
0801.0810;0801.0810;0;28;28
hep-ph/0306096;hep-ph/0306096;0;3;3
hep-ph/0211006;hep-ph/0211006;1;0;1
nucl-th/0302078;nucl-th/0302078;1;0;1
hep-ph/9311259;hep-ph/9311259;0;4;4
hep-th/9309009;hep-th/9309009;1;0;1
gr-qc/0310043;gr-qc/0310043;0;13;13
hep-th/0211247;hep-th/0211247;1;0;1
gr-qc/0211049;gr-qc/0211049;1;9;10
hep-th/9610033;hep-th/9610033;2;2;4
0705.1785;0705.1785;0;11;11
hep-th/9210051;hep-th/9210051;1;0;1
hep-th/9408026;hep-th/9408026;0;5;5
hep-th/9408021;hep-th/9408021;0;4;4
hep-th/9309113;hep-th/9309113;1;0;1
0903.3953;0903.3953;0;8;8
hep-th/9410218;hep-th/9410218;0;1;1
0911.3806;0911.3806;0;7;7
0906.3341;0906.3341;0;19;19
0906.3346;0906.3346;0;11;11
0708.0955;0708.0955;0;10;10
0812.4140;0812.4140;0;7;7
0803.2500;0803.2500;0;4;4
0706.4259;0706.4259;0;166;166
hep-th/0512321;hep-th/0512321;1;0;1
hep-th/0302057;hep-th/0302057;1;14;15
q-alg/9707003;q-alg/9707003;1;7;8
hep-th/0411059;hep-th/0411059;1;33;34
0810.5645;0810.5645;0;16;16
0712.1250;0712.1250;0;1;1
hep-ph/9509360;hep-ph/9509360;2;0;2
0705.3007;0705.3007;0;21;21
hep-th/9502147;hep-th/9502147;2;0;2
0710.3126;0710.3126;0;9;9
hep-th/0608090;hep-th/0608090;1;3;4
0801.0430;0801.0430;0;8;8
hep-th/0309124;hep-th/0309124;3;0;3
0704.0240;0704.0240;0;29;29
0807.1256;0807.1256;0;28;28
0704.0245;0704.0245;0;58;58
0704.0247;0704.0247;0;41;41
hep-th/9309080;hep-th/9309080;0;1;1
hep-th/9309084;hep-th/9309084;1;4;5
hep-th/9306059;hep-th/9306059;1;9;10
hep-th/0607203;hep-th/0607203;0;2;2
hep-th/9711076;hep-th/9711076;1;10;11
q-alg/9703017;q-alg/9703017;0;6;6
hep-th/0204258;hep-th/0204258;0;10;10
hep-th/0002051;hep-th/0002051;2;6;8
0812.3163;0812.3163;0;22;22
0911.3800;0911.3800;0;91;91
hep-th/0512264;hep-th/0512264;4;20;24
hep-th/0603090;hep-th/0603090;1;17;18
hep-th/0210215;hep-th/0210215;0;6;6
hep-th/9707069;hep-th/9707069;2;7;9
0912.0191;0912.0191;0;9;9
hep-th/0504195;hep-th/0504195;1;2;3
hep-th/0110078;hep-th/0110078;1;4;5
hep-th/0509190;hep-th/0509190;0;18;18
hep-th/0509197;hep-th/0509197;0;6;6
hep-th/0206097;hep-th/0206097;2;20;22
0709.0973;0709.0973;0;18;18
hep-th/9708165;hep-th/9708165;1;7;8
hep-th/0609127;hep-th/0609127;0;31;31
0903.4811;0903.4811;0;5;5
math-ph/0309064;math-ph/0309064;0;3;3
0811.0729;0811.0729;0;6;6
0910.5144;0910.5144;0;6;6
0905.2391;0905.2391;0;1;1
0905.2393;0905.2393;0;18;18
0801.1520;0801.1520;0;39;39
0910.5149;0910.5149;0;6;6
0802.1753;0802.1753;0;44;44
hep-lat/9910039;hep-lat/9910039;0;3;3
hep-lat/9910038;hep-lat/9910038;0;8;8
0906.4237;0906.4237;0;18;18
0811.2359;0811.2359;0;9;9
hep-th/0612134;hep-th/0612134;2;6;8
hep-th/9307016;hep-th/9307016;0;3;3
0909.2226;0909.2226;0;26;26
hep-th/0010027;hep-th/0010027;0;20;20
0905.3931;0905.3931;0;19;19
hep-th/0507044;hep-th/0507044;0;22;22
hep-th/0306029;hep-th/0306029;1;0;1
hep-th/0507046;hep-th/0507046;3;21;24
0912.1232;0912.1232;0;22;22
0909.4699;0909.4699;0;10;10
hep-th/0611282;hep-th/0611282;0;44;44
cond-mat/0212567;cond-mat/0212567;2;0;2
hep-th/0007091;hep-th/0007091;1;1;2
cond-mat/0511171;cond-mat/0511171;0;3;3
cond-mat/0412367;cond-mat/0412367;2;1;3
cond-mat/0507272;cond-mat/0507272;2;0;2
0706.1378;0706.1378;0;42;42
0706.1377;0706.1377;0;3;3
0708.1679;0708.1679;0;74;74
0806.3330;0806.3330;0;22;22
0910.3929;0910.3929;0;5;5
0801.0962;0801.0962;0;17;17
0906.5401;0906.5401;0;2;2
0902.3799;0902.3799;0;21;21
hep-ph/0603125;hep-ph/0603125;0;37;37
0809.2647;0809.2647;0;9;9
math/9803071;math/9803071;1;0;1
math/9803051;math/9803051;1;0;1
hep-th/0507060;hep-th/0507060;1;11;12
0802.1286;0802.1286;0;11;11
0802.0153;0802.0153;0;12;12
math-ph/0401013;math-ph/0401013;1;0;1
0808.2060;0808.2060;0;13;13
dg-ga/9709012;dg-ga/9709012;0;2;2
0912.2168;0912.2168;0;13;13
gr-qc/0612156;gr-qc/0612156;0;5;5
quant-ph/9511024;quant-ph/9511024;3;0;3
0706.1999;0706.1999;0;22;22
0902.4072;0902.4072;0;17;17
0705.3123;0705.3123;0;1;1
hep-th/0701237;hep-th/0701237;1;0;1
0903.3792;0903.3792;0;8;8
0810.3973;0810.3973;0;19;19
hep-lat/0209093;hep-lat/0209093;2;0;2
0810.3970;0810.3970;0;12;12
0901.1595;0901.1595;0;6;6
0901.1592;0901.1592;0;15;15
hep-th/9810009;hep-th/9810009;1;2;3
hep-th/9810007;hep-th/9810007;0;2;2
hep-th/9807068;hep-th/9807068;1;1;2
hep-th/0007218;hep-th/0007218;0;3;3
0912.2253;0912.2253;0;30;30
0911.2467;0911.2467;0;14;14
0707.4591;0707.4591;0;28;28
0707.4592;0707.4592;0;19;19
0706.2816;0706.2816;0;15;15
0712.3324;0712.3324;0;25;25
0803.1194;0803.1194;0;94;94
hep-th/0209258;hep-th/0209258;0;16;16
0812.2861;0812.2861;0;18;18
0711.3166;0711.3166;0;14;14
0704.3571;0704.3571;0;25;25
quant-ph/9904026;quant-ph/9904026;2;0;2
0902.1508;0902.1508;0;24;24
0710.3771;0710.3771;0;7;7
hep-lat/0402021;hep-lat/0402021;3;14;17
0704.0577;0704.0577;0;11;11
quant-ph/0004007;quant-ph/0004007;0;1;1
quant-ph/0001089;quant-ph/0001089;1;0;1
0807.3539;0807.3539;0;4;4
0806.2330;0806.2330;0;23;23
0811.4478;0811.4478;0;36;36
0810.0403;0810.0403;0;13;13
0902.2216;0902.2216;0;29;29
0902.2823;0902.2823;0;17;17
0902.2820;0902.2820;0;6;6
0706.3244;0706.3244;0;24;24
0902.2829;0902.2829;0;4;4
0707.4334;0707.4334;0;42;42
hep-th/0505036;hep-th/0505036;1;2;3
math-ph/0108022;math-ph/0108022;0;7;7
hep-th/9609144;hep-th/9609144;2;10;12
hep-th/0505034;hep-th/0505034;0;5;5
hep-th/0502070;hep-th/0502070;2;0;2
0909.0520;0909.0520;0;5;5
0704.2042;0704.2042;0;3;3
hep-th/0505038;hep-th/0505038;0;8;8
hep-th/0201184;hep-th/0201184;0;3;3
hep-th/0201180;hep-th/0201180;1;20;21
0812.0725;0812.0725;0;2;2
0808.4106;0808.4106;0;10;10
0806.2196;0806.2196;0;7;7
0902.1552;0902.1552;0;59;59
gr-qc/0701063;gr-qc/0701063;0;1;1
gr-qc/0604003;gr-qc/0604003;1;0;1
hep-th/0412088;hep-th/0412088;0;6;6
hep-th/0412084;hep-th/0412084;0;7;7
hep-th/0201118;hep-th/0201118;1;8;9
0909.2968;0909.2968;0;17;17
0710.2154;0710.2154;0;25;25
0704.2044;0704.2044;0;2;2
hep-th/9210164;hep-th/9210164;2;1;3
hep-th/9210165;hep-th/9210165;0;3;3
0806.3497;0806.3497;0;3;3
hep-th/0504071;hep-th/0504071;0;2;2
hep-th/0404132;hep-th/0404132;1;2;3
hep-th/0504075;hep-th/0504075;0;1;1
quant-ph/0101047;quant-ph/0101047;0;2;2
hep-th/0004176;hep-th/0004176;1;4;5
hep-th/9904034;hep-th/9904034;1;12;13
gr-qc/0106067;gr-qc/0106067;0;1;1
0810.2858;0810.2858;0;6;6
hep-th/0411215;hep-th/0411215;0;9;9
hep-lat/0607031;hep-lat/0607031;3;15;18
0805.1202;0805.1202;0;25;25
hep-lat/9905016;hep-lat/9905016;2;0;2
hep-ph/0407265;hep-ph/0407265;0;18;18
hep-th/0405211;hep-th/0405211;2;0;2
hep-ph/9812326;hep-ph/9812326;2;5;7
hep-th/9509116;hep-th/9509116;1;1;2
gr-qc/9711029;gr-qc/9711029;0;8;8
0907.2980;0907.2980;0;7;7
0812.4569;0812.4569;0;31;31
0807.1095;0807.1095;1;25;26
0802.2143;0802.2143;0;20;20
0907.2988;0907.2988;0;27;27
0907.2989;0907.2989;0;33;33
0802.1183;0802.1183;0;9;9
0711.2542;0711.2542;0;14;14
hep-th/0107092;hep-th/0107092;2;11;13
hep-lat/9712018;hep-lat/9712018;0;3;3
hep-th/9406040;hep-th/9406040;3;0;3
hep-th/9610036;hep-th/9610036;0;2;2
math/0406393;math/0406393;2;6;8
hep-lat/9711029;hep-lat/9711029;2;4;6
0911.4581;0911.4581;0;8;8
hep-th/0511035;hep-th/0511035;0;12;12
hep-th/0511034;hep-th/0511034;1;22;23
hep-th/0511033;hep-th/0511033;0;5;5
hep-th/0108148;hep-th/0108148;2;4;6
0901.2711;0901.2711;0;6;6
0902.2703;0902.2703;0;10;10
0907.0850;0907.0850;0;7;7
1001.0062;1001.0062;0;22;22
1001.0060;1001.0060;0;12;12
math/0007137;math/0007137;0;2;2
hep-th/0301098;hep-th/0301098;2;31;33
0712.3460;0712.3460;0;41;41
0905.2940;0905.2940;0;7;7
0812.2898;0812.2898;0;8;8
hep-lat/0311033;hep-lat/0311033;0;8;8
hep-th/0610021;hep-th/0610021;0;5;5
0707.2082;0707.2082;0;72;72
0903.5207;0903.5207;0;6;6
0905.1625;0905.1625;0;16;16
hep-ph/0012095;hep-ph/0012095;0;3;3
0808.3849;0808.3849;0;14;14
hep-th/9402086;hep-th/9402086;0;1;1
hep-th/0308198;hep-th/0308198;1;2;3
hep-th/9308049;hep-th/9308049;1;1;2
hep-th/9308041;hep-th/9308041;0;3;3
hep-th/9308040;hep-th/9308040;0;5;5
hep-th/9308047;hep-th/9308047;0;3;3
hep-th/9308044;hep-th/9308044;2;2;4
0803.4222;0803.4222;0;45;45
0806.4118;0806.4118;0;14;14
0805.4025;0805.4025;0;55;55
hep-th/0701157;hep-th/0701157;2;60;62
0812.2995;0812.2995;0;5;5
0802.2198;0802.2198;0;9;9
0704.3013;0704.3013;0;38;38
0905.2464;0905.2464;0;33;33
hep-th/9511062;hep-th/9511062;0;1;1
hep-th/9510172;hep-th/9510172;1;1;2
hep-th/9611076;hep-th/9611076;0;15;15
0904.0815;0904.0815;0;27;27
hep-th/0210056;hep-th/0210056;1;16;17
hep-th/0109171;hep-th/0109171;1;3;4
0708.3297;0708.3297;0;38;38
0911.1123;0911.1123;0;19;19
cond-mat/9804310;cond-mat/9804310;0;2;2
hep-ph/9803231;hep-ph/9803231;1;0;1
quant-ph/0305124;quant-ph/0305124;0;1;1
cond-mat/0004018;cond-mat/0004018;0;2;2
0712.1826;0712.1826;0;21;21
0708.0929;0708.0929;0;5;5
0708.0928;0708.0928;0;5;5
0708.0924;0708.0924;0;25;25
hep-lat/0301007;hep-lat/0301007;0;9;9
hep-th/9510088;hep-th/9510088;0;5;5
hep-th/0402104;hep-th/0402104;3;14;17
0801.1973;0801.1973;0;2;2
0711.0712;0711.0712;0;30;30
gr-qc/9608048;gr-qc/9608048;0;1;1
0902.0409;0902.0409;0;9;9
hep-th/0506036;hep-th/0506036;0;8;8
0902.0407;0902.0407;0;2;2
0812.2729;0812.2729;0;22;22
0705.3369;0705.3369;0;3;3
0912.5522;0912.5522;0;39;39
0905.0285;0905.0285;0;14;14
0905.0284;0905.0284;0;2;2
0812.0892;0812.0892;0;7;7
hep-th/0311082;hep-th/0311082;2;0;2
0902.4533;0902.4533;0;10;10
0902.4537;0902.4537;0;2;2
hep-th/0506030;hep-th/0506030;0;17;17
0910.4810;0910.4810;0;3;3
quant-ph/0410041;quant-ph/0410041;1;0;1
hep-th/0501084;hep-th/0501084;3;0;3
0911.2786;0911.2786;0;7;7
0909.5078;0909.5078;0;8;8
0704.2939;0704.2939;0;9;9
hep-th/0404201;hep-th/0404201;0;4;4
hep-th/9303162;hep-th/9303162;1;0;1
hep-th/9411010;hep-th/9411010;0;1;1
cond-mat/9405063;cond-mat/9405063;3;0;3
hep-th/9411014;hep-th/9411014;0;11;11
hep-th/9912110;hep-th/9912110;0;4;4
cond-mat/9811139;cond-mat/9811139;2;5;7
hep-th/0508007;hep-th/0508007;0;15;15
hep-th/0201071;hep-th/0201071;1;0;1
math/0312033;math/0312033;2;5;7
0711.0716;0711.0716;0;29;29
gr-qc/0109091;gr-qc/0109091;3;5;8
0801.2401;0801.2401;0;18;18
0806.3389;0806.3389;0;9;9
hep-th/0409108;hep-th/0409108;1;1;2
0704.3426;0704.3426;0;73;73
gr-qc/0502116;gr-qc/0502116;0;6;6
hep-th/0701251;hep-th/0701251;0;1;1
0712.0886;0712.0886;0;24;24
hep-ph/9810363;hep-ph/9810363;1;1;2
hep-th/0410188;hep-th/0410188;0;4;4
hep-th/9908128;hep-th/9908128;2;5;7
gr-qc/0612069;gr-qc/0612069;3;3;6
0909.3013;0909.3013;0;43;43
hep-th/9908205;hep-th/9908205;0;2;2
hep-th/9902050;hep-th/9902050;1;0;1
hep-th/9907009;hep-th/9907009;2;0;2
hep-th/9908200;hep-th/9908200;1;3;4
hep-th/0105103;hep-th/0105103;2;0;2
hep-th/0309024;hep-th/0309024;1;24;25
hep-th/0212220;hep-th/0212220;1;6;7
hep-th/0302010;hep-th/0302010;2;19;21
0710.4600;0710.4600;0;24;24
0910.3252;0910.3252;0;14;14
hep-ph/9804437;hep-ph/9804437;0;7;7
0710.4604;0710.4604;0;9;9
0904.3899;0904.3899;0;23;23
0710.4609;0710.4609;0;27;27
0907.4342;0907.4342;0;21;21
0704.3920;0704.3920;0;7;7
0907.1351;0907.1351;0;13;13
0911.4342;0911.4342;0;41;41
quant-ph/0605072;quant-ph/0605072;0;2;2
quant-ph/0607109;quant-ph/0607109;1;0;1
0804.0513;0804.0513;0;15;15
0804.0512;0804.0512;0;6;6
hep-th/0703050;hep-th/0703050;1;7;8
hep-ph/0306161;hep-ph/0306161;3;4;7
0912.2811;0912.2811;0;22;22
0807.1110;0807.1110;0;28;28
hep-lat/0205005;hep-lat/0205005;1;5;6
hep-lat/0503027;hep-lat/0503027;1;5;6
0912.1129;0912.1129;0;2;2
0906.4874;0906.4874;0;4;4
0808.2425;0808.2425;0;14;14
0705.0613;0705.0613;0;14;14
hep-th/0409077;hep-th/0409077;2;11;13
hep-th/0609140;hep-th/0609140;2;7;9
0801.4103;0801.4103;0;12;12
0812.3521;0812.3521;0;15;15
0704.3936;0704.3936;0;15;15
hep-th/0208076;hep-th/0208076;3;0;3
hep-th/0409192;hep-th/0409192;0;37;37
hep-ph/9407241;hep-ph/9407241;2;0;2
0706.3050;0706.3050;0;1;1
hep-th/9205104;hep-th/9205104;0;1;1
hep-th/9204058;hep-th/9204058;1;0;1
hep-th/9809030;hep-th/9809030;2;2;4
hep-th/9205109;hep-th/9205109;0;1;1
0710.2371;0710.2371;0;5;5
0710.0806;0710.0806;0;4;4
hep-th/0409221;hep-th/0409221;1;1;2
hep-th/0409225;hep-th/0409225;0;8;8
hep-th/0406087;hep-th/0406087;0;20;20
hep-th/0007123;hep-th/0007123;1;4;5
solv-int/9804007;solv-int/9804007;2;0;2
math-ph/0005021;math-ph/0005021;3;0;3
math-ph/0507065;math-ph/0507065;0;1;1
hep-th/0001120;hep-th/0001120;1;0;1
0907.4374;0907.4374;0;2;2
hep-th/9809092;hep-th/9809092;0;5;5
hep-th/0301148;hep-th/0301148;2;0;2
0805.1513;0805.1513;0;30;30
gr-qc/9504025;gr-qc/9504025;2;2;4
hep-th/0611085;hep-th/0611085;0;37;37
hep-th/0611081;hep-th/0611081;0;5;5
0908.3164;0908.3164;0;50;50
hep-th/9704207;hep-th/9704207;1;0;1
hep-th/9211081;hep-th/9211081;1;8;9
hep-th/9211087;hep-th/9211087;0;2;2
hep-th/9205002;hep-th/9205002;1;0;1
0906.0097;0906.0097;0;1;1
hep-th/0509021;hep-th/0509021;0;11;11
hep-th/9905045;hep-th/9905045;0;3;3
hep-th/0509025;hep-th/0509025;1;14;15
hep-th/0404169;hep-th/0404169;2;8;10
hep-th/0108242;hep-th/0108242;2;14;16
hep-th/0509024;hep-th/0509024;2;22;24
hep-th/0111076;hep-th/0111076;0;5;5
hep-th/9905040;hep-th/9905040;0;2;2
hep-th/9310169;hep-th/9310169;1;2;3
0806.3953;0806.3953;0;8;8
0711.0857;0711.0857;0;38;38
0809.0328;0809.0328;0;19;19
0906.2267;0906.2267;0;9;9
hep-th/0005146;hep-th/0005146;1;16;17
0712.3074;0712.3074;0;17;17
nlin/0506041;nlin/0506041;0;8;8
nlin/0402014;nlin/0402014;1;0;1
nlin/0505039;nlin/0505039;1;0;1
nlin/0401029;nlin/0401029;2;0;2
hep-th/9705180;hep-th/9705180;1;8;9
cond-mat/9701002;cond-mat/9701002;1;0;1
0709.0559;0709.0559;0;11;11
0911.4692;0911.4692;0;26;26
0804.3809;0804.3809;0;12;12
0907.3468;0907.3468;0;46;46
0710.5203;0710.5203;0;5;5
0806.1085;0806.1085;0;36;36
0806.1080;0806.1080;0;8;8
math/0410448;math/0410448;0;12;12
0906.2786;0906.2786;0;15;15
hep-ph/0007074;hep-ph/0007074;0;4;4
0907.4174;0907.4174;0;22;22
physics/9705013;physics/9705013;0;7;7
0804.3801;0804.3801;0;11;11
0903.1537;0903.1537;0;10;10
0704.2219;0704.2219;0;24;24
0704.2218;0704.2218;0;30;30
hep-th/0302031;hep-th/0302031;1;5;6
0807.4885;0807.4885;0;10;10
0903.3089;0903.3089;0;6;6
hep-th/9205042;hep-th/9205042;1;0;1
hep-th/0212019;hep-th/0212019;1;11;12
cond-mat/0005492;cond-mat/0005492;6;0;6
hep-th/0112057;hep-th/0112057;2;5;7
hep-th/9512049;hep-th/9512049;1;0;1
0711.1430;0711.1430;0;54;54
quant-ph/0209046;quant-ph/0209046;0;1;1
solv-int/9701006;solv-int/9701006;0;15;15
solv-int/9701005;solv-int/9701005;1;3;4
cond-mat/0409615;cond-mat/0409615;3;0;3
cond-mat/0412730;cond-mat/0412730;2;4;6
cond-mat/0501299;cond-mat/0501299;1;5;6
0906.4959;0906.4959;0;28;28
0904.0066;0904.0066;0;5;5
0904.0067;0904.0067;0;50;50
0904.0062;0904.0062;0;42;42
0906.4953;0906.4953;0;34;34
hep-th/9908039;hep-th/9908039;1;9;10
hep-ph/0007347;hep-ph/0007347;0;7;7
gr-qc/0304034;gr-qc/0304034;0;2;2
gr-qc/0103002;gr-qc/0103002;1;20;21
0911.2698;0911.2698;0;7;7
quant-ph/9608045;quant-ph/9608045;0;3;3
hep-th/0610089;hep-th/0610089;4;30;34
math-ph/0406011;math-ph/0406011;1;1;2
hep-th/0612045;hep-th/0612045;0;2;2
hep-th/0506119;hep-th/0506119;0;13;13
0911.2846;0911.2846;0;20;20
hep-th/0506111;hep-th/0506111;0;3;3
hep-th/0407033;hep-th/0407033;1;9;10
hep-th/0207122;hep-th/0207122;0;13;13
0803.3068;0803.3068;0;62;62
0903.5485;0903.5485;0;11;11
0904.2821;0904.2821;0;34;34
hep-th/9507067;hep-th/9507067;1;0;1
hep-th/9510236;hep-th/9510236;0;2;2
hep-th/9510238;hep-th/9510238;0;1;1
hep-th/9505044;hep-th/9505044;1;8;9
cond-mat/0612130;cond-mat/0612130;1;1;2
0706.2042;0706.2042;0;24;24
0706.2046;0706.2046;0;34;34
cond-mat/9906076;cond-mat/9906076;1;0;1
0906.3538;0906.3538;0;16;16
hep-th/9707201;hep-th/9707201;1;6;7
hep-th/0208090;hep-th/0208090;0;10;10
hep-th/0208091;hep-th/0208091;0;13;13
hep-th/0009116;hep-th/0009116;2;9;11
hep-th/0003003;hep-th/0003003;2;5;7
hep-th/0109139;hep-th/0109139;1;0;1
0807.2377;0807.2377;0;23;23
hep-ph/0011267;hep-ph/0011267;0;5;5
hep-lat/9802022;hep-lat/9802022;2;8;10
0710.5402;0710.5402;0;4;4
0904.0867;0904.0867;0;1;1
0909.1899;0909.1899;0;4;4
math/0111089;math/0111089;0;1;1
0910.0396;0910.0396;0;5;5
hep-th/9812126;hep-th/9812126;1;15;16
math/0111082;math/0111082;1;7;8
hep-th/0512340;hep-th/0512340;0;1;1
quant-ph/0302184;quant-ph/0302184;2;2;4
astro-ph/0210444;astro-ph/0210444;0;1;1
0911.2152;0911.2152;0;7;7
0902.0550;0902.0550;0;5;5
0909.0465;0909.0465;0;21;21
0801.4383;0801.4383;0;15;15
0802.3702;0802.3702;0;11;11
0912.3672;0912.3672;0;18;18
hep-th/0109126;hep-th/0109126;5;19;24
0909.3949;0909.3949;0;19;19
hep-th/9811153;hep-th/9811153;0;2;2
0902.0880;0902.0880;0;13;13
0707.0243;0707.0243;0;20;20
0812.2601;0812.2601;0;46;46
0909.4447;0909.4447;0;16;16
0810.1195;0810.1195;0;19;19
0909.3493;0909.3493;0;9;9
physics/9908043;physics/9908043;0;4;4
0803.2545;0803.2545;0;12;12
0809.3505;0809.3505;0;23;23
0904.3620;0904.3620;0;15;15
0712.1204;0712.1204;0;15;15
0709.3943;0709.3943;0;15;15
hep-th/9210034;hep-th/9210034;2;0;2
cond-mat/0001053;cond-mat/0001053;0;3;3
0712.1209;0712.1209;0;16;16
0805.4407;0805.4407;0;21;21
0911.3402;0911.3402;0;10;10
0911.3401;0911.3401;0;10;10
0902.1681;0902.1681;0;41;41
0803.1422;0803.1422;0;1;1
0812.3864;0812.3864;0;32;32
0705.2352;0705.2352;0;9;9
0912.5418;0912.5418;0;4;4
0912.1641;0912.1641;0;11;11
0903.2438;0903.2438;0;3;3
hep-th/9512149;hep-th/9512149;0;17;17
0907.0473;0907.0473;0;9;9
q-alg/9511016;q-alg/9511016;0;2;2
hep-th/9512146;hep-th/9512146;1;1;2
hep-th/9712228;hep-th/9712228;2;0;2
hep-th/0412156;hep-th/0412156;1;13;14
hep-th/0412286;hep-th/0412286;0;1;1
hep-ph/0305230;hep-ph/0305230;4;37;41
hep-th/0412285;hep-th/0412285;0;10;10
hep-th/9705227;hep-th/9705227;0;7;7
hep-th/0611239;hep-th/0611239;0;2;2
cond-mat/9511081;cond-mat/9511081;2;4;6
0905.0289;0905.0289;0;4;4
0706.2375;0706.2375;0;12;12
hep-ph/0507032;hep-ph/0507032;2;13;15
hep-th/0306191;hep-th/0306191;1;0;1
0910.4762;0910.4762;0;5;5
gr-qc/0210040;gr-qc/0210040;3;15;18
0712.0159;0712.0159;0;16;16
0707.3264;0707.3264;0;23;23
hep-th/0405036;hep-th/0405036;0;6;6
0810.0514;0810.0514;0;36;36
0806.2309;0806.2309;0;21;21
0905.0846;0905.0846;0;37;37
0902.0575;0902.0575;0;20;20
0907.5036;0907.5036;0;39;39
0806.4373;0806.4373;0;6;6
0806.4370;0806.4370;0;11;11
0808.2223;0808.2223;0;29;29
hep-th/0511181;hep-th/0511181;0;11;11
quant-ph/0210151;quant-ph/0210151;0;1;1
quant-ph/0202024;quant-ph/0202024;1;11;12
0905.1466;0905.1466;0;36;36
hep-th/0306259;hep-th/0306259;4;0;4
hep-th/0207186;hep-th/0207186;1;2;3
hep-th/0408199;hep-th/0408199;4;2;6
math-ph/0407030;math-ph/0407030;5;1;6
0905.1465;0905.1465;0;22;22
0712.3379;0712.3379;0;10;10
0809.0028;0809.0028;0;2;2
0705.2960;0705.2960;0;6;6
0905.1468;0905.1468;0;37;37
0812.1070;0812.1070;0;23;23
chao-dyn/9701006;chao-dyn/9701006;2;0;2
hep-th/0304096;hep-th/0304096;0;10;10
hep-th/0503108;hep-th/0503108;1;3;4
0912.0791;0912.0791;0;39;39
0912.0790;0912.0790;0;4;4
0901.2510;0901.2510;0;14;14
0904.4036;0904.4036;0;15;15
hep-th/0302228;hep-th/0302228;2;18;20
0906.4307;0906.4307;0;9;9
0710.0832;0710.0832;0;6;6
0712.1427;0712.1427;0;11;11
0807.2838;0807.2838;0;6;6
0906.3219;0906.3219;0;26;26
0904.0549;0904.0549;0;27;27
0911.4128;0911.4128;0;8;8
hep-th/9311086;hep-th/9311086;0;7;7
0903.4340;0903.4340;0;4;4
hep-th/9809138;hep-th/9809138;0;5;5
0911.2037;0911.2037;0;2;2
0709.2671;0709.2671;0;14;14
hep-th/9403115;hep-th/9403115;1;0;1
hep-th/9809134;hep-th/9809134;1;3;4
hep-th/9809137;hep-th/9809137;2;8;10
0709.2673;0709.2673;0;1;1
0810.1649;0810.1649;0;15;15
hep-th/0407117;hep-th/0407117;0;30;30
0810.4519;0810.4519;0;22;22
hep-th/0608125;hep-th/0608125;0;1;1
0903.4827;0903.4827;0;5;5
hep-th/0406193;hep-th/0406193;3;33;36
hep-th/0507180;hep-th/0507180;2;9;11
0906.1101;0906.1101;0;12;12
0910.0980;0910.0980;0;2;2
0907.1156;0907.1156;0;15;15
0906.1969;0906.1969;0;9;9
hep-th/0611054;hep-th/0611054;1;2;3
hep-th/0311078;hep-th/0311078;0;47;47
hep-th/0106075;hep-th/0106075;1;0;1
0906.1967;0906.1967;0;3;3
hep-th/9304140;hep-th/9304140;1;0;1
astro-ph/0411273;astro-ph/0411273;2;3;5
0801.3274;0801.3274;0;3;3
0705.3375;0705.3375;0;23;23
hep-th/9202066;hep-th/9202066;1;0;1
hep-th/0210311;hep-th/0210311;4;24;28
0911.4620;0911.4620;0;5;5
0804.3110;0804.3110;0;14;14
0908.0001;0908.0001;0;24;24
0710.3445;0710.3445;0;52;52
0810.5394;0810.5394;0;26;26
gr-qc/9812082;gr-qc/9812082;0;84;84
hep-ph/9506362;hep-ph/9506362;1;21;22
0909.4151;0909.4151;0;6;6
quant-ph/9910044;quant-ph/9910044;2;1;3
0803.0038;0803.0038;0;29;29
0907.1170;0907.1170;0;24;24
hep-ph/0304275;hep-ph/0304275;1;10;11
0708.1897;0708.1897;0;22;22
hep-ph/9904289;hep-ph/9904289;0;8;8
hep-th/9510063;hep-th/9510063;2;1;3
0906.1434;0906.1434;0;5;5
hep-th/9902199;hep-th/9902199;1;0;1
0906.1432;0906.1432;0;3;3
hep-th/9805149;hep-th/9805149;1;0;1
hep-th/9903060;hep-th/9903060;1;1;2
hep-th/9902027;hep-th/9902027;2;4;6
hep-th/9903250;hep-th/9903250;0;2;2
alg-geom/9711022;alg-geom/9711022;1;0;1
0910.3862;0910.3862;0;4;4
0912.2449;0912.2449;0;7;7
hep-th/0510005;hep-th/0510005;1;0;1
hep-th/0303158;hep-th/0303158;1;7;8
0912.4674;0912.4674;0;4;4
gr-qc/0404100;gr-qc/0404100;1;19;20
0805.3321;0805.3321;0;4;4
0907.3093;0907.3093;0;1;1
0905.2624;0905.2624;0;5;5
hep-th/9805079;hep-th/9805079;2;3;5
gr-qc/0403049;gr-qc/0403049;0;6;6
astro-ph/0305523;astro-ph/0305523;1;1;2
0812.2067;0812.2067;0;13;13
0804.2079;0804.2079;0;17;17
0712.0646;0712.0646;0;67;67
hep-th/9412098;hep-th/9412098;0;1;1
0710.1083;0710.1083;0;14;14
hep-th/9412096;hep-th/9412096;0;3;3
0705.3978;0705.3978;0;3;3
0909.4211;0909.4211;0;4;4
0705.2629;0705.2629;0;7;7
quant-ph/0404123;quant-ph/0404123;0;2;2
hep-th/0101059;hep-th/0101059;0;5;5
0905.0915;0905.0915;0;7;7
0905.0916;0905.0916;0;34;34
0807.0213;0807.0213;0;18;18
patt-sol/9704003;patt-sol/9704003;1;0;1
hep-th/0208082;hep-th/0208082;1;16;17
0801.0198;0801.0198;0;14;14
0906.1422;0906.1422;0;4;4
0910.3246;0910.3246;0;11;11
0710.4619;0710.4619;0;22;22
0709.2632;0709.2632;0;1;1
0709.2633;0709.2633;0;7;7
0705.0996;0705.0996;0;29;29
0705.0994;0705.0994;0;24;24
0804.0503;0804.0503;0;8;8
0905.4115;0905.4115;0;18;18
0905.4116;0905.4116;0;3;3
hep-ph/0306117;hep-ph/0306117;1;2;3
0905.4113;0905.4113;0;8;8
hep-th/0607043;hep-th/0607043;0;1;1
0811.1163;0811.1163;0;15;15
hep-th/0309051;hep-th/0309051;0;1;1
0808.2436;0808.2436;0;9;9
gr-qc/0609120;gr-qc/0609120;1;17;18
0801.4112;0801.4112;0;40;40
0801.4110;0801.4110;0;19;19
0801.4111;0801.4111;0;4;4
0812.3513;0812.3513;0;7;7
0812.3512;0812.3512;0;2;2
gr-qc/0602114;gr-qc/0602114;0;4;4
gr-qc/0508053;gr-qc/0508053;0;19;19
hep-th/0409187;hep-th/0409187;2;4;6
hep-th/9708132;hep-th/9708132;1;2;3
hep-th/9411243;hep-th/9411243;1;0;1
hep-th/9405200;hep-th/9405200;3;8;11
0712.3148;0712.3148;0;9;9
hep-th/9504098;hep-th/9504098;1;13;14
hep-th/9504096;hep-th/9504096;0;4;4
hep-th/9605057;hep-th/9605057;0;3;3
hep-th/9809028;hep-th/9809028;0;4;4
0902.3494;0902.3494;0;13;13
hep-th/0606234;hep-th/0606234;1;12;13
hep-ph/9507408;hep-ph/9507408;0;3;3
hep-th/0409236;hep-th/0409236;1;19;20
0710.2975;0710.2975;0;2;2
hep-th/0409239;hep-th/0409239;0;18;18
hep-th/0007114;hep-th/0007114;1;8;9
hep-th/9304110;hep-th/9304110;2;0;2
hep-th/0007112;hep-th/0007112;0;5;5
0802.2735;0802.2735;0;33;33
hep-th/0110224;hep-th/0110224;2;5;7
0807.4241;0807.4241;0;11;11
0806.4960;0806.4960;0;14;14
hep-th/9804195;hep-th/9804195;0;1;1
hep-th/9804196;hep-th/9804196;0;7;7
hep-th/9804190;hep-th/9804190;2;11;13
hep-ph/9702311;hep-ph/9702311;1;0;1
hep-th/9804191;hep-th/9804191;0;3;3
gr-qc/0512045;gr-qc/0512045;0;7;7
math/0210451;math/0210451;1;7;8
hep-th/9802058;hep-th/9802058;1;0;1
0809.5064;0809.5064;0;33;33
hep-th/9410001;hep-th/9410001;0;2;2
hep-th/9410006;hep-th/9410006;0;4;4
hep-th/9811227;hep-th/9811227;0;3;3
0809.5060;0809.5060;0;62;62
hep-th/9211094;hep-th/9211094;0;1;1
hep-th/9211098;hep-th/9211098;0;1;1
0911.2326;0911.2326;0;12;12
0706.4049;0706.4049;0;6;6
hep-th/9410185;hep-th/9410185;2;0;2
0906.1321;0906.1321;0;4;4
hep-th/0608194;hep-th/0608194;0;7;7
astro-ph/0603411;astro-ph/0603411;0;1;1
0707.0235;0707.0235;0;1;1
0704.1805;0704.1805;0;20;20
hep-ph/0407067;hep-ph/0407067;0;3;3
0904.3378;0904.3378;0;1;1
0906.0335;0906.0335;0;5;5
0809.1036;0809.1036;0;12;12
0910.4548;0910.4548;0;16;16
hep-th/0212167;hep-th/0212167;2;8;10
hep-th/0505015;hep-th/0505015;3;8;11
hep-th/0602076;hep-th/0602076;1;10;11
hep-th/9206001;hep-th/9206001;1;0;1
0704.1784;0704.1784;0;7;7
gr-qc/9709019;gr-qc/9709019;1;0;1
hep-th/0003001;hep-th/0003001;2;7;9
hep-th/9911176;hep-th/9911176;0;8;8
cond-mat/9805215;cond-mat/9805215;0;2;2
hep-ph/0206257;hep-ph/0206257;1;0;1
0910.3594;0910.3594;0;16;16
0807.2305;0807.2305;0;11;11
0704.1436;0704.1436;0;9;9
0704.1438;0704.1438;0;30;30
0906.2798;0906.2798;0;9;9
quant-ph/9509006;quant-ph/9509006;0;1;1
0908.4314;0908.4314;0;26;26
0811.3050;0811.3050;0;13;13
hep-th/0408136;hep-th/0408136;1;4;5
hep-th/9404164;hep-th/9404164;3;0;3
0804.1870;0804.1870;0;17;17
math/9910106;math/9910106;1;4;5
0906.1327;0906.1327;0;2;2
math/0202008;math/0202008;1;3;4
0711.0155;0711.0155;0;74;74
hep-th/9405017;hep-th/9405017;1;0;1
hep-th/9807227;hep-th/9807227;1;0;1
solv-int/9909016;solv-int/9909016;1;5;6
hep-th/9710177;hep-th/9710177;1;17;18
hep-th/9710172;hep-th/9710172;2;4;6
hep-th/9710170;hep-th/9710170;0;4;4
0809.2564;0809.2564;0;25;25
0806.1614;0806.1614;0;37;37
0712.3669;0712.3669;0;10;10
0904.0051;0904.0051;0;32;32
0911.4476;0911.4476;0;6;6
cond-mat/0009186;cond-mat/0009186;0;5;5
hep-th/0612198;hep-th/0612198;0;21;21
0709.4313;0709.4313;0;20;20
hep-th/0007229;hep-th/0007229;1;7;8
hep-lat/0008017;hep-lat/0008017;0;14;14
hep-lat/9912045;hep-lat/9912045;2;4;6
0709.3220;0709.3220;0;2;2
0902.1331;0902.1331;0;14;14
0909.0945;0909.0945;0;15;15
0704.0996;0704.0996;0;78;78
hep-th/0309115;hep-th/0309115;1;53;54
hep-th/0612054;hep-th/0612054;0;34;34
hep-th/0207153;hep-th/0207153;0;17;17
hep-th/0207150;hep-th/0207150;0;1;1
hep-th/0207151;hep-th/0207151;0;25;25
math-ph/9805004;math-ph/9805004;1;0;1
hep-th/0207154;hep-th/0207154;0;6;6
hep-th/0006045;hep-th/0006045;0;1;1
hep-th/0006041;hep-th/0006041;1;39;40
hep-th/0006040;hep-th/0006040;0;5;5
0810.1482;0810.1482;0;32;32
0912.4396;0912.4396;0;10;10
hep-th/0604113;hep-th/0604113;2;5;7
0712.4109;0712.4109;0;26;26
0712.4252;0712.4252;0;24;24
0711.2173;0711.2173;0;4;4
gr-qc/0410061;gr-qc/0410061;0;1;1
0811.1091;0811.1091;0;3;3
0808.2503;0808.2503;0;59;59
cond-mat/0411163;cond-mat/0411163;0;2;2
hep-th/0106148;hep-th/0106148;2;23;25
0901.2108;0901.2108;0;24;24
hep-th/0208089;hep-th/0208089;0;1;1
0907.2647;0907.2647;0;9;9
0806.3102;0806.3102;0;61;61
0911.5704;0911.5704;0;21;21
0708.1507;0708.1507;0;3;3
0708.1502;0708.1502;0;39;39
hep-th/9902206;hep-th/9902206;0;14;14
hep-th/9902203;hep-th/9902203;0;9;9
hep-th/9510062;hep-th/9510062;1;1;2
hep-th/0512352;hep-th/0512352;0;3;3
math-ph/0012035;math-ph/0012035;0;13;13
hep-th/9212063;hep-th/9212063;2;0;2
0709.1089;0709.1089;0;38;38
0907.5378;0907.5378;0;13;13
0811.4701;0811.4701;0;3;3
0803.0785;0803.0785;0;19;19
math/0508395;math/0508395;0;1;1
0909.0283;0909.0283;0;9;9
hep-th/0701071;hep-th/0701071;2;17;19
0909.0289;0909.0289;0;1;1
0907.3862;0907.3862;0;26;26
0707.2204;0707.2204;0;7;7
astro-ph/0701692;astro-ph/0701692;2;5;7
0811.2461;0811.2461;0;16;16
0909.3952;0909.3952;0;18;18
0809.4662;0809.4662;0;21;21
0809.5179;0809.5179;0;3;3
0905.3170;0905.3170;0;17;17
0909.1883;0909.1883;0;6;6
hep-th/9810194;hep-th/9810194;5;11;16
hep-th/9811142;hep-th/9811142;0;1;1
0801.1785;0801.1785;0;14;14
0808.1975;0808.1975;0;16;16
0807.3486;0807.3486;0;10;10
0904.2548;0904.2548;0;9;9
gr-qc/9910066;gr-qc/9910066;2;3;5
hep-ph/0406076;hep-ph/0406076;0;12;12
nucl-th/0211018;nucl-th/0211018;0;1;1
0901.4533;0901.4533;0;41;41
0708.3394;0708.3394;1;41;42
0906.2964;0906.2964;0;44;44
0806.2015;0806.2015;0;20;20
0805.0372;0805.0372;0;3;3
0812.3859;0812.3859;0;1;1
0906.0767;0906.0767;0;23;23
hep-th/0406033;hep-th/0406033;1;6;7
hep-th/0510230;hep-th/0510230;0;3;3
0704.1848;0704.1848;0;87;87
math/0206057;math/0206057;1;1;2
hep-th/0610023;hep-th/0610023;4;26;30
hep-th/0510231;hep-th/0510231;0;27;27
hep-th/0610029;hep-th/0610029;0;8;8
0909.1079;0909.1079;0;28;28
0710.4543;0710.4543;0;8;8
0912.2146;0912.2146;0;2;2
hep-th/0412298;hep-th/0412298;0;13;13
hep-th/0001080;hep-th/0001080;0;13;13
cond-mat/9801308;cond-mat/9801308;1;0;1
hep-th/0001087;hep-th/0001087;0;2;2
0707.3786;0707.3786;0;41;41
0710.4540;0710.4540;0;16;16
0707.2748;0707.2748;0;31;31
0704.3484;0704.3484;0;38;38
0812.0718;0812.0718;0;30;30
0905.0688;0905.0688;0;17;17
0710.1866;0710.1866;0;2;2
0812.4401;0812.4401;0;7;7
0710.4541;0710.4541;0;34;34
0712.0147;0712.0147;0;11;11
cond-mat/9812045;cond-mat/9812045;2;0;2
0911.0146;0911.0146;0;3;3
0911.0148;0911.0148;0;9;9
hep-ph/0303186;hep-ph/0303186;0;1;1
0905.1180;0905.1180;0;24;24
0707.2310;0707.2310;0;30;30
hep-th/9603091;hep-th/9603091;0;2;2
hep-th/9512164;hep-th/9512164;1;0;1
0806.4368;0806.4368;0;56;56
hep-th/9612060;hep-th/9612060;2;6;8
0806.4364;0806.4364;0;9;9
hep-lat/0009002;hep-lat/0009002;0;8;8
hep-ph/9909309;hep-ph/9909309;2;5;7
0909.2275;0909.2275;0;20;20
0805.3971;0805.3971;0;4;4
hep-ph/0107280;hep-ph/0107280;2;16;18
hep-th/0703069;hep-th/0703069;0;2;2
0812.3842;0812.3842;0;7;7
0901.1664;0901.1664;0;13;13
0812.1049;0812.1049;0;19;19
0912.0789;0912.0789;0;17;17
0801.2199;0801.2199;0;5;5
0801.2191;0801.2191;0;26;26
0908.1451;0908.1451;0;6;6
hep-th/0312006;hep-th/0312006;1;28;29
0905.2579;0905.2579;0;3;3
0711.1364;0711.1364;0;39;39
0805.1194;0805.1194;0;72;72
0805.1197;0805.1197;0;42;42
hep-th/9710108;hep-th/9710108;1;1;2
0807.2826;0807.2826;0;2;2
0712.2786;0712.2786;0;38;38
0904.0559;0904.0559;0;12;12
0712.2781;0712.2781;0;3;3
0708.3593;0708.3593;0;14;14
hep-ph/0701084;hep-ph/0701084;0;10;10
gr-qc/0406017;gr-qc/0406017;0;6;6
gr-qc/0403064;gr-qc/0403064;1;0;1
gr-qc/0303006;gr-qc/0303006;4;17;21
0905.1454;0905.1454;0;6;6
hep-th/0402175;hep-th/0402175;1;3;4
hep-th/9809104;hep-th/9809104;0;22;22
hep-th/9708045;hep-th/9708045;2;4;6
hep-th/9611135;hep-th/9611135;0;5;5
hep-th/9503174;hep-th/9503174;2;6;8
hep-th/9611131;hep-th/9611131;1;2;3
0907.0665;0907.0665;0;181;181
0810.3719;0810.3719;0;27;27
hep-ph/0307187;hep-ph/0307187;0;10;10
0908.3460;0908.3460;0;26;26
gr-qc/0606107;gr-qc/0606107;0;11;11
0804.2389;0804.2389;0;11;11
0804.2387;0804.2387;0;13;13
hep-th/9510164;hep-th/9510164;0;5;5
hep-th/9510163;hep-th/9510163;0;1;1
0902.3529;0902.3529;0;59;59
0705.3340;0705.3340;0;35;35
hep-th/0210084;hep-th/0210084;0;6;6
hep-th/0111211;hep-th/0111211;1;13;14
0707.2745;0707.2745;0;41;41
hep-th/9806211;hep-th/9806211;1;17;18
hep-th/0611146;hep-th/0611146;1;2;3
0810.5387;0810.5387;0;2;2
0810.5384;0810.5384;0;4;4
0801.1933;0801.1933;0;1;1
0808.1746;0808.1746;0;24;24
hep-th/9903268;hep-th/9903268;0;113;113
hep-th/9303065;hep-th/9303065;2;0;2
0912.0417;0912.0417;0;7;7
hep-th/0603128;hep-th/0603128;1;7;8
hep-th/0104004;hep-th/0104004;1;7;8
hep-th/9903261;hep-th/9903261;1;24;25
hep-th/9903263;hep-th/9903263;1;1;2
hep-th/9903265;hep-th/9903265;0;4;4
hep-th/9207087;hep-th/9207087;1;0;1
0910.3857;0910.3857;0;17;17
0910.3855;0910.3855;0;39;39
0907.5147;0907.5147;0;16;16
0709.4157;0709.4157;0;16;16
hep-th/9310039;hep-th/9310039;2;0;2
0805.3101;0805.3101;0;5;5
hep-th/9604073;hep-th/9604073;0;20;20
hep-th/9302024;hep-th/9302024;1;8;9
hep-th/9502046;hep-th/9502046;2;0;2
0709.2795;0709.2795;0;5;5
0905.3749;0905.3749;0;11;11
0804.3267;0804.3267;0;22;22
0804.3264;0804.3264;0;12;12
hep-th/0306229;hep-th/0306229;1;13;14
hep-th/0305203;hep-th/0305203;1;9;10
0804.3268;0804.3268;0;19;19
0905.3746;0905.3746;0;12;12
0812.3373;0812.3373;0;34;34
hep-th/9411222;hep-th/9411222;0;1;1
hep-th/9312044;hep-th/9312044;1;0;1
0906.4512;0906.4512;0;6;6
0705.3831;0705.3831;0;47;47
0705.3837;0705.3837;0;22;22
hep-th/9607098;hep-th/9607098;0;2;2
0809.4667;0809.4667;0;11;11
hep-th/0111166;hep-th/0111166;0;22;22
hep-th/0306223;hep-th/0306223;1;5;6
0808.1356;0808.1356;0;2;2
hep-th/0309224;hep-th/0309224;0;6;6
0808.1357;0808.1357;0;25;25
0807.3463;0807.3463;0;15;15
hep-th/9610059;hep-th/9610059;6;12;18
0903.4124;0903.4124;0;3;3
0911.1990;0911.1990;0;12;12
math/9812083;math/9812083;1;6;7
q-alg/9512016;q-alg/9512016;2;0;2
hep-th/9207088;hep-th/9207088;3;0;3
hep-th/9207104;hep-th/9207104;2;0;2
0801.0129;0801.0129;0;11;11
0911.3745;0911.3745;0;8;8
quant-ph/0201045;quant-ph/0201045;0;1;1
quant-ph/0201040;quant-ph/0201040;0;1;1
hep-ph/0507257;hep-ph/0507257;0;25;25
0905.2222;0905.2222;0;5;5
0805.3662;0805.3662;0;12;12
0903.5051;0903.5051;0;18;18
0709.3950;0709.3950;0;32;32
hep-th/9807238;hep-th/9807238;0;2;2
0806.0102;0806.0102;0;47;47
0906.2510;0906.2510;0;9;9
hep-th/9712169;hep-th/9712169;1;7;8
hep-th/9807237;hep-th/9807237;0;5;5
hep-th/9807233;hep-th/9807233;1;17;18
0710.4130;0710.4130;0;14;14
0907.3395;0907.3395;0;18;18
0910.2814;0910.2814;0;10;10
0710.4139;0710.4139;0;25;25
hep-th/0012109;hep-th/0012109;0;1;1
hep-th/9209001;hep-th/9209001;2;0;2
hep-th/0012107;hep-th/0012107;0;10;10
0910.0370;0910.0370;0;19;19
0909.4670;0909.4670;0;2;2
0903.2365;0903.2365;0;15;15
hep-th/9303085;hep-th/9303085;0;2;2
hep-th/9303083;hep-th/9303083;1;3;4
0907.0685;0907.0685;0;20;20
0805.2283;0805.2283;0;19;19
0705.2047;0705.2047;0;5;5
0704.2956;0704.2956;0;11;11
0804.2028;0804.2028;0;16;16
0710.0148;0710.0148;0;40;40
physics/0504172;physics/0504172;2;0;2
gr-qc/9707027;gr-qc/9707027;1;0;1
hep-th/0407103;hep-th/0407103;2;0;2
0812.0050;0812.0050;0;46;46
quant-ph/0202026;quant-ph/0202026;0;3;3
math-ph/0207045;math-ph/0207045;0;4;4
0707.4143;0707.4143;0;15;15
hep-th/0207011;hep-th/0207011;0;3;3
hep-th/0207019;hep-th/0207019;0;1;1
hep-th/0207018;hep-th/0207018;0;2;2
0904.4628;0904.4628;0;6;6
gr-qc/9505045;gr-qc/9505045;3;0;3
0908.1968;0908.1968;0;28;28
0710.4868;0710.4868;0;6;6
math-ph/0310023;math-ph/0310023;0;3;3
0808.2572;0808.2572;0;2;2
hep-th/0412302;hep-th/0412302;1;3;4
0811.0439;0811.0439;0;3;3
math-ph/0204043;math-ph/0204043;0;16;16
physics/9803037;physics/9803037;1;1;2
math-ph/0204041;math-ph/0204041;3;1;4
0809.0210;0809.0210;0;2;2
hep-th/9903188;hep-th/9903188;1;4;5
hep-th/0305222;hep-th/0305222;3;0;3
cond-mat/0402053;cond-mat/0402053;0;4;4
0901.0782;0901.0782;0;63;63
hep-th/0008021;hep-th/0008021;2;0;2
0805.3157;0805.3157;0;42;42
quant-ph/0011076;quant-ph/0011076;2;5;7
0706.3636;0706.3636;0;4;4
hep-ph/0501054;hep-ph/0501054;0;1;1
0909.4031;0909.4031;0;15;15
0909.4355;0909.4355;0;12;12
hep-th/0503080;hep-th/0503080;0;4;4
0704.0085;0704.0085;0;23;23
nlin/0404017;nlin/0404017;0;5;5
0711.4541;0711.4541;0;1;1
0908.2437;0908.2437;0;31;31
0901.3743;0901.3743;0;2;2
hep-th/9503049;hep-th/9503049;2;0;2
0908.2430;0908.2430;0;19;19
0908.2439;0908.2439;0;1;1
math/0102021;math/0102021;0;1;1
math-ph/0306060;math-ph/0306060;1;2;3
0705.1066;0705.1066;0;20;20
hep-th/9511225;hep-th/9511225;1;0;1
nlin/0512038;nlin/0512038;1;0;1
0908.0363;0908.0363;0;16;16
hep-th/0204098;hep-th/0204098;0;3;3
hep-th/0204093;hep-th/0204093;0;29;29
hep-th/9704146;hep-th/9704146;3;9;12
hep-th/9701131;hep-th/9701131;3;9;12
0709.1532;0709.1532;0;18;18
math-ph/0301020;math-ph/0301020;0;1;1
0711.2826;0711.2826;0;22;22
hep-th/0609224;hep-th/0609224;1;28;29
0705.1068;0705.1068;0;36;36
0908.4255;0908.4255;0;2;2
0906.4197;0906.4197;0;9;9
0712.0652;0712.0652;0;4;4
0708.2969;0708.2969;0;20;20
hep-th/9611093;hep-th/9611093;0;17;17
0910.5471;0910.5471;0;7;7
0709.2691;0709.2691;0;25;25
hep-th/9501109;hep-th/9501109;0;13;13
0807.4375;0807.4375;0;29;29
0908.4294;0908.4294;0;19;19
0906.5078;0906.5078;0;6;6
0906.1768;0906.1768;0;6;6
hep-th/0603020;hep-th/0603020;0;3;3
hep-th/0412062;hep-th/0412062;2;2;4
0908.4123;0908.4123;0;13;13
physics/0603140;physics/0603140;0;1;1
0806.2867;0806.2867;0;22;22
0802.2637;0802.2637;0;26;26
astro-ph/0603525;astro-ph/0603525;2;11;13
hep-th/0405226;hep-th/0405226;0;14;14
0706.1469;0706.1469;0;8;8
hep-th/0008024;hep-th/0008024;0;2;2
math-ph/0210043;math-ph/0210043;0;4;4
hep-th/9803256;hep-th/9803256;0;3;3
hep-th/9711093;hep-th/9711093;1;32;33
hep-th/9803255;hep-th/9803255;0;1;1
0909.0977;0909.0977;0;5;5
0811.3866;0811.3866;0;18;18
hep-th/0408179;hep-th/0408179;1;0;1
hep-th/0206168;hep-th/0206168;0;4;4
0810.3815;0810.3815;0;19;19
0907.2211;0907.2211;0;24;24
0908.2989;0908.2989;0;4;4
0911.0708;0911.0708;0;25;25
0804.4459;0804.4459;0;64;64
0812.4531;0812.4531;0;31;31
0907.2814;0907.2814;0;18;18
0902.0290;0902.0290;0;16;16
0902.0295;0902.0295;0;9;9
0708.3461;0708.3461;0;8;8
0706.1289;0706.1289;0;29;29
math/0607401;math/0607401;2;0;2
0807.1422;0807.1422;0;1;1
0706.1281;0706.1281;0;19;19
0906.0204;0906.0204;0;23;23
hep-th/0012207;hep-th/0012207;1;1;2
hep-th/9405195;hep-th/9405195;1;7;8
hep-th/9602125;hep-th/9602125;1;11;12
hep-th/9602127;hep-th/9602127;1;6;7
hep-th/9503177;hep-th/9503177;2;0;2
hep-th/9408045;hep-th/9408045;2;0;2
hep-ph/0301197;hep-ph/0301197;0;3;3
0906.4848;0906.4848;0;22;22
hep-lat/0301026;hep-lat/0301026;0;22;22
0906.1214;0906.1214;0;9;9
0802.0583;0802.0583;0;40;40
0906.4843;0906.4843;0;8;8
hep-lat/0205026;hep-lat/0205026;1;3;4
math-ph/0208011;math-ph/0208011;0;2;2
hep-th/0112021;hep-th/0112021;1;1;2
0907.2880;0907.2880;0;35;35
hep-th/0203078;hep-th/0203078;0;7;7
hep-th/0107009;hep-th/0107009;1;6;7
hep-th/0105031;hep-th/0105031;1;5;6
hep-th/0203075;hep-th/0203075;0;4;4
hep-th/9607213;hep-th/9607213;1;1;2
hep-th/9906231;hep-th/9906231;0;6;6
hep-th/9903184;hep-th/9903184;1;1;2
0808.1596;0808.1596;0;27;27
0708.0065;0708.0065;0;45;45
math-ph/0303071;math-ph/0303071;0;9;9
0811.0779;0811.0779;0;3;3
0904.2766;0904.2766;0;12;12
0902.4145;0902.4145;0;12;12
0811.0773;0811.0773;0;34;34
0704.3740;0704.3740;0;37;37
0911.0538;0911.0538;0;11;11
0803.0081;0803.0081;0;26;26
0802.3793;0802.3793;0;7;7
cond-mat/0304664;cond-mat/0304664;0;2;2
hep-ph/0008112;hep-ph/0008112;1;4;5
hep-ph/0006020;hep-ph/0006020;1;3;4
0803.1980;0803.1980;0;13;13
0707.3431;0707.3431;0;16;16
0904.2768;0904.2768;0;21;21
gr-qc/0009097;gr-qc/0009097;0;5;5
0804.3564;0804.3564;0;10;10
hep-th/0102025;hep-th/0102025;1;0;1
hep-th/0109155;hep-th/0109155;0;35;35
hep-th/9904155;hep-th/9904155;1;22;23
hep-th/0109157;hep-th/0109157;1;11;12
hep-th/0410088;hep-th/0410088;0;3;3
hep-th/0410089;hep-th/0410089;0;2;2
hep-ph/0405280;hep-ph/0405280;0;3;3
hep-th/9404182;hep-th/9404182;0;4;4
0811.1750;0811.1750;0;7;7
hep-th/9705002;hep-th/9705002;1;4;5
hep-th/0409259;hep-th/0409259;1;127;128
hep-ph/0006037;hep-ph/0006037;1;0;1
hep-th/0008153;hep-th/0008153;0;8;8
hep-th/0308095;hep-th/0308095;1;0;1
cond-mat/0702070;cond-mat/0702070;1;0;1
cond-mat/0702075;cond-mat/0702075;1;0;1
hep-th/0008152;hep-th/0008152;0;10;10
hep-th/0008155;hep-th/0008155;0;14;14
hep-th/0008157;hep-th/0008157;0;15;15
hep-th/9901054;hep-th/9901054;1;11;12
hep-th/9902077;hep-th/9902077;0;8;8
hep-th/9902078;hep-th/9902078;0;6;6
hep-th/0605140;hep-th/0605140;0;2;2
0907.1651;0907.1651;0;8;8
0907.1658;0907.1658;0;11;11
hep-th/9509138;hep-th/9509138;0;3;3
hep-th/9509134;hep-th/9509134;0;15;15
0909.4559;0909.4559;0;6;6
0909.4557;0909.4557;0;21;21
0710.4213;0710.4213;0;16;16
0801.0727;0801.0727;0;11;11
0903.1225;0903.1225;0;2;2
0801.0720;0801.0720;0;30;30
math-ph/0409014;math-ph/0409014;0;1;1
0912.3428;0912.3428;0;27;27
0809.4272;0809.4272;0;37;37
gr-qc/0402008;gr-qc/0402008;0;6;6
0905.3535;0905.3535;0;1;1
0705.2490;0705.2490;0;10;10
hep-th/9807032;hep-th/9807032;0;4;4
hep-th/9807030;hep-th/9807030;1;3;4
quant-ph/9511042;quant-ph/9511042;2;0;2
hep-th/9807036;hep-th/9807036;0;2;2
0901.0007;0901.0007;0;7;7
hep-th/0703215;hep-th/0703215;1;0;1
0707.0424;0707.0424;0;39;39
math/0310366;math/0310366;0;1;1
0707.0420;0707.0420;0;2;2
0907.4061;0907.4061;0;34;34
hep-th/0502204;hep-th/0502204;0;6;6
q-alg/9501008;q-alg/9501008;0;2;2
0907.0527;0907.0527;0;3;3
0909.1317;0909.1317;0;5;5
0811.3459;0811.3459;0;23;23
0708.2015;0708.2015;0;4;4
gr-qc/0701015;gr-qc/0701015;1;4;5
0808.2165;0808.2165;0;12;12
0708.2012;0708.2012;0;36;36
0805.2944;0805.2944;0;10;10
0805.2943;0805.2943;0;77;77
hep-th/0610272;hep-th/0610272;0;19;19
hep-th/0610279;hep-th/0610279;0;17;17
q-alg/9710005;q-alg/9710005;1;7;8
hep-th/9612016;hep-th/9612016;1;9;10
hep-th/9406014;hep-th/9406014;0;3;3
hep-th/9310163;hep-th/9310163;3;4;7
hep-th/9212098;hep-th/9212098;4;0;4
hep-th/9503167;hep-th/9503167;0;11;11
hep-th/9503166;hep-th/9503166;0;8;8
hep-th/9503165;hep-th/9503165;0;8;8
hep-th/9405049;hep-th/9405049;4;17;21
hep-th/9503164;hep-th/9503164;0;7;7
hep-th/9503169;hep-th/9503169;0;1;1
0705.0332;0705.0332;0;8;8
hep-th/0110015;hep-th/0110015;0;3;3
math-ph/9907005;math-ph/9907005;1;0;1
0912.0425;0912.0425;0;22;22
0912.0427;0912.0427;0;8;8
0803.3747;0803.3747;0;10;10
math-ph/0604008;math-ph/0604008;0;8;8
hep-th/0501106;hep-th/0501106;1;2;3
0812.0526;0812.0526;0;26;26
0802.2910;0802.2910;0;20;20
hep-th/0602104;hep-th/0602104;0;3;3
hep-th/0210277;hep-th/0210277;2;3;5
0707.1463;0707.1463;0;7;7
hep-ph/9509266;hep-ph/9509266;1;0;1
hep-th/9606103;hep-th/9606103;0;1;1
0710.0301;0710.0301;0;2;2
quant-ph/9507007;quant-ph/9507007;2;0;2
quant-ph/9508023;quant-ph/9508023;2;0;2
0710.0305;0710.0305;0;10;10
0712.2425;0712.2425;0;28;28
0901.2338;0901.2338;0;23;23
0710.5073;0710.5073;0;6;6
0712.2142;0712.2142;0;27;27
hep-th/9906082;hep-th/9906082;0;6;6
gr-qc/9805100;gr-qc/9805100;0;2;2
0808.3977;0808.3977;0;20;20
0908.2392;0908.2392;0;27;27
0902.0143;0902.0143;0;3;3
hep-th/0605154;hep-th/0605154;2;12;14
0809.2856;0809.2856;0;17;17
0912.3151;0912.3151;0;2;2
0903.0619;0903.0619;0;28;28
hep-th/0304102;hep-th/0304102;0;11;11
hep-th/0304100;hep-th/0304100;2;17;19
hep-th/0304106;hep-th/0304106;0;15;15
hep-th/0607170;hep-th/0607170;0;1;1
0708.3056;0708.3056;0;1;1
gr-qc/0504019;gr-qc/0504019;1;3;4
math-ph/0302061;math-ph/0302061;0;3;3
0905.4673;0905.4673;0;19;19
0806.2337;0806.2337;0;22;22
0706.3653;0706.3653;0;16;16
hep-th/9511191;hep-th/9511191;3;13;16
hep-th/0503210;hep-th/0503210;2;6;8
hep-th/0409173;hep-th/0409173;3;5;8
0912.4837;0912.4837;0;3;3
hep-th/9310062;hep-th/9310062;2;0;2
hep-th/9405092;hep-th/9405092;0;2;2
hep-th/0105241;hep-th/0105241;2;1;3
hep-th/9710077;hep-th/9710077;1;0;1
0810.4735;0810.4735;0;18;18
cond-mat/0512538;cond-mat/0512538;0;6;6
hep-th/0004035;hep-th/0004035;0;3;3
0712.1991;0712.1991;0;8;8
0712.1998;0712.1998;0;21;21
0912.4427;0912.4427;0;2;2
gr-qc/0702066;gr-qc/0702066;0;13;13
hep-ph/0305092;hep-ph/0305092;0;1;1
hep-th/0312273;hep-th/0312273;0;3;3
hep-th/0312270;hep-th/0312270;0;10;10
hep-th/0312271;hep-th/0312271;0;2;2
hep-th/0312275;hep-th/0312275;0;3;3
0708.2901;0708.2901;0;18;18
0707.1621;0707.1621;0;29;29
0711.2534;0711.2534;0;35;35
0807.2309;0807.2309;0;1;1
hep-th/0612078;hep-th/0612078;0;13;13
0708.2906;0708.2906;0;6;6
0807.2613;0807.2613;0;4;4
0909.1228;0909.1228;0;2;2
hep-th/0210293;hep-th/0210293;0;6;6
hep-th/0207224;hep-th/0207224;1;13;14
hep-th/0210299;hep-th/0210299;0;14;14
hep-th/0210298;hep-th/0210298;1;3;4
hep-th/9705213;hep-th/9705213;2;3;5
0810.0028;0810.0028;0;7;7
0710.2218;0710.2218;0;3;3
0908.2933;0908.2933;0;14;14
hep-lat/9404010;hep-lat/9404010;1;2;3
0902.3274;0902.3274;0;34;34
hep-th/9309001;hep-th/9309001;0;1;1
hep-th/9309004;hep-th/9309004;0;1;1
hep-th/9309005;hep-th/9309005;0;5;5
hep-th/9309008;hep-th/9309008;0;10;10
hep-th/0502067;hep-th/0502067;0;13;13
hep-th/0501222;hep-th/0501222;3;21;24
quant-ph/0010090;quant-ph/0010090;0;2;2
hep-th/0603100;hep-th/0603100;0;4;4
hep-th/0405133;hep-th/0405133;1;2;3
cond-mat/0205644;cond-mat/0205644;1;7;8
hep-th/9706106;hep-th/9706106;2;1;3
0810.5469;0810.5469;0;3;3
0810.5468;0810.5468;0;6;6
0807.3058;0807.3058;0;20;20
hep-th/0205127;hep-th/0205127;1;4;5
0801.1847;0801.1847;0;5;5
math-ph/9805008;math-ph/9805008;1;1;2
physics/9804022;physics/9804022;1;0;1
hep-ph/0310093;hep-ph/0310093;0;3;3
hep-th/9506127;hep-th/9506127;0;2;2
0812.2297;0812.2297;0;22;22
0806.0603;0806.0603;0;22;22
0801.4233;0801.4233;0;18;18
0711.0063;0711.0063;0;2;2
0801.2429;0801.2429;0;2;2
gr-qc/9302035;gr-qc/9302035;0;2;2
hep-th/0004173;hep-th/0004173;0;6;6
0707.3182;0707.3182;0;42;42
hep-th/0312255;hep-th/0312255;1;10;11
hep-th/9803016;hep-th/9803016;0;4;4
hep-th/0008212;hep-th/0008212;0;25;25
hep-th/9706034;hep-th/9706034;0;2;2
hep-th/9706037;hep-th/9706037;0;3;3
gr-qc/9807052;gr-qc/9807052;0;3;3
astro-ph/9906253;astro-ph/9906253;2;4;6
hep-th/0407035;hep-th/0407035;1;16;17
hep-th/0407034;hep-th/0407034;0;17;17
hep-ph/9611400;hep-ph/9611400;1;4;5
hep-th/0407031;hep-th/0407031;1;26;27
0805.4481;0805.4481;0;7;7
0711.3442;0711.3442;0;14;14
0910.4234;0910.4234;0;10;10
0809.0687;0809.0687;0;39;39
0808.0092;0808.0092;0;13;13
0904.3498;0904.3498;0;47;47
hep-th/9307097;hep-th/9307097;1;1;2
0905.4220;0905.4220;0;63;63
hep-th/9412123;hep-th/9412123;0;3;3
hep-th/9111011;hep-th/9111011;2;0;2
hep-th/9412121;hep-th/9412121;0;1;1
0901.4748;0901.4748;0;52;52
hep-th/0611354;hep-th/0611354;0;31;31
0912.5307;0912.5307;0;1;1
quant-ph/0411034;quant-ph/0411034;0;1;1
quant-ph/0411031;quant-ph/0411031;0;2;2
quant-ph/0411032;quant-ph/0411032;1;1;2
0808.0542;0808.0542;0;5;5
hep-th/0010089;hep-th/0010089;1;0;1
hep-th/0106284;hep-th/0106284;0;19;19
0708.1162;0708.1162;0;11;11
math-ph/0311032;math-ph/0311032;1;1;2
0711.4863;0711.4863;0;7;7
0712.3246;0712.3246;0;10;10
0711.4868;0711.4868;0;23;23
hep-th/0308094;hep-th/0308094;1;0;1
0908.0915;0908.0915;0;36;36
hep-th/9802059;hep-th/9802059;0;3;3
math/9806032;math/9806032;0;2;2
hep-th/9802053;hep-th/9802053;0;2;2
hep-th/9711026;hep-th/9711026;1;0;1
0904.1353;0904.1353;0;5;5
0806.2468;0806.2468;0;21;21
0904.4183;0904.4183;0;20;20
astro-ph/9411102;astro-ph/9411102;1;0;1
0711.0209;0711.0209;0;21;21
hep-th/0012201;hep-th/0012201;0;28;28
0910.4906;0910.4906;0;2;2
0709.1551;0709.1551;0;40;40
hep-th/0012206;hep-th/0012206;0;2;2
hep-th/0012204;hep-th/0012204;0;1;1
0709.1554;0709.1554;0;19;19
0807.1366;0807.1366;0;15;15
0710.5692;0710.5692;0;7;7
0811.1198;0811.1198;0;3;3
hep-ph/9911230;hep-ph/9911230;0;1;1
0709.0688;0709.0688;0;5;5
0708.2868;0708.2868;0;11;11
hep-ph/0502244;hep-ph/0502244;4;12;16
0704.3234;0704.3234;0;29;29
0904.0208;0904.0208;0;8;8
0901.1516;0901.1516;0;6;6
0709.0681;0709.0681;0;34;34
0807.0368;0807.0368;0;3;3
hep-th/9208068;hep-th/9208068;1;2;3
0909.1152;0909.1152;0;18;18
0904.4451;0904.4451;0;4;4
0802.0103;0802.0103;0;34;34
0908.2669;0908.2669;0;18;18
0907.1816;0907.1816;0;21;21
0908.3391;0908.3391;0;9;9
0712.0711;0712.0711;0;9;9
0806.3415;0806.3415;0;14;14
0910.1353;0910.1353;0;23;23
0802.3324;0802.3324;0;14;14
0802.3321;0802.3321;0;24;24
q-alg/9503011;q-alg/9503011;1;0;1
hep-th/0105233;hep-th/0105233;1;11;12
hep-th/0306169;hep-th/0306169;0;4;4
gr-qc/9611023;gr-qc/9611023;0;1;1
hep-th/0101099;hep-th/0101099;1;0;1
gr-qc/0109077;gr-qc/0109077;1;1;2
hep-th/0301199;hep-th/0301199;1;3;4
0810.1750;0810.1750;0;17;17
0809.1508;0809.1508;0;25;25
0711.3595;0711.3595;0;11;11
0811.3210;0811.3210;0;5;5
0908.0284;0908.0284;0;1;1
0709.0257;0709.0257;0;36;36
hep-th/0602081;hep-th/0602081;1;21;22
hep-th/0201105;hep-th/0201105;0;7;7
hep-th/0201102;hep-th/0201102;0;14;14
0910.1853;0910.1853;0;7;7
0903.1412;0903.1412;0;10;10
0912.5066;0912.5066;0;15;15
hep-ph/0101242;hep-ph/0101242;0;13;13
0811.0715;0811.0715;0;12;12
0908.0139;0908.0139;0;8;8
0706.0275;0706.0275;0;9;9
0706.0273;0706.0273;0;28;28
0805.4467;0805.4467;0;1;1
hep-th/0605280;hep-th/0605280;1;0;1
hep-th/9804063;hep-th/9804063;2;9;11
hep-th/0612166;hep-th/0612166;1;9;10
0706.0188;0706.0188;0;30;30
hep-th/9607088;hep-th/9607088;1;0;1
0910.5620;0910.5620;0;3;3
0910.5628;0910.5628;0;4;4
hep-th/9905021;hep-th/9905021;0;1;1
0903.4352;0903.4352;0;6;6
hep-th/9905023;hep-th/9905023;0;8;8
0803.3280;0803.3280;0;3;3
0904.0744;0904.0744;0;17;17
cond-mat/0412414;cond-mat/0412414;0;5;5
cond-mat/0401102;cond-mat/0401102;1;6;7
hep-th/0309247;hep-th/0309247;0;4;4
hep-ph/0111231;hep-ph/0111231;0;7;7
hep-th/9905028;hep-th/9905028;0;9;9
hep-th/9905029;hep-th/9905029;1;26;27
0901.2136;0901.2136;0;11;11
0908.3780;0908.3780;0;2;2
hep-ph/0204247;hep-ph/0204247;0;17;17
hep-th/0503065;hep-th/0503065;1;106;107
hep-th/0503062;hep-th/0503062;0;6;6
0809.5033;0809.5033;0;14;14
0809.2050;0809.2050;0;21;21
0809.2053;0809.2053;0;2;2
0706.1635;0706.1635;0;19;19
hep-th/9206054;hep-th/9206054;1;4;5
quant-ph/0407041;quant-ph/0407041;0;1;1
quant-ph/0206175;quant-ph/0206175;1;0;1
0711.2441;0711.2441;0;26;26
0710.3325;0710.3325;0;11;11
gr-qc/0702095;gr-qc/0702095;0;13;13
hep-th/9305140;hep-th/9305140;1;1;2
hep-th/0411148;hep-th/0411148;2;24;26
hep-th/0602169;hep-th/0602169;1;11;12
hep-th/0411213;hep-th/0411213;1;0;1
hep-th/9712163;hep-th/9712163;1;17;18
hep-th/9707045;hep-th/9707045;1;0;1
hep-th/9705164;hep-th/9705164;1;18;19
0812.4747;0812.4747;0;2;2
hep-th/9307067;hep-th/9307067;2;0;2
0710.1129;0710.1129;0;21;21
0711.2072;0711.2072;0;10;10
hep-th/0308115;hep-th/0308115;0;7;7
cond-mat/0305368;cond-mat/0305368;2;0;2
0801.2965;0801.2965;0;4;4
hep-th/9309122;hep-th/9309122;1;0;1
0707.2534;0707.2534;0;8;8
hep-th/0610159;hep-th/0610159;3;11;14
0711.1799;0711.1799;0;18;18
hep-th/9609127;hep-th/9609127;0;1;1
0812.2158;0812.2158;0;18;18
0802.0026;0802.0026;0;2;2
hep-th/9609129;hep-th/9609129;0;2;2
0705.0032;0705.0032;0;17;17
0812.2855;0812.2855;0;3;3
hep-th/0211143;hep-th/0211143;0;5;5
astro-ph/0111080;astro-ph/0111080;2;0;2
0810.2299;0810.2299;0;10;10
0902.1288;0902.1288;0;4;4
0905.2095;0905.2095;0;7;7
0711.1868;0711.1868;0;31;31
0912.2819;0912.2819;0;1;1
hep-th/9605155;hep-th/9605155;0;1;1
hep-lat/9411012;hep-lat/9411012;2;0;2
hep-th/9410216;hep-th/9410216;1;4;5
0810.2161;0810.2161;0;4;4
0904.2879;0904.2879;0;22;22
0904.2873;0904.2873;0;39;39
0904.2870;0904.2870;0;14;14
0705.4613;0705.4613;0;4;4
hep-th/0608126;hep-th/0608126;1;4;5
hep-th/0505146;hep-th/0505146;0;21;21
0802.0470;0802.0470;0;40;40
cond-mat/0407468;cond-mat/0407468;0;1;1
cond-mat/9912378;cond-mat/9912378;1;0;1
hep-th/0504063;hep-th/0504063;0;4;4
hep-th/0111105;hep-th/0111105;0;3;3
hep-th/0306152;hep-th/0306152;2;72;74
gr-qc/0301004;gr-qc/0301004;0;13;13
hep-lat/9711039;hep-lat/9711039;2;5;7
hep-lat/9707002;hep-lat/9707002;1;5;6
0909.2291;0909.2291;0;29;29
hep-th/0003089;hep-th/0003089;0;2;2
hep-th/9712100;hep-th/9712100;1;3;4
hep-th/0007178;hep-th/0007178;1;7;8
hep-th/0009006;hep-th/0009006;1;20;21
hep-ph/0010022;hep-ph/0010022;1;6;7
hep-th/0003083;hep-th/0003083;0;9;9
hep-th/9911024;hep-th/9911024;1;0;1
0808.1419;0808.1419;0;23;23
hep-th/9708100;hep-th/9708100;1;2;3
hep-th/9709057;hep-th/9709057;1;2;3
hep-th/9709056;hep-th/9709056;0;5;5
hep-th/9709052;hep-th/9709052;0;3;3
0710.5051;0710.5051;0;8;8
0812.2315;0812.2315;0;19;19
hep-ph/0507027;hep-ph/0507027;1;1;2
0708.1163;0708.1163;0;17;17
hep-th/9202024;hep-th/9202024;1;0;1
hep-th/9312177;hep-th/9312177;0;3;3
0707.1941;0707.1941;0;38;38
hep-th/9902026;hep-th/9902026;2;9;11
0707.1948;0707.1948;0;19;19
hep-th/9909157;hep-th/9909157;0;11;11
hep-th/9909151;hep-th/9909151;0;3;3
0808.0701;0808.0701;0;10;10
0912.3386;0912.3386;0;15;15
hep-th/9406195;hep-th/9406195;2;5;7
hep-th/9502112;hep-th/9502112;0;4;4
hep-th/9308070;hep-th/9308070;1;1;2
hep-th/9308078;hep-th/9308078;1;0;1
hep-th/9201045;hep-th/9201045;1;0;1
hep-ph/9906413;hep-ph/9906413;2;0;2
0804.3229;0804.3229;0;45;45
0812.3042;0812.3042;0;11;11
hep-th/9403014;hep-th/9403014;0;1;1
hep-th/9403011;hep-th/9403011;0;3;3
hep-th/9305144;hep-th/9305144;1;0;1
hep-lat/0012029;hep-lat/0012029;3;7;10
hep-lat/9607022;hep-lat/9607022;1;0;1
hep-th/9607179;hep-th/9607179;0;1;1
hep-th/9607178;hep-th/9607178;0;4;4
math/0511696;math/0511696;1;5;6
hep-th/0011012;hep-th/0011012;1;0;1
0905.2744;0905.2744;0;2;2
0807.0273;0807.0273;0;26;26
hep-th/9512211;hep-th/9512211;4;15;19
hep-th/0408013;hep-th/0408013;1;5;6
0812.3595;0812.3595;0;2;2
0805.3199;0805.3199;0;2;2
0805.3198;0805.3198;0;18;18
0805.3193;0805.3193;0;8;8
0804.0329;0804.0329;0;3;3
physics/0502092;physics/0502092;0;3;3
0911.4450;0911.4450;0;3;3
hep-th/0312280;hep-th/0312280;1;15;16
0904.0877;0904.0877;0;37;37
0905.1345;0905.1345;0;14;14
0912.2529;0912.2529;0;8;8
hep-ph/9411281;hep-ph/9411281;1;1;2
0909.5298;0909.5298;0;7;7
0705.0008;0705.0008;0;34;34
quant-ph/0502129;quant-ph/0502129;0;1;1
0705.3263;0705.3263;0;27;27
0910.0083;0910.0083;0;12;12
hep-th/9603056;hep-th/9603056;5;7;12
hep-th/9603120;hep-th/9603120;0;2;2
hep-th/9510056;hep-th/9510056;1;0;1
hep-th/9708084;hep-th/9708084;0;5;5
hep-th/9410086;hep-th/9410086;0;6;6
cond-mat/0203294;cond-mat/0203294;2;8;10
hep-th/0105092;hep-th/0105092;1;3;4
quant-ph/0608102;quant-ph/0608102;1;1;2
0811.3806;0811.3806;0;3;3
hep-th/0608116;hep-th/0608116;0;5;5
math/0309201;math/0309201;0;1;1
0804.3840;0804.3840;0;18;18
hep-th/0208208;hep-th/0208208;0;6;6
0810.4677;0810.4677;0;38;38
hep-th/9505057;hep-th/9505057;0;3;3
hep-th/9505056;hep-th/9505056;1;5;6
0705.4581;0705.4581;0;36;36
0902.1307;0902.1307;0;12;12
0804.2893;0804.2893;0;21;21
0804.2890;0804.2890;0;7;7
0910.2274;0910.2274;0;20;20
hep-th/9211013;hep-th/9211013;0;2;2
hep-th/9211017;hep-th/9211017;0;2;2
hep-ph/0507056;hep-ph/0507056;0;4;4
hep-th/0005022;hep-th/0005022;0;1;1
hep-th/9412066;hep-th/9412066;1;0;1
hep-th/0005023;hep-th/0005023;0;5;5
math-ph/0004024;math-ph/0004024;1;0;1
hep-th/0005020;hep-th/0005020;0;11;11
hep-th/0002250;hep-th/0002250;2;25;27
hep-th/0005024;hep-th/0005024;0;5;5
hep-th/9704115;hep-th/9704115;3;25;28
hep-th/9708043;hep-th/9708043;0;5;5
hep-ph/9411304;hep-ph/9411304;1;1;2
hep-th/0109131;hep-th/0109131;1;37;38
hep-th/0303219;hep-th/0303219;0;57;57
hep-th/0406229;hep-th/0406229;2;2;4
hep-th/0701231;hep-th/0701231;0;17;17
0805.4013;0805.4013;0;8;8
hep-ph/9512333;hep-ph/9512333;0;3;3
hep-th/9506080;hep-th/9506080;0;6;6
hep-th/9501007;hep-th/9501007;3;0;3
hep-th/9504040;hep-th/9504040;2;4;6
hep-lat/9904014;hep-lat/9904014;0;7;7
hep-th/9506088;hep-th/9506088;2;4;6
0905.2108;0905.2108;0;34;34
0905.2109;0905.2109;0;3;3
hep-th/0411144;hep-th/0411144;0;5;5
0910.5351;0910.5351;0;12;12
0705.2212;0705.2212;0;12;12
dg-ga/9703019;dg-ga/9703019;0;1;1
0904.3605;0904.3605;0;8;8
0712.1227;0712.1227;0;9;9
0905.3892;0905.3892;0;1;1
0802.0660;0802.0660;0;9;9
hep-th/0703246;hep-th/0703246;2;10;12
astro-ph/0303499;astro-ph/0303499;0;25;25
hep-th/0212311;hep-th/0212311;0;8;8
hep-th/0212315;hep-th/0212315;0;2;2
0706.1030;0706.1030;0;25;25
hep-th/9802157;hep-th/9802157;0;18;18
hep-lat/9402015;hep-lat/9402015;1;0;1
hep-lat/9401036;hep-lat/9401036;1;0;1
hep-lat/9609037;hep-lat/9609037;1;7;8
hep-th/0701102;hep-th/0701102;0;6;6
hep-th/0701105;hep-th/0701105;0;3;3
astro-ph/0007477;astro-ph/0007477;1;1;2
math/0610380;math/0610380;1;0;1
quant-ph/9605023;quant-ph/9605023;0;2;2
quant-ph/9604011;quant-ph/9604011;2;0;2
0907.2788;0907.2788;0;5;5
0710.4080;0710.4080;0;17;17
0812.1594;0812.1594;0;31;31
0910.4001;0910.4001;0;28;28
0704.1256;0704.1256;0;32;32
hep-th/0310278;hep-th/0310278;1;5;6
hep-th/0311022;hep-th/0311022;1;6;7
0807.0710;0807.0710;0;14;14
hep-ph/9509418;hep-ph/9509418;1;4;5
hep-th/9908049;hep-th/9908049;1;64;65
0806.0568;0806.0568;0;25;25
hep-th/9507028;hep-th/9507028;0;1;1
0902.4731;0902.4731;0;26;26
0711.3519;0711.3519;0;9;9
0807.0894;0807.0894;0;3;3
0705.3902;0705.3902;0;2;2
0709.2419;0709.2419;0;3;3
hep-th/9901083;hep-th/9901083;1;0;1
hep-th/9707138;hep-th/9707138;0;2;2
hep-th/0110045;hep-th/0110045;1;3;4
hep-th/9907162;hep-th/9907162;1;3;4
hep-th/0110043;hep-th/0110043;0;9;9
hep-lat/0004014;hep-lat/0004014;1;8;9
0711.3860;0711.3860;0;5;5
quant-ph/0301027;quant-ph/0301027;0;2;2
quant-ph/0101139;quant-ph/0101139;3;0;3
quant-ph/0211053;quant-ph/0211053;1;1;2
hep-lat/0509060;hep-lat/0509060;0;11;11
hep-ph/0702236;hep-ph/0702236;2;4;6
0711.3228;0711.3228;0;8;8
0707.2958;0707.2958;0;30;30
0706.3304;0706.3304;0;7;7
hep-th/0105104;hep-th/0105104;1;11;12
0806.2634;0806.2634;0;24;24
cond-mat/0106190;cond-mat/0106190;0;1;1
hep-th/0605054;hep-th/0605054;0;15;15
0903.0495;0903.0495;0;1;1
0909.0402;0909.0402;0;19;19
hep-th/0307062;hep-th/0307062;2;10;12
0909.5435;0909.5435;0;2;2
0903.3223;0903.3223;0;5;5
0903.3227;0903.3227;0;2;2
cond-mat/0006367;cond-mat/0006367;1;0;1
0803.1703;0803.1703;0;11;11
0709.4674;0709.4674;0;11;11
0803.1704;0803.1704;0;17;17
hep-th/0203252;hep-th/0203252;1;9;10
hep-th/0209063;hep-th/0209063;0;9;9
astro-ph/9804289;astro-ph/9804289;0;10;10
hep-th/0605056;hep-th/0605056;0;13;13
0806.3929;0806.3929;0;26;26
0810.4346;0810.4346;0;21;21
0705.2056;0705.2056;0;3;3
0909.4189;0909.4189;0;3;3
0811.4195;0811.4195;0;13;13
0901.1881;0901.1881;0;50;50
0811.3624;0811.3624;0;28;28
0802.2840;0802.2840;0;21;21
0902.1611;0902.1611;0;3;3
0904.2092;0904.2092;0;41;41
gr-qc/9704020;gr-qc/9704020;0;1;1
hep-th/0703220;hep-th/0703220;4;22;26
hep-th/0111029;hep-th/0111029;1;3;4
gr-qc/9406052;gr-qc/9406052;1;2;3
0901.0662;0901.0662;0;10;10
hep-th/0101186;hep-th/0101186;3;0;3
hep-th/0111023;hep-th/0111023;0;6;6
hep-th/9210006;hep-th/9210006;0;2;2
gr-qc/9808064;gr-qc/9808064;0;1;1
0810.1936;0810.1936;0;5;5
0909.4238;0909.4238;0;15;15
0810.1096;0810.1096;0;30;30
hep-ph/9601223;hep-ph/9601223;0;2;2
0810.1098;0810.1098;0;3;3
0809.0160;0809.0160;0;8;8
0909.4525;0909.4525;0;14;14
0905.4483;0905.4483;0;7;7
0706.0025;0706.0025;0;10;10
0706.0021;0706.0021;0;22;22
0907.1830;0907.1830;0;43;43
0709.1910;0709.1910;0;40;40
astro-ph/0503099;astro-ph/0503099;1;1;2
0807.0284;0807.0284;0;6;6
0907.3982;0907.3982;0;8;8
0806.4670;0806.4670;0;24;24
0908.1110;0908.1110;0;15;15
chao-dyn/9810033;chao-dyn/9810033;2;5;7
hep-th/9911236;hep-th/9911236;0;7;7
0707.1426;0707.1426;0;30;30
0901.0459;0901.0459;0;4;4
physics/0612171;physics/0612171;0;15;15
0909.1000;0909.1000;0;152;152
hep-th/0610098;hep-th/0610098;2;0;2
0712.0577;0712.0577;0;5;5
0909.2173;0909.2173;0;57;57
hep-th/0511176;hep-th/0511176;0;6;6
hep-th/0511174;hep-th/0511174;0;15;15
hep-th/9301104;hep-th/9301104;0;3;3
hep-th/9210077;hep-th/9210077;2;0;2
math-ph/0011014;math-ph/0011014;0;14;14
hep-th/9808118;hep-th/9808118;2;0;2
hep-th/0601090;hep-th/0601090;0;10;10
0805.2776;0805.2776;0;6;6
hep-th/9301109;hep-th/9301109;0;1;1
hep-th/9301108;hep-th/9301108;1;2;3
0901.0987;0901.0987;0;6;6
0711.0272;0711.0272;0;4;4
hep-th/0002068;hep-th/0002068;1;4;5
hep-th/0001061;hep-th/0001061;1;2;3
hep-th/9405053;hep-th/9405053;2;0;2
0711.2543;0711.2543;0;1;1
0904.1698;0904.1698;0;4;4
hep-ph/9406298;hep-ph/9406298;2;0;2
0801.2639;0801.2639;0;2;2
solv-int/9904012;solv-int/9904012;1;12;13
hep-lat/0308022;hep-lat/0308022;1;1;2
0910.5010;0910.5010;0;21;21
hep-th/9903200;hep-th/9903200;1;3;4
0811.2029;0811.2029;0;5;5
0809.2244;0809.2244;0;27;27
0809.2245;0809.2245;0;51;51
hep-th/9405192;hep-th/9405192;1;2;3
hep-lat/0612019;hep-lat/0612019;0;1;1
0806.0030;0806.0030;0;34;34
0802.0321;0802.0321;0;6;6
0712.2379;0712.2379;0;11;11
0712.4017;0712.4017;0;36;36
hep-th/9311030;hep-th/9311030;0;1;1
hep-th/9311036;hep-th/9311036;1;2;3
hep-th/9311039;hep-th/9311039;0;1;1
hep-ph/9912480;hep-ph/9912480;0;14;14
0707.1094;0707.1094;0;15;15
0712.2031;0712.2031;0;25;25
0911.3286;0911.3286;0;26;26
0911.4797;0911.4797;0;15;15
0910.0554;0910.0554;0;20;20
0902.0560;0902.0560;0;8;8
0710.2773;0710.2773;0;31;31
hep-th/9609088;hep-th/9609088;0;2;2
hep-th/9403048;hep-th/9403048;3;31;34
hep-th/0108037;hep-th/0108037;0;14;14
hep-th/0108031;hep-th/0108031;1;17;18
hep-th/0108030;hep-th/0108030;2;2;4
0708.3393;0708.3393;0;35;35
hep-th/0108038;hep-th/0108038;0;14;14
hep-th/9907157;hep-th/9907157;4;15;19
0806.0192;0806.0192;0;50;50
0804.2084;0804.2084;0;8;8
hep-th/0503214;hep-th/0503214;1;30;31
cond-mat/9211008;cond-mat/9211008;1;0;1
0710.2956;0710.2956;0;45;45
0811.3393;0811.3393;0;23;23
0810.0524;0810.0524;0;1;1
hep-th/9903154;hep-th/9903154;0;6;6
0912.1509;0912.1509;0;41;41
hep-th/9903159;hep-th/9903159;0;5;5
0910.5751;0910.5751;0;17;17
0911.5136;0911.5136;0;19;19
math/0003082;math/0003082;2;10;12
0802.0322;0802.0322;0;57;57
0911.4141;0911.4141;0;2;2
0709.3111;0709.3111;0;4;4
hep-th/0702182;hep-th/0702182;1;52;53
0910.2755;0910.2755;0;10;10
hep-th/0303242;hep-th/0303242;1;0;1
hep-ph/0102283;hep-ph/0102283;2;0;2
hep-th/0307250;hep-th/0307250;0;1;1
0810.4301;0810.4301;0;26;26
math-ph/0507010;math-ph/0507010;0;1;1
0912.3039;0912.3039;0;45;45
0903.4214;0903.4214;0;19;19
quant-ph/0604127;quant-ph/0604127;0;3;3
0804.3161;0804.3161;0;18;18
0810.4308;0810.4308;0;7;7
0803.0131;0803.0131;0;8;8
0706.2269;0706.2269;0;31;31
hep-th/9310072;hep-th/9310072;0;5;5
hep-th/9310077;hep-th/9310077;0;6;6
hep-th/0502164;hep-th/0502164;0;19;19
hep-th/0502163;hep-th/0502163;0;1;1
hep-th/0410285;hep-th/0410285;1;0;1
0910.1613;0910.1613;0;5;5
math/9905010;math/9905010;4;1;5
hep-th/9608020;hep-th/9608020;2;6;8
0801.2367;0801.2367;0;3;3
cond-mat/9510132;cond-mat/9510132;1;0;1
0907.0134;0907.0134;0;12;12
hep-th/9606010;hep-th/9606010;1;5;6
0806.3219;0806.3219;0;23;23
0807.2179;0807.2179;0;1;1
0910.2653;0910.2653;0;6;6
0705.3207;0705.3207;0;10;10
hep-th/9908122;hep-th/9908122;0;4;4
hep-th/9902056;hep-th/9902056;1;0;1
0906.4562;0906.4562;0;13;13
0906.3518;0906.3518;0;157;157
cond-mat/9711069;cond-mat/9711069;3;3;6
0903.5524;0903.5524;0;46;46
hep-th/0304112;hep-th/0304112;1;6;7
chao-dyn/9706016;chao-dyn/9706016;1;0;1
hep-th/9502093;hep-th/9502093;0;2;2
hep-th/0102139;hep-th/0102139;0;2;2
hep-th/0102136;hep-th/0102136;0;5;5
hep-th/0102133;hep-th/0102133;0;17;17
hep-th/0010077;hep-th/0010077;1;13;14
0812.4201;0812.4201;0;5;5
0812.4600;0812.4600;0;19;19
0705.1966;0705.1966;0;18;18
0812.2292;0812.2292;0;3;3
0712.0341;0712.0341;0;17;17
0801.0218;0801.0218;0;32;32
gr-qc/0410077;gr-qc/0410077;1;4;5
gr-qc/0509006;gr-qc/0509006;1;6;7
hep-th/0703259;hep-th/0703259;0;2;2
hep-th/0602282;hep-th/0602282;1;10;11
0709.4392;0709.4392;0;38;38
hep-lat/9711052;hep-lat/9711052;2;1;3
0905.1043;0905.1043;0;10;10
0903.5231;0903.5231;0;18;18
gr-qc/0608110;gr-qc/0608110;0;10;10
0808.4026;0808.4026;0;6;6
0709.4395;0709.4395;0;11;11
0712.2824;0712.2824;0;50;50
hep-ph/0111126;hep-ph/0111126;0;17;17
0712.2821;0712.2821;0;16;16
0712.2822;0712.2822;0;25;25
hep-th/0310076;hep-th/0310076;3;4;7
hep-th/0405130;hep-th/0405130;0;36;36
hep-th/9312151;hep-th/9312151;2;7;9
hep-th/0610215;hep-th/0610215;3;0;3
hep-th/0702156;hep-th/0702156;1;9;10
hep-th/0702157;hep-th/0702157;0;10;10
hep-th/0510160;hep-th/0510160;1;0;1
quant-ph/0406036;quant-ph/0406036;2;0;2
math-ph/0506033;math-ph/0506033;1;0;1
0710.0411;0710.0411;0;30;30
0706.0231;0706.0231;0;2;2
0804.1623;0804.1623;0;8;8
0810.4889;0810.4889;0;9;9
0809.4844;0809.4844;0;5;5
0810.4886;0810.4886;0;19;19
0808.0936;0808.0936;0;13;13
0810.4885;0810.4885;0;18;18
0910.0637;0910.0637;0;34;34
hep-th/0510179;hep-th/0510179;0;11;11
hep-th/9503054;hep-th/9503054;0;6;6
hep-th/9210161;hep-th/9210161;1;0;1
hep-th/9503052;hep-th/9503052;1;3;4
hep-th/0701164;hep-th/0701164;0;8;8
0912.1061;0912.1061;0;20;20
0708.2463;0708.2463;0;11;11
hep-th/9304138;hep-th/9304138;1;0;1
hep-th/9210097;hep-th/9210097;1;0;1
0705.4012;0705.4012;0;7;7
hep-th/0701165;hep-th/0701165;0;10;10
0801.4015;0801.4015;0;45;45
hep-th/9406218;hep-th/9406218;1;0;1
0712.2236;0712.2236;0;8;8
0909.2807;0909.2807;0;1;1
gr-qc/0512023;gr-qc/0512023;1;3;4
0903.5184;0903.5184;0;19;19
hep-th/9801156;hep-th/9801156;1;12;13
hep-th/9801150;hep-th/9801150;0;2;2
0907.1636;0907.1636;0;3;3
0709.4478;0709.4478;0;9;9
0705.2690;0705.2690;0;6;6
0711.3352;0711.3352;0;10;10
hep-th/9410083;hep-th/9410083;2;0;2
hep-th/0401149;hep-th/0401149;0;29;29
0906.0908;0906.0908;0;17;17
0812.1426;0812.1426;0;8;8
cond-mat/0006176;cond-mat/0006176;0;1;1
cond-mat/9906199;cond-mat/9906199;1;0;1
cond-mat/0611082;cond-mat/0611082;0;4;4
0705.3540;0705.3540;0;54;54
0705.3542;0705.3542;0;9;9
0705.3546;0705.3546;0;5;5
hep-ph/9510217;hep-ph/9510217;0;1;1
math/0612161;math/0612161;0;3;3
0912.2784;0912.2784;0;6;6
astro-ph/0512641;astro-ph/0512641;1;1;2
cond-mat/0604595;cond-mat/0604595;0;3;3
0802.3224;0802.3224;0;7;7
hep-th/0608097;hep-th/0608097;0;7;7
hep-th/0510257;hep-th/0510257;1;1;2
hep-th/0608095;hep-th/0608095;0;52;52
physics/0507107;physics/0507107;0;2;2
0912.2743;0912.2743;0;5;5
0904.3437;0904.3437;0;25;25
0912.2740;0912.2740;0;11;11
0809.0623;0809.0623;0;10;10
0809.0624;0809.0624;0;12;12
0712.0867;0712.0867;0;1;1
hep-th/9109004;hep-th/9109004;1;0;1
hep-th/9212080;hep-th/9212080;0;1;1
hep-th/9212087;hep-th/9212087;0;1;1
0806.3316;0806.3316;0;14;14
0803.3259;0803.3259;0;8;8
0911.4551;0911.4551;0;30;30
hep-th/9911038;hep-th/9911038;1;6;7
hep-th/9910085;hep-th/9910085;2;12;14
hep-th/9911033;hep-th/9911033;0;5;5
hep-th/9510219;hep-th/9510219;1;1;2
hep-th/9606155;hep-th/9606155;6;0;6
hep-th/9908079;hep-th/9908079;1;3;4
hep-th/9705168;hep-th/9705168;2;2;4
hep-th/9911034;hep-th/9911034;0;48;48
hep-th/0301210;hep-th/0301210;0;3;3
0809.3878;0809.3878;0;5;5
hep-th/9901081;hep-th/9901081;1;0;1
0708.1317;0708.1317;0;64;64
0812.1891;0812.1891;0;4;4
gr-qc/0409024;gr-qc/0409024;1;5;6
0905.3465;0905.3465;0;10;10
0905.3461;0905.3461;0;17;17
hep-th/9409194;hep-th/9409194;1;0;1
solv-int/9510001;solv-int/9510001;0;3;3
quant-ph/9502014;quant-ph/9502014;1;0;1
quant-ph/9506037;quant-ph/9506037;1;0;1
quant-ph/9506033;quant-ph/9506033;1;0;1
solv-int/9510008;solv-int/9510008;0;1;1
0810.2572;0810.2572;0;11;11
0712.2240;0712.2240;0;13;13
quant-ph/9904004;quant-ph/9904004;3;0;3
hep-th/0508152;hep-th/0508152;0;1;1
hep-th/0508157;hep-th/0508157;0;15;15
0711.0056;0711.0056;0;3;3
0906.2525;0906.2525;0;28;28
0711.0054;0711.0054;0;21;21
cond-mat/9904043;cond-mat/9904043;1;0;1
hep-th/0608216;hep-th/0608216;1;7;8
hep-th/0609052;hep-th/0609052;0;13;13
0806.3905;0806.3905;0;71;71
0807.3349;0807.3349;0;36;36
0803.4087;0803.4087;0;18;18
0706.1203;0706.1203;0;2;2
0711.4771;0711.4771;0;28;28
0706.1209;0706.1209;0;19;19
astro-ph/0612279;astro-ph/0612279;1;11;12
0911.4557;0911.4557;0;19;19
0903.4524;0903.4524;0;5;5
0802.0973;0802.0973;0;36;36
0803.4474;0803.4474;0;214;214
math/0701518;math/0701518;1;18;19
hep-th/0612154;hep-th/0612154;0;7;7
hep-th/0612156;hep-th/0612156;0;4;4
hep-th/0612151;hep-th/0612151;0;1;1
hep-th/0612152;hep-th/0612152;1;4;5
hep-th/0612158;hep-th/0612158;0;10;10
q-alg/9611003;q-alg/9611003;0;2;2
q-alg/9610026;q-alg/9610026;1;0;1
hep-th/9702158;hep-th/9702158;0;10;10
0806.3565;0806.3565;0;16;16
hep-th/9908078;hep-th/9908078;0;2;2
hep-th/0006188;hep-th/0006188;1;7;8
hep-th/0212104;hep-th/0212104;0;4;4
0707.3922;0707.3922;0;11;11
0802.0398;0802.0398;0;35;35
0708.1226;0708.1226;0;47;47
nlin/0004034;nlin/0004034;2;10;12
0808.2448;0808.2448;0;5;5
gr-qc/9310014;gr-qc/9310014;0;1;1
0811.0367;0811.0367;0;25;25
quant-ph/9809027;quant-ph/9809027;0;4;4
0902.4678;0902.4678;0;33;33
0809.2734;0809.2734;0;21;21
0911.2596;0911.2596;0;4;4
0911.2595;0911.2595;0;17;17
gr-qc/0009014;gr-qc/0009014;0;13;13
math/0305268;math/0305268;0;14;14
q-alg/9504022;q-alg/9504022;1;0;1
hep-th/0307096;hep-th/0307096;0;15;15
hep-th/0307090;hep-th/0307090;0;10;10
hep-th/0307093;hep-th/0307093;0;1;1
0904.0862;0904.0862;0;22;22
0802.0028;0802.0028;0;4;4
hep-th/0401121;hep-th/0401121;1;0;1
hep-th/9703203;hep-th/9703203;0;1;1
hep-th/9703207;hep-th/9703207;0;4;4
hep-th/9512198;hep-th/9512198;1;6;7
0808.1512;0808.1512;0;7;7
0910.4036;0910.4036;0;3;3
0912.4280;0912.4280;0;3;3
0910.0822;0910.0822;0;42;42
0905.1168;0905.1168;0;26;26
0904.1738;0904.1738;0;5;5
hep-th/9506094;hep-th/9506094;2;0;2
hep-th/0512160;hep-th/0512160;0;15;15
hep-th/0110233;hep-th/0110233;0;2;2
math-ph/0007012;math-ph/0007012;1;1;2
hep-th/0110239;hep-th/0110239;1;10;11
hep-ph/0102239;hep-ph/0102239;0;5;5
hep-th/0011210;hep-th/0011210;0;3;3
0802.1193;0802.1193;0;14;14
0909.0410;0909.0410;0;7;7
hep-th/0308152;hep-th/0308152;1;0;1
0903.3977;0903.3977;0;20;20
0811.4187;0811.4187;0;2;2
0901.1137;0901.1137;0;10;10
hep-th/0202177;hep-th/0202177;1;22;23
0810.2561;0810.2561;0;9;9
hep-th/0203183;hep-th/0203183;0;7;7
0903.2194;0903.2194;0;12;12
0811.4393;0811.4393;0;18;18
0902.2956;0902.2956;0;24;24
hep-lat/0604003;hep-lat/0604003;0;41;41
hep-ph/0501239;hep-ph/0501239;1;12;13
gr-qc/0701104;gr-qc/0701104;0;7;7
gr-qc/0701103;gr-qc/0701103;1;0;1
0704.1960;0704.1960;0;6;6
hep-th/0610146;hep-th/0610146;0;2;2
hep-th/0610141;hep-th/0610141;0;4;4
hep-th/0604114;hep-th/0604114;2;35;37
hep-th/0610142;hep-th/0610142;1;4;5
gr-qc/0112078;gr-qc/0112078;1;0;1
gr-qc/0010098;gr-qc/0010098;1;0;1
hep-th/9407144;hep-th/9407144;0;4;4
hep-th/9407145;hep-th/9407145;0;6;6
hep-th/0510141;hep-th/0510141;0;5;5
hep-th/0504212;hep-th/0504212;0;16;16
hep-th/0510149;hep-th/0510149;0;11;11
0905.2406;0905.2406;0;7;7
hep-lat/9303014;hep-lat/9303014;0;1;1
0811.4129;0811.4129;0;22;22
0908.3224;0908.3224;0;2;2
hep-ph/0105272;hep-ph/0105272;0;6;6
0901.0722;0901.0722;0;5;5
0904.3293;0904.3293;0;12;12
0912.2771;0912.2771;0;32;32
0912.2770;0912.2770;0;25;25
0712.4212;0712.4212;0;17;17
0905.2273;0905.2273;0;48;48
hep-th/9904108;hep-th/9904108;0;1;1
hep-th/9908016;hep-th/9908016;2;0;2
hep-th/9910087;hep-th/9910087;1;56;57
0911.1811;0911.1811;0;23;23
0901.3386;0901.3386;0;4;4
quant-ph/0606012;quant-ph/0606012;0;8;8
0706.0610;0706.0610;0;83;83
physics/0403009;physics/0403009;0;1;1
hep-th/0006038;hep-th/0006038;1;8;9
astro-ph/9811143;astro-ph/9811143;3;0;3
0911.0352;0911.0352;0;4;4
0705.0545;0705.0545;0;24;24
0911.0557;0911.0557;0;9;9
hep-th/0203086;hep-th/0203086;0;1;1
0704.1452;0704.1452;0;51;51
hep-th/0203087;hep-th/0203087;1;6;7
0802.3575;0802.3575;0;39;39
hep-th/9901052;hep-th/9901052;0;2;2
hep-ph/9808435;hep-ph/9808435;1;2;3
hep-th/0304185;hep-th/0304185;1;1;2
hep-th/0212129;hep-th/0212129;3;0;3
0810.2365;0810.2365;0;14;14
hep-th/0304189;hep-th/0304189;1;2;3
0807.4342;0807.4342;0;16;16
hep-ph/9809218;hep-ph/9809218;2;18;20
0709.4262;0709.4262;0;22;22
hep-th/9511114;hep-th/9511114;0;3;3
0801.2094;0801.2094;0;34;34
hep-th/0202181;hep-th/0202181;0;18;18
0712.3512;0712.3512;0;9;9
0712.3513;0712.3513;0;25;25
0712.3514;0712.3514;0;12;12
0801.0820;0801.0820;0;11;11
math/0401367;math/0401367;2;0;2
0901.2570;0901.2570;0;2;2
0909.1730;0909.1730;0;1;1
0712.4082;0712.4082;0;8;8
0708.2798;0708.2798;0;13;13
0909.1737;0909.1737;0;16;16
gr-qc/0601004;gr-qc/0601004;1;1;2
0903.2198;0903.2198;0;25;25
0904.0459;0904.0459;0;12;12
0911.1006;0911.1006;0;17;17
0905.4547;0905.4547;0;7;7
0904.0455;0904.0455;0;17;17
gr-qc/9311009;gr-qc/9311009;0;2;2
0904.0453;0904.0453;0;14;14
0711.3822;0711.3822;0;16;16
0903.5043;0903.5043;0;7;7
0807.2696;0807.2696;0;16;16
quant-ph/0409011;quant-ph/0409011;0;1;1
quant-ph/0001029;quant-ph/0001029;1;0;1
0903.1840;0903.1840;0;6;6
0711.1514;0711.1514;0;2;2
0803.0291;0803.0291;0;12;12
gr-qc/0606024;gr-qc/0606024;0;30;30
0803.1963;0803.1963;0;18;18
0810.0985;0810.0985;0;1;1
0708.0589;0708.0589;0;20;20
quant-ph/0111037;quant-ph/0111037;1;0;1
hep-th/0403222;hep-th/0403222;1;5;6
hep-th/0310249;hep-th/0310249;1;7;8
0801.3324;0801.3324;0;29;29
astro-ph/0503609;astro-ph/0503609;3;0;3
0801.3326;0801.3326;0;26;26
hep-th/0007182;hep-th/0007182;1;3;4
0704.0837;0704.0837;0;1;1
0806.3391;0806.3391;0;20;20
0807.2032;0807.2032;0;7;7
0708.1989;0708.1989;0;25;25
hep-lat/0307031;hep-lat/0307031;2;39;41
0705.3150;0705.3150;0;26;26
0708.3633;0708.3633;0;3;3
0907.1450;0907.1450;0;9;9
0710.3743;0710.3743;0;8;8
0805.2653;0805.2653;0;8;8
cond-mat/0101129;cond-mat/0101129;0;3;3
hep-th/9310137;hep-th/9310137;0;12;12
hep-ph/9910330;hep-ph/9910330;1;15;16
0710.5741;0710.5741;0;27;27
hep-th/0703273;hep-th/0703273;2;29;31
0710.5744;0710.5744;0;11;11
cond-mat/9706238;cond-mat/9706238;0;1;1
0911.2655;0911.2655;0;3;3
0708.4005;0708.4005;0;8;8
0708.4000;0708.4000;0;1;1
hep-th/0507192;hep-th/0507192;2;0;2
hep-th/9912069;hep-th/9912069;0;9;9
hep-th/0603187;hep-th/0603187;1;3;4
hep-th/0603181;hep-th/0603181;0;27;27
hep-th/9904066;hep-th/9904066;3;12;15
hep-th/9912063;hep-th/9912063;3;17;20
hep-th/9612190;hep-th/9612190;0;14;14
hep-th/9612193;hep-th/9612193;3;2;5
gr-qc/0207064;gr-qc/0207064;0;7;7
gr-qc/9506034;gr-qc/9506034;2;0;2
astro-ph/0202505;astro-ph/0202505;1;2;3
0711.0176;0711.0176;0;46;46
hep-th/0403211;hep-th/0403211;0;4;4
0905.1709;0905.1709;0;10;10
0801.2536;0801.2536;0;24;24
hep-th/0107026;hep-th/0107026;3;0;3
gr-qc/0507050;gr-qc/0507050;1;10;11
gr-qc/9606014;gr-qc/9606014;0;5;5
hep-th/0612278;hep-th/0612278;0;11;11
0910.0351;0910.0351;0;4;4
hep-th/0612135;hep-th/0612135;2;6;8
0708.2455;0708.2455;0;2;2
0905.4557;0905.4557;0;31;31
hep-th/0106208;hep-th/0106208;0;3;3
quant-ph/9806044;quant-ph/9806044;0;1;1
0905.2534;0905.2534;0;6;6
0910.2916;0910.2916;0;13;13
0812.2336;0812.2336;0;11;11
0805.1685;0805.1685;0;9;9
hep-ph/0207090;hep-ph/0207090;0;6;6
hep-lat/0301017;hep-lat/0301017;1;7;8
0710.2474;0710.2474;0;34;34
0907.0765;0907.0765;0;8;8
0903.2084;0903.2084;0;31;31
math/0608324;math/0608324;2;0;2
0903.2083;0903.2083;0;34;34
hep-th/0312207;hep-th/0312207;1;3;4
0708.0366;0708.0366;0;42;42
0804.1343;0804.1343;0;10;10
0712.0570;0712.0570;0;7;7
quant-ph/0610026;quant-ph/0610026;0;1;1
0801.3662;0801.3662;0;4;4
0903.0823;0903.0823;0;2;2
0911.3548;0911.3548;0;24;24
0704.2853;0704.2853;0;31;31
0804.0434;0804.0434;0;34;34
0709.4057;0709.4057;0;5;5
hep-th/9609132;hep-th/9609132;1;0;1
0911.3609;0911.3609;0;3;3
astro-ph/0102355;astro-ph/0102355;0;4;4
hep-th/0312281;hep-th/0312281;1;11;12
hep-th/0308065;hep-th/0308065;3;32;35
0801.4354;0801.4354;0;42;42
0812.0399;0812.0399;0;14;14
0903.2559;0903.2559;0;35;35
0709.4053;0709.4053;0;5;5
hep-ph/0211118;hep-ph/0211118;1;0;1
0806.2041;0806.2041;0;37;37
hep-th/0605081;hep-th/0605081;2;45;47
0807.1099;0807.1099;0;25;25
0904.1554;0904.1554;0;13;13
0807.1992;0807.1992;0;13;13
hep-th/9206012;hep-th/9206012;1;0;1
gr-qc/0502069;gr-qc/0502069;4;14;18
hep-th/0311170;hep-th/0311170;0;13;13
hep-th/0311174;hep-th/0311174;0;5;5
hep-th/0311176;hep-th/0311176;0;15;15
0710.4907;0710.4907;0;20;20
0805.1310;0805.1310;0;64;64
0710.4900;0710.4900;0;37;37
0708.2970;0708.2970;0;29;29
0809.2540;0809.2540;0;6;6
0709.2128;0709.2128;0;26;26
0904.0733;0904.0733;0;2;2
gr-qc/0701115;gr-qc/0701115;1;0;1
0710.0623;0710.0623;0;16;16
0911.0010;0911.0010;0;6;6
0710.0620;0710.0620;0;41;41
0710.0627;0710.0627;0;9;9
0910.4986;0910.4986;0;20;20
0806.1954;0806.1954;0;29;29
0904.1556;0904.1556;0;2;2
0805.4182;0805.4182;0;5;5
0806.1953;0806.1953;0;20;20
0809.2549;0809.2549;0;12;12
hep-th/9805001;hep-th/9805001;1;6;7
hep-th/0603072;hep-th/0603072;0;3;3
0910.2777;0910.2777;0;10;10
0912.4268;0912.4268;0;16;16
0912.4265;0912.4265;0;2;2
0912.4261;0912.4261;0;16;16
0808.2327;0808.2327;0;8;8
solv-int/9710002;solv-int/9710002;1;0;1
0709.1661;0709.1661;0;39;39
0807.4098;0807.4098;0;32;32
0711.0786;0711.0786;0;16;16
0704.3810;0704.3810;0;1;1
0712.2228;0712.2228;0;79;79
quant-ph/0209034;quant-ph/0209034;0;2;2
0904.2688;0904.2688;0;12;12
cond-mat/0403513;cond-mat/0403513;1;0;1
0709.0536;0709.0536;0;13;13
0805.0956;0805.0956;0;37;37
0908.0209;0908.0209;0;21;21
0706.3898;0706.3898;0;2;2
0910.0766;0910.0766;0;4;4
0809.0184;0809.0184;0;5;5
0911.4241;0911.4241;0;2;2
0906.4983;0906.4983;0;5;5
0805.0951;0805.0951;0;12;12
hep-th/9704068;hep-th/9704068;1;5;6
hep-th/0209267;hep-th/0209267;2;13;15
hep-th/9704066;hep-th/9704066;0;9;9
hep-th/9411215;hep-th/9411215;1;2;3
0904.2190;0904.2190;0;7;7
0704.2234;0704.2234;0;7;7
0809.0459;0809.0459;0;1;1
cond-mat/9711310;cond-mat/9711310;2;0;2
0806.2363;0806.2363;0;25;25
hep-th/0509188;hep-th/0509188;1;2;3
0903.0988;0903.0988;0;3;3
0706.4285;0706.4285;0;16;16
hep-th/9410171;hep-th/9410171;0;4;4
hep-th/9410170;hep-th/9410170;0;6;6
hep-th/9302039;hep-th/9302039;4;2;6
hep-th/9410179;hep-th/9410179;1;1;2
0807.1897;0807.1897;0;29;29
gr-qc/0411074;gr-qc/0411074;0;7;7
hep-ex/0110027;hep-ex/0110027;0;1;1
hep-ex/0108040;hep-ex/0108040;1;0;1
hep-th/0509162;hep-th/0509162;0;3;3
hep-th/0509166;hep-th/0509166;0;30;30
0906.5135;0906.5135;0;44;44
0706.4137;0706.4137;0;15;15
0906.5139;0906.5139;0;4;4
hep-th/0209097;hep-th/0209097;0;5;5
hep-th/9406038;hep-th/9406038;0;2;2
0711.0939;0711.0939;0;8;8
0711.0931;0711.0931;0;22;22
0902.2194;0902.2194;0;36;36
0810.2922;0810.2922;0;15;15
math-ph/0205005;math-ph/0205005;2;5;7
0904.4929;0904.4929;0;22;22
hep-ph/0406083;hep-ph/0406083;0;6;6
0811.2694;0811.2694;0;11;11
0902.3512;0902.3512;0;21;21
0708.2210;0708.2210;0;3;3
hep-th/9705086;hep-th/9705086;1;2;3
0709.0432;0709.0432;0;35;35
0905.3342;0905.3342;0;3;3
0801.4792;0801.4792;0;4;4
hep-th/9902151;hep-th/9902151;1;21;22
0810.2382;0810.2382;0;2;2
0801.4793;0801.4793;0;16;16
hep-th/9311125;hep-th/9311125;1;0;1
hep-th/0506163;hep-th/0506163;0;6;6
0908.3918;0908.3918;0;10;10
hep-th/9303008;hep-th/9303008;1;0;1
0904.3317;0904.3317;0;11;11
hep-th/9305065;hep-th/9305065;0;2;2
hep-th/9806182;hep-th/9806182;1;26;27
hep-th/0105003;hep-th/0105003;0;2;2
hep-th/0105004;hep-th/0105004;0;1;1
0706.2857;0706.2857;0;21;21
0706.2859;0706.2859;0;11;11
0803.1987;0803.1987;0;24;24
0904.2205;0904.2205;0;16;16
hep-th/0006065;hep-th/0006065;0;9;9
hep-th/9812179;hep-th/9812179;3;1;4
hep-th/9110061;hep-th/9110061;1;0;1
hep-th/0612295;hep-th/0612295;1;20;21
hep-th/9702051;hep-th/9702051;0;13;13
hep-th/0411258;hep-th/0411258;0;32;32
hep-th/0411259;hep-th/0411259;0;1;1
0704.3570;0704.3570;0;63;63
0812.4219;0812.4219;0;48;48
0802.0720;0802.0720;0;9;9
0802.0723;0802.0723;0;11;11
0706.3817;0706.3817;0;10;10
0911.5635;0911.5635;0;21;21
0804.2762;0804.2762;0;6;6
cond-mat/0612645;cond-mat/0612645;1;3;4
0706.3811;0706.3811;0;43;43
0911.2947;0911.2947;0;6;6
0911.2943;0911.2943;0;25;25
0712.0573;0712.0573;0;35;35
gr-qc/9609048;gr-qc/9609048;0;8;8
0907.3732;0907.3732;0;1;1
0908.1702;0908.1702;0;7;7
0908.1703;0908.1703;0;20;20
cond-mat/0612656;cond-mat/0612656;0;1;1
cond-mat/0610266;cond-mat/0610266;1;0;1
hep-ph/0509290;hep-ph/0509290;0;5;5
0812.2401;0812.2401;0;5;5
hep-th/9708052;hep-th/9708052;2;2;4
0705.3656;0705.3656;0;2;2
0810.5444;0810.5444;0;10;10
hep-th/0107203;hep-th/0107203;1;7;8
hep-ph/0606038;hep-ph/0606038;0;6;6
0910.0926;0910.0926;0;1;1
0708.1471;0708.1471;0;5;5
0708.1472;0708.1472;0;13;13
0710.4140;0710.4140;0;38;38
hep-th/0409076;hep-th/0409076;1;4;5
astro-ph/0301039;astro-ph/0301039;0;3;3
hep-th/9502104;hep-th/9502104;1;11;12
hep-th/9703011;hep-th/9703011;0;4;4
hep-th/9611022;hep-th/9611022;1;0;1
hep-th/9703015;hep-th/9703015;2;5;7
cond-mat/9511003;cond-mat/9511003;1;0;1
0907.0426;0907.0426;0;11;11
0806.3207;0806.3207;0;17;17
0804.0260;0804.0260;0;9;9
hep-th/0010029;hep-th/0010029;0;5;5
0812.2909;0812.2909;0;34;34
gr-qc/9509033;gr-qc/9509033;1;0;1
0909.0596;0909.0596;0;15;15
0903.1346;0903.1346;0;2;2
hep-ph/0605030;hep-ph/0605030;0;1;1
0704.3688;0704.3688;0;32;32
0907.2577;0907.2577;0;1;1
hep-th/0011003;hep-th/0011003;0;43;43
cond-mat/0508650;cond-mat/0508650;0;3;3
0907.5510;0907.5510;0;12;12
0902.0982;0902.0982;0;35;35
0902.0981;0902.0981;0;8;8
0905.2119;0905.2119;0;11;11
0907.4146;0907.4146;0;2;2
0801.0573;0801.0573;0;34;34
0801.0578;0801.0578;0;16;16
hep-th/9302139;hep-th/9302139;1;0;1
hep-th/9403092;hep-th/9403092;1;2;3
hep-th/0009097;hep-th/0009097;1;4;5
hep-th/0009094;hep-th/0009094;0;3;3
hep-th/0009093;hep-th/0009093;0;8;8
0901.3414;0901.3414;0;5;5
0902.1585;0902.1585;0;9;9
0904.0938;0904.0938;0;15;15
hep-th/0412248;hep-th/0412248;0;4;4
math-ph/0306069;math-ph/0306069;1;2;3
hep-th/0004008;hep-th/0004008;0;2;2
0911.1700;0911.1700;0;3;3
0903.2718;0903.2718;0;3;3
hep-th/9406113;hep-th/9406113;0;1;1
hep-th/9404168;hep-th/9404168;1;0;1
0907.2439;0907.2439;0;32;32
math/0311198;math/0311198;0;1;1
hep-th/0201131;hep-th/0201131;1;3;4
gr-qc/0302113;gr-qc/0302113;1;4;5
hep-th/0203152;hep-th/0203152;2;9;11
gr-qc/0005092;gr-qc/0005092;2;0;2
math/0110268;math/0110268;0;1;1
0810.2282;0810.2282;0;3;3
0803.4472;0803.4472;0;4;4
hep-th/0105232;hep-th/0105232;1;8;9
hep-th/0004007;hep-th/0004007;0;2;2
0801.1226;0801.1226;0;12;12
0901.0837;0901.0837;0;6;6
hep-th/0101063;hep-th/0101063;0;2;2
hep-th/9806130;hep-th/9806130;1;14;15
0905.1699;0905.1699;0;21;21
0807.4556;0807.4556;0;44;44
0905.1694;0905.1694;0;56;56
0712.2194;0712.2194;0;7;7
0905.1764;0905.1764;0;10;10
hep-th/9604106;hep-th/9604106;0;2;2
hep-th/0602287;hep-th/0602287;0;1;1
hep-th/0406008;hep-th/0406008;1;0;1
0905.1523;0905.1523;0;6;6
0811.2409;0811.2409;0;9;9
hep-th/9403138;hep-th/9403138;2;1;3
0911.2311;0911.2311;0;25;25
0811.4501;0811.4501;0;17;17
hep-th/0211117;hep-th/0211117;0;2;2
hep-th/0303241;hep-th/0303241;0;11;11
hep-th/0303240;hep-th/0303240;0;3;3
0705.1178;0705.1178;0;35;35
hep-th/0312131;hep-th/0312131;0;11;11
hep-th/0312137;hep-th/0312137;0;21;21
hep-th/0312136;hep-th/0312136;1;14;15
0804.2813;0804.2813;0;6;6
0807.0829;0807.0829;0;9;9
gr-qc/9702009;gr-qc/9702009;0;1;1
0705.1179;0705.1179;0;6;6
math-ph/0611050;math-ph/0611050;1;32;33
math-ph/0611056;math-ph/0611056;0;2;2
math/0511451;math/0511451;2;1;3
0709.3254;0709.3254;0;15;15
0710.2315;0710.2315;0;3;3
0710.2312;0710.2312;0;23;23
0912.4679;0912.4679;0;29;29
gr-qc/9804047;gr-qc/9804047;0;2;2
hep-th/9809211;hep-th/9809211;1;17;18
hep-th/9809215;hep-th/9809215;2;3;5
0805.1537;0805.1537;0;85;85
0809.4494;0809.4494;0;9;9
hep-th/0602139;hep-th/0602139;0;4;4
hep-th/9607214;hep-th/9607214;1;1;2
0811.0691;0811.0691;0;22;22
gr-qc/9910096;gr-qc/9910096;2;2;4
hep-th/0602135;hep-th/0602135;0;61;61
0705.1847;0705.1847;0;87;87
0704.1819;0704.1819;1;42;43
hep-th/0402049;hep-th/0402049;0;8;8
0705.1840;0705.1840;0;12;12
hep-th/0402043;hep-th/0402043;0;14;14
0907.0733;0907.0733;0;1;1
0812.0981;0812.0981;0;20;20
0810.4647;0810.4647;0;28;28
0902.3252;0902.3252;0;18;18
hep-th/9612185;hep-th/9612185;0;2;2
0811.2401;0811.2401;0;5;5
hep-ph/0104234;hep-ph/0104234;0;9;9
0901.3545;0901.3545;0;13;13
cond-mat/0703122;cond-mat/0703122;0;2;2
0902.3251;0902.3251;0;71;71
q-alg/9604024;q-alg/9604024;1;12;13
math/0412306;math/0412306;0;7;7
0805.1180;0805.1180;0;46;46
hep-th/0703241;hep-th/0703241;1;55;56
hep-ph/0510323;hep-ph/0510323;1;2;3
0712.0850;0712.0850;0;5;5
0709.1944;0709.1944;0;8;8
hep-th/0107052;hep-th/0107052;0;8;8
hep-th/9204096;hep-th/9204096;0;5;5
0909.3118;0909.3118;0;10;10
0711.2997;0711.2997;0;2;2
0706.0920;0706.0920;0;9;9
0909.2490;0909.2490;0;6;6
0906.3845;0906.3845;0;64;64
0706.0924;0706.0924;0;1;1
hep-th/0407179;hep-th/0407179;0;56;56
0708.2590;0708.2590;0;5;5
hep-th/0103059;hep-th/0103059;1;5;6
hep-ph/0109073;hep-ph/0109073;1;34;35
hep-th/9411217;hep-th/9411217;1;6;7
hep-th/9412041;hep-th/9412041;0;2;2
hep-th/9412043;hep-th/9412043;0;8;8
0807.0792;0807.0792;0;6;6
hep-ph/0410077;hep-ph/0410077;0;3;3
0711.4564;0711.4564;0;5;5
0905.3027;0905.3027;0;10;10
hep-ph/0512225;hep-ph/0512225;1;1;2
0804.4385;0804.4385;0;4;4
0804.4380;0804.4380;0;21;21
0804.4382;0804.4382;0;5;5
0910.3405;0910.3405;0;16;16
cond-mat/0103526;cond-mat/0103526;3;3;6
0808.1491;0808.1491;0;4;4
0808.0009;0808.0009;0;15;15
cond-mat/0112327;cond-mat/0112327;0;1;1
hep-th/0204115;hep-th/0204115;0;18;18
0806.0076;0806.0076;0;4;4
0802.0521;0802.0521;0;16;16
0806.2508;0806.2508;0;19;19
0806.2507;0806.2507;0;10;10
math/9804027;math/9804027;1;0;1
hep-th/9607010;hep-th/9607010;1;0;1
0906.2072;0906.2072;0;31;31
0901.3413;0901.3413;0;15;15
0709.3488;0709.3488;0;55;55
0808.3379;0808.3379;0;6;6
0704.1996;0704.1996;0;35;35
0804.2519;0804.2519;0;11;11
hep-th/0111104;hep-th/0111104;2;21;23
hep-ph/9603229;hep-ph/9603229;1;0;1
hep-th/0204118;hep-th/0204118;0;1;1
0909.3894;0909.3894;0;15;15
0709.3486;0709.3486;0;13;13
0709.3487;0709.3487;0;57;57
0910.3653;0910.3653;0;8;8
0804.0608;0804.0608;0;5;5
math/0206137;math/0206137;1;5;6
0909.2149;0909.2149;0;5;5
0901.2972;0901.2972;0;4;4
hep-th/0405080;hep-th/0405080;0;5;5
hep-th/0405081;hep-th/0405081;0;2;2
hep-ph/9707306;hep-ph/9707306;1;3;4
hep-th/0405087;hep-th/0405087;0;2;2
0711.0757;0711.0757;0;9;9
0901.1417;0901.1417;0;35;35
nucl-th/0305029;nucl-th/0305029;0;7;7
hep-th/0201166;hep-th/0201166;2;13;15
cond-mat/0104556;cond-mat/0104556;0;1;1
hep-th/0702062;hep-th/0702062;1;43;44
hep-th/0702061;hep-th/0702061;0;22;22
hep-th/0211251;hep-th/0211251;0;1;1
nlin/0104053;nlin/0104053;1;0;1
0806.1856;0806.1856;0;17;17
0907.1342;0907.1342;0;6;6
cond-mat/0505050;cond-mat/0505050;0;5;5
0812.3668;0812.3668;0;5;5
0910.3145;0910.3145;0;82;82
0809.4303;0809.4303;0;17;17
0706.3423;0706.3423;0;14;14
0706.3388;0706.3388;0;22;22
0901.3412;0901.3412;0;11;11
hep-th/0601042;hep-th/0601042;0;17;17
0706.3384;0706.3384;0;15;15
0706.3382;0706.3382;0;34;34
hep-th/0601040;hep-th/0601040;2;40;42
math/0411110;math/0411110;1;1;2
0906.2922;0906.2922;0;13;13
0812.3466;0812.3466;0;10;10
hep-th/9210088;hep-th/9210088;0;2;2
hep-th/9811163;hep-th/9811163;0;2;2
hep-th/9210082;hep-th/9210082;1;1;2
0807.4060;0807.4060;0;26;26
0904.3051;0904.3051;0;8;8
hep-th/9405032;hep-th/9405032;3;6;9
0904.3949;0904.3949;0;4;4
0910.3652;0910.3652;0;11;11
0709.1622;0709.1622;0;17;17
astro-ph/0605322;astro-ph/0605322;2;0;2
0709.1624;0709.1624;0;16;16
0907.3122;0907.3122;0;37;37
0909.5522;0909.5522;0;23;23
hep-th/0703151;hep-th/0703151;4;63;67
0712.3059;0712.3059;0;42;42
solv-int/9512006;solv-int/9512006;1;4;5
hep-th/0007084;hep-th/0007084;2;4;6
hep-th/0201225;hep-th/0201225;0;15;15
hep-th/9501076;hep-th/9501076;0;8;8
hep-th/9501074;hep-th/9501074;0;4;4
0908.3672;0908.3672;0;19;19
hep-th/0507160;hep-th/0507160;3;33;36
0908.3677;0908.3677;0;1;1
0812.1195;0812.1195;0;11;11
0809.4875;0809.4875;0;34;34
quant-ph/9501011;quant-ph/9501011;1;4;5
quant-ph/9501010;quant-ph/9501010;0;2;2
hep-th/0611027;hep-th/0611027;0;36;36
hep-th/0611023;hep-th/0611023;0;24;24
hep-th/9804146;hep-th/9804146;0;4;4
hep-th/9702044;hep-th/9702044;1;0;1
hep-th/0601012;hep-th/0601012;0;5;5
0707.2434;0707.2434;0;9;9
hep-th/0312294;hep-th/0312294;0;2;2
hep-th/0212189;hep-th/0212189;1;7;8
0904.3055;0904.3055;0;9;9
0707.2430;0707.2430;0;3;3
0812.3012;0812.3012;0;3;3
math/0604558;math/0604558;1;0;1
0811.2760;0811.2760;0;13;13
0811.3001;0811.3001;0;53;53
0910.5314;0910.5314;0;23;23
0809.2863;0809.2863;0;24;24
0808.3410;0808.3410;0;57;57
0710.5178;0710.5178;0;15;15
0902.2198;0902.2198;0;8;8
hep-th/9806046;hep-th/9806046;2;4;6
0805.0570;0805.0570;0;32;32
0908.1743;0908.1743;0;5;5
hep-th/0205212;hep-th/0205212;0;2;2
0901.3109;0901.3109;0;3;3
hep-th/0208054;hep-th/0208054;2;0;2
hep-th/9801179;hep-th/9801179;2;7;9
hep-th/0106116;hep-th/0106116;1;13;14
gr-qc/0202026;gr-qc/0202026;2;0;2
gr-qc/0101009;gr-qc/0101009;0;1;1
0911.2821;0911.2821;0;9;9
0907.2443;0907.2443;0;36;36
0710.3490;0710.3490;0;6;6
0711.0620;0711.0620;0;8;8
hep-th/0403186;hep-th/0403186;1;3;4
0907.2440;0907.2440;0;5;5
0806.4016;0806.4016;0;37;37
0807.4217;0807.4217;0;24;24
0904.0085;0904.0085;0;10;10
0710.3203;0710.3203;0;21;21
0904.0089;0904.0089;0;6;6
math/0007073;math/0007073;1;7;8
0901.3731;0901.3731;0;2;2
0710.3208;0710.3208;0;20;20
quant-ph/0407259;quant-ph/0407259;0;1;1
hep-th/0606094;hep-th/0606094;1;1;2
hep-th/0606097;hep-th/0606097;0;2;2
0904.1975;0904.1975;0;9;9
0905.0633;0905.0633;0;13;13
hep-th/9405115;hep-th/9405115;0;3;3
0810.3087;0810.3087;0;8;8
0810.3060;0810.3060;0;1;1
0810.1323;0810.1323;0;7;7
0810.3064;0810.3064;0;17;17
0905.1136;0905.1136;0;13;13
gr-qc/0703079;gr-qc/0703079;0;10;10
hep-th/0008026;hep-th/0008026;0;8;8
hep-th/9609007;hep-th/9609007;0;12;12
hep-th/9512166;hep-th/9512166;5;8;13
hep-th/9602058;hep-th/9602058;2;4;6
0811.2305;0811.2305;0;20;20
hep-th/0611275;hep-th/0611275;0;11;11
hep-th/9912256;hep-th/9912256;1;7;8
hep-th/9802065;hep-th/9802065;1;2;3
0707.0055;0707.0055;0;29;29
0907.1133;0907.1133;0;1;1
0707.0052;0707.0052;0;45;45
0803.3998;0803.3998;0;15;15
0807.2246;0807.2246;0;33;33
0807.2244;0807.2244;0;8;8
astro-ph/0401378;astro-ph/0401378;2;1;3
0811.0608;0811.0608;0;37;37
hep-ph/0312258;hep-ph/0312258;0;7;7
hep-th/0112216;hep-th/0112216;1;0;1
0709.3667;0709.3667;0;32;32
hep-th/0303003;hep-th/0303003;0;10;10
hep-th/0603064;hep-th/0603064;0;15;15
hep-lat/0512006;hep-lat/0512006;2;6;8
0808.1282;0808.1282;0;7;7
0808.1286;0808.1286;0;27;27
hep-th/0603069;hep-th/0603069;0;5;5
0803.2475;0803.2475;0;49;49
0712.3806;0712.3806;0;98;98
0804.1377;0804.1377;0;3;3
0902.1676;0902.1676;0;40;40
0902.1015;0902.1015;0;10;10
cond-mat/0208309;cond-mat/0208309;0;9;9
nlin/0207025;nlin/0207025;1;0;1
0805.0145;0805.0145;0;5;5
0807.3266;0807.3266;0;6;6
0810.5038;0810.5038;0;4;4
0805.3488;0805.3488;0;12;12
0710.0617;0710.0617;0;10;10
hep-th/9810174;hep-th/9810174;1;4;5
hep-th/0510067;hep-th/0510067;0;12;12
0709.2131;0709.2131;0;4;4
0810.2768;0810.2768;0;14;14
0909.3477;0909.3477;0;20;20
0907.4265;0907.4265;0;27;27
0907.4266;0907.4266;0;7;7
hep-th/0307299;hep-th/0307299;0;3;3
hep-th/0307289;hep-th/0307289;1;2;3
0805.1624;0805.1624;0;13;13
0812.2218;0812.2218;0;5;5
0708.1207;0708.1207;0;12;12
0707.1862;0707.1862;0;2;2
0707.1863;0707.1863;0;9;9
hep-th/9902103;hep-th/9902103;0;28;28
hep-th/0009114;hep-th/0009114;0;2;2
hep-th/9909211;hep-th/9909211;0;6;6
hep-th/9505031;hep-th/9505031;3;0;3
hep-th/9809094;hep-th/9809094;1;3;4
hep-th/9909217;hep-th/9909217;0;2;2
hep-th/0412157;hep-th/0412157;1;5;6
0810.2786;0810.2786;0;4;4
0906.3371;0906.3371;0;5;5
nlin/0107065;nlin/0107065;1;1;2
hep-th/9502017;hep-th/9502017;1;4;5
hep-th/0702208;hep-th/0702208;0;3;3
0709.1805;0709.1805;0;28;28
hep-th/9408107;hep-th/9408107;1;0;1
0705.1786;0705.1786;0;4;4
0710.5875;0710.5875;0;54;54
0906.0549;0906.0549;0;30;30
math-ph/0404005;math-ph/0404005;0;5;5
hep-ph/0607193;hep-ph/0607193;0;2;2
0804.0110;0804.0110;0;22;22
cond-mat/9510152;cond-mat/9510152;1;5;6
0809.3764;0809.3764;0;19;19
0912.3519;0912.3519;0;29;29
0906.0142;0906.0142;0;3;3
0912.3515;0912.3515;0;6;6
0811.0529;0811.0529;0;26;26
math-ph/0409032;math-ph/0409032;0;1;1
hep-th/9807145;hep-th/9807145;0;7;7
hep-th/9710054;hep-th/9710054;2;0;2
hep-th/9807141;hep-th/9807141;0;2;2
0901.0311;0901.0311;0;16;16
0705.4098;0705.4098;0;31;31
0705.4096;0705.4096;0;27;27
0705.4097;0705.4097;0;24;24
0802.2068;0802.2068;0;5;5
hep-th/0408135;hep-th/0408135;0;3;3
hep-th/0303129;hep-th/0303129;1;0;1
hep-th/0408134;hep-th/0408134;0;8;8
0911.2780;0911.2780;0;13;13
hep-lat/0110020;hep-lat/0110020;0;6;6
0710.1548;0710.1548;0;9;9
0812.0008;0812.0008;0;19;19
0912.2384;0912.2384;0;12;12
0910.5315;0910.5315;0;18;18
0909.1877;0909.1877;0;3;3
0711.5006;0711.5006;0;25;25
hep-th/9409174;hep-th/9409174;1;1;2
hep-th/0304075;hep-th/0304075;0;1;1
hep-th/9512197;hep-th/9512197;1;2;3
0912.0737;0912.0737;0;11;11
0812.1092;0812.1092;0;72;72
0912.0733;0912.0733;0;4;4
hep-th/9609055;hep-th/9609055;1;2;3
hep-th/9803037;hep-th/9803037;0;4;4
hep-th/9701056;hep-th/9701056;1;8;9
0812.4304;0812.4304;0;9;9
hep-th/9510128;hep-th/9510128;1;0;1
hep-th/9603046;hep-th/9603046;0;3;3
hep-th/9604194;hep-th/9604194;0;3;3
0801.3836;0801.3836;0;20;20
hep-th/9210136;hep-th/9210136;1;0;1
hep-th/9910069;hep-th/9910069;3;6;9
hep-th/0309225;hep-th/0309225;1;0;1
0807.0937;0807.0937;0;14;14
hep-th/0602077;hep-th/0602077;0;1;1
hep-th/9505158;hep-th/9505158;1;5;6
hep-th/9505155;hep-th/9505155;0;9;9
hep-lat/0002015;hep-lat/0002015;1;15;16
hep-th/0603028;hep-th/0603028;1;4;5
hep-ph/0007209;hep-ph/0007209;1;0;1
0804.2999;0804.2999;0;20;20
cond-mat/0202209;cond-mat/0202209;0;2;2
0711.3899;0711.3899;0;6;6
hep-th/9605098;hep-th/9605098;0;8;8
hep-th/9312141;hep-th/9312141;1;5;6
hep-th/9706006;hep-th/9706006;1;2;3
hep-th/9711141;hep-th/9711141;0;3;3
hep-th/9711148;hep-th/9711148;0;34;34
hep-th/9711149;hep-th/9711149;0;5;5
hep-th/9211110;hep-th/9211110;0;4;4
0812.1117;0812.1117;0;36;36
gr-qc/0410132;gr-qc/0410132;0;4;4
hep-th/0405223;hep-th/0405223;1;5;6
0712.4366;0712.4366;0;22;22
0705.0267;0705.0267;0;4;4
0812.3663;0812.3663;0;12;12
0905.0664;0905.0664;0;3;3
hep-th/0611298;hep-th/0611298;1;1;2
hep-th/0508230;hep-th/0508230;2;0;2
0805.2898;0805.2898;0;21;21
0809.4298;0809.4298;0;10;10
hep-th/0005271;hep-th/0005271;0;27;27
hep-th/9403136;hep-th/9403136;2;0;2
hep-th/0010224;hep-th/0010224;0;3;3
hep-th/9710237;hep-th/9710237;1;14;15
hep-th/9708131;hep-th/9708131;2;10;12
hep-th/9611013;hep-th/9611013;1;13;14
hep-th/9403072;hep-th/9403072;3;0;3
hep-th/9710238;hep-th/9710238;0;4;4
hep-th/9508057;hep-th/9508057;1;2;3
hep-th/9508054;hep-th/9508054;0;15;15
hep-th/0011181;hep-th/0011181;0;5;5
quant-ph/9704022;quant-ph/9704022;0;3;3
hep-th/9507172;hep-th/9507172;1;0;1
0904.4517;0904.4517;0;2;2
0705.0396;0705.0396;0;47;47
0706.0216;0706.0216;0;49;49
hep-th/9604088;hep-th/9604088;0;10;10
hep-th/9604082;hep-th/9604082;0;1;1
hep-th/0701068;hep-th/0701068;0;8;8
cond-mat/9609035;cond-mat/9609035;1;5;6
hep-ph/9612283;hep-ph/9612283;1;2;3
hep-th/0210193;hep-th/0210193;2;27;29
hep-th/0212187;hep-th/0212187;0;10;10
0807.0612;0807.0612;0;1;1
0804.3629;0804.3629;0;31;31
0811.2221;0811.2221;0;3;3
0907.1331;0907.1331;0;33;33
0811.2225;0811.2225;0;17;17
0804.3563;0804.3563;0;3;3
0804.3562;0804.3562;0;13;13
0804.3565;0804.3565;0;26;26
0804.3567;0804.3567;0;5;5
0804.3566;0804.3566;0;36;36
0802.0311;0802.0311;0;1;1
0808.3064;0808.3064;0;2;2
0811.1758;0811.1758;0;73;73
hep-th/9507149;hep-th/9507149;0;1;1
0804.3999;0804.3999;0;75;75
hep-th/9405039;hep-th/9405039;3;7;10
hep-th/9507146;hep-th/9507146;0;5;5
hep-th/9507142;hep-th/9507142;0;2;2
0902.3667;0902.3667;0;25;25
0804.0945;0804.0945;0;2;2
math/0512320;math/0512320;1;2;3
hep-th/9611084;hep-th/9611084;1;0;1
hep-th/0202052;hep-th/0202052;1;38;39
0911.3994;0911.3994;0;4;4
0912.4258;0912.4258;0;6;6
quant-ph/0503212;quant-ph/0503212;0;1;1
quant-ph/0503213;quant-ph/0503213;0;3;3
hep-th/0512256;hep-th/0512256;0;13;13
0706.1825;0706.1825;0;20;20
0911.3165;0911.3165;0;26;26
0809.4692;0809.4692;0;1;1
0912.1762;0912.1762;0;4;4
0801.3130;0801.3130;0;17;17
0806.0606;0806.0606;0;1;1
0806.0605;0806.0605;0;25;25
hep-th/0502207;hep-th/0502207;0;2;2
0811.0480;0811.0480;0;57;57
0907.1473;0907.1473;0;5;5
hep-th/9810173;hep-th/9810173;0;2;2
hep-th/9810172;hep-th/9810172;0;2;2
hep-th/9407140;hep-th/9407140;1;0;1
0904.2932;0904.2932;0;18;18
0811.1286;0811.1286;0;21;21
hep-th/0703159;hep-th/0703159;0;1;1
hep-th/0611149;hep-th/0611149;1;0;1
hep-th/0209149;hep-th/0209149;0;10;10
quant-ph/9508018;quant-ph/9508018;0;1;1
hep-th/0209147;hep-th/0209147;0;8;8
0907.3930;0907.3930;0;18;18
hep-ph/9811238;hep-ph/9811238;0;3;3
0909.0327;0909.0327;0;61;61
hep-ph/9412256;hep-ph/9412256;1;0;1
0909.0323;0909.0323;0;47;47
0805.2124;0805.2124;0;3;3
q-alg/9602014;q-alg/9602014;0;1;1
physics/0511185;physics/0511185;0;1;1
0810.4330;0810.4330;0;30;30
0909.0496;0909.0496;0;8;8
hep-th/0609145;hep-th/0609145;0;1;1
math-ph/0411004;math-ph/0411004;0;9;9
0906.3175;0906.3175;0;12;12
0908.3844;0908.3844;0;23;23
hep-th/0104194;hep-th/0104194;0;14;14
hep-th/9601138;hep-th/9601138;3;0;3
hep-th/9509118;hep-th/9509118;1;7;8
hep-th/0203239;hep-th/0203239;1;25;26
hep-th/0412313;hep-th/0412313;1;14;15
hep-th/0412318;hep-th/0412318;0;13;13
0707.3624;0707.3624;0;17;17
0812.1916;0812.1916;0;3;3
0911.3891;0911.3891;0;18;18
hep-th/9801193;hep-th/9801193;1;3;4
0904.0641;0904.0641;0;2;2
0906.4160;0906.4160;0;12;12
hep-ph/0702116;hep-ph/0702116;0;5;5
hep-th/0204040;hep-th/0204040;1;4;5
0803.2743;0803.2743;0;1;1
0803.2742;0803.2742;0;27;27
0808.1786;0808.1786;0;15;15
0704.1420;0704.1420;0;1;1
0804.4280;0804.4280;0;18;18
quant-ph/9904072;quant-ph/9904072;0;8;8
hep-th/0601198;hep-th/0601198;0;2;2
hep-th/9409010;hep-th/9409010;2;0;2
hep-th/0511232;hep-th/0511232;0;2;2
0712.3760;0712.3760;0;3;3
0901.4320;0901.4320;0;1;1
hep-th/9406066;hep-th/9406066;1;4;5
0806.2299;0806.2299;0;38;38
0806.2291;0806.2291;0;60;60
0901.3315;0901.3315;0;5;5
hep-th/0505048;hep-th/0505048;2;23;25
hep-th/9304030;hep-th/9304030;1;1;2
hep-th/0005131;hep-th/0005131;0;1;1
hep-th/0005132;hep-th/0005132;0;9;9
hep-th/9912008;hep-th/9912008;1;7;8
0805.0767;0805.0767;0;11;11
0904.2328;0904.2328;0;20;20
0805.0763;0805.0763;0;2;2
hep-th/0104225;hep-th/0104225;0;1;1
0908.0223;0908.0223;0;2;2
hep-th/9304049;hep-th/9304049;2;0;2
0706.0691;0706.0691;0;2;2
0908.2860;0908.2860;0;12;12
0706.0695;0706.0695;0;24;24
hep-th/0507039;hep-th/0507039;1;4;5
math-ph/0401031;math-ph/0401031;1;1;2
0710.0965;0710.0965;0;13;13
0710.0966;0710.0966;0;17;17
0704.2717;0704.2717;0;15;15
hep-th/9302052;hep-th/9302052;1;0;1
0806.2316;0806.2316;0;6;6
0805.2347;0805.2347;0;11;11
0802.1526;0802.1526;0;5;5
gr-qc/0111004;gr-qc/0111004;1;12;13
0810.2989;0810.2989;0;5;5
gr-qc/0111006;gr-qc/0111006;1;7;8
q-alg/9509007;q-alg/9509007;0;3;3
0905.1793;0905.1793;0;14;14
physics/9707014;physics/9707014;0;10;10
hep-th/9610184;hep-th/9610184;0;1;1
hep-th/9610185;hep-th/9610185;0;3;3
hep-th/9610186;hep-th/9610186;0;13;13
hep-th/9610181;hep-th/9610181;0;14;14
hep-th/0701246;hep-th/0701246;0;11;11
hep-th/9610188;hep-th/9610188;0;3;3
hep-th/9409144;hep-th/9409144;1;0;1
0810.2503;0810.2503;0;14;14
0804.0252;0804.0252;1;23;24
0805.1382;0805.1382;0;3;3
0902.0717;0902.0717;0;39;39
hep-th/0108175;hep-th/0108175;0;1;1
hep-th/0108177;hep-th/0108177;0;9;9
math-ph/0008016;math-ph/0008016;0;5;5
hep-th/0410208;hep-th/0410208;0;9;9
hep-th/0410202;hep-th/0410202;0;1;1
hep-th/0410207;hep-th/0410207;0;10;10
0905.0771;0905.0771;0;11;11
0905.4338;0905.4338;0;8;8
0709.2905;0709.2905;0;22;22
0712.1260;0712.1260;0;30;30
0712.2243;0712.2243;0;43;43
0907.1101;0907.1101;0;9;9
0911.1297;0911.1297;0;4;4
hep-th/0309089;hep-th/0309089;1;13;14
0811.1647;0811.1647;0;10;10
hep-th/9906110;hep-th/9906110;0;1;1
0803.0075;0803.0075;0;1;1
0909.0405;0909.0405;0;8;8
0708.1779;0708.1779;0;8;8
hep-th/9401157;hep-th/9401157;0;3;3
hep-th/9401156;hep-th/9401156;0;3;3
hep-th/0103104;hep-th/0103104;0;14;14
hep-th/0103105;hep-th/0103105;0;5;5
0909.4866;0909.4866;0;9;9
hep-th/0409005;hep-th/0409005;2;0;2
0903.1844;0903.1844;0;17;17
hep-th/0110145;hep-th/0110145;0;9;9
0709.4231;0709.4231;0;59;59
0905.2923;0905.2923;0;1;1
0710.5878;0710.5878;0;6;6
0806.2314;0806.2314;0;59;59
hep-ph/9710288;hep-ph/9710288;2;6;8
gr-qc/9806120;gr-qc/9806120;0;21;21
hep-th/9602018;hep-th/9602018;1;0;1
0812.1975;0812.1975;0;38;38
0907.4658;0907.4658;0;6;6
0909.3887;0909.3887;0;12;12
0907.5023;0907.5023;0;13;13
0907.4651;0907.4651;0;13;13
0709.4611;0709.4611;0;12;12
0911.3248;0911.3248;0;6;6
0905.3984;0905.3984;0;24;24
0811.2381;0811.2381;0;27;27
0901.3788;0901.3788;0;11;11
0708.1857;0708.1857;0;23;23
0805.1600;0805.1600;0;22;22
hep-th/0112108;hep-th/0112108;0;1;1
hep-th/9704019;hep-th/9704019;1;1;2
0705.2427;0705.2427;0;10;10
0903.2001;0903.2001;0;28;28
0705.2429;0705.2429;0;44;44
0804.2764;0804.2764;0;32;32
0707.4257;0707.4257;0;22;22
hep-th/0701153;hep-th/0701153;2;0;2
hep-th/0504089;hep-th/0504089;2;3;5
0705.2347;0705.2347;0;24;24
0708.1019;0708.1019;0;1;1
0708.1016;0708.1016;0;38;38
0708.1014;0708.1014;0;13;13
hep-ph/0702217;hep-ph/0702217;1;0;1
physics/0604064;physics/0604064;0;4;4
math/0009013;math/0009013;0;2;2
0803.2744;0803.2744;0;14;14
gr-qc/9705008;gr-qc/9705008;0;5;5
0910.0105;0910.0105;0;8;8
0901.0506;0901.0506;0;11;11
0906.1987;0906.1987;0;5;5
hep-th/9909024;hep-th/9909024;0;3;3
0910.0102;0910.0102;0;4;4
hep-ph/0307004;hep-ph/0307004;1;72;73
0708.2664;0708.2664;0;11;11
hep-ph/0307002;hep-ph/0307002;0;30;30
hep-th/9503100;hep-th/9503100;1;1;2
0907.1973;0907.1973;0;3;3
0912.3491;0912.3491;0;19;19
quant-ph/0006066;quant-ph/0006066;0;2;2
quant-ph/9912070;quant-ph/9912070;2;0;2
cond-mat/9802038;cond-mat/9802038;0;1;1
physics/0606197;physics/0606197;0;1;1
0905.0301;0905.0301;0;1;1
0804.1523;0804.1523;0;12;12
hep-th/9910130;hep-th/9910130;0;1;1
0808.2631;0808.2631;0;3;3
0904.4473;0904.4473;0;2;2
hep-th/9407110;hep-th/9407110;2;4;6
hep-th/0408074;hep-th/0408074;0;3;3
hep-th/9403161;hep-th/9403161;0;2;2
hep-th/9403165;hep-th/9403165;0;1;1
0805.1461;0805.1461;0;46;46
hep-th/0503104;hep-th/0503104;0;9;9
hep-th/9910137;hep-th/9910137;0;9;9
0705.1749;0705.1749;0;6;6
0712.3385;0712.3385;0;17;17
0810.2831;0810.2831;0;2;2
cond-mat/9803347;cond-mat/9803347;0;5;5
cond-mat/9803185;cond-mat/9803185;1;3;4
0812.3462;0812.3462;0;1;1
0812.3460;0812.3460;0;10;10
0902.0650;0902.0650;0;36;36
0911.3242;0911.3242;0;13;13
0807.1017;0807.1017;0;11;11
hep-th/0409038;hep-th/0409038;0;89;89
0808.2961;0808.2961;0;18;18
0802.1363;0802.1363;0;1;1
0911.3610;0911.3610;0;21;21
0705.3467;0705.3467;0;6;6
hep-ph/9510314;hep-ph/9510314;0;1;1
0804.3961;0804.3961;0;114;114
0801.4205;0801.4205;0;21;21
0805.4719;0805.4719;0;14;14
hep-th/9312090;hep-th/9312090;1;0;1
hep-th/9312089;hep-th/9312089;1;0;1
0803.4010;0803.4010;0;39;39
0710.3429;0710.3429;0;58;58
hep-th/9402067;hep-th/9402067;1;5;6
hep-th/9410240;hep-th/9410240;0;1;1
hep-th/9410242;hep-th/9410242;0;2;2
gr-qc/0201039;gr-qc/0201039;0;2;2
hep-th/9712131;hep-th/9712131;1;0;1
0704.3891;0704.3891;0;35;35
0704.0930;0704.0930;0;32;32
0812.4112;0812.4112;0;37;37
gr-qc/0512138;gr-qc/0512138;0;2;2
math/0210340;math/0210340;0;1;1
math/0111289;math/0111289;1;11;12
0808.2567;0808.2567;0;2;2
0908.3020;0908.3020;0;29;29
0910.1998;0910.1998;0;3;3
cond-mat/0702543;cond-mat/0702543;0;3;3
cond-mat/0702326;cond-mat/0702326;1;2;3
0908.3029;0908.3029;0;16;16
gr-qc/0005123;gr-qc/0005123;0;5;5
0811.0150;0811.0150;0;30;30
0806.2310;0806.2310;0;55;55
hep-th/9306081;hep-th/9306081;0;2;2
hep-th/9208019;hep-th/9208019;1;1;2
hep-th/0607250;hep-th/0607250;0;5;5
hep-th/0608205;hep-th/0608205;0;12;12
hep-th/0608204;hep-th/0608204;1;4;5
hep-th/0309088;hep-th/0309088;0;13;13
0705.1959;0705.1959;0;14;14
0712.2040;0712.2040;0;31;31
0807.4398;0807.4398;0;6;6
0908.0184;0908.0184;0;14;14
0704.1637;0704.1637;0;26;26
hep-th/0210266;hep-th/0210266;1;6;7
0905.1285;0905.1285;0;5;5
0710.4177;0710.4177;0;13;13
0705.1955;0705.1955;0;11;11
hep-th/9711199;hep-th/9711199;2;9;11
hep-th/9708027;hep-th/9708027;2;6;8
hep-th/0111188;hep-th/0111188;1;11;12
0906.1267;0906.1267;0;11;11
hep-th/0603051;hep-th/0603051;1;0;1
0801.1176;0801.1176;0;3;3
0906.2406;0906.2406;0;1;1
0711.0310;0711.0310;0;20;20
0906.2403;0906.2403;0;18;18
hep-th/0609151;hep-th/0609151;0;35;35
hep-th/0601047;hep-th/0601047;1;40;41
0904.2266;0904.2266;0;1;1
0901.2579;0901.2579;0;4;4
0706.1328;0706.1328;0;7;7
0705.0164;0705.0164;0;147;147
0908.0706;0908.0706;0;4;4
0705.3324;0705.3324;0;16;16
hep-th/9307060;hep-th/9307060;0;2;2
0906.4727;0906.4727;0;15;15
0905.0184;0905.0184;0;31;31
0805.3570;0805.3570;0;8;8
0712.0549;0712.0549;0;7;7
hep-th/9710008;hep-th/9710008;0;4;4
0909.3686;0909.3686;0;18;18
0805.3430;0805.3430;0;10;10
hep-th/0603111;hep-th/0603111;1;22;23
hep-th/0612218;hep-th/0612218;0;6;6
0805.0403;0805.0403;0;22;22
hep-th/0105317;hep-th/0105317;1;0;1
hep-th/0501215;hep-th/0501215;0;26;26
0812.2278;0812.2278;0;1;1
hep-th/0007088;hep-th/0007088;1;13;14
hep-ph/9903357;hep-ph/9903357;1;0;1
hep-th/0407084;hep-th/0407084;0;16;16
hep-th/0506079;hep-th/0506079;0;14;14
math-ph/0102018;math-ph/0102018;0;21;21
hep-th/9311040;hep-th/9311040;1;0;1
hep-th/0701219;hep-th/0701219;0;1;1
0704.3464;0704.3464;0;18;18
hep-th/0006175;hep-th/0006175;1;11;12
hep-th/9608178;hep-th/9608178;2;0;2
0911.5145;0911.5145;0;3;3
0806.1769;0806.1769;0;1;1
hep-th/0409123;hep-th/0409123;1;6;7
0711.4547;0711.4547;0;80;80
hep-th/0701213;hep-th/0701213;0;4;4
0807.0004;0807.0004;0;12;12
0909.5543;0909.5543;0;2;2
0711.2268;0711.2268;0;1;1
0806.0411;0806.0411;0;3;3
0806.3612;0806.3612;0;9;9
hep-th/0512009;hep-th/0512009;0;9;9
hep-th/0404238;hep-th/0404238;1;9;10
hep-th/0410125;hep-th/0410125;0;18;18
hep-th/0208134;hep-th/0208134;1;6;7
0904.4220;0904.4220;0;2;2
0709.2440;0709.2440;0;11;11
0712.0601;0712.0601;0;5;5
0704.3285;0704.3285;0;9;9
hep-th/9703091;hep-th/9703091;0;9;9
hep-th/9210100;hep-th/9210100;2;0;2
hep-th/9703093;hep-th/9703093;1;3;4
hep-th/9703095;hep-th/9703095;0;16;16
hep-th/9701132;hep-th/9701132;1;10;11
hep-th/0512049;hep-th/0512049;0;22;22
hep-th/9810036;hep-th/9810036;0;6;6
gr-qc/9707023;gr-qc/9707023;1;0;1
0712.2316;0712.2316;0;16;16
hep-th/9704133;hep-th/9704133;1;11;12
0909.0518;0909.0518;0;47;47
0807.2117;0807.2117;0;3;3
math-ph/0212071;math-ph/0212071;0;3;3
0711.4546;0711.4546;0;31;31
0806.2125;0806.2125;0;6;6
hep-ph/0102084;hep-ph/0102084;0;13;13
0709.3908;0709.3908;0;6;6
hep-th/0602032;hep-th/0602032;1;18;19
gr-qc/0101034;gr-qc/0101034;1;0;1
0910.5388;0910.5388;0;13;13
hep-th/9806210;hep-th/9806210;1;6;7
hep-th/9811078;hep-th/9811078;0;13;13
quant-ph/0605223;quant-ph/0605223;0;1;1
0907.3665;0907.3665;0;19;19
0903.3310;0903.3310;0;11;11
0803.1636;0803.1636;0;4;4
0807.1917;0807.1917;0;17;17
hep-th/0306262;hep-th/0306262;0;7;7
hep-th/9407063;hep-th/9407063;0;3;3
hep-th/9407062;hep-th/9407062;0;5;5
hep-th/9407066;hep-th/9407066;1;2;3
0902.1503;0902.1503;0;3;3
0712.1028;0712.1028;0;24;24
0710.5738;0710.5738;0;10;10
0805.2777;0805.2777;0;1;1
0912.3051;0912.3051;0;1;1
0810.2399;0810.2399;0;1;1
hep-th/9210139;hep-th/9210139;0;1;1
0904.3846;0904.3846;0;3;3
hep-th/0405154;hep-th/0405154;1;9;10
0806.3699;0806.3699;0;17;17
hep-th/0004146;hep-th/0004146;0;14;14
hep-th/9904067;hep-th/9904067;0;3;3
hep-th/9904060;hep-th/9904060;0;6;6
hep-th/0512127;hep-th/0512127;0;16;16
math-ph/0105042;math-ph/0105042;0;1;1
hep-th/9707166;hep-th/9707166;1;0;1
astro-ph/9601004;astro-ph/9601004;1;12;13
1001.0035;1001.0035;0;33;33
0806.0872;0806.0872;0;2;2
0710.0962;0710.0962;0;18;18
0710.1914;0710.1914;0;1;1
0907.2970;0907.2970;0;5;5
0907.2977;0907.2977;0;10;10
0705.2984;0705.2984;0;28;28
hep-th/0606279;hep-th/0606279;1;5;6
hep-th/0602085;hep-th/0602085;2;0;2
0712.0032;0712.0032;0;19;19
0904.0241;0904.0241;0;14;14
gr-qc/9606007;gr-qc/9606007;2;0;2
0805.4686;0805.4686;0;23;23
0911.0255;0911.0255;0;12;12
0810.1438;0810.1438;0;4;4
0705.2981;0705.2981;0;2;2
0902.4848;0902.4848;0;7;7
0805.2827;0805.2827;0;11;11
0809.0652;0809.0652;0;35;35
0803.2867;0803.2867;0;26;26
0811.2717;0811.2717;0;11;11
hep-th/9501047;hep-th/9501047;1;0;1
hep-th/0411058;hep-th/0411058;3;41;44
hep-th/0405221;hep-th/0405221;0;14;14
hep-th/9511017;hep-th/9511017;0;24;24
hep-th/0401021;hep-th/0401021;1;3;4
gr-qc/9603007;gr-qc/9603007;1;0;1
0809.2020;0809.2020;0;8;8
0908.3303;0908.3303;0;16;16
0909.1675;0909.1675;0;10;10
0812.0950;0812.0950;0;8;8
0905.4222;0905.4222;0;4;4
0706.2252;0706.2252;0;125;125
quant-ph/0012041;quant-ph/0012041;1;0;1
hep-ph/9305318;hep-ph/9305318;0;1;1
0804.2617;0804.2617;0;12;12
hep-lat/0606003;hep-lat/0606003;1;3;4
0708.0971;0708.0971;0;16;16
math/0601334;math/0601334;1;19;20
0805.1029;0805.1029;0;27;27
hep-th/0607004;hep-th/0607004;0;21;21
0807.2950;0807.2950;0;2;2
hep-th/0509143;hep-th/0509143;1;13;14
hep-th/9311109;hep-th/9311109;0;5;5
hep-th/9311104;hep-th/9311104;0;6;6
0903.4841;0903.4841;0;23;23
0804.3246;0804.3246;0;9;9
0811.1827;0811.1827;0;1;1
0810.5769;0810.5769;0;5;5
0905.0255;0905.0255;0;1;1
hep-th/9611044;hep-th/9611044;0;13;13
hep-th/9611048;hep-th/9611048;0;3;3
0804.4300;0804.4300;0;2;2
hep-th/9610190;hep-th/9610190;1;0;1
hep-ph/9702371;hep-ph/9702371;1;1;2
0911.1083;0911.1083;0;3;3
0811.0242;0811.0242;0;2;2
0909.0980;0909.0980;0;15;15
0712.1815;0712.1815;0;20;20
0812.1946;0812.1946;0;10;10
hep-th/9411213;hep-th/9411213;2;4;6
0712.1053;0712.1053;0;16;16
0712.1812;0712.1812;0;32;32
hep-th/0604144;hep-th/0604144;1;0;1
hep-th/9409127;hep-th/9409127;0;4;4
hep-th/9510057;hep-th/9510057;1;1;2
0905.1663;0905.1663;0;7;7
0707.3832;0707.3832;0;32;32
hep-th/0606165;hep-th/0606165;1;4;5
hep-th/0602158;hep-th/0602158;1;4;5
0902.0145;0902.0145;0;11;11
0805.2596;0805.2596;0;9;9
0804.1831;0804.1831;0;24;24
0902.0144;0902.0144;0;8;8
0708.3778;0708.3778;0;3;3
math/0502522;math/0502522;0;3;3
math/0411143;math/0411143;1;0;1
0808.1997;0808.1997;0;11;11
0911.2858;0911.2858;0;3;3
0708.1732;0708.1732;0;17;17
0903.4241;0903.4241;0;11;11
hep-ph/9904308;hep-ph/9904308;0;1;1
hep-th/9808167;hep-th/9808167;0;5;5
hep-th/9208039;hep-th/9208039;3;4;7
hep-th/9401013;hep-th/9401013;1;3;4
hep-th/9307094;hep-th/9307094;1;0;1
hep-th/9912148;hep-th/9912148;0;3;3
hep-th/9612098;hep-th/9612098;0;9;9
hep-th/9612043;hep-th/9612043;1;9;10
hep-th/9612094;hep-th/9612094;0;3;3
0812.3247;0812.3247;0;4;4
0804.3310;0804.3310;0;54;54
0710.2535;0710.2535;0;5;5
0710.2534;0710.2534;0;11;11
hep-ph/0603181;hep-ph/0603181;1;3;4
cond-mat/9408018;cond-mat/9408018;0;2;2
0912.1038;0912.1038;0;5;5
0907.4751;0907.4751;0;12;12
0907.4755;0907.4755;0;10;10
0704.2321;0704.2321;0;7;7
gr-qc/0701057;gr-qc/0701057;0;10;10
gr-qc/0701056;gr-qc/0701056;0;7;7
0705.3811;0705.3811;0;20;20
0801.2785;0801.2785;0;22;22
0811.2855;0811.2855;0;10;10
hep-th/9701145;hep-th/9701145;0;4;4
0911.2495;0911.2495;0;17;17
gr-qc/0209051;gr-qc/0209051;2;0;2
0905.2675;0905.2675;0;23;23
gr-qc/0403017;gr-qc/0403017;0;4;4
hep-th/0310100;hep-th/0310100;0;6;6
hep-th/0310108;hep-th/0310108;0;5;5
0807.1737;0807.1737;0;5;5
hep-th/9207093;hep-th/9207093;0;1;1
hep-th/9206073;hep-th/9206073;1;0;1
0812.4738;0812.4738;0;23;23
0705.2534;0705.2534;0;11;11
hep-th/0703079;hep-th/0703079;1;16;17
0903.0904;0903.0904;0;12;12
hep-ph/0201245;hep-ph/0201245;1;4;5
0804.0574;0804.0574;0;16;16
0812.3900;0812.3900;0;8;8
0812.0295;0812.0295;0;8;8
0801.1492;0801.1492;0;5;5
0803.1902;0803.1902;0;2;2
0812.3902;0812.3902;0;15;15
0910.0192;0910.0192;0;31;31
math-ph/0409003;math-ph/0409003;1;1;2
0812.3903;0812.3903;0;1;1
0907.2174;0907.2174;0;15;15
0804.2595;0804.2595;0;87;87
0807.3563;0807.3563;0;16;16
0907.1488;0907.1488;0;33;33
0804.2598;0804.2598;0;54;54
0706.3239;0706.3239;0;13;13
hep-th/0504096;hep-th/0504096;0;20;20
0901.4052;0901.4052;0;20;20
hep-ph/0509274;hep-ph/0509274;0;3;3
0801.1146;0801.1146;0;19;19
hep-th/0611341;hep-th/0611341;1;11;12
hep-th/0607016;hep-th/0607016;2;8;10
hep-th/0607017;hep-th/0607017;2;9;11
hep-th/0405009;hep-th/0405009;1;24;25
0706.3231;0706.3231;0;20;20
quant-ph/9512004;quant-ph/9512004;0;1;1
0904.3686;0904.3686;0;1;1
0901.1079;0901.1079;0;7;7
math-ph/0108016;math-ph/0108016;1;3;4
0706.0782;0706.0782;0;32;32
0710.0709;0710.0709;0;21;21
0708.2413;0708.2413;0;36;36
0710.0707;0710.0707;0;11;11
cond-mat/9605121;cond-mat/9605121;0;1;1
0806.2385;0806.2385;0;4;4
hep-ph/9506363;hep-ph/9506363;0;8;8
0905.4146;0905.4146;0;6;6
hep-ph/9408247;hep-ph/9408247;2;0;2
0806.2388;0806.2388;0;4;4
0903.1747;0903.1747;0;10;10
cond-mat/0606084;cond-mat/0606084;0;3;3
0904.4799;0904.4799;0;15;15
hep-lat/9911009;hep-lat/9911009;1;0;1
0705.0632;0705.0632;0;10;10
0704.3913;0704.3913;0;27;27
0704.3918;0704.3918;0;22;22
hep-th/0612284;hep-th/0612284;1;26;27
hep-th/0203100;hep-th/0203100;0;21;21
hep-th/9808189;hep-th/9808189;1;0;1
0810.2920;0810.2920;0;9;9
0806.4825;0806.4825;0;17;17
hep-th/0612283;hep-th/0612283;0;24;24
0909.3200;0909.3200;0;23;23
0906.4102;0906.4102;0;9;9
hep-th/0007149;hep-th/0007149;0;7;7
hep-th/9910002;hep-th/9910002;2;5;7
math/9803032;math/9803032;1;0;1
0911.4817;0911.4817;0;52;52
0910.2674;0910.2674;0;3;3
gr-qc/0007053;gr-qc/0007053;0;9;9
gr-qc/0007052;gr-qc/0007052;2;4;6
0905.2641;0905.2641;0;29;29
0807.2456;0807.2456;0;29;29
0903.2951;0903.2951;0;3;3
hep-ph/9908328;hep-ph/9908328;0;9;9
0910.2746;0910.2746;0;9;9
0807.0443;0807.0443;0;42;42
0804.2863;0804.2863;0;16;16
hep-th/9410030;hep-th/9410030;0;4;4
hep-th/9308110;hep-th/9308110;2;0;2
cond-mat/0701139;cond-mat/0701139;0;2;2
0903.2933;0903.2933;0;19;19
0912.1346;0912.1346;0;14;14
0706.4075;0706.4075;0;4;4
0912.1857;0912.1857;0;24;24
0706.4070;0706.4070;0;13;13
0904.3328;0904.3328;0;2;2
hep-th/9604060;hep-th/9604060;0;2;2
0905.3732;0905.3732;0;13;13
0812.3341;0812.3341;0;36;36
0708.4116;0708.4116;0;51;51
hep-th/9401079;hep-th/9401079;1;0;1
hep-th/9411211;hep-th/9411211;0;1;1
0704.0995;0704.0995;0;7;7
0905.4123;0905.4123;0;10;10
0704.3605;0704.3605;0;5;5
0802.3681;0802.3681;0;14;14
gr-qc/0509090;gr-qc/0509090;0;3;3
0705.2139;0705.2139;0;3;3
0906.0657;0906.0657;0;39;39
0705.2131;0705.2131;0;8;8
0906.4423;0906.4423;0;15;15
cond-mat/0410474;cond-mat/0410474;0;1;1
0805.1711;0805.1711;0;19;19
hep-th/0310087;hep-th/0310087;0;10;10
hep-th/0310080;hep-th/0310080;0;2;2
0712.4132;0712.4132;0;37;37
0712.4138;0712.4138;0;10;10
hep-th/9807202;hep-th/9807202;2;39;41
hep-th/9807209;hep-th/9807209;0;15;15
0711.4934;0711.4934;0;55;55
hep-th/0012119;hep-th/0012119;0;1;1
0706.1887;0706.1887;0;7;7
0710.0488;0710.0488;0;7;7
hep-th/0012113;hep-th/0012113;0;5;5
hep-th/0008148;hep-th/0008148;2;3;5
hep-th/0012115;hep-th/0012115;0;25;25
0906.4426;0906.4426;0;10;10
0704.2070;0704.2070;0;51;51
hep-th/9303079;hep-th/9303079;0;5;5
hep-th/9607081;hep-th/9607081;0;4;4
0708.3058;0708.3058;0;6;6
hep-th/0511070;hep-th/0511070;2;9;11
0804.2635;0804.2635;0;19;19
0710.1684;0710.1684;0;15;15
0907.1640;0907.1640;0;39;39
0704.2076;0704.2076;0;23;23
hep-th/0310240;hep-th/0310240;1;0;1
hep-th/9601079;hep-th/9601079;0;9;9
0803.1995;0803.1995;0;10;10
0907.1641;0907.1641;0;11;11
0910.4898;0910.4898;0;7;7
0906.4428;0906.4428;0;11;11
0704.3544;0704.3544;0;48;48
0812.0068;0812.0068;0;2;2
0903.4328;0903.4328;0;12;12
0908.0131;0908.0131;0;19;19
0801.1645;0801.1645;0;24;24
cond-mat/0303355;cond-mat/0303355;0;2;2
astro-ph/0309679;astro-ph/0309679;0;2;2
0810.2316;0810.2316;0;10;10
hep-th/0207005;hep-th/0207005;0;17;17
0809.3953;0809.3953;0;2;2
hep-th/0102069;hep-th/0102069;1;9;10
hep-th/0207008;hep-th/0207008;0;2;2
0908.1972;0908.1972;0;2;2
0908.1974;0908.1974;0;23;23
hep-ph/0108219;hep-ph/0108219;1;8;9
0711.4636;0711.4636;0;6;6
0810.2992;0810.2992;0;8;8
hep-th/9506149;hep-th/9506149;1;5;6
hep-lat/9707029;hep-lat/9707029;2;9;11
0804.1131;0804.1131;0;27;27
0804.1132;0804.1132;0;18;18
0804.4705;0804.4705;0;8;8
0801.0619;0801.0619;0;23;23
0708.1742;0708.1742;0;7;7
cond-mat/9912190;cond-mat/9912190;0;4;4
0904.2778;0904.2778;0;36;36
0707.0168;0707.0168;0;19;19
0904.2774;0904.2774;0;17;17
0906.3731;0906.3731;0;31;31
physics/0411074;physics/0411074;0;2;2
0907.2582;0907.2582;0;13;13
0906.0521;0906.0521;0;20;20
gr-qc/0310039;gr-qc/0310039;0;4;4
0802.3318;0802.3318;0;16;16
0709.1520;0709.1520;0;23;23
0709.1523;0709.1523;0;38;38
0709.1522;0709.1522;0;13;13
gr-qc/0412086;gr-qc/0412086;1;0;1
0709.0697;0709.0697;0;9;9
0805.0870;0805.0870;0;9;9
0709.0693;0709.0693;0;17;17
0809.0544;0809.0544;0;60;60
0704.0631;0704.0631;0;1;1
0810.1177;0810.1177;0;6;6
0910.5441;0910.5441;0;29;29
0907.3868;0907.3868;0;4;4
hep-th/0401039;hep-th/0401039;0;3;3
hep-th/0411134;hep-th/0411134;0;4;4
hep-th/9812156;hep-th/9812156;0;4;4
hep-th/9812151;hep-th/9812151;0;12;12
0906.5069;0906.5069;0;4;4
0808.1345;0808.1345;0;21;21
hep-th/0303017;hep-th/0303017;0;20;20
0908.3461;0908.3461;0;28;28
0906.1772;0906.1772;0;5;5
hep-ph/0605208;hep-ph/0605208;1;10;11
0807.4863;0807.4863;0;5;5
0707.1337;0707.1337;0;1;1
0810.1987;0810.1987;0;36;36
physics/9804001;physics/9804001;0;2;2
physics/9801017;physics/9801017;1;0;1
0909.3412;0909.3412;0;9;9
0912.0725;0912.0725;0;10;10
hep-th/0501226;hep-th/0501226;0;3;3
0902.3409;0902.3409;0;4;4
0902.3408;0902.3408;0;10;10
0806.4175;0806.4175;0;17;17
0910.1860;0910.1860;0;31;31
hep-th/0610261;hep-th/0610261;1;5;6
0901.0012;0901.0012;0;11;11
0704.0284;0704.0284;0;25;25
0912.5139;0912.5139;0;9;9
0710.2719;0710.2719;0;4;4
0803.2945;0803.2945;0;27;27
hep-th/0512268;hep-th/0512268;1;8;9
hep-th/0501224;hep-th/0501224;0;1;1
quant-ph/0411207;quant-ph/0411207;0;6;6
quant-ph/0103010;quant-ph/0103010;2;0;2
hep-th/0507165;hep-th/0507165;0;1;1
0809.3355;0809.3355;0;17;17
0910.4428;0910.4428;0;13;13
hep-th/0206156;hep-th/0206156;0;2;2
hep-th/0206150;hep-th/0206150;2;11;13
gr-qc/0301032;gr-qc/0301032;0;10;10
0711.2292;0711.2292;0;2;2
0907.4930;0907.4930;0;9;9
0806.2564;0806.2564;0;11;11
hep-th/9707151;hep-th/9707151;0;7;7
0901.3919;0901.3919;0;9;9
gr-qc/9506009;gr-qc/9506009;0;1;1
hep-ph/0607262;hep-ph/0607262;0;1;1
hep-th/9602132;hep-th/9602132;1;14;15
hep-th/9602131;hep-th/9602131;0;1;1
0901.2063;0901.2063;0;8;8
0911.2831;0911.2831;0;45;45
0904.0381;0904.0381;0;18;18
0711.1601;0711.1601;0;16;16
hep-th/0002177;hep-th/0002177;0;4;4
0812.2491;0812.2491;0;3;3
0804.0899;0804.0899;0;19;19
hep-th/9906209;hep-th/9906209;1;16;17
0710.5847;0710.5847;0;21;21
hep-th/0303110;hep-th/0303110;1;8;9
0809.3237;0809.3237;0;28;28
math-ph/0303064;math-ph/0303064;0;4;4
math-ph/0303062;math-ph/0303062;0;1;1
0808.1583;0808.1583;0;20;20
0710.2769;0710.2769;0;8;8
gr-qc/9603005;gr-qc/9603005;0;1;1
0907.4942;0907.4942;0;34;34
hep-ph/0205266;hep-ph/0205266;1;11;12
0802.4354;0802.4354;0;22;22
quant-ph/9808054;quant-ph/9808054;0;1;1
0910.4649;0910.4649;0;4;4
0805.0047;0805.0047;0;2;2
0801.0861;0801.0861;0;20;20
hep-th/0512210;hep-th/0512210;2;0;2
hep-th/0609115;hep-th/0609115;0;4;4
0908.0087;0908.0087;0;18;18
hep-th/0101205;hep-th/0101205;1;20;21
0907.1780;0907.1780;0;8;8
math-ph/0604026;math-ph/0604026;0;1;1
hep-th/9608164;hep-th/9608164;0;1;1
hep-th/9607069;hep-th/9607069;1;6;7
0808.3903;0808.3903;0;14;14
0905.2856;0905.2856;0;13;13
0905.4562;0905.4562;0;17;17
0802.1290;0802.1290;0;18;18
0904.0432;0904.0432;0;15;15
0910.5477;0910.5477;0;2;2
0809.4885;0809.4885;0;21;21
0710.5233;0710.5233;0;18;18
physics/0410063;physics/0410063;0;3;3
0708.0392;0708.0392;0;15;15
0708.0393;0708.0393;0;8;8
hep-th/0006221;hep-th/0006221;1;2;3
hep-th/0603250;hep-th/0603250;0;13;13
hep-th/9908068;hep-th/9908068;0;11;11
hep-ph/0509002;hep-ph/0509002;3;0;3
hep-th/0605152;hep-th/0605152;0;2;2
hep-th/0605153;hep-th/0605153;0;7;7
math-ph/0305037;math-ph/0305037;0;4;4
gr-qc/0304066;gr-qc/0304066;1;0;1
math-ph/0305032;math-ph/0305032;0;1;1
0907.1665;0907.1665;0;17;17
0712.2968;0712.2968;0;5;5
0907.1663;0907.1663;0;40;40
hep-ph/0503120;hep-ph/0503120;0;10;10
0705.2339;0705.2339;0;19;19
0705.1661;0705.1661;0;11;11
0906.0596;0906.0596;0;21;21
0802.3510;0802.3510;0;10;10
0905.2130;0905.2130;0;34;34
0802.0057;0802.0057;0;18;18
0711.1570;0711.1570;0;21;21
0812.2329;0812.2329;0;16;16
0909.2880;0909.2880;0;1;1
hep-th/0308083;hep-th/0308083;0;6;6
0904.0980;0904.0980;0;1;1
0803.3970;0803.3970;0;3;3
0805.2353;0805.2353;0;10;10
math/0502542;math/0502542;0;1;1
gr-qc/9303012;gr-qc/9303012;0;2;2
0805.4173;0805.4173;0;7;7
0707.0455;0707.0455;0;21;21
0901.0034;0901.0034;0;31;31
0811.2536;0811.2536;0;19;19
0907.1528;0907.1528;0;5;5
hep-th/9401164;hep-th/9401164;1;14;15
hep-th/9607241;hep-th/9607241;0;2;2
0907.0535;0907.0535;0;8;8
0810.0265;0810.0265;0;6;6
0811.3468;0811.3468;0;5;5
0705.1685;0705.1685;0;40;40
0705.1683;0705.1683;0;26;26
0710.0316;0710.0316;0;15;15
0710.0315;0710.0315;0;10;10
0802.3573;0802.3573;0;25;25
hep-th/0108193;hep-th/0108193;0;26;26
0903.2604;0903.2604;0;7;7
0903.2607;0903.2607;0;9;9
nlin/0412067;nlin/0412067;1;0;1
hep-th/0610260;hep-th/0610260;0;3;3
hep-th/0608158;hep-th/0608158;0;7;7
hep-th/0610265;hep-th/0610265;0;74;74
0805.3000;0805.3000;0;3;3
0805.3003;0805.3003;0;10;10
0801.0944;0801.0944;0;17;17
hep-th/0610203;hep-th/0610203;0;10;10
gr-qc/0509072;gr-qc/0509072;1;22;23
0912.1366;0912.1366;0;37;37
0903.2622;0903.2622;0;3;3
cond-mat/0501372;cond-mat/0501372;0;5;5
cond-mat/0108184;cond-mat/0108184;2;0;2
cond-mat/0207707;cond-mat/0207707;2;4;6
cond-mat/0301343;cond-mat/0301343;1;1;2
0912.0125;0912.0125;0;25;25
quant-ph/0006065;quant-ph/0006065;0;1;1
0903.0609;0903.0609;0;12;12
0812.0513;0812.0513;0;13;13
hep-th/0309094;hep-th/0309094;0;6;6
math/9911023;math/9911023;1;0;1
hep-th/9801071;hep-th/9801071;0;11;11
0708.3674;0708.3674;0;23;23
0712.3366;0712.3366;0;34;34
0901.3074;0901.3074;0;42;42
hep-ph/9809518;hep-ph/9809518;0;2;2
0906.4314;0906.4314;0;8;8
0805.3025;0805.3025;0;31;31
math-ph/0209012;math-ph/0209012;0;6;6
math-ph/0209016;math-ph/0209016;0;1;1
hep-th/0409093;hep-th/0409093;0;2;2
hep-th/0409090;hep-th/0409090;1;25;26
gr-qc/0201084;gr-qc/0201084;2;16;18
hep-th/0409023;hep-th/0409023;1;11;12
0712.0471;0712.0471;0;2;2
hep-th/9511132;hep-th/9511132;0;2;2
0812.4911;0812.4911;0;10;10
hep-th/0208143;hep-th/0208143;1;4;5
0906.0303;0906.0303;0;2;2
cond-mat/9807142;cond-mat/9807142;1;0;1
0908.4329;0908.4329;0;5;5
0906.0307;0906.0307;0;9;9
0804.4782;0804.4782;0;2;2
0910.1006;0910.1006;0;1;1
0906.1655;0906.1655;0;1;1
0809.4681;0809.4681;0;13;13
0707.0543;0707.0543;0;35;35
0709.0570;0709.0570;0;24;24
0804.3592;0804.3592;0;14;14
0704.1405;0704.1405;0;48;48
0802.1980;0802.1980;0;5;5
0910.4633;0910.4633;0;15;15
0910.4630;0910.4630;0;34;34
0802.1196;0802.1196;0;25;25
0805.1947;0805.1947;0;4;4
hep-th/0610030;hep-th/0610030;0;4;4
physics/9708004;physics/9708004;0;1;1
0811.3999;0811.3999;0;27;27
nlin/0004003;nlin/0004003;1;0;1
hep-th/0507268;hep-th/0507268;0;7;7
0803.3801;0803.3801;0;29;29
gr-qc/0010001;gr-qc/0010001;0;2;2
0704.2273;0704.2273;0;7;7
0711.0129;0711.0129;0;2;2
hep-th/0210113;hep-th/0210113;1;0;1
hep-th/0110236;hep-th/0110236;0;5;5
0908.2218;0908.2218;0;27;27
0709.2750;0709.2750;0;1;1
0906.4681;0906.4681;0;7;7
0704.1026;0704.1026;0;43;43
hep-th/0212076;hep-th/0212076;0;4;4
hep-th/0212075;hep-th/0212075;1;3;4
hep-th/0212074;hep-th/0212074;0;18;18
0711.1451;0711.1451;0;32;32
quant-ph/0209066;quant-ph/0209066;0;1;1
0904.0008;0904.0008;0;27;27
hep-ph/0602128;hep-ph/0602128;2;0;2
0812.2889;0812.2889;0;53;53
0806.0336;0806.0336;0;28;28
0806.0335;0806.0335;0;11;11
0802.0801;0802.0801;0;9;9
0812.2732;0812.2732;0;26;26
gr-qc/0601068;gr-qc/0601068;0;4;4
gr-qc/0412051;gr-qc/0412051;1;3;4
0902.1365;0902.1365;0;12;12
0809.2822;0809.2822;0;11;11
0910.4202;0910.4202;0;8;8
hep-th/0002257;hep-th/0002257;0;20;20
hep-th/0002252;hep-th/0002252;0;6;6
hep-th/0002258;hep-th/0002258;0;16;16
hep-th/0002259;hep-th/0002259;0;2;2
0811.1598;0811.1598;0;10;10
cond-mat/9610079;cond-mat/9610079;1;0;1
0704.3580;0704.3580;0;3;3
hep-ph/0502132;hep-ph/0502132;1;2;3
0909.3329;0909.3329;0;13;13
hep-th/9502142;hep-th/9502142;1;0;1
hep-th/9510211;hep-th/9510211;1;4;5
hep-th/9510212;hep-th/9510212;0;6;6
0901.2948;0901.2948;0;30;30
0909.3328;0909.3328;0;38;38
hep-ph/9806529;hep-ph/9806529;1;9;10
gr-qc/0409066;gr-qc/0409066;1;3;4
hep-th/0609096;hep-th/0609096;0;54;54
0711.2187;0711.2187;0;67;67
hep-th/0104149;hep-th/0104149;0;4;4
0905.2792;0905.2792;0;7;7
0704.3638;0704.3638;0;56;56
0902.1509;0902.1509;0;13;13
hep-th/0104060;hep-th/0104060;1;0;1
hep-th/0104142;hep-th/0104142;1;3;4
hep-th/0104145;hep-th/0104145;0;1;1
hep-th/9909162;hep-th/9909162;1;0;1
0907.2694;0907.2694;0;22;22
0803.2019;0803.2019;0;12;12
hep-th/0111250;hep-th/0111250;1;0;1
0810.4094;0810.4094;0;20;20
0706.3915;0706.3915;0;9;9
0903.2849;0903.2849;0;8;8
hep-th/0605098;hep-th/0605098;1;0;1
0901.1724;0901.1724;0;16;16
hep-th/0504103;hep-th/0504103;0;2;2
0804.0452;0804.0452;0;21;21
cond-mat/0701491;cond-mat/0701491;0;24;24
math-ph/0409067;math-ph/0409067;1;0;1
0904.0910;0904.0910;0;21;21
dg-ga/9702015;dg-ga/9702015;1;0;1
cond-mat/0605245;cond-mat/0605245;0;6;6
hep-th/9703119;hep-th/9703119;0;13;13
hep-th/9703116;hep-th/9703116;0;8;8
hep-th/9703117;hep-th/9703117;0;5;5
hep-th/9703113;hep-th/9703113;0;2;2
0902.3209;0902.3209;0;23;23
hep-ph/9607434;hep-ph/9607434;1;17;18
0811.0642;0811.0642;0;4;4
0708.1283;0708.1283;0;7;7
0806.4065;0806.4065;0;15;15
0708.1285;0708.1285;0;72;72
0904.2518;0904.2518;0;25;25
cond-mat/9602126;cond-mat/9602126;1;0;1
0805.0519;0805.0519;0;6;6
0709.2754;0709.2754;0;22;22
hep-th/9803130;hep-th/9803130;1;4;5
0810.0081;0810.0081;0;5;5
gr-qc/0309072;gr-qc/0309072;2;7;9
0910.1470;0910.1470;0;3;3
0707.2673;0707.2673;0;11;11
hep-th/0109006;hep-th/0109006;1;3;4
0912.3590;0912.3590;0;23;23
0907.3902;0907.3902;0;19;19
cond-mat/0301587;cond-mat/0301587;0;8;8
0901.0396;0901.0396;0;14;14
0801.1671;0801.1671;0;9;9
hep-th/9412202;hep-th/9412202;1;4;5
0706.2253;0706.2253;0;28;28
hep-th/0101048;hep-th/0101048;0;5;5
0712.1596;0712.1596;0;27;27
0904.4865;0904.4865;0;11;11
0810.3910;0810.3910;0;6;6
hep-th/9512160;hep-th/9512160;0;11;11
hep-th/9512167;hep-th/9512167;0;2;2
hep-th/9512169;hep-th/9512169;0;7;7
hep-th/0301181;hep-th/0301181;1;8;9
hep-lat/0009033;hep-lat/0009033;0;9;9
hep-lat/0005001;hep-lat/0005001;1;10;11
0709.0982;0709.0982;0;14;14
hep-lat/0009039;hep-lat/0009039;0;1;1
0812.0721;0812.0721;0;3;3
hep-th/0503047;hep-th/0503047;0;13;13
0812.4438;0812.4438;0;20;20
0901.0978;0901.0978;0;5;5
0812.4437;0812.4437;0;12;12
0704.3260;0704.3260;0;16;16
0807.5127;0807.5127;0;32;32
0806.4680;0806.4680;0;13;13
0809.0282;0809.0282;0;1;1
0901.2537;0901.2537;0;7;7
0901.2532;0901.2532;0;18;18
0909.4220;0909.4220;0;12;12
hep-th/0503048;hep-th/0503048;0;3;3
hep-th/0404258;hep-th/0404258;0;17;17
hep-th/0404259;hep-th/0404259;0;11;11
0904.0380;0904.0380;0;20;20
hep-th/9606070;hep-th/9606070;0;12;12
hep-th/9510073;hep-th/9510073;1;0;1
hep-th/9606075;hep-th/9606075;0;2;2
hep-th/9606074;hep-th/9606074;0;2;2
0806.4355;0806.4355;0;47;47
gr-qc/0410006;gr-qc/0410006;1;15;16
0808.2243;0808.2243;0;14;14
0808.2240;0808.2240;0;6;6
0705.1162;0705.1162;0;6;6
0802.1813;0802.1813;0;22;22
0806.4358;0806.4358;0;26;26
gr-qc/0305074;gr-qc/0305074;2;6;8
0905.1409;0905.1409;0;4;4
0805.3924;0805.3924;0;50;50
hep-th/9610218;hep-th/9610218;0;3;3
gr-qc/0011069;gr-qc/0011069;0;4;4
hep-th/9610210;hep-th/9610210;0;2;2
hep-th/9610212;hep-th/9610212;0;4;4
hep-th/9605191;hep-th/9605191;4;0;4
hep-th/9610217;hep-th/9610217;0;3;3
gr-qc/9801074;gr-qc/9801074;0;2;2
hep-th/0211016;hep-th/0211016;0;13;13
gr-qc/9409060;gr-qc/9409060;1;0;1
0810.3746;0810.3746;0;40;40
0812.3363;0812.3363;0;8;8
0903.4809;0903.4809;0;8;8
cond-mat/0208593;cond-mat/0208593;0;3;3
math-ph/0104002;math-ph/0104002;0;6;6
0801.0954;0801.0954;0;23;23
hep-th/0309046;hep-th/0309046;0;11;11
0904.0184;0904.0184;0;5;5
0808.2939;0808.2939;0;5;5
hep-th/9809156;hep-th/9809156;0;2;2
hep-th/9809155;hep-th/9809155;0;1;1
hep-th/9809150;hep-th/9809150;0;3;3
0912.5223;0912.5223;0;12;12
0804.3078;0804.3078;0;4;4
hep-th/0607041;hep-th/0607041;1;3;4
hep-th/0607042;hep-th/0607042;0;14;14
0803.0571;0803.0571;0;39;39
hep-th/0611077;hep-th/0611077;1;15;16
gr-qc/0407024;gr-qc/0407024;0;9;9
gr-qc/0407070;gr-qc/0407070;1;0;1
0804.3072;0804.3072;0;60;60
0802.1576;0802.1576;1;0;1
hep-th/0606170;hep-th/0606170;0;9;9
cond-mat/9504074;cond-mat/9504074;1;0;1
hep-lat/9212033;hep-lat/9212033;1;0;1
hep-ph/9308307;hep-ph/9308307;1;0;1
hep-th/9912064;hep-th/9912064;1;4;5
0705.3393;0705.3393;0;6;6
0811.2442;0811.2442;0;6;6
0910.2860;0910.2860;0;17;17
0810.5379;0810.5379;0;26;26
0709.3090;0709.3090;0;24;24
0711.3498;0711.3498;0;67;67
hep-th/0604145;hep-th/0604145;1;25;26
0806.3725;0806.3725;0;6;6
0912.3836;0912.3836;0;6;6
0811.4076;0811.4076;0;33;33
gr-qc/9807035;gr-qc/9807035;1;10;11
0709.0524;0709.0524;0;3;3
0808.1316;0808.1316;0;18;18
0712.0950;0712.0950;0;4;4
0809.0854;0809.0854;0;3;3
0802.1659;0802.1659;0;38;38
math/0302170;math/0302170;0;5;5
hep-th/0409278;hep-th/0409278;1;17;18
0910.3887;0910.3887;0;21;21
0704.1814;0704.1814;0;40;40
0907.3073;0907.3073;0;1;1
0802.1658;0802.1658;0;22;22
hep-th/0407235;hep-th/0407235;0;9;9
hep-th/9709183;hep-th/9709183;0;6;6
0806.1081;0806.1081;0;15;15
0709.3059;0709.3059;0;29;29
0709.0472;0709.0472;0;30;30
gr-qc/9710019;gr-qc/9710019;1;0;1
0809.2433;0809.2433;0;29;29
0808.0304;0808.0304;0;7;7
0801.4001;0801.4001;0;29;29
0902.3198;0902.3198;0;10;10
0705.2113;0705.2113;0;24;24
math/0111230;math/0111230;0;4;4
0911.4418;0911.4418;0;26;26
0812.1840;0812.1840;0;16;16
hep-th/0303106;hep-th/0303106;0;3;3
0804.4564;0804.4564;0;8;8
0906.2724;0906.2724;0;9;9
physics/0308078;physics/0308078;0;1;1
0911.1884;0911.1884;0;33;33
0907.1508;0907.1508;0;4;4
hep-th/0106118;hep-th/0106118;0;5;5
hep-th/0105234;hep-th/0105234;1;4;5
hep-th/9706183;hep-th/9706183;0;25;25
0710.4166;0710.4166;0;24;24
0705.2153;0705.2153;0;18;18
hep-th/9911006;hep-th/9911006;0;5;5
hep-th/9607068;hep-th/9607068;0;1;1
hep-th/9911005;hep-th/9911005;0;13;13
0712.3699;0712.3699;0;18;18
0710.4292;0710.4292;0;59;59
0710.1662;0710.1662;0;8;8
0708.2208;0708.2208;0;40;40
0708.2200;0708.2200;0;6;6
0910.4873;0910.4873;0;10;10
0911.4605;0911.4605;0;16;16
cond-mat/0108511;cond-mat/0108511;0;2;2
0808.3832;0808.3832;0;37;37
0907.1278;0907.1278;0;16;16
hep-th/9706052;hep-th/9706052;2;1;3
0710.1628;0710.1628;0;17;17
hep-th/0702185;hep-th/0702185;0;6;6
0707.4136;0707.4136;0;11;11
0912.4789;0912.4789;0;4;4
hep-th/0207021;hep-th/0207021;0;2;2
hep-th/0405217;hep-th/0405217;0;20;20
0710.4830;0710.4830;0;1;1
physics/0601032;physics/0601032;0;3;3
hep-ph/9911439;hep-ph/9911439;0;7;7
0904.2750;0904.2750;0;22;22
0901.3298;0901.3298;0;12;12
hep-th/0111186;hep-th/0111186;1;5;6
hep-th/0111184;hep-th/0111184;0;2;2
hep-th/0105150;hep-th/0105150;1;0;1
hep-th/9805135;hep-th/9805135;0;4;4
math-ph/0511059;math-ph/0511059;0;15;15
0907.3249;0907.3249;0;3;3
0709.1547;0709.1547;0;26;26
quant-ph/0308084;quant-ph/0308084;0;4;4
0910.4315;0910.4315;0;10;10
hep-th/9905124;hep-th/9905124;1;0;1
0704.2707;0704.2707;0;18;18
hep-ph/0309223;hep-ph/0309223;1;5;6
0705.0376;0705.0376;0;1;1
0804.4722;0804.4722;0;7;7
physics/9910034;physics/9910034;0;2;2
hep-th/9301110;hep-th/9301110;1;0;1
0912.2734;0912.2734;0;17;17
0706.3645;0706.3645;0;47;47
0806.4557;0806.4557;0;24;24
hep-th/0411054;hep-th/0411054;0;18;18
0909.4668;0909.4668;0;6;6
0812.3399;0812.3399;0;33;33
hep-th/9501139;hep-th/9501139;0;1;1
0902.2490;0902.2490;0;5;5
0908.0336;0908.0336;0;28;28
0904.3483;0904.3483;0;9;9
0804.4890;0804.4890;0;4;4
hep-th/0201074;hep-th/0201074;0;1;1
hep-th/9704110;hep-th/9704110;0;64;64
hep-th/9403153;hep-th/9403153;1;0;1
0904.2287;0904.2287;0;5;5
hep-th/0601115;hep-th/0601115;0;1;1
hep-th/0501045;hep-th/0501045;1;10;11
hep-th/0601113;hep-th/0601113;0;7;7
0711.0627;0711.0627;0;4;4
hep-th/0601118;hep-th/0601118;0;36;36
0806.2212;0806.2212;0;3;3
0706.0340;0706.0340;0;12;12
gr-qc/0601014;gr-qc/0601014;0;2;2
hep-th/9710055;hep-th/9710055;1;2;3
0712.4190;0712.4190;0;5;5
0909.2245;0909.2245;0;25;25
0803.1330;0803.1330;0;1;1
0808.2291;0808.2291;0;13;13
0802.3967;0802.3967;0;52;52
0910.0974;0910.0974;0;31;31
hep-ph/9705297;hep-ph/9705297;0;4;4
hep-th/0401029;hep-th/0401029;1;8;9
hep-th/9812178;hep-th/9812178;0;1;1
hep-th/9812173;hep-th/9812173;1;1;2
0906.5044;0906.5044;0;7;7
0906.5047;0906.5047;0;34;34
0812.3397;0812.3397;0;42;42
0912.4873;0912.4873;0;6;6
0707.1358;0707.1358;0;10;10
0812.1358;0812.1358;0;50;50
0803.0526;0803.0526;0;2;2
0912.4871;0912.4871;0;5;5
0707.1356;0707.1356;0;19;19
hep-th/0203228;hep-th/0203228;0;13;13
0907.2522;0907.2522;0;2;2
math-ph/0607015;math-ph/0607015;1;3;4
hep-th/9603200;hep-th/9603200;1;4;5
0812.1051;0812.1051;0;19;19
math-ph/0408051;math-ph/0408051;0;3;3
0912.4468;0912.4468;0;6;6
0805.3236;0805.3236;0;11;11
0907.3722;0907.3722;0;17;17
0909.2617;0909.2617;0;7;7
hep-th/0206191;hep-th/0206191;0;18;18
0803.3037;0803.3037;0;22;22
0909.0866;0909.0866;0;1;1
0803.3035;0803.3035;0;25;25
0802.0618;0802.0618;0;14;14
0811.4293;0811.4293;0;9;9
hep-th/0005055;hep-th/0005055;4;17;21
0911.5389;0911.5389;0;17;17
0911.5386;0911.5386;0;7;7
0906.2376;0906.2376;0;8;8
0912.4326;0912.4326;0;14;14
0906.2377;0906.2377;0;34;34
hep-th/0105172;hep-th/0105172;0;1;1
hep-th/0009069;hep-th/0009069;1;0;1
0910.5427;0910.5427;0;3;3
0709.4149;0709.4149;0;33;33
0806.4808;0806.4808;0;14;14
hep-ph/9703297;hep-ph/9703297;0;6;6
hep-ph/9703296;hep-ph/9703296;1;0;1
0806.4800;0806.4800;0;45;45
0806.4807;0806.4807;0;18;18
hep-th/0203001;hep-th/0203001;0;10;10
0909.1494;0909.1494;0;17;17
0709.2784;0709.2784;0;29;29
cond-mat/0108254;cond-mat/0108254;0;4;4
0711.3622;0711.3622;0;7;7
hep-ph/0306223;hep-ph/0306223;0;7;7
hep-th/9904051;hep-th/9904051;1;7;8
hep-ph/0212214;hep-ph/0212214;1;6;7
0710.2743;0710.2743;0;4;4
0710.2741;0710.2741;0;4;4
0802.0354;0802.0354;0;2;2
0907.4966;0907.4966;0;29;29
0811.1712;0811.1712;0;4;4
0906.2526;0906.2526;0;12;12
0809.3786;0809.3786;0;12;12
hep-th/9311123;hep-th/9311123;1;0;1
0809.4257;0809.4257;0;26;26
math-ph/0602048;math-ph/0602048;0;10;10
0808.1073;0808.1073;0;5;5
0808.1079;0808.1079;0;18;18
0803.1300;0803.1300;0;23;23
0910.5222;0910.5222;0;10;10
0804.3061;0804.3061;0;29;29
0707.3466;0707.3466;0;16;16
0905.2835;0905.2835;0;40;40
0911.3715;0911.3715;0;12;12
hep-th/9608149;hep-th/9608149;0;1;1
hep-ph/9211215;hep-ph/9211215;2;0;2
hep-th/0103182;hep-th/0103182;0;15;15
hep-th/9608141;hep-th/9608141;1;2;3
hep-th/9608146;hep-th/9608146;0;1;1
hep-th/9408126;hep-th/9408126;1;0;1
0804.3062;0804.3062;0;11;11
0812.4967;0812.4967;0;6;6
0809.3783;0809.3783;0;2;2
hep-ph/9812203;hep-ph/9812203;0;4;4
astro-ph/0504516;astro-ph/0504516;0;7;7
0912.0944;0912.0944;0;19;19
0804.0863;0804.0863;0;36;36
0812.3419;0812.3419;0;5;5
hep-th/0008122;hep-th/0008122;1;6;7
hep-th/9306076;hep-th/9306076;1;3;4
hep-th/0605169;hep-th/0605169;1;0;1
math-ph/0305014;math-ph/0305014;0;7;7
math/0412549;math/0412549;2;4;6
math/0607379;math/0607379;1;4;5
hep-th/9312046;hep-th/9312046;0;2;2
hep-ph/0702078;hep-ph/0702078;0;17;17
0805.4052;0805.4052;0;21;21
hep-th/9509164;hep-th/9509164;0;5;5
0802.3578;0802.3578;0;8;8
math-ph/0007033;math-ph/0007033;1;0;1
hep-ph/9910337;hep-ph/9910337;0;7;7
quant-ph/0307237;quant-ph/0307237;0;12;12
0805.2330;0805.2330;0;12;12
0801.4463;0801.4463;0;26;26
hep-ph/9608285;hep-ph/9608285;0;3;3
hep-th/9807061;hep-th/9807061;0;5;5
hep-th/9807062;hep-th/9807062;0;46;46
0704.3119;0704.3119;0;20;20
cond-mat/0001263;cond-mat/0001263;1;6;7
cond-mat/9907070;cond-mat/9907070;1;0;1
hep-th/0512286;hep-th/0512286;1;11;12
0901.3588;0901.3588;0;8;8
0812.3968;0812.3968;0;5;5
gr-qc/0512094;gr-qc/0512094;1;12;13
0901.3584;0901.3584;0;14;14
0705.0863;0705.0863;0;9;9
0707.2637;0707.2637;0;28;28
0705.0865;0705.0865;0;14;14
0812.3755;0812.3755;0;25;25
0802.3292;0802.3292;0;16;16
0901.0587;0901.0587;0;15;15
0901.4603;0901.4603;0;15;15
0907.1580;0907.1580;0;5;5
0811.1341;0811.1341;0;13;13
0901.4608;0901.4608;0;29;29
0901.3055;0901.3055;0;30;30
0712.3305;0712.3305;0;44;44
0710.0334;0710.0334;0;18;18
0812.1991;0812.1991;0;6;6
0901.3059;0901.3059;0;35;35
hep-th/0305168;hep-th/0305168;0;5;5
0810.5008;0810.5008;0;13;13
hep-th/0610240;hep-th/0610240;0;9;9
0708.3933;0708.3933;0;25;25
0710.3827;0710.3827;0;45;45
0911.1636;0911.1636;0;2;2
quant-ph/0503053;quant-ph/0503053;1;14;15
hep-th/9409039;hep-th/9409039;0;17;17
hep-th/0304133;hep-th/0304133;0;1;1
hep-th/0304130;hep-th/0304130;0;5;5
hep-th/0009248;hep-th/0009248;1;8;9
0705.0242;0705.0242;0;8;8
0912.4523;0912.4523;0;7;7
hep-ph/0302257;hep-ph/0302257;0;20;20
math/9902103;math/9902103;0;8;8
hep-th/9405041;hep-th/9405041;0;6;6
hep-th/9204077;hep-th/9204077;1;0;1
hep-th/9405042;hep-th/9405042;0;1;1
hep-ph/0209088;hep-ph/0209088;0;1;1
hep-ph/9809534;hep-ph/9809534;0;2;2
hep-th/9803244;hep-th/9803244;1;0;1
cond-mat/0209032;cond-mat/0209032;0;6;6
0910.1914;0910.1914;0;5;5
0803.3492;0803.3492;0;10;10
0708.3065;0708.3065;0;23;23
0803.4446;0803.4446;0;16;16
0708.3069;0708.3069;0;13;13
0912.0554;0912.0554;0;5;5
0810.2293;0810.2293;0;5;5
0907.5274;0907.5274;0;22;22
hep-th/0311204;hep-th/0311204;2;44;46
0912.5105;0912.5105;0;33;33
0912.5106;0912.5106;0;12;12
hep-th/9307004;hep-th/9307004;1;0;1
0802.0573;0802.0573;0;28;28
0801.1073;0801.1073;0;9;9
cond-mat/0409094;cond-mat/0409094;0;1;1
hep-ph/0105153;hep-ph/0105153;0;2;2
hep-th/0111052;hep-th/0111052;0;20;20
hep-th/0312225;hep-th/0312225;0;6;6
hep-th/0204208;hep-th/0204208;0;2;2
hep-th/0312223;hep-th/0312223;0;7;7
0812.0414;0812.0414;0;8;8
0810.2209;0810.2209;0;2;2
math/0008061;math/0008061;0;1;1
0909.5171;0909.5171;0;25;25
0809.2684;0809.2684;0;39;39
math-ph/9809012;math-ph/9809012;1;0;1
math-ph/9810006;math-ph/9810006;1;0;1
0710.2224;0710.2224;0;2;2
hep-ph/0601003;hep-ph/0601003;0;13;13
hep-ph/0210288;hep-ph/0210288;3;0;3
0809.1632;0809.1632;0;12;12
0704.1141;0704.1141;0;4;4
0904.4431;0904.4431;0;11;11
hep-th/9707106;hep-th/9707106;1;0;1
math-ph/0304008;math-ph/0304008;0;1;1
0905.2346;0905.2346;0;20;20
0905.2348;0905.2348;0;22;22
hep-th/0102053;hep-th/0102053;0;7;7
alg-geom/9712033;alg-geom/9712033;1;0;1
nlin/0207037;nlin/0207037;0;6;6
hep-th/0102052;hep-th/0102052;0;7;7
hep-th/0102055;hep-th/0102055;0;2;2
0708.4305;0708.4305;0;6;6
hep-th/0611302;hep-th/0611302;0;4;4
0812.2199;0812.2199;0;1;1
hep-th/0101077;hep-th/0101077;0;18;18
hep-th/9510110;hep-th/9510110;1;0;1
hep-th/0010074;hep-th/0010074;0;9;9
hep-th/9710083;hep-th/9710083;0;1;1
hep-th/9710081;hep-th/9710081;0;1;1
patt-sol/9709003;patt-sol/9709003;1;0;1
hep-th/0412231;hep-th/0412231;0;2;2
hep-th/0112225;hep-th/0112225;0;1;1
hep-th/9612253;hep-th/9612253;0;4;4
hep-th/0412230;hep-th/0412230;0;15;15
q-alg/9607017;q-alg/9607017;2;8;10
q-alg/9607016;q-alg/9607016;2;6;8
0905.3921;0905.3921;0;19;19
hep-th/9701076;hep-th/9701076;1;13;14
hep-th/9701071;hep-th/9701071;0;3;3
hep-th/9607055;hep-th/9607055;1;5;6
hep-th/9701070;hep-th/9701070;0;1;1
0812.2196;0812.2196;0;1;1
0707.4282;0707.4282;0;2;2
hep-lat/0210052;hep-lat/0210052;2;0;2
0802.1725;0802.1725;0;9;9
hep-lat/0308028;hep-lat/0308028;0;8;8
0807.1522;0807.1522;0;20;20
hep-th/9511140;hep-th/9511140;1;0;1
0806.0679;0806.0679;0;16;16
0807.0082;0807.0082;0;12;12
0711.2742;0711.2742;0;4;4
0908.3493;0908.3493;0;18;18
math/0011117;math/0011117;0;1;1
0808.0537;0808.0537;0;45;45
0709.3574;0709.3574;0;1;1
0709.3573;0709.3573;0;27;27
0807.4540;0807.4540;0;95;95
0708.3772;0708.3772;0;1;1
0704.2553;0704.2553;0;50;50
hep-th/9709003;hep-th/9709003;1;0;1
0807.1689;0807.1689;0;24;24
0710.3971;0710.3971;0;18;18
0901.1561;0901.1561;0;5;5
0807.2601;0807.2601;0;8;8
hep-th/9707043;hep-th/9707043;3;6;9
hep-th/0203230;hep-th/0203230;1;0;1
0907.5406;0907.5406;0;7;7
0906.2102;0906.2102;0;15;15
0809.3547;0809.3547;0;55;55
0811.0218;0811.0218;0;10;10
0904.4408;0904.4408;0;7;7
0904.4409;0904.4409;0;11;11
0903.3424;0903.3424;0;11;11
0803.1143;0803.1143;0;23;23
0811.0212;0811.0212;0;36;36
0910.2828;0910.2828;0;4;4
0704.3205;0704.3205;0;12;12
0704.3208;0704.3208;0;10;10
hep-ph/9804381;hep-ph/9804381;0;5;5
0903.3397;0903.3397;0;12;12
0810.0477;0810.0477;0;4;4
math/0405402;math/0405402;0;2;2
0911.5332;0911.5332;0;8;8
hep-th/9208033;hep-th/9208033;0;1;1
hep-th/0505061;hep-th/0505061;0;13;13
0908.2618;0908.2618;0;3;3
hep-th/0412059;hep-th/0412059;0;8;8
hep-th/9704091;hep-th/9704091;1;8;9
hep-th/9704092;hep-th/9704092;1;10;11
hep-ph/0608182;hep-ph/0608182;0;6;6
0904.2122;0904.2122;0;16;16
0812.3069;0812.3069;0;18;18
0901.4165;0901.4165;0;8;8
0802.3376;0802.3376;0;16;16
0811.2786;0811.2786;0;12;12
0907.2689;0907.2689;0;4;4
0809.1571;0809.1571;0;6;6
0808.0722;0808.0722;0;2;2
0709.0267;0709.0267;0;2;2
0709.0261;0709.0261;0;4;4
hep-th/0201137;hep-th/0201137;0;4;4
0910.1245;0910.1245;0;15;15
0905.3501;0905.3501;0;22;22
0705.3395;0705.3395;0;38;38
hep-th/0410032;hep-th/0410032;0;2;2
0809.4900;0809.4900;0;8;8
hep-th/0403064;hep-th/0403064;3;5;8
0908.0108;0908.0108;0;14;14
hep-ph/0503255;hep-ph/0503255;1;22;23
hep-th/0504086;hep-th/0504086;1;6;7
0901.0748;0901.0748;0;14;14
0806.2392;0806.2392;0;12;12
0806.2390;0806.2390;0;12;12
0901.3214;0901.3214;0;20;20
0706.3890;0706.3890;0;23;23
0903.5251;0903.5251;0;44;44
0908.2611;0908.2611;0;4;4
0710.0612;0710.0612;0;25;25
0910.3220;0910.3220;0;3;3
cond-mat/0306254;cond-mat/0306254;1;3;4
0907.0823;0907.0823;0;11;11
0805.0602;0805.0602;0;21;21
0804.4807;0804.4807;0;41;41
hep-th/0108232;hep-th/0108232;3;10;13
0907.0860;0907.0860;0;40;40
cond-mat/0410071;cond-mat/0410071;0;11;11
0706.1604;0706.1604;0;3;3
0809.0381;0809.0381;0;15;15
0706.1603;0706.1603;0;2;2
0809.0380;0809.0380;0;13;13
0710.0610;0710.0610;0;7;7
0711.3989;0711.3989;0;1;1
cond-mat/0412446;cond-mat/0412446;0;2;2
0904.0711;0904.0711;0;24;24
0711.3986;0711.3986;0;7;7
0804.4805;0804.4805;0;17;17
0909.3636;0909.3636;0;1;1
0906.4361;0906.4361;0;21;21
hep-th/9402051;hep-th/9402051;0;4;4
hep-th/9610063;hep-th/9610063;1;15;16
0810.2422;0810.2422;0;13;13
0803.4257;0803.4257;0;22;22
0812.4045;0812.4045;0;11;11
hep-th/9311182;hep-th/9311182;0;1;1
hep-th/0503054;hep-th/0503054;0;5;5
hep-th/0405023;hep-th/0405023;2;0;2
0807.5134;0807.5134;0;7;7
0807.5136;0807.5136;0;2;2
math/0409364;math/0409364;0;3;3
0707.0875;0707.0875;0;16;16
0912.5286;0912.5286;0;7;7
hep-th/9712152;hep-th/9712152;0;13;13
hep-th/9712154;hep-th/9712154;0;3;3
0805.3774;0805.3774;0;9;9
0901.3402;0901.3402;0;23;23
hep-th/9811249;hep-th/9811249;1;27;28
0902.0479;0902.0479;0;25;25
0907.3235;0907.3235;0;7;7
0707.4660;0707.4660;0;52;52
0809.1006;0809.1006;0;22;22
0808.1912;0808.1912;0;29;29
0808.1911;0808.1911;0;16;16
0808.1919;0808.1919;0;24;24
0808.0399;0808.0399;0;10;10
hep-th/9609179;hep-th/9609179;0;7;7
hep-th/9608016;hep-th/9608016;1;0;1
0710.2539;0710.2539;0;39;39
cond-mat/0011454;cond-mat/0011454;1;1;2
hep-th/9512069;hep-th/9512069;1;0;1
0806.2328;0806.2328;0;28;28
0708.0797;0708.0797;0;33;33
0809.2923;0809.2923;0;28;28
0711.1837;0711.1837;0;40;40
hep-th/0203216;hep-th/0203216;1;17;18
0911.2997;0911.2997;0;3;3
hep-th/9605123;hep-th/9605123;0;3;3
hep-th/9605125;hep-th/9605125;0;1;1
0708.0240;0708.0240;0;13;13
0902.1709;0902.1709;0;6;6
0912.0589;0912.0589;0;23;23
hep-th/9406205;hep-th/9406205;0;10;10
0705.1338;0705.1338;0;20;20
hep-ph/0010316;hep-ph/0010316;0;4;4
0904.2826;0904.2826;0;12;12
0904.2828;0904.2828;0;28;28
0809.0991;0809.0991;0;17;17
gr-qc/9406008;gr-qc/9406008;1;0;1
hep-th/0312127;hep-th/0312127;0;3;3
0805.1726;0805.1726;0;122;122
gr-qc/9302014;gr-qc/9302014;1;0;1
gr-qc/9210014;gr-qc/9210014;1;0;1
hep-th/0312128;hep-th/0312128;0;12;12
0805.1891;0805.1891;0;17;17
hep-th/0102048;hep-th/0102048;0;2;2
0805.1895;0805.1895;0;11;11
0712.0276;0712.0276;0;24;24
0801.3700;0801.3700;0;1;1
quant-ph/0512191;quant-ph/0512191;1;0;1
0801.3701;0801.3701;0;20;20
0712.0272;0712.0272;0;4;4
0901.1256;0901.1256;0;14;14
0812.2361;0812.2361;0;95;95
hep-ph/0507016;hep-ph/0507016;0;1;1
hep-ph/0407313;hep-ph/0407313;1;0;1
0708.1111;0708.1111;0;35;35
0907.2041;0907.2041;0;23;23
0910.2167;0910.2167;0;9;9
0704.2429;0704.2429;0;6;6
hep-th/0512055;hep-th/0512055;1;0;1
0804.4283;0804.4283;0;34;34
hep-th/9909100;hep-th/9909100;0;5;5
0901.1833;0901.1833;0;5;5
0907.1838;0907.1838;0;17;17
0901.3563;0901.3563;0;8;8
hep-lat/0303025;hep-lat/0303025;0;21;21
0905.0949;0905.0949;0;1;1
0903.2169;0903.2169;0;13;13
0808.0734;0808.0734;0;3;3
0706.0409;0706.0409;0;18;18
quant-ph/0303106;quant-ph/0303106;0;1;1
0807.1102;0807.1102;0;2;2
hep-th/0305188;hep-th/0305188;0;44;44
0710.4664;0710.4664;0;21;21
hep-th/0305182;hep-th/0305182;0;13;13
0809.4939;0809.4939;0;14;14
0901.1168;0901.1168;0;15;15
0808.2777;0808.2777;0;29;29
0808.2776;0808.2776;0;55;55
0808.2771;0808.2771;0;16;16
0710.0783;0710.0783;0;9;9
0812.4204;0812.4204;0;29;29
0904.0370;0904.0370;0;15;15
hep-th/9403046;hep-th/9403046;0;3;3
hep-th/0101098;hep-th/0101098;1;7;8
0901.1160;0901.1160;0;28;28
0805.3318;0805.3318;0;12;12
0808.2489;0808.2489;0;25;25
0808.2485;0808.2485;0;21;21
0808.2481;0808.2481;0;22;22
0912.1119;0912.1119;0;14;14
0811.0128;0811.0128;0;13;13
0807.1117;0807.1117;0;6;6
0807.1111;0807.1111;0;32;32
0805.3310;0805.3310;0;32;32
0901.4365;0901.4365;0;25;25
hep-th/9806219;hep-th/9806219;0;7;7
hep-th/9806218;hep-th/9806218;0;5;5
hep-th/9806215;hep-th/9806215;0;3;3
hep-th/9302045;hep-th/9302045;1;0;1
hep-th/9809099;hep-th/9809099;0;1;1
hep-ph/0109196;hep-ph/0109196;1;0;1
hep-ph/9908302;hep-ph/9908302;2;0;2
0705.3789;0705.3789;0;14;14
0903.2834;0903.2834;0;47;47
0705.3780;0705.3780;0;22;22
hep-th/0701152;hep-th/0701152;1;6;7
0911.3196;0911.3196;0;11;11
0711.4422;0711.4422;0;48;48
0911.1403;0911.1403;0;39;39
0711.1631;0711.1631;0;20;20
0911.1408;0911.1408;0;10;10
0903.3431;0903.3431;0;42;42
0907.5008;0907.5008;0;10;10
0709.4369;0709.4369;0;15;15
0710.2929;0710.2929;0;13;13
hep-th/9304130;hep-th/9304130;3;0;3
hep-th/9408130;hep-th/9408130;0;7;7
hep-th/9408131;hep-th/9408131;0;6;6
hep-th/9408137;hep-th/9408137;1;12;13
hep-th/9408139;hep-th/9408139;0;2;2
0905.2678;0905.2678;0;12;12
cond-mat/0511539;cond-mat/0511539;0;4;4
0705.3253;0705.3253;0;64;64
0712.0802;0712.0802;0;46;46
0812.1941;0812.1941;0;5;5
quant-ph/0105076;quant-ph/0105076;1;2;3
0712.2648;0712.2648;0;19;19
0905.2187;0905.2187;0;13;13
hep-ph/0401149;hep-ph/0401149;1;14;15
0912.5372;0912.5372;0;11;11
0908.3105;0908.3105;0;6;6
0908.3100;0908.3100;0;10;10
hep-th/0409286;hep-th/0409286;0;14;14
hep-th/0409280;hep-th/0409280;1;13;14
0809.1771;0809.1771;0;7;7
0809.5218;0809.5218;0;1;1
0809.5216;0809.5216;0;6;6
hep-th/9905051;hep-th/9905051;0;1;1
0906.1962;0906.1962;0;3;3
0805.0548;0805.0548;0;8;8
astro-ph/0510445;astro-ph/0510445;1;0;1
math/0409277;math/0409277;0;11;11
0909.3722;0909.3722;0;9;9
0904.4883;0904.4883;0;33;33
0901.2262;0901.2262;0;51;51
math-ph/9903010;math-ph/9903010;0;2;2
hep-th/9808030;hep-th/9808030;1;0;1
hep-th/9709036;hep-th/9709036;1;0;1
hep-th/0011267;hep-th/0011267;0;1;1
hep-th/0106094;hep-th/0106094;0;23;23
hep-th/9211068;hep-th/9211068;0;2;2
0801.2852;0801.2852;0;12;12
0902.2405;0902.2405;0;22;22
math-ph/0007011;math-ph/0007011;0;1;1
0910.0590;0910.0590;0;18;18
0911.3229;0911.3229;0;17;17
0906.1385;0906.1385;0;1;1
hep-th/9502056;hep-th/9502056;1;0;1
hep-th/9708079;hep-th/9708079;0;8;8
hep-th/9708070;hep-th/9708070;0;8;8
hep-th/9708071;hep-th/9708071;0;6;6
hep-th/9607237;hep-th/9607237;1;0;1
0710.4088;0710.4088;0;6;6
0910.0851;0910.0851;0;6;6
0710.3540;0710.3540;0;14;14
0910.0854;0910.0854;0;7;7
0706.0717;0706.0717;0;29;29
math-ph/0004020;math-ph/0004020;0;8;8
hep-th/0107132;hep-th/0107132;2;12;14
0906.0388;0906.0388;0;4;4
hep-th/0609216;hep-th/0609216;1;8;9
0806.1396;0806.1396;0;64;64
0706.1043;0706.1043;0;28;28
0902.0911;0902.0911;0;11;11
hep-th/9305113;hep-th/9305113;1;0;1
hep-th/9306142;hep-th/9306142;1;0;1
0906.4601;0906.4601;0;33;33
hep-th/9307149;hep-th/9307149;0;1;1
hep-th/0010136;hep-th/0010136;0;1;1
hep-th/0010132;hep-th/0010132;0;2;2
hep-th/0010131;hep-th/0010131;0;12;12
0806.3244;0806.3244;0;16;16
hep-th/0010139;hep-th/0010139;0;6;6
0810.4467;0810.4467;0;5;5
0902.2627;0902.2627;0;99;99
0906.3892;0906.3892;0;7;7
0709.3299;0709.3299;0;18;18
0906.3898;0906.3898;0;10;10
0709.3296;0709.3296;0;23;23
0808.3179;0808.3179;0;7;7
hep-th/0212348;hep-th/0212348;0;13;13
0809.5006;0809.5006;0;28;28
hep-th/0202120;hep-th/0202120;0;1;1
astro-ph/9502024;astro-ph/9502024;1;0;1
0912.3987;0912.3987;0;7;7
0711.4469;0711.4469;0;37;37
0711.4467;0711.4467;0;176;176
0711.4463;0711.4463;0;16;16
0711.4460;0711.4460;0;10;10
0711.2108;0711.2108;0;24;24
0712.3560;0712.3560;0;28;28
0907.2617;0907.2617;0;61;61
0908.1246;0908.1246;0;3;3
0710.4507;0710.4507;0;6;6
0804.4335;0804.4335;0;28;28
0706.3992;0706.3992;0;18;18
0706.3991;0706.3991;0;23;23
0706.3996;0706.3996;0;31;31
0706.3994;0706.3994;0;25;25
0905.1010;0905.1010;0;4;4
0706.3999;0706.3999;0;12;12
hep-th/9709131;hep-th/9709131;1;0;1
hep-th/0307164;hep-th/0307164;0;4;4
0904.0998;0904.0998;0;12;12
0803.0424;0803.0424;0;9;9
0811.1372;0811.1372;0;8;8
hep-ph/0209113;hep-ph/0209113;0;1;1
hep-ph/0104222;hep-ph/0104222;1;2;3
0808.3430;0808.3430;0;14;14
0711.4284;0711.4284;0;24;24
0905.1919;0905.1919;0;7;7
0909.0252;0909.0252;0;20;20
0909.0250;0909.0250;0;12;12
0908.1865;0908.1865;0;8;8
math-ph/0310039;math-ph/0310039;0;1;1
0711.3273;0711.3273;0;7;7
0706.3373;0706.3373;0;34;34
0809.1405;0809.1405;0;19;19
0908.1136;0908.1136;0;27;27
0812.2038;0812.2038;0;66;66
0911.4919;0911.4919;0;9;9
0909.5558;0909.5558;0;1;1
0709.4605;0709.4605;0;19;19
0712.0045;0712.0045;0;6;6
hep-th/9907218;hep-th/9907218;0;4;4
0811.0021;0811.0021;0;4;4
math/0506249;math/0506249;0;14;14
hep-th/0209033;hep-th/0209033;0;5;5
0707.2408;0707.2408;0;18;18
hep-th/0208057;hep-th/0208057;1;0;1
0709.1076;0709.1076;0;11;11
0901.3099;0901.3099;0;6;6
0811.4409;0811.4409;0;15;15
0909.3139;0909.3139;0;4;4
0709.0387;0709.0387;0;12;12
0803.1485;0803.1485;0;12;12
0711.4101;0711.4101;0;21;21
0804.0778;0804.0778;0;8;8
hep-th/9412156;hep-th/9412156;2;0;2
hep-ph/0507320;hep-ph/0507320;0;8;8
hep-th/9508147;hep-th/9508147;0;4;4
hep-th/0504163;hep-th/0504163;0;19;19
hep-th/0504161;hep-th/0504161;0;8;8
hep-th/0510256;hep-th/0510256;0;1;1
hep-th/0503017;hep-th/0503017;1;5;6
0705.2306;0705.2306;0;1;1
0708.0672;0708.0672;0;30;30
0906.1377;0906.1377;0;6;6
0707.3755;0707.3755;0;5;5
0904.0139;0904.0139;0;4;4
0710.5394;0710.5394;0;41;41
0907.3987;0907.3987;0;56;56
0807.1195;0807.1195;0;18;18
0803.0504;0803.0504;1;12;13
0710.1814;0710.1814;0;4;4
0710.1818;0710.1818;0;83;83
hep-th/0506048;hep-th/0506048;1;18;19
0906.0635;0906.0635;0;11;11
0910.5889;0910.5889;0;4;4
0902.3915;0902.3915;0;5;5
0902.3916;0902.3916;0;5;5
0806.4605;0806.4605;0;11;11
0806.4602;0806.4602;0;21;21
0910.1881;0910.1881;0;4;4
hep-th/0512329;hep-th/0512329;1;0;1
hep-th/0001152;hep-th/0001152;1;0;1
0912.0200;0912.0200;0;23;23
0801.1140;0801.1140;0;4;4
0810.1661;0810.1661;0;10;10
0810.3406;0810.3406;0;2;2
0912.5440;0912.5440;0;26;26
hep-th/0412036;hep-th/0412036;2;9;11
0912.5447;0912.5447;0;2;2
gr-qc/0305087;gr-qc/0305087;0;10;10
hep-th/0503111;hep-th/0503111;0;12;12
hep-th/0401018;hep-th/0401018;1;0;1
0712.3758;0712.3758;0;19;19
0812.1015;0812.1015;0;5;5
0812.1013;0812.1013;0;15;15
0712.3756;0712.3756;0;11;11
0707.2153;0707.2153;0;33;33
hep-th/0002059;hep-th/0002059;0;2;2
0807.4451;0807.4451;0;27;27
0905.1151;0905.1151;0;19;19
0911.1241;0911.1241;0;10;10
0805.0287;0805.0287;0;28;28
0707.1597;0707.1597;0;36;36
0707.1595;0707.1595;0;66;66
math/9901082;math/9901082;0;1;1
hep-th/0312072;hep-th/0312072;0;9;9
hep-th/0312073;hep-th/0312073;0;9;9
0905.0730;0905.0730;0;6;6
0903.0272;0903.0272;0;11;11
0903.0270;0903.0270;0;11;11
0807.2857;0807.2857;0;6;6
hep-th/0407106;hep-th/0407106;1;19;20
hep-th/0212337;hep-th/0212337;1;16;17
hep-th/0105170;hep-th/0105170;2;0;2
0805.1149;0805.1149;0;15;15
0803.4191;0803.4191;0;14;14
0809.5226;0809.5226;0;21;21
0905.1483;0905.1483;0;18;18
0904.0527;0904.0527;0;10;10
math/9809020;math/9809020;1;0;1
0807.3919;0807.3919;0;4;4
0909.3380;0909.3380;0;17;17
0706.1167;0706.1167;0;67;67
0903.4889;0903.4889;0;7;7
0903.4888;0903.4888;0;51;51
0906.1952;0906.1952;0;12;12
0903.4881;0903.4881;0;63;63
0910.4444;0910.4444;0;14;14
hep-th/0503241;hep-th/0503241;0;1;1
cond-mat/0406086;cond-mat/0406086;1;7;8
0710.3471;0710.3471;0;21;21
hep-th/9312166;hep-th/9312166;1;0;1
hep-th/9601130;hep-th/9601130;0;10;10
cond-mat/9903100;cond-mat/9903100;1;0;1
gr-qc/0605124;gr-qc/0605124;1;6;7
0907.1144;0907.1144;0;12;12
0912.3199;0912.3199;0;25;25
0805.2498;0805.2498;0;97;97
0710.3479;0710.3479;0;15;15
0808.1891;0808.1891;0;3;3
0804.3380;0804.3380;0;7;7
gr-qc/0001031;gr-qc/0001031;0;4;4
hep-th/9408043;hep-th/9408043;1;0;1
0804.3167;0804.3167;0;20;20
0903.4228;0903.4228;0;13;13
hep-th/9903233;hep-th/9903233;0;23;23
0910.3800;0910.3800;0;54;54
0912.3069;0912.3069;0;15;15
0810.5664;0810.5664;0;13;13
hep-th/0008179;hep-th/0008179;0;11;11
hep-th/0008178;hep-th/0008178;0;5;5
astro-ph/0611021;astro-ph/0611021;0;31;31
hep-ph/0610019;hep-ph/0610019;0;15;15
hep-th/9410133;hep-th/9410133;1;0;1
hep-th/9608074;hep-th/9608074;1;2;3
hep-th/9608073;hep-th/9608073;0;7;7
hep-th/9504043;hep-th/9504043;1;3;4
0710.2679;0710.2679;0;31;31
0710.4034;0710.4034;0;22;22
0710.2673;0710.2673;0;20;20
0708.0163;0708.0163;0;11;11
0802.2286;0802.2286;0;20;20
0907.4895;0907.4895;0;10;10
0705.3866;0705.3866;0;43;43
0801.0246;0801.0246;0;2;2
0905.1974;0905.1974;0;4;4
0905.1976;0905.1976;0;15;15
0903.3691;0903.3691;0;14;14
0811.2161;0811.2161;0;7;7
0905.0948;0905.0948;0;23;23
hep-th/0310023;hep-th/0310023;0;4;4
0906.1592;0906.1592;0;34;34
hep-th/0604032;hep-th/0604032;0;13;13
hep-th/0106196;hep-th/0106196;0;14;14
hep-th/0106198;hep-th/0106198;1;1;2
0804.2168;0804.2168;0;38;38
0905.2446;0905.2446;0;21;21
hep-th/0602256;hep-th/0602256;0;8;8
0709.1257;0709.1257;0;6;6
0805.1917;0805.1917;0;50;50
0805.1911;0805.1911;0;20;20
physics/0610168;physics/0610168;1;0;1
0805.1910;0805.1910;0;5;5
0812.2172;0812.2172;0;2;2
0810.2549;0810.2549;0;14;14
0705.2730;0705.2730;0;5;5
hep-th/9603079;hep-th/9603079;0;3;3
hep-th/9204025;hep-th/9204025;2;0;2
math/0410389;math/0410389;0;2;2
0709.4673;0709.4673;0;18;18
hep-th/0604035;hep-th/0604035;0;3;3
hep-th/0605087;hep-th/0605087;0;29;29
hep-th/0304113;hep-th/0304113;1;3;4
hep-th/0605082;hep-th/0605082;0;1;1
0807.0160;0807.0160;0;8;8
0807.0163;0807.0163;0;4;4
0709.0714;0709.0714;0;1;1
0709.2942;0709.2942;0;26;26
hep-th/0408182;hep-th/0408182;0;12;12
hep-lat/9205014;hep-lat/9205014;1;0;1
0710.1598;0710.1598;0;53;53
hep-th/0702105;hep-th/0702105;0;1;1
math-ph/0202004;math-ph/0202004;0;9;9
0710.0421;0710.0421;0;13;13
0710.0423;0710.0423;0;23;23
0807.3965;0807.3965;0;18;18
0911.0659;0911.0659;0;4;4
0911.0658;0911.0658;0;24;24
0709.2727;0709.2727;0;14;14
0910.3287;0910.3287;0;1;1
hep-th/0410248;hep-th/0410248;2;2;4
hep-th/0311048;hep-th/0311048;0;1;1
hep-th/0311049;hep-th/0311049;0;4;4
hep-th/0311045;hep-th/0311045;0;3;3
0904.1305;0904.1305;0;6;6
hep-th/0703270;hep-th/0703270;0;3;3
0708.2287;0708.2287;0;39;39
0808.2520;0808.2520;0;32;32
0812.3661;0812.3661;0;1;1
0708.2288;0708.2288;0;1;1
0704.2928;0704.2928;0;15;15
math/0201047;math/0201047;1;0;1
0905.2772;0905.2772;0;7;7
hep-th/0308112;hep-th/0308112;0;3;3
cond-mat/9912244;cond-mat/9912244;1;5;6
0911.3378;0911.3378;0;23;23
astro-ph/0601132;astro-ph/0601132;0;10;10
hep-th/9901129;hep-th/9901129;1;0;1
0906.4062;0906.4062;0;24;24
0709.4443;0709.4443;0;12;12
0709.3930;0709.3930;0;32;32
0709.4446;0709.4446;0;65;65
gr-qc/0304095;gr-qc/0304095;1;0;1
hep-th/0401131;hep-th/0401131;0;13;13
hep-th/0401132;hep-th/0401132;0;11;11
hep-th/0401136;hep-th/0401136;0;8;8
0908.2463;0908.2463;0;9;9
0906.2881;0906.2881;0;14;14
0908.2469;0908.2469;0;25;25
0909.4879;0909.4879;0;6;6
0709.4193;0709.4193;0;26;26
0912.5118;0912.5118;0;11;11
0906.0488;0906.0488;0;2;2
0801.0603;0801.0603;0;14;14
0911.4707;0911.4707;0;8;8
0712.1196;0712.1196;0;65;65
0909.1110;0909.1110;0;23;23
0904.1159;0904.1159;0;9;9
0912.5253;0912.5253;0;8;8
0912.4999;0912.4999;0;9;9
0907.1824;0907.1824;0;2;2
0812.4883;0812.4883;0;39;39
0810.2357;0810.2357;0;7;7
gr-qc/0603065;gr-qc/0603065;0;1;1
0707.1416;0707.1416;0;9;9
0704.1383;0704.1383;0;14;14
0806.3879;0806.3879;0;36;36
0904.3406;0904.3406;0;21;21
0911.5190;0911.5190;0;21;21
hep-th/0411106;hep-th/0411106;0;10;10
hep-th/9110008;hep-th/9110008;0;1;1
patt-sol/9611001;patt-sol/9611001;1;0;1
hep-ph/9305291;hep-ph/9305291;1;0;1
0707.0893;0707.0893;0;1;1
hep-lat/9506022;hep-lat/9506022;0;13;13
cond-mat/9709245;cond-mat/9709245;0;8;8
cond-mat/9709244;cond-mat/9709244;0;5;5
0903.3171;0903.3171;0;7;7
0704.1526;0704.1526;0;16;16
math/0006087;math/0006087;1;1;2
hep-th/0106008;hep-th/0106008;2;22;24
hep-th/0106009;hep-th/0106009;0;10;10
0804.4114;0804.4114;0;18;18
0910.4779;0910.4779;0;6;6
hep-th/9401084;hep-th/9401084;1;3;4
hep-th/9411133;hep-th/9411133;0;9;9
hep-th/0507108;hep-th/0507108;0;6;6
hep-th/0507107;hep-th/0507107;0;2;2
hep-th/0201072;hep-th/0201072;2;0;2
hep-th/0206135;hep-th/0206135;0;4;4
0711.0004;0711.0004;0;28;28
0711.0006;0711.0006;0;8;8
0906.2578;0906.2578;0;31;31
gr-qc/0301097;gr-qc/0301097;0;2;2
hep-th/0406066;hep-th/0406066;0;12;12
hep-th/0103055;hep-th/0103055;2;28;30
0907.4082;0907.4082;0;56;56
0901.4942;0901.4942;0;16;16
0712.3547;0712.3547;0;12;12
0711.4787;0711.4787;0;67;67
0806.1564;0806.1564;0;2;2
nlin/0610032;nlin/0610032;1;0;1
nlin/0608047;nlin/0608047;1;0;1
0907.3048;0907.3048;0;8;8
cond-mat/0007327;cond-mat/0007327;0;1;1
0908.0417;0908.0417;0;14;14
math-ph/0507040;math-ph/0507040;1;5;6
0911.3118;0911.3118;0;12;12
0809.2701;0809.2701;0;5;5
0802.1671;0802.1671;0;24;24
hep-th/0612107;hep-th/0612107;0;10;10
hep-th/0612106;hep-th/0612106;0;17;17
hep-th/0612102;hep-th/0612102;0;18;18
gr-qc/0607009;gr-qc/0607009;1;0;1
hep-th/0002113;hep-th/0002113;2;8;10
hep-th/0002112;hep-th/0002112;0;4;4
hep-th/0002115;hep-th/0002115;0;3;3
0810.1928;0810.1928;0;6;6
0902.2453;0902.2453;0;10;10
0811.1491;0811.1491;0;8;8
0811.1493;0811.1493;0;9;9
0901.3106;0901.3106;0;7;7
0906.2007;0906.2007;0;6;6
0809.0889;0809.0889;0;18;18
0902.1192;0902.1192;0;14;14
0802.4335;0802.4335;0;9;9
0802.4334;0802.4334;0;4;4
hep-th/0109215;hep-th/0109215;0;11;11
solv-int/9707013;solv-int/9707013;1;0;1
hep-th/0109211;hep-th/0109211;0;6;6
0806.3057;0806.3057;0;3;3
0907.2792;0907.2792;0;11;11
0903.4734;0903.4734;0;12;12
0903.1667;0903.1667;0;13;13
quant-ph/9610009;quant-ph/9610009;0;3;3
math/0403341;math/0403341;0;2;2
math/0403343;math/0403343;0;1;1
math-ph/0005033;math-ph/0005033;1;5;6
math/0403342;math/0403342;0;7;7
0711.3379;0711.3379;0;23;23
0705.0617;0705.0617;0;1;1
0707.4476;0707.4476;0;2;2
0711.2311;0711.2311;0;23;23
0707.4472;0707.4472;0;47;47
0707.4471;0707.4471;0;8;8
0711.2318;0711.2318;0;2;2
hep-th/0003241;hep-th/0003241;0;20;20
hep-th/0003244;hep-th/0003244;1;9;10
hep-th/0208227;hep-th/0208227;0;47;47
hep-th/0208221;hep-th/0208221;0;3;3
hep-th/0512285;hep-th/0512285;1;104;105
hep-th/0512284;hep-th/0512284;0;3;3
hep-th/0512281;hep-th/0512281;0;23;23
hep-th/0512282;hep-th/0512282;1;18;19
0910.5338;0910.5338;0;24;24
0904.0420;0904.0420;0;8;8
0708.1368;0708.1368;0;17;17
0809.0712;0809.0712;0;14;14
0809.0713;0809.0713;0;10;10
0803.0657;0803.0657;0;3;3
0908.0715;0908.0715;0;5;5
0806.2003;0806.2003;0;12;12
0802.3644;0802.3644;0;25;25
0809.0930;0809.0930;0;18;18
hep-lat/0411038;hep-lat/0411038;0;11;11
0811.1993;0811.1993;0;46;46
hep-th/0512136;hep-th/0512136;0;8;8
hep-th/0110268;hep-th/0110268;0;8;8
hep-th/0512130;hep-th/0512130;0;9;9
hep-th/0505198;hep-th/0505198;0;9;9
0904.4802;0904.4802;0;13;13
0707.2738;0707.2738;0;9;9
0707.2730;0707.2730;0;49;49
0707.2737;0707.2737;0;37;37
0707.0388;0707.0388;0;51;51
0707.0386;0707.0386;0;91;91
0707.0387;0707.0387;0;24;24
0705.3947;0705.3947;0;9;9
0804.3694;0804.3694;0;17;17
gr-qc/0506098;gr-qc/0506098;0;27;27
0904.2431;0904.2431;0;33;33
0910.0181;0910.0181;0;2;2
hep-th/0306064;hep-th/0306064;0;26;26
0807.4747;0807.4747;0;10;10
0901.0052;0901.0052;0;28;28
0802.2991;0802.2991;0;4;4
gr-qc/9401029;gr-qc/9401029;1;0;1
0808.4046;0808.4046;0;3;3
0808.4041;0808.4041;0;3;3
hep-th/0510193;hep-th/0510193;0;3;3
hep-th/0308199;hep-th/0308199;1;0;1
hep-th/0510197;hep-th/0510197;0;4;4
0805.3926;0805.3926;0;5;5
0903.2662;0903.2662;0;12;12
math/0209262;math/0209262;0;1;1
hep-th/0605055;hep-th/0605055;0;2;2
0912.3610;0912.3610;0;20;20
0802.1868;0802.1868;0;4;4
0912.2725;0912.2725;0;20;20
0912.2726;0912.2726;0;8;8
hep-lat/0310043;hep-lat/0310043;0;11;11
0707.3126;0707.3126;0;33;33
cond-mat/9808066;cond-mat/9808066;0;1;1
0712.0727;0712.0727;0;18;18
astro-ph/0601601;astro-ph/0601601;1;6;7
astro-ph/0601600;astro-ph/0601600;1;6;7
hep-th/9806086;hep-th/9806086;0;25;25
hep-th/9702033;hep-th/9702033;1;0;1
0708.2045;0708.2045;0;12;12
hep-ph/0702281;hep-ph/0702281;0;21;21
0708.2043;0708.2043;0;6;6
0705.0579;0705.0579;0;15;15
0806.3200;0806.3200;0;26;26
0805.2913;0805.2913;0;10;10
0905.1720;0905.1720;0;8;8
0808.3907;0808.3907;0;29;29
0905.4538;0905.4538;0;7;7
hep-th/9610159;hep-th/9610159;0;9;9
hep-th/9610158;hep-th/9610158;0;3;3
hep-th/9807195;hep-th/9807195;2;26;28
0808.2054;0808.2054;0;19;19
0808.2055;0808.2055;0;71;71
0912.2719;0912.2719;0;12;12
0910.5540;0910.5540;0;20;20
0704.0752;0704.0752;0;4;4
0903.4922;0903.4922;0;1;1
0710.2959;0710.2959;0;3;3
0812.1222;0812.1222;0;25;25
0903.0509;0903.0509;0;15;15
gr-qc/0604102;gr-qc/0604102;0;1;1
0712.2479;0712.2479;1;30;31
0704.1311;0704.1311;0;89;89
0712.2477;0712.2477;0;31;31
0807.4646;0807.4646;0;5;5
hep-th/0512275;hep-th/0512275;0;18;18
0901.2363;0901.2363;0;17;17
0712.1923;0712.1923;0;1;1
gr-qc/9710009;gr-qc/9710009;1;0;1
0912.1352;0912.1352;0;14;14
hep-th/9705062;hep-th/9705062;1;4;5
hep-th/9712069;hep-th/9712069;0;4;4
hep-th/9712065;hep-th/9712065;1;1;2
hep-th/9712060;hep-th/9712060;0;11;11
hep-th/9502131;hep-th/9502131;1;5;6
0705.4471;0705.4471;0;13;13
hep-th/9308107;hep-th/9308107;0;1;1
0712.4180;0712.4180;0;68;68
hep-th/0601141;hep-th/0601141;2;9;11
0909.1294;0909.1294;0;51;51
gr-qc/0703021;gr-qc/0703021;0;2;2
0909.1296;0909.1296;0;60;60
hep-th/0006195;hep-th/0006195;0;20;20
0805.1339;0805.1339;0;8;8
math-ph/0508021;math-ph/0508021;1;0;1
0802.1862;0802.1862;0;47;47
cond-mat/9405016;cond-mat/9405016;1;0;1
hep-th/9207075;hep-th/9207075;1;0;1
0803.3725;0803.3725;0;34;34
hep-th/0108231;hep-th/0108231;0;34;34
hep-th/9601074;hep-th/9601074;0;11;11
hep-th/9211036;hep-th/9211036;1;8;9
hep-th/0205138;hep-th/0205138;1;21;22
0801.3722;0801.3722;0;25;25
0810.5430;0810.5430;0;2;2
math/0603196;math/0603196;0;4;4
q-alg/9712022;q-alg/9712022;0;7;7
hep-th/0402171;hep-th/0402171;0;1;1
hep-th/0106225;hep-th/0106225;1;6;7
hep-th/0402178;hep-th/0402178;0;8;8
hep-th/0207218;hep-th/0207218;1;7;8
0705.3129;0705.3129;0;27;27
0801.1813;0801.1813;0;7;7
0710.5715;0710.5715;0;11;11
hep-th/9604160;hep-th/9604160;1;6;7
hep-th/9803045;hep-th/9803045;1;16;17
hep-th/9611098;hep-th/9611098;1;9;10
hep-th/0008246;hep-th/0008246;0;3;3
0909.5515;0909.5515;0;8;8
0807.0557;0807.0557;0;5;5
0712.0715;0712.0715;0;1;1
0807.0559;0807.0559;0;30;30
math/0011263;math/0011263;0;3;3
0807.3720;0807.3720;0;32;32
0809.4335;0809.4335;0;4;4
gr-qc/0206022;gr-qc/0206022;1;0;1
hep-th/9506173;hep-th/9506173;0;2;2
hep-th/9412102;hep-th/9412102;1;0;1
hep-th/9307112;hep-th/9307112;1;0;1
hep-th/9307069;hep-th/9307069;1;0;1
0801.2543;0801.2543;0;4;4
0801.2542;0801.2542;0;39;39
solv-int/9304001;solv-int/9304001;1;0;1
gr-qc/9606060;gr-qc/9606060;0;2;2
hep-ph/0107079;hep-ph/0107079;1;3;4
0801.0034;0801.0034;0;2;2
0801.0032;0801.0032;0;3;3
0807.2006;0807.2006;0;7;7
0809.2502;0809.2502;0;14;14
0901.3080;0901.3080;0;7;7
0712.4292;0712.4292;0;35;35
hep-th/9706063;hep-th/9706063;0;11;11
hep-th/9706061;hep-th/9706061;2;3;5
0711.4813;0711.4813;0;23;23
0711.4810;0711.4810;0;11;11
0711.4817;0711.4817;0;52;52
0708.1057;0708.1057;0;11;11
0810.0101;0810.0101;0;38;38
0711.4818;0711.4818;0;16;16
astro-ph/0605742;astro-ph/0605742;0;2;2
0708.1052;0708.1052;0;42;42
0704.0595;0704.0595;0;23;23
0806.0766;0806.0766;0;10;10
hep-th/9202051;hep-th/9202051;2;0;2
0907.2010;0907.2010;0;35;35
0708.2568;0708.2568;0;50;50
0704.2884;0704.2884;0;8;8
0710.0679;0710.0679;0;2;2
0704.2880;0704.2880;0;30;30
hep-th/0410060;hep-th/0410060;0;43;43
q-alg/9604015;q-alg/9604015;1;0;1
q-alg/9607023;q-alg/9607023;0;3;3
astro-ph/9811020;astro-ph/9811020;1;0;1
gr-qc/9610030;gr-qc/9610030;0;2;2
hep-th/9205013;hep-th/9205013;1;0;1
0707.4679;0707.4679;0;49;49
0905.1771;0905.1771;0;1;1
0806.1808;0806.1808;0;27;27
0707.4671;0707.4671;0;20;20
0706.2410;0706.2410;0;14;14
0809.1756;0809.1756;0;4;4
0710.4971;0710.4971;0;11;11
math/0612798;math/0612798;1;8;9
0808.3953;0808.3953;0;12;12
0709.0573;0709.0573;0;15;15
0908.1130;0908.1130;0;7;7
0904.3959;0904.3959;0;22;22
0904.2655;0904.2655;0;15;15
0708.2839;0708.2839;0;25;25
0806.1964;0806.1964;0;21;21
0806.1960;0806.1960;0;15;15
hep-th/0207277;hep-th/0207277;0;8;8
hep-th/9805075;hep-th/9805075;0;23;23
0904.4486;0904.4486;0;25;25
0904.4487;0904.4487;0;24;24
0710.1429;0710.1429;0;3;3
hep-th/9409091;hep-th/9409091;1;0;1
0708.1494;0708.1494;0;1;1
0901.0549;0901.0549;0;49;49
0704.3829;0704.3829;0;3;3
0804.4440;0804.4440;0;8;8
0909.4743;0909.4743;0;6;6
0909.4746;0909.4746;0;6;6
0903.4920;0903.4920;0;6;6
0810.5767;0810.5767;0;17;17
0807.2285;0807.2285;0;19;19
0808.1947;0808.1947;0;2;2
0810.1009;0810.1009;0;20;20
0709.1637;0709.1637;0;14;14
0706.3450;0706.3450;0;12;12
0709.4259;0709.4259;0;27;27
math-ph/0701057;math-ph/0701057;0;12;12
math/0212316;math/0212316;1;6;7
math/0304403;math/0304403;2;4;6
hep-th/9404053;hep-th/9404053;2;0;2
hep-th/9704015;hep-th/9704015;0;11;11
astro-ph/0005186;astro-ph/0005186;0;3;3
0910.0803;0910.0803;0;24;24
0904.3217;0904.3217;0;6;6
0805.3679;0805.3679;0;6;6
hep-th/0601188;hep-th/0601188;1;0;1
hep-th/0601187;hep-th/0601187;1;0;1
0908.3569;0908.3569;0;8;8
hep-th/9804039;hep-th/9804039;0;10;10
hep-th/0611154;hep-th/0611154;0;18;18
0901.4531;0901.4531;0;16;16
0912.3716;0912.3716;0;9;9
hep-ph/9304236;hep-ph/9304236;0;1;1
hep-th/9410148;hep-th/9410148;0;6;6
hep-th/9410145;hep-th/9410145;1;1;2
hep-th/9204080;hep-th/9204080;1;0;1
0704.1124;0704.1124;0;32;32
0706.2654;0706.2654;0;26;26
0808.0635;0808.0635;0;13;13
0908.1587;0908.1587;0;49;49
0906.5168;0906.5168;0;7;7
hep-th/9808078;hep-th/9808078;0;14;14
0903.2042;0903.2042;0;14;14
cond-mat/9703045;cond-mat/9703045;1;0;1
0906.5161;0906.5161;0;13;13
0706.4105;0706.4105;0;2;2
hep-ph/0604036;hep-ph/0604036;0;2;2
0912.0540;0912.0540;0;6;6
cond-mat/0703319;cond-mat/0703319;0;12;12
0811.4502;0811.4502;0;15;15
0802.3160;0802.3160;0;25;25
0706.0485;0706.0485;0;5;5
0912.5300;0912.5300;0;11;11
0707.3778;0707.3778;0;41;41
0903.2048;0903.2048;0;11;11
0904.2380;0904.2380;0;7;7
0902.4283;0902.4283;0;18;18
0902.3546;0902.3546;0;19;19
0806.4257;0806.4257;0;5;5
0706.1577;0706.1577;0;6;6
0706.1573;0706.1573;0;8;8
0706.1571;0706.1571;0;153;153
hep-th/0606258;hep-th/0606258;0;3;3
hep-th/0606252;hep-th/0606252;0;5;5
hep-th/0606250;hep-th/0606250;0;5;5
math-ph/0503075;math-ph/0503075;0;2;2
math-ph/0003001;math-ph/0003001;1;0;1
0803.2889;0803.2889;0;5;5
0801.2294;0801.2294;0;6;6
0910.4526;0910.4526;0;20;20
0910.4524;0910.4524;0;18;18
hep-th/0503109;hep-th/0503109;0;1;1
0802.0715;0802.0715;0;5;5
0802.0717;0802.0717;0;6;6
0802.0716;0802.0716;0;13;13
hep-th/9905213;hep-th/9905213;1;0;1
hep-th/9904072;hep-th/9904072;1;0;1
hep-th/9910214;hep-th/9910214;0;9;9
hep-th/9910211;hep-th/9910211;0;8;8
0904.1847;0904.1847;0;18;18
0911.3597;0911.3597;0;10;10
0904.1849;0904.1849;0;10;10
0904.1848;0904.1848;0;16;16
hep-th/9408168;hep-th/9408168;1;0;1
math-ph/0005020;math-ph/0005020;1;0;1
hep-th/0105034;hep-th/0105034;0;6;6
0901.2168;0901.2168;0;5;5
0805.4536;0805.4536;0;1;1
0901.2161;0901.2161;0;10;10
0902.3299;0902.3299;0;17;17
0707.3685;0707.3685;0;10;10
math-ph/9910015;math-ph/9910015;1;0;1
math-ph/9910014;math-ph/9910014;1;0;1
hep-ph/9801405;hep-ph/9801405;0;2;2
0909.1790;0909.1790;0;32;32
0907.5185;0907.5185;0;5;5
0704.2696;0704.2696;0;26;26
0912.5154;0912.5154;0;11;11
hep-th/9702080;hep-th/9702080;0;5;5
hep-th/9506209;hep-th/9506209;1;0;1
0912.5153;0912.5153;0;9;9
0907.0333;0907.0333;0;35;35
quant-ph/0111144;quant-ph/0111144;1;2;3
0901.1602;0901.1602;0;20;20
0711.3745;0711.3745;0;12;12
0708.0716;0708.0716;0;10;10
0710.2028;0710.2028;0;27;27
0911.5643;0911.5643;0;4;4
hep-th/0408038;hep-th/0408038;2;5;7
hep-th/0410133;hep-th/0410133;1;0;1
0809.2912;0809.2912;0;24;24
0909.1799;0909.1799;0;61;61
hep-th/0311123;hep-th/0311123;1;14;15
hep-th/0502092;hep-th/0502092;0;8;8
hep-th/0502094;hep-th/0502094;0;1;1
hep-th/0502096;hep-th/0502096;1;12;13
math-ph/0402027;math-ph/0402027;1;0;1
0803.3828;0803.3828;0;47;47
0708.4320;0708.4320;0;25;25
0808.0047;0808.0047;0;13;13
0704.0425;0704.0425;0;1;1
0902.3830;0902.3830;0;14;14
0809.4512;0809.4512;0;2;2
0809.4513;0809.4513;0;31;31
0812.0354;0812.0354;0;34;34
hep-ph/9510343;hep-ph/9510343;1;1;2
0906.4910;0906.4910;0;12;12
hep-th/9605210;hep-th/9605210;0;9;9
0907.2182;0907.2182;0;9;9
0805.3579;0805.3579;0;18;18
0704.1761;0704.1761;0;18;18
0812.4841;0812.4841;0;32;32
0812.4849;0812.4849;0;43;43
0710.5556;0710.5556;0;1;1
0710.5557;0710.5557;0;1;1
hep-th/0008007;hep-th/0008007;0;2;2
hep-th/0008006;hep-th/0008006;0;32;32
hep-th/0008004;hep-th/0008004;0;43;43
hep-th/9703061;hep-th/9703061;0;2;2
hep-th/9703064;hep-th/9703064;0;6;6
cond-mat/9710005;cond-mat/9710005;1;0;1
hep-th/0504182;hep-th/0504182;0;3;3
0904.1741;0904.1741;0;19;19
hep-th/0605233;hep-th/0605233;0;2;2
hep-th/9312124;hep-th/9312124;0;2;2
hep-th/9202019;hep-th/9202019;1;0;1
0707.1995;0707.1995;0;27;27
0807.0903;0807.0903;0;26;26
0706.2751;0706.2751;0;23;23
0807.0902;0807.0902;0;27;27
0711.3248;0711.3248;0;12;12
quant-ph/0307176;quant-ph/0307176;0;30;30
0709.1411;0709.1411;0;13;13
0704.3985;0704.3985;0;23;23
0807.2639;0807.2639;0;7;7
0911.0427;0911.0427;0;12;12
0906.0519;0906.0519;0;7;7
0806.2569;0806.2569;0;13;13
0912.3350;0912.3350;0;19;19
0907.4604;0907.4604;0;22;22
hep-th/0612126;hep-th/0612126;0;8;8
0902.0956;0902.0956;0;29;29
solv-int/9809010;solv-int/9809010;1;0;1
0902.0957;0902.0957;0;9;9
hep-th/0208168;hep-th/0208168;0;6;6
q-alg/9704004;q-alg/9704004;0;2;2
q-alg/9704008;q-alg/9704008;0;2;2
0808.1126;0808.1126;0;19;19
0909.3540;0909.3540;0;6;6
0909.2639;0909.2639;0;18;18
astro-ph/0608505;astro-ph/0608505;0;3;3
0801.4324;0801.4324;0;7;7
hep-ph/9608419;hep-ph/9608419;0;5;5
0806.2618;0806.2618;0;3;3
0712.1358;0712.1358;0;10;10
0912.5304;0912.5304;0;20;20
0911.3731;0911.3731;0;6;6
0901.4724;0901.4724;0;49;49
0707.0646;0707.0646;0;7;7
0710.1707;0710.1707;0;116;116
0708.2361;0708.2361;0;44;44
0708.2360;0708.2360;0;5;5
0912.0934;0912.0934;0;11;11
0911.1774;0911.1774;0;2;2
hep-th/9602091;hep-th/9602091;1;0;1
hep-th/9512014;hep-th/9512014;0;4;4
hep-th/9406141;hep-th/9406141;0;4;4
hep-th/9406142;hep-th/9406142;0;1;1
hep-th/9310065;hep-th/9310065;1;0;1
0909.1249;0909.1249;0;20;20
0903.0741;0903.0741;0;8;8
hep-th/9504041;hep-th/9504041;1;3;4
hep-th/9504044;hep-th/9504044;0;2;2
hep-ph/9709371;hep-ph/9709371;1;1;2
hep-ph/9611396;hep-ph/9611396;1;0;1
hep-th/0703110;hep-th/0703110;0;15;15
0911.4969;0911.4969;0;22;22
0705.3709;0705.3709;0;29;29
hep-ph/0101130;hep-ph/0101130;2;9;11
0712.4068;0712.4068;0;28;28
hep-th/0211162;hep-th/0211162;0;41;41
0810.2109;0810.2109;0;8;8
0807.3660;0807.3660;0;6;6
hep-th/0409175;hep-th/0409175;0;10;10
0903.1295;0903.1295;0;8;8
0807.3664;0807.3664;0;4;4
hep-th/9603171;hep-th/9603171;0;1;1
gr-qc/9504024;gr-qc/9504024;1;1;2
hep-th/9410197;hep-th/9410197;3;0;3
0712.3194;0712.3194;0;7;7
hep-th/0612004;hep-th/0612004;1;12;13
0910.1812;0910.1812;0;1;1
0905.4766;0905.4766;0;15;15
0909.0005;0909.0005;0;8;8
0801.4682;0801.4682;0;5;5
0804.1902;0804.1902;0;17;17
0705.4533;0705.4533;0;1;1
hep-th/0312142;hep-th/0312142;1;7;8
hep-th/0311128;hep-th/0311128;1;5;6
hep-th/9609237;hep-th/9609237;0;16;16
hep-ph/0109209;hep-ph/0109209;0;4;4
hep-th/9803021;hep-th/9803021;1;0;1
0811.3972;0811.3972;0;38;38
hep-th/0002253;hep-th/0002253;0;2;2
hep-th/9309153;hep-th/9309153;0;1;1
gr-qc/0611048;gr-qc/0611048;0;1;1
hep-th/0609218;hep-th/0609218;0;2;2
hep-th/0609217;hep-th/0609217;0;10;10
hep-th/0209172;hep-th/0209172;1;10;11
hep-th/0406255;hep-th/0406255;0;13;13
0911.3499;0911.3499;0;16;16
math-ph/0310005;math-ph/0310005;1;33;34
0804.2244;0804.2244;0;6;6
0812.2121;0812.2121;0;25;25
cond-mat/0408407;cond-mat/0408407;0;7;7
cond-mat/9307059;cond-mat/9307059;1;0;1
hep-th/9506039;hep-th/9506039;0;1;1
cond-mat/0101475;cond-mat/0101475;0;5;5
hep-th/0603124;hep-th/0603124;0;4;4
0805.0239;0805.0239;0;44;44
0704.3586;0704.3586;0;54;54
hep-th/0609184;hep-th/0609184;0;23;23
hep-th/9605177;hep-th/9605177;1;3;4
0704.2229;0704.2229;0;20;20
0808.3533;0808.3533;0;9;9
0906.3811;0906.3811;0;13;13
0906.3813;0906.3813;0;8;8
0906.3817;0906.3817;0;26;26
hep-th/9210130;hep-th/9210130;1;0;1
hep-th/0407121;hep-th/0407121;0;1;1
hep-th/0405095;hep-th/0405095;1;0;1
0806.1310;0806.1310;0;9;9
hep-th/9111061;hep-th/9111061;2;0;2
hep-ph/9905370;hep-ph/9905370;0;2;2
0709.3806;0709.3806;0;19;19
cond-mat/0206489;cond-mat/0206489;0;7;7
hep-th/9802104;hep-th/9802104;0;1;1
0806.3228;0806.3228;0;1;1
0903.0379;0903.0379;0;10;10
0804.1293;0804.1293;0;16;16
0906.5554;0906.5554;0;6;6
0905.2338;0905.2338;0;12;12
0910.4054;0910.4054;0;6;6
0705.2029;0705.2029;0;8;8
0705.2020;0705.2020;0;22;22
hep-th/0208075;hep-th/0208075;0;8;8
hep-th/9408030;hep-th/9408030;1;11;12
hep-th/0208070;hep-th/0208070;0;9;9
0804.1125;0804.1125;0;47;47
hep-th/9507078;hep-th/9507078;0;3;3
0902.3179;0902.3179;0;7;7
0809.3895;0809.3895;0;6;6
0708.0421;0708.0421;0;35;35
0705.0307;0705.0307;0;20;20
0809.0036;0809.0036;0;45;45
0811.1926;0811.1926;0;2;2
math/0605590;math/0605590;1;4;5
0811.1048;0811.1048;0;6;6
0811.1049;0811.1049;0;3;3
0805.4333;0805.4333;0;21;21
0910.0374;0910.0374;0;8;8
0904.1537;0904.1537;0;3;3
0707.2315;0707.2315;0;24;24
0806.2683;0806.2683;0;13;13
0704.1015;0704.1015;0;39;39
0804.0652;0804.0652;0;15;15
0804.0651;0804.0651;0;8;8
0804.0654;0804.0654;0;15;15
0905.4182;0905.4182;0;22;22
0704.3326;0704.3326;0;8;8
0904.1785;0904.1785;0;58;58
0803.1776;0803.1776;0;8;8
0904.1851;0904.1851;0;5;5
0901.0471;0901.0471;0;25;25
0707.3105;0707.3105;0;29;29
0706.2600;0706.2600;0;28;28
0907.2695;0907.2695;0;2;2
0809.4355;0809.4355;0;21;21
0707.1329;0707.1329;0;24;24
0907.2691;0907.2691;0;23;23
0812.2768;0812.2768;0;11;11
0704.1898;0704.1898;0;42;42
0712.4262;0712.4262;0;11;11
hep-th/0011022;hep-th/0011022;0;2;2
hep-th/0510241;hep-th/0510241;0;2;2
0712.0414;0712.0414;0;15;15
0811.4325;0811.4325;0;13;13
0904.0946;0904.0946;0;7;7
hep-th/0001052;hep-th/0001052;0;3;3
hep-th/0301041;hep-th/0301041;1;2;3
math/9909178;math/9909178;0;3;3
0810.1062;0810.1062;0;2;2
0907.4937;0907.4937;0;20;20
hep-lat/9912029;hep-lat/9912029;0;1;1
quant-ph/9501023;quant-ph/9501023;0;2;2
0709.0308;0709.0308;0;36;36
0811.0198;0811.0198;0;36;36
cond-mat/9507046;cond-mat/9507046;1;0;1
0711.2664;0711.2664;0;2;2
0909.3705;0909.3705;0;7;7
0704.0144;0704.0144;0;20;20
0704.1239;0704.1239;0;45;45
0711.4257;0711.4257;0;10;10
hep-th/9501046;hep-th/9501046;0;4;4
hep-th/0505051;hep-th/0505051;0;20;20
0707.1324;0707.1324;0;52;52
0908.0020;0908.0020;0;44;44
0708.3028;0708.3028;0;17;17
hep-th/0701260;hep-th/0701260;2;7;9
0902.0905;0902.0905;0;6;6
0906.4404;0906.4404;0;5;5
hep-th/9804178;hep-th/9804178;0;4;4
0904.3023;0904.3023;0;1;1
0907.0906;0907.0906;0;22;22
astro-ph/0604254;astro-ph/0604254;0;11;11
0901.4250;0901.4250;0;4;4
0901.4251;0901.4251;0;35;35
0902.1842;0902.1842;0;27;27
astro-ph/0011017;astro-ph/0011017;0;6;6
0902.1848;0902.1848;0;8;8
hep-th/9905102;hep-th/9905102;0;2;2
0706.1727;0706.1727;0;5;5
0901.3158;0901.3158;0;7;7
0710.1783;0710.1783;0;27;27
0709.3823;0709.3823;0;3;3
hep-th/0205226;hep-th/0205226;0;1;1
hep-th/0205224;hep-th/0205224;1;1;2
0803.3320;0803.3320;0;24;24
0803.3328;0803.3328;0;4;4
hep-th/0008121;hep-th/0008121;0;9;9
hep-th/9311063;hep-th/9311063;0;1;1
gr-qc/0101035;gr-qc/0101035;0;3;3
math/0102110;math/0102110;0;5;5
0903.4672;0903.4672;0;5;5
0801.2562;0801.2562;0;5;5
0806.1051;0806.1051;0;54;54
0903.3879;0903.3879;0;13;13
hep-th/0110058;hep-th/0110058;2;21;23
nlin/0101017;nlin/0101017;1;5;6
0710.3236;0710.3236;0;5;5
hep-th/0108048;hep-th/0108048;0;2;2
cond-mat/0302149;cond-mat/0302149;0;2;2
0905.0608;0905.0608;0;28;28
0910.4319;0910.4319;0;20;20
0910.4318;0910.4318;0;12;12
0711.1395;0711.1395;0;54;54
hep-th/9405122;hep-th/9405122;0;2;2
hep-th/9903100;hep-th/9903100;0;3;3
0902.0339;0902.0339;0;23;23
0902.0334;0902.0334;0;13;13
0807.0567;0807.0567;0;23;23
0909.4918;0909.4918;0;2;2
0808.1815;0808.1815;0;31;31
0807.0566;0807.0566;0;21;21
0912.3642;0912.3642;0;14;14
math-ph/0408061;math-ph/0408061;0;5;5
hep-th/0407057;hep-th/0407057;0;15;15
hep-th/0207063;hep-th/0207063;1;0;1
hep-th/9911250;hep-th/9911250;1;0;1
hep-th/9312028;hep-th/9312028;2;0;2
hep-th/9312029;hep-th/9312029;2;0;2
gr-qc/0410103;gr-qc/0410103;0;20;20
0810.4350;0810.4350;0;48;48
0710.2188;0710.2188;0;30;30
quant-ph/0212127;quant-ph/0212127;0;4;4
hep-th/0112076;hep-th/0112076;1;0;1
math-ph/9811002;math-ph/9811002;0;2;2
hep-th/9912260;hep-th/9912260;0;6;6
hep-th/0607211;hep-th/0607211;0;10;10
hep-th/0502118;hep-th/0502118;0;5;5
hep-th/0502116;hep-th/0502116;0;13;13
hep-th/0607212;hep-th/0607212;0;2;2
0911.2898;0911.2898;0;23;23
hep-th/9605002;hep-th/9605002;0;7;7
hep-th/0104245;hep-th/0104245;0;1;1
hep-th/0210194;hep-th/0210194;0;10;10
0905.3195;0905.3195;0;24;24
0902.1067;0902.1067;0;35;35
hep-th/0210192;hep-th/0210192;0;5;5
hep-lat/9503023;hep-lat/9503023;0;1;1
hep-th/0610046;hep-th/0610046;0;12;12
0708.1873;0708.1873;0;35;35
0805.0114;0805.0114;0;31;31
0802.3720;0802.3720;0;19;19
0808.1107;0808.1107;0;25;25
hep-th/9907150;hep-th/9907150;0;7;7
0811.4347;0811.4347;0;2;2
hep-th/0510058;hep-th/0510058;0;11;11
0912.4282;0912.4282;0;6;6
hep-th/0610049;hep-th/0610049;0;2;2
0801.0762;0801.0762;0;58;58
0811.2417;0811.2417;0;2;2
0812.5054;0812.5054;0;21;21
0803.3475;0803.3475;0;23;23
gr-qc/0611028;gr-qc/0611028;0;17;17
hep-th/0102167;hep-th/0102167;1;3;4
0805.1997;0805.1997;0;5;5
0705.1933;0705.1933;0;5;5
0812.2247;0812.2247;0;52;52
0801.3064;0801.3064;0;15;15
0801.3063;0801.3063;0;17;17
quant-ph/0703276;quant-ph/0703276;1;4;5
0804.1326;0804.1326;0;14;14
0804.1329;0804.1329;0;12;12
0903.1031;0903.1031;0;2;2
0912.5225;0912.5225;0;16;16
hep-th/0412101;hep-th/0412101;0;3;3
0705.1228;0705.1228;0;7;7
0805.1573;0805.1573;0;132;132
hep-th/9502043;hep-th/9502043;0;3;3
0901.0450;0901.0450;0;20;20
0909.2118;0909.2118;0;6;6
0804.1723;0804.1723;0;20;20
0808.2376;0808.2376;0;7;7
0910.0101;0910.0101;0;20;20
0705.4358;0705.4358;0;5;5
0902.4646;0902.4646;0;31;31
0906.0232;0906.0232;0;20;20
0812.3194;0812.3194;0;15;15
0912.3524;0912.3524;0;20;20
0912.3520;0912.3520;0;9;9
hep-th/9409100;hep-th/9409100;0;4;4
0807.1259;0807.1259;0;5;5
hep-ph/0212131;hep-ph/0212131;1;0;1
0812.0085;0812.0085;0;25;25
0910.0173;0910.0173;0;2;2
0712.1523;0712.1523;0;15;15
0901.1989;0901.1989;0;4;4
0712.3011;0712.3011;0;15;15
hep-ph/9612303;hep-ph/9612303;0;3;3
gr-qc/9404051;gr-qc/9404051;0;1;1
hep-th/9304126;hep-th/9304126;1;0;1
0906.3451;0906.3451;0;47;47
hep-th/0512142;hep-th/0512142;1;11;12
hep-th/0510103;hep-th/0510103;1;0;1
cond-mat/9803271;cond-mat/9803271;0;7;7
0708.3806;0708.3806;0;57;57
0708.3805;0708.3805;0;90;90
0812.3108;0812.3108;0;2;2
0911.1528;0911.1528;0;43;43
0903.0536;0903.0536;0;11;11
0912.4928;0912.4928;0;4;4
hep-th/9701006;hep-th/9701006;0;9;9
0806.1218;0806.1218;0;44;44
hep-ph/9510264;hep-ph/9510264;0;4;4
0705.3517;0705.3517;0;70;70
0705.3511;0705.3511;0;9;9
0707.2671;0707.2671;0;71;71
hep-th/9810193;hep-th/9810193;1;5;6
hep-th/9701001;hep-th/9701001;0;2;2
hep-th/9402105;hep-th/9402105;0;5;5
hep-th/9402102;hep-th/9402102;0;1;1
0807.0389;0807.0389;0;22;22
gr-qc/9909011;gr-qc/9909011;0;15;15
0910.3533;0910.3533;0;14;14
0801.3808;0801.3808;0;20;20
0807.1924;0807.1924;0;14;14
0905.4342;0905.4342;0;28;28
0807.3692;0807.3692;0;7;7
hep-th/0607117;hep-th/0607117;0;5;5
hep-th/9211124;hep-th/9211124;2;0;2
hep-th/0107219;hep-th/0107219;1;0;1
0906.5336;0906.5336;0;17;17
0801.4784;0801.4784;0;5;5
hep-ph/0009253;hep-ph/0009253;0;2;2
hep-ph/0009169;hep-ph/0009169;1;0;1
hep-th/9505108;hep-th/9505108;1;8;9
0810.0611;0810.0611;0;15;15
0804.0280;0804.0280;0;6;6
astro-ph/0406355;astro-ph/0406355;1;0;1
0710.0073;0710.0073;0;11;11
hep-th/9306136;hep-th/9306136;0;1;1
hep-th/0008176;hep-th/0008176;1;5;6
hep-th/0011059;hep-th/0011059;1;33;34
hep-th/9711119;hep-th/9711119;0;1;1
hep-th/9711118;hep-th/9711118;0;1;1
hep-th/9711114;hep-th/9711114;0;21;21
gr-qc/9911042;gr-qc/9911042;2;0;2
0806.4068;0806.4068;0;14;14
quant-ph/0611194;quant-ph/0611194;0;1;1
hep-th/0206201;hep-th/0206201;0;5;5
0907.3408;0907.3408;0;9;9
0809.3029;0809.3029;0;41;41
0711.0556;0711.0556;0;15;15
0905.2742;0905.2742;0;3;3
math-ph/0002019;math-ph/0002019;0;4;4
0707.2149;0707.2149;0;99;99
0911.3890;0911.3890;0;1;1
hep-ph/9612482;hep-ph/9612482;1;9;10
0809.3123;0809.3123;0;1;1
hep-th/9401142;hep-th/9401142;1;0;1
hep-th/0508184;hep-th/0508184;0;7;7
hep-th/0002163;hep-th/0002163;1;0;1
hep-th/0005240;hep-th/0005240;0;3;3
hep-th/0604018;hep-th/0604018;0;22;22
hep-th/9807018;hep-th/9807018;2;0;2
hep-ph/0508059;hep-ph/0508059;0;12;12
hep-lat/0512030;hep-lat/0512030;0;13;13
hep-th/0604011;hep-th/0604011;0;1;1
0910.5200;0910.5200;0;4;4
0910.5202;0910.5202;0;4;4
gr-qc/9812050;gr-qc/9812050;0;1;1
hep-th/0603093;hep-th/0603093;0;1;1
0804.0847;0804.0847;0;1;1
0901.0393;0901.0393;0;24;24
0711.1472;0711.1472;0;4;4
gr-qc/0104012;gr-qc/0104012;0;1;1
0808.1295;0808.1295;0;3;3
0708.4414;0708.4414;0;47;47
0806.3808;0806.3808;0;8;8
hep-th/0201209;hep-th/0201209;0;39;39
0911.3428;0911.3428;0;16;16
0909.3526;0909.3526;0;16;16
cond-mat/0405585;cond-mat/0405585;0;2;2
cond-mat/0302161;cond-mat/0302161;1;0;1
hep-th/0507184;hep-th/0507184;0;54;54
hep-th/0507186;hep-th/0507186;0;7;7
0907.3673;0907.3673;0;17;17
hep-th/0202006;hep-th/0202006;0;10;10
hep-th/0202004;hep-th/0202004;0;1;1
hep-ph/0008213;hep-ph/0008213;0;28;28
0710.4967;0710.4967;0;41;41
0802.2890;0802.2890;0;66;66
0908.0924;0908.0924;0;8;8
0909.0490;0909.0490;0;35;35
0706.2861;0706.2861;0;19;19
quant-ph/0109111;quant-ph/0109111;0;1;1
0902.3663;0902.3663;0;7;7
0907.2715;0907.2715;0;13;13
0710.4267;0710.4267;0;85;85
0902.1001;0902.1001;0;11;11
0709.3770;0709.3770;0;84;84
hep-th/0205196;hep-th/0205196;0;9;9
quant-ph/0103110;quant-ph/0103110;1;0;1
q-alg/9501015;q-alg/9501015;1;0;1
hep-th/9302141;hep-th/9302141;1;0;1
hep-th/9307153;hep-th/9307153;1;0;1
q-alg/9506024;q-alg/9506024;0;3;3
hep-ph/0107147;hep-ph/0107147;0;1;1
0710.2291;0710.2291;0;47;47
0803.4167;0803.4167;0;25;25
0807.2843;0807.2843;0;36;36
hep-th/0512209;hep-th/0512209;0;24;24
0706.1875;0706.1875;0;22;22
gr-qc/0605031;gr-qc/0605031;0;3;3
0905.3923;0905.3923;0;19;19
0909.5185;0909.5185;0;14;14
hep-ph/0401035;hep-ph/0401035;0;2;2
0907.0582;0907.0582;0;11;11
0810.3897;0810.3897;0;22;22
0903.2455;0903.2455;0;17;17
0909.4850;0909.4850;0;2;2
0909.4857;0909.4857;0;11;11
0901.4059;0901.4059;0;25;25
hep-th/0307047;hep-th/0307047;0;1;1
hep-th/0306256;hep-th/0306256;2;0;2
hep-th/0307046;hep-th/0307046;0;3;3
0901.1180;0901.1180;0;9;9
0901.1182;0901.1182;0;36;36
nlin/0505019;nlin/0505019;1;0;1
0711.3446;0711.3446;0;7;7
0903.5202;0903.5202;0;25;25
0903.3551;0903.3551;0;2;2
0909.4584;0909.4584;0;8;8
hep-th/0209171;hep-th/0209171;0;6;6
hep-th/9811181;hep-th/9811181;1;0;1
0808.3637;0808.3637;0;1;1
0902.2030;0902.2030;0;21;21
0807.0909;0807.0909;0;18;18
0809.0318;0809.0318;0;14;14
0902.2921;0902.2921;0;20;20
hep-th/0302056;hep-th/0302056;0;22;22
0803.2658;0803.2658;0;26;26
0803.3147;0803.3147;0;35;35
gr-qc/0306103;gr-qc/0306103;0;1;1
gr-qc/0212102;gr-qc/0212102;1;0;1
0707.4217;0707.4217;0;7;7
gr-qc/0306105;gr-qc/0306105;0;2;2
hep-ph/0306070;hep-ph/0306070;2;18;20
math-ph/0411054;math-ph/0411054;0;4;4
hep-th/9407197;hep-th/9407197;0;1;1
0810.0012;0810.0012;0;23;23
hep-th/0001154;hep-th/0001154;0;3;3
0707.3653;0707.3653;0;6;6
0807.1232;0807.1232;0;37;37
0909.2868;0909.2868;0;18;18
hep-th/0008116;hep-th/0008116;0;4;4
hep-th/9512094;hep-th/9512094;1;0;1
hep-ph/0408160;hep-ph/0408160;0;1;1
gr-qc/0610115;gr-qc/0610115;0;5;5
0706.0398;0706.0398;0;33;33
0707.3026;0707.3026;0;14;14
hep-th/9904156;hep-th/9904156;0;3;3
0810.1633;0810.1633;0;19;19
hep-th/0409139;hep-th/0409139;0;3;3
hep-th/9406114;hep-th/9406114;1;0;1
hep-th/9403182;hep-th/9403182;1;0;1
hep-ph/0310349;hep-ph/0310349;0;10;10
0804.4826;0804.4826;0;17;17
0909.2241;0909.2241;0;9;9
hep-ph/0110205;hep-ph/0110205;0;17;17
0809.0052;0809.0052;0;6;6
0901.4055;0901.4055;0;12;12
gr-qc/0612088;gr-qc/0612088;1;0;1
gr-qc/0702063;gr-qc/0702063;3;17;20
cond-mat/0306321;cond-mat/0306321;0;1;1
hep-th/0104267;hep-th/0104267;0;8;8
physics/0309060;physics/0309060;0;3;3
0903.4894;0903.4894;0;31;31
0712.3563;0712.3563;0;29;29
math/0402200;math/0402200;1;12;13
math/9906191;math/9906191;0;6;6
0706.1114;0706.1114;0;15;15
0909.1743;0909.1743;0;24;24
0805.4294;0805.4294;0;11;11
0808.0864;0808.0864;0;25;25
0901.2003;0901.2003;0;12;12
0806.1629;0806.1629;0;16;16
gr-qc/0409113;gr-qc/0409113;0;3;3
0904.0401;0904.0401;0;12;12
0904.0403;0904.0403;0;25;25
0904.1339;0904.1339;0;2;2
0812.4432;0812.4432;0;6;6
0711.1582;0711.1582;0;48;48
0809.2426;0809.2426;0;1;1
0803.4325;0803.4325;0;32;32
math-ph/0206040;math-ph/0206040;2;0;2
0803.4323;0803.4323;0;36;36
0812.4693;0812.4693;0;13;13
0812.1453;0812.1453;0;12;12
0912.0218;0912.0218;0;29;29
astro-ph/0306051;astro-ph/0306051;0;10;10
0901.1539;0901.1539;0;1;1
hep-th/9511094;hep-th/9511094;1;0;1
hep-th/9401162;hep-th/9401162;0;1;1
0711.3240;0711.3240;0;46;46
0801.3392;0801.3392;0;7;7
0908.2395;0908.2395;0;20;20
0902.0273;0902.0273;0;4;4
hep-th/9210048;hep-th/9210048;1;0;1
0902.0274;0902.0274;0;2;2
0902.0276;0902.0276;0;12;12
0807.2065;0807.2065;0;29;29
quant-ph/0604039;quant-ph/0604039;0;1;1
0710.2197;0710.2197;0;6;6
cond-mat/0212564;cond-mat/0212564;0;3;3
0807.0597;0807.0597;0;35;35
0710.3790;0710.3790;0;64;64
0710.3796;0710.3796;0;7;7
0806.0155;0806.0155;0;7;7
0806.1930;0806.1930;0;18;18
hep-th/9310161;hep-th/9310161;0;4;4
hep-th/9308056;hep-th/9308056;1;0;1
0901.2534;0901.2534;0;58;58
0712.2451;0712.2451;1;17;18
gr-qc/9607008;gr-qc/9607008;0;1;1
0903.1833;0903.1833;0;22;22
gr-qc/9607005;gr-qc/9607005;1;1;2
hep-th/0101208;hep-th/0101208;1;14;15
gr-qc/9806110;gr-qc/9806110;0;3;3
0812.1372;0812.1372;0;31;31
0812.1929;0812.1929;0;15;15
0810.2685;0810.2685;0;27;27
0909.2192;0909.2192;0;13;13
0711.2649;0711.2649;0;3;3
hep-ph/0311021;hep-ph/0311021;1;0;1
gr-qc/0502038;gr-qc/0502038;0;15;15
0809.4852;0809.4852;0;24;24
0805.3558;0805.3558;0;17;17
gr-qc/0502035;gr-qc/0502035;0;10;10
hep-th/0205189;hep-th/0205189;1;4;5
gr-qc/0502030;gr-qc/0502030;0;12;12
0709.3688;0709.3688;0;28;28
0909.3874;0909.3874;0;17;17
0710.5796;0710.5796;0;14;14
hep-th/0703161;hep-th/0703161;0;4;4
0802.0491;0802.0491;0;28;28
0911.3021;0911.3021;0;3;3
0905.2562;0905.2562;0;41;41
0903.1186;0903.1186;0;34;34
hep-th/0010044;hep-th/0010044;2;36;38
hep-th/9709117;hep-th/9709117;1;1;2
0707.1519;0707.1519;0;9;9
0705.2478;0705.2478;0;35;35
0707.1970;0707.1970;0;31;31
0807.4152;0807.4152;0;15;15
hep-th/0408096;hep-th/0408096;0;5;5
0705.2471;0705.2471;0;58;58
0705.2476;0705.2476;0;1;1
0908.1693;0908.1693;0;9;9
0903.2472;0903.2472;0;10;10
0905.0865;0905.0865;0;8;8
0905.4928;0905.4928;0;10;10
0906.5414;0906.5414;0;9;9
hep-th/0603126;hep-th/0603126;1;6;7
0806.0053;0806.0053;0;56;56
0903.2581;0903.2581;0;100;100
0801.1702;0801.1702;0;19;19
0902.3782;0902.3782;0;8;8
0911.1627;0911.1627;0;9;9
hep-th/9302066;hep-th/9302066;1;0;1
0806.0050;0806.0050;0;18;18
0807.0338;0807.0338;0;4;4
0807.0047;0807.0047;0;8;8
0812.0132;0812.0132;0;1;1
0807.0044;0807.0044;0;19;19
0805.2388;0805.2388;0;6;6
hep-th/9109013;hep-th/9109013;1;0;1
0808.2244;0808.2244;0;15;15
0705.3287;0705.3287;0;4;4
0910.1417;0910.1417;0;2;2
0708.2656;0708.2656;0;81;81
0805.2380;0805.2380;0;11;11
0806.1477;0806.1477;0;32;32
0710.3895;0710.3895;0;21;21
cond-mat/0107373;cond-mat/0107373;1;0;1
math-ph/0611064;math-ph/0611064;1;2;3
0904.4501;0904.4501;0;9;9
0912.4185;0912.4185;0;11;11
0705.4145;0705.4145;0;52;52
0903.2477;0903.2477;0;11;11
0704.2804;0704.2804;0;4;4
0704.2807;0704.2807;0;22;22
0911.0043;0911.0043;0;9;9
0808.0452;0808.0452;0;31;31
hep-th/9605100;hep-th/9605100;1;0;1
0905.4078;0905.4078;0;14;14
0910.0459;0910.0459;0;8;8
hep-th/9404074;hep-th/9404074;1;0;1
hep-th/9801086;hep-th/9801086;0;4;4
gr-qc/0409093;gr-qc/0409093;0;14;14
0704.3877;0704.3877;0;2;2
0812.3436;0812.3436;0;51;51
hep-th/0409049;hep-th/0409049;0;24;24
0909.0515;0909.0515;0;23;23
0705.2249;0705.2249;0;10;10
0712.3600;0712.3600;0;4;4
0712.3601;0712.3601;0;4;4
hep-th/9301065;hep-th/9301065;0;2;2
0809.0295;0809.0295;0;8;8
0705.2892;0705.2892;0;19;19
0809.4468;0809.4468;0;7;7
0911.1316;0911.1316;0;8;8
0906.4293;0906.4293;0;4;4
hep-th/9408042;hep-th/9408042;0;1;1
0708.3951;0708.3951;0;4;4
0705.2949;0705.2949;0;1;1
0902.0916;0902.0916;0;6;6
hep-th/0305086;hep-th/0305086;0;10;10
hep-ph/0203010;hep-ph/0203010;0;11;11
0704.3183;0704.3183;0;77;77
0705.2916;0705.2916;0;1;1
hep-th/0105154;hep-th/0105154;0;30;30
0903.2732;0903.2732;0;12;12
0808.1778;0808.1778;0;28;28
0807.0685;0807.0685;0;32;32
0801.1085;0801.1085;0;22;22
0907.1463;0907.1463;0;4;4
hep-th/0408003;hep-th/0408003;0;7;7
hep-th/9812033;hep-th/9812033;0;12;12
0902.3898;0902.3898;0;5;5
0704.3181;0704.3181;0;27;27
0706.4188;0706.4188;0;58;58
0906.1813;0906.1813;0;12;12
hep-th/0211015;hep-th/0211015;0;3;3
funct-an/9704003;funct-an/9704003;1;0;1
0809.0480;0809.0480;0;5;5
0904.3298;0904.3298;0;5;5
0809.0485;0809.0485;0;4;4
0809.1354;0809.1354;0;18;18
hep-th/0702058;hep-th/0702058;0;6;6
0707.1081;0707.1081;0;9;9
hep-th/0103207;hep-th/0103207;0;13;13
0809.1055;0809.1055;0;20;20
0704.3184;0704.3184;0;6;6
0912.4950;0912.4950;0;11;11
cond-mat/0609431;cond-mat/0609431;0;4;4
0806.1639;0806.1639;0;4;4
0912.3504;0912.3504;0;19;19
0906.2430;0906.2430;0;7;7
gr-qc/0102066;gr-qc/0102066;0;7;7
gr-qc/0102065;gr-qc/0102065;0;9;9
hep-ph/9504217;hep-ph/9504217;0;2;2
0809.4441;0809.4441;0;7;7
0906.4240;0906.4240;0;24;24
0901.3879;0901.3879;0;6;6
0806.1484;0806.1484;0;22;22
0812.4504;0812.4504;0;20;20
0908.4053;0908.4053;0;4;4
0704.2341;0704.2341;0;3;3
gr-qc/9705058;gr-qc/9705058;0;3;3
0704.2349;0704.2349;0;17;17
0908.0756;0908.0756;0;44;44
0706.2803;0706.2803;0;14;14
hep-th/9710059;hep-th/9710059;0;14;14
gr-qc/0603095;gr-qc/0603095;0;1;1
hep-th/9710056;hep-th/9710056;0;1;1
cond-mat/0210599;cond-mat/0210599;0;16;16
0803.2170;0803.2170;0;1;1
hep-th/0612228;hep-th/0612228;0;53;53
0805.4729;0805.4729;0;31;31
0711.1742;0711.1742;0;3;3
hep-th/0611292;hep-th/0611292;0;8;8
cond-mat/0210592;cond-mat/0210592;0;20;20
hep-th/0406070;hep-th/0406070;1;0;1
hep-th/9702001;hep-th/9702001;0;2;2
hep-th/9905120;hep-th/9905120;0;6;6
0804.1410;0804.1410;0;2;2
hep-th/0007083;hep-th/0007083;0;37;37
0802.0791;0802.0791;0;13;13
hep-th/0512080;hep-th/0512080;1;2;3
0704.2222;0704.2222;0;33;33
hep-th/0506047;hep-th/0506047;0;5;5
0810.0306;0810.0306;0;23;23
hep-th/0110138;hep-th/0110138;0;3;3
0711.2214;0711.2214;0;54;54
0706.2114;0706.2114;0;23;23
hep-th/0109085;hep-th/0109085;0;8;8
hep-th/0109081;hep-th/0109081;0;20;20
hep-th/0410153;hep-th/0410153;0;16;16
hep-th/0307181;hep-th/0307181;1;9;10
0902.4010;0902.4010;0;7;7
gr-qc/9410005;gr-qc/9410005;0;2;2
0902.3046;0902.3046;0;13;13
0809.2992;0809.2992;0;1;1
0809.2996;0809.2996;0;31;31
0911.4249;0911.4249;0;12;12
cond-mat/0406216;cond-mat/0406216;0;5;5
0810.3913;0810.3913;0;12;12
0810.3916;0810.3916;0;4;4
0809.4594;0809.4594;0;27;27
hep-th/0110181;hep-th/0110181;1;5;6
hep-th/0110182;hep-th/0110182;0;18;18
0908.1788;0908.1788;0;13;13
hep-th/0505090;hep-th/0505090;0;54;54
hep-th/9301045;hep-th/9301045;2;0;2
hep-th/0505093;hep-th/0505093;0;6;6
0901.1021;0901.1021;0;30;30
0910.3716;0910.3716;0;12;12
0902.0660;0902.0660;0;9;9
0712.2289;0712.2289;0;17;17
hep-th/9811009;hep-th/9811009;0;9;9
0804.0424;0804.0424;0;7;7
0806.3041;0806.3041;0;8;8
hep-th/0611129;hep-th/0611129;0;3;3
hep-th/9811003;hep-th/9811003;0;12;12
hep-ph/9411251;hep-ph/9411251;1;0;1
cond-mat/0601254;cond-mat/0601254;0;1;1
hep-th/0305216;hep-th/0305216;2;25;27
hep-th/0306181;hep-th/0306181;0;34;34
0906.5183;0906.5183;0;165;165
0903.3321;0903.3321;0;26;26
0707.0530;0707.0530;0;3;3
0807.1495;0807.1495;0;12;12
0902.2267;0902.2267;0;3;3
0709.0933;0709.0933;0;12;12
0808.3186;0808.3186;0;44;44
cond-mat/0703184;cond-mat/0703184;0;4;4
0909.0751;0909.0751;0;21;21
0810.1446;0810.1446;0;5;5
0706.0217;0706.0217;0;19;19
gr-qc/0505084;gr-qc/0505084;0;10;10
gr-qc/0201020;gr-qc/0201020;1;0;1
0712.0426;0712.0426;0;3;3
hep-th/9307009;hep-th/9307009;1;0;1
hep-th/9407012;hep-th/9407012;0;1;1
0810.0756;0810.0756;0;3;3
0902.1539;0902.1539;0;25;25
0909.0087;0909.0087;0;16;16
0709.1491;0709.1491;0;6;6
hep-th/9306070;hep-th/9306070;1;2;3
0812.4227;0812.4227;0;14;14
quant-ph/0608140;quant-ph/0608140;1;0;1
0709.0722;0709.0722;0;3;3
0709.0726;0709.0726;0;12;12
hep-th/9512093;hep-th/9512093;0;1;1
0809.3216;0809.3216;0;36;36
math/0502190;math/0502190;0;7;7
hep-th/0009238;hep-th/0009238;1;0;1
quant-ph/0012151;quant-ph/0012151;0;1;1
hep-th/0004193;hep-th/0004193;1;1;2
hep-th/9906140;hep-th/9906140;1;0;1
0810.0645;0810.0645;0;47;47
0907.2156;0907.2156;0;4;4
0801.1274;0801.1274;0;21;21
hep-th/0209229;hep-th/0209229;0;3;3
0803.2099;0803.2099;0;6;6
0712.0008;0712.0008;0;55;55
hep-th/9905145;hep-th/9905145;0;6;6
hep-th/9705067;hep-th/9705067;0;15;15
0901.3796;0901.3796;0;19;19
0902.4833;0902.4833;0;20;20
0708.3199;0708.3199;0;54;54
hep-th/0411082;hep-th/0411082;0;11;11
0707.1284;0707.1284;0;30;30
0911.3519;0911.3519;0;34;34
0803.3430;0803.3430;0;2;2
0712.4147;0712.4147;0;26;26
0803.3434;0803.3434;0;13;13
0912.0539;0912.0539;0;26;26
math/0611061;math/0611061;2;0;2
0710.3148;0710.3148;0;21;21
0812.1307;0812.1307;0;10;10
hep-th/0405179;hep-th/0405179;1;5;6
0707.0884;0707.0884;0;68;68
0912.2678;0912.2678;0;7;7
0810.2183;0810.2183;0;21;21
0712.2532;0712.2532;0;31;31
0708.0989;0708.0989;0;17;17
hep-ph/9709463;hep-ph/9709463;1;0;1
hep-th/9712184;hep-th/9712184;0;33;33
nucl-th/9512017;nucl-th/9512017;0;11;11
nlin/0001054;nlin/0001054;0;1;1
math-ph/9810007;math-ph/9810007;1;0;1
0807.3012;0807.3012;0;24;24
0907.2407;0907.2407;0;8;8
hep-th/0512279;hep-th/0512279;1;0;1
hep-th/0602278;hep-th/0602278;0;7;7
0708.3184;0708.3184;0;8;8
hep-th/9712237;hep-th/9712237;0;1;1
hep-th/9712234;hep-th/9712234;0;3;3
0912.2958;0912.2958;0;43;43
0808.2845;0808.2845;0;16;16
hep-th/9611018;hep-th/9611018;0;32;32
0808.2842;0808.2842;0;19;19
cond-mat/0208429;cond-mat/0208429;0;18;18
cond-mat/9804075;cond-mat/9804075;1;0;1
0705.0133;0705.0133;0;20;20
0709.3314;0709.3314;0;6;6
0903.0510;0903.0510;0;13;13
hep-th/0304065;hep-th/0304065;0;2;2
hep-th/9503128;hep-th/9503128;1;0;1
hep-th/0402034;hep-th/0402034;0;16;16
gr-qc/9608021;gr-qc/9608021;2;24;26
0907.1364;0907.1364;0;7;7
0907.1362;0907.1362;0;6;6
0811.1220;0811.1220;0;3;3
0912.0743;0912.0743;0;15;15
0811.3839;0811.3839;0;41;41
0907.5472;0907.5472;0;10;10
gr-qc/0402080;gr-qc/0402080;0;30;30
0810.1114;0810.1114;0;4;4
hep-th/0107008;hep-th/0107008;0;2;2
hep-th/9808112;hep-th/9808112;0;2;2
hep-th/9808116;hep-th/9808116;0;1;1
hep-th/9508066;hep-th/9508066;1;0;1
0803.0562;0803.0562;0;27;27
hep-th/9411075;hep-th/9411075;0;6;6
hep-th/9411071;hep-th/9411071;0;2;2
hep-th/9912171;hep-th/9912171;0;41;41
0904.2303;0904.2303;0;22;22
hep-th/0508066;hep-th/0508066;0;1;1
hep-th/0304248;hep-th/0304248;1;0;1
0909.0551;0909.0551;0;2;2
0905.3882;0905.3882;0;2;2
0904.4087;0904.4087;0;13;13
hep-th/0701264;hep-th/0701264;0;5;5
0903.2399;0903.2399;0;3;3
0901.0791;0901.0791;0;4;4
0902.0765;0902.0765;0;37;37
hep-th/0703077;hep-th/0703077;0;3;3
0712.0678;0712.0678;0;2;2
hep-th/9701133;hep-th/9701133;0;3;3
0807.3728;0807.3728;0;4;4
0905.2686;0905.2686;0;20;20
0906.3116;0906.3116;0;17;17
0810.5377;0810.5377;0;83;83
0708.3094;0708.3094;0;8;8
hep-th/9802182;hep-th/9802182;0;14;14
0804.2096;0804.2096;0;25;25
0709.3120;0709.3120;0;9;9
0808.3493;0808.3493;0;49;49
hep-th/9412035;hep-th/9412035;0;11;11
hep-th/0012047;hep-th/0012047;0;4;4
hep-th/0012040;hep-th/0012040;0;3;3
hep-th/0005175;hep-th/0005175;2;0;2
gr-qc/0608134;gr-qc/0608134;0;4;4
0906.1291;0906.1291;0;16;16
0805.4464;0805.4464;0;21;21
0706.4428;0706.4428;0;8;8
0908.1964;0908.1964;0;30;30
0904.2165;0904.2165;0;6;6
0810.1023;0810.1023;0;15;15
0804.2541;0804.2541;0;8;8
0904.2164;0904.2164;0;9;9
astro-ph/9806205;astro-ph/9806205;2;0;2
0801.3402;0801.3402;0;21;21
math/0112070;math/0112070;0;8;8
0710.5662;0710.5662;0;12;12
0906.2519;0906.2519;0;6;6
0812.0175;0812.0175;0;17;17
0809.4815;0809.4815;0;6;6
0706.2355;0706.2355;0;8;8
0710.5663;0710.5663;0;28;28
hep-ph/9804463;hep-ph/9804463;0;2;2
hep-ph/0211183;hep-ph/0211183;0;1;1
hep-ph/0211129;hep-ph/0211129;1;0;1
0907.0021;0907.0021;0;2;2
0812.3367;0812.3367;0;36;36
0707.4510;0707.4510;0;53;53
hep-th/0211205;hep-th/0211205;0;1;1
gr-qc/9609021;gr-qc/9609021;1;12;13
hep-th/0507094;hep-th/0507094;1;0;1
0806.0924;0806.0924;0;40;40
0706.2215;0706.2215;0;23;23
q-alg/9709004;q-alg/9709004;0;2;2
gr-qc/0508048;gr-qc/0508048;1;2;3
0709.2388;0709.2388;0;18;18
0808.2458;0808.2458;0;6;6
0709.2380;0709.2380;0;3;3
0808.2450;0808.2450;0;13;13
0808.2451;0808.2451;0;14;14
hep-ph/0608132;hep-ph/0608132;0;4;4
hep-th/0410175;hep-th/0410175;0;15;15
hep-th/0405021;hep-th/0405021;1;0;1
hep-th/0410172;hep-th/0410172;0;9;9
0910.3886;0910.3886;0;20;20
0706.3083;0706.3083;0;18;18
0906.3013;0906.3013;0;35;35
hep-th/9811242;hep-th/9811242;0;5;5
0906.3594;0906.3594;0;15;15
0804.4656;0804.4656;0;13;13
hep-th/0406059;hep-th/0406059;0;7;7
0906.2978;0906.2978;0;22;22
0904.2046;0904.2046;0;2;2
0904.2042;0904.2042;0;18;18
0904.3313;0904.3313;0;18;18
0807.1908;0807.1908;0;22;22
hep-th/0702132;hep-th/0702132;0;22;22
0809.0722;0809.0722;0;3;3
hep-th/0611050;hep-th/0611050;0;30;30
hep-th/0611052;hep-th/0611052;0;2;2
hep-th/0509209;hep-th/0509209;1;0;1
hep-th/0611252;hep-th/0611252;1;1;2
0909.5559;0909.5559;0;27;27
hep-th/9410069;hep-th/9410069;1;4;5
hep-th/0305071;hep-th/0305071;0;4;4
0707.3055;0707.3055;0;4;4
hep-th/0509072;hep-th/0509072;0;15;15
hep-th/0509070;hep-th/0509070;0;9;9
0809.2077;0809.2077;0;3;3
0903.3970;0903.3970;0;8;8
0806.1167;0806.1167;0;13;13
0706.4025;0706.4025;0;16;16
0708.2722;0708.2722;0;29;29
hep-ph/0511030;hep-ph/0511030;2;20;22
hep-th/0608064;hep-th/0608064;0;18;18
hep-th/0304081;hep-th/0304081;1;0;1
0712.1410;0712.1410;0;9;9
hep-ph/0409265;hep-ph/0409265;0;2;2
hep-th/9604005;hep-th/9604005;0;2;2
0910.4552;0910.4552;0;1;1
nucl-th/0012080;nucl-th/0012080;1;0;1
0710.5709;0710.5709;0;16;16
0812.1611;0812.1611;0;1;1
0906.1660;0906.1660;0;16;16
hep-th/0011291;hep-th/0011291;0;2;2
0708.3235;0708.3235;0;9;9
0907.2491;0907.2491;0;58;58
0907.2495;0907.2495;0;51;51
0802.2453;0802.2453;0;36;36
math/0608422;math/0608422;0;4;4
0802.2456;0802.2456;0;9;9
0807.4319;0807.4319;0;16;16
0711.4237;0711.4237;0;5;5
0711.4235;0711.4235;0;40;40
hep-th/9203068;hep-th/9203068;1;0;1
0904.3242;0904.3242;0;1;1
0907.2296;0907.2296;0;4;4
0811.3969;0811.3969;0;3;3
0902.0008;0902.0008;0;7;7
0811.4406;0811.4406;0;6;6
0902.0002;0902.0002;0;4;4
0708.4201;0708.4201;0;10;10
0712.1413;0712.1413;0;16;16
0901.3829;0901.3829;0;32;32
0711.1465;0711.1465;0;6;6
0711.4496;0711.4496;0;4;4
hep-ph/9801367;hep-ph/9801367;0;5;5
hep-th/9501001;hep-th/9501001;1;0;1
0906.5217;0906.5217;0;5;5
0809.5034;0809.5034;0;29;29
0806.0363;0806.0363;0;17;17
0806.0366;0806.0366;0;13;13
0802.2176;0802.2176;0;8;8
gr-qc/9408033;gr-qc/9408033;0;5;5
hep-lat/9909012;hep-lat/9909012;0;4;4
0903.4259;0903.4259;0;17;17
hep-lat/9909018;hep-lat/9909018;0;2;2
hep-th/9411172;hep-th/9411172;1;0;1
hep-th/0002207;hep-th/0002207;0;5;5
hep-th/0002206;hep-th/0002206;0;2;2
hep-th/0002202;hep-th/0002202;0;22;22
gr-qc/0502089;gr-qc/0502089;1;36;37
hep-ph/0312200;hep-ph/0312200;0;9;9
0805.3098;0805.3098;0;7;7
0902.2525;0902.2525;0;9;9
0902.2523;0902.2523;0;20;20
0911.4123;0911.4123;0;15;15
0810.3031;0810.3031;0;14;14
0811.0610;0811.0610;0;15;15
0805.3726;0805.3726;0;15;15
0806.0809;0806.0809;0;34;34
0811.0616;0811.0616;0;2;2
0805.3728;0805.3728;0;30;30
0904.1079;0904.1079;0;10;10
0805.0191;0805.0191;0;27;27
0908.2690;0908.2690;0;12;12
0802.4201;0802.4201;0;31;31
hep-th/0104134;hep-th/0104134;0;20;20
math-ph/0403046;math-ph/0403046;0;9;9
math-ph/0304006;math-ph/0304006;1;0;1
0807.4317;0807.4317;0;11;11
0707.3558;0707.3558;0;44;44
0801.4958;0801.4958;0;18;18
0906.5490;0906.5490;0;16;16
0909.1869;0909.1869;0;8;8
0710.2687;0710.2687;0;24;24
hep-th/9605081;hep-th/9605081;0;1;1
hep-th/9703140;hep-th/9703140;0;6;6
q-alg/9501009;q-alg/9501009;1;0;1
hep-th/0603034;hep-th/0603034;1;17;18
0911.2100;0911.2100;0;7;7
0911.2102;0911.2102;0;3;3
0907.4238;0907.4238;0;58;58
hep-lat/9908051;hep-lat/9908051;1;15;16
hep-th/9605171;hep-th/9605171;1;3;4
0709.3791;0709.3791;0;63;63
hep-ph/0609230;hep-ph/0609230;0;6;6
hep-th/0210045;hep-th/0210045;0;1;1
hep-th/9902152;hep-th/9902152;0;12;12
hep-th/9902159;hep-th/9902159;0;2;2
hep-th/0406172;hep-th/0406172;1;15;16
hep-th/9509018;hep-th/9509018;0;1;1
0912.3250;0912.3250;0;55;55
hep-th/9509010;hep-th/9509010;0;2;2
hep-th/9509014;hep-th/9509014;0;3;3
hep-th/0609080;hep-th/0609080;0;1;1
0911.4867;0911.4867;0;5;5
hep-th/0609081;hep-th/0609081;0;4;4
0812.3119;0812.3119;0;17;17
0907.3956;0907.3956;0;1;1
0706.3169;0706.3169;0;35;35
0712.1252;0712.1252;0;28;28
hep-th/9807110;hep-th/9807110;0;3;3
hep-th/9412238;hep-th/9412238;0;1;1
hep-th/0203156;hep-th/0203156;0;3;3
hep-th/0610088;hep-th/0610088;0;3;3
cond-mat/0312034;cond-mat/0312034;0;1;1
0903.2464;0903.2464;0;1;1
gr-qc/0603066;gr-qc/0603066;1;0;1
hep-th/0610086;hep-th/0610086;0;35;35
hep-th/9512119;hep-th/9512119;0;10;10
hep-ph/0004155;hep-ph/0004155;0;6;6
hep-th/0607140;hep-th/0607140;0;17;17
hep-th/0607149;hep-th/0607149;0;8;8
math-ph/0308016;math-ph/0308016;0;1;1
0708.3045;0708.3045;0;2;2
0708.3677;0708.3677;0;3;3
hep-th/9511186;hep-th/9511186;0;16;16
hep-th/9506130;hep-th/9506130;1;0;1
hep-th/9511183;hep-th/9511183;0;2;2
hep-ph/9810538;hep-ph/9810538;1;0;1
0801.2061;0801.2061;0;13;13
0801.2062;0801.2062;0;8;8
hep-th/0509053;hep-th/0509053;0;2;2
0801.2064;0801.2064;0;42;42
0810.3465;0810.3465;0;20;20
nucl-th/0506085;nucl-th/0506085;0;3;3
nucl-th/0005055;nucl-th/0005055;1;1;2
0907.1522;0907.1522;0;7;7
hep-th/9405062;hep-th/9405062;0;1;1
hep-th/9307132;hep-th/9307132;1;0;1
hep-th/9408094;hep-th/9408094;0;3;3
0801.3163;0801.3163;0;4;4
0810.3116;0810.3116;0;2;2
0912.4453;0912.4453;0;1;1
0801.3284;0801.3284;0;43;43
hep-th/0312204;hep-th/0312204;0;1;1
0907.2918;0907.2918;0;7;7
0805.2173;0805.2173;0;34;34
hep-th/0210283;hep-th/0210283;0;2;2
0710.2209;0710.2209;0;4;4
0708.0530;0708.0530;0;3;3
0710.2204;0710.2204;0;7;7
hep-th/9306022;hep-th/9306022;0;1;1
hep-th/9309037;hep-th/9309037;0;2;2
hep-th/9306020;hep-th/9306020;0;3;3
0704.1185;0704.1185;0;27;27
hep-th/9601021;hep-th/9601021;0;1;1
0708.4096;0708.4096;0;23;23
0708.4091;0708.4091;0;23;23
gr-qc/0607070;gr-qc/0607070;0;1;1
hep-th/0207185;hep-th/0207185;0;21;21
hep-th/0205130;hep-th/0205130;0;1;1
hep-th/9506119;hep-th/9506119;0;7;7
hep-th/9402094;hep-th/9402094;1;1;2
0910.1397;0910.1397;0;8;8
hep-th/9604188;hep-th/9604188;0;1;1
hep-th/9609081;hep-th/9609081;1;0;1
hep-th/9706008;hep-th/9706008;0;1;1
hep-th/9701059;hep-th/9701059;0;3;3
hep-th/9807015;hep-th/9807015;1;2;3
hep-th/0407023;hep-th/0407023;0;23;23
0704.0166;0704.0166;0;45;45
0805.1012;0805.1012;0;6;6
hep-th/9307084;hep-th/9307084;0;1;1
0804.4169;0804.4169;0;7;7
0710.1162;0710.1162;0;36;36
0709.0076;0709.0076;0;10;10
0906.5477;0906.5477;0;17;17
0902.3726;0902.3726;0;11;11
0906.0608;0906.0608;0;33;33
hep-th/0101156;hep-th/0101156;0;2;2
0704.2482;0704.2482;0;37;37
0704.3046;0704.3046;0;16;16
hep-th/0208191;hep-th/0208191;0;4;4
0803.2674;0803.2674;0;6;6
0804.4291;0804.4291;0;20;20
0712.0705;0712.0705;0;9;9
0711.4877;0711.4877;0;15;15
0910.0073;0910.0073;0;33;33
0710.0376;0710.0376;0;42;42
0704.2570;0704.2570;0;10;10
0712.2917;0712.2917;0;1;1
0708.2004;0708.2004;0;13;13
0712.2916;0712.2916;0;9;9
0710.3769;0710.3769;0;88;88
hep-th/9303138;hep-th/9303138;0;4;4
quant-ph/9801003;quant-ph/9801003;1;0;1
hep-th/9802046;hep-th/9802046;0;11;11
hep-th/0110156;hep-th/0110156;1;9;10
hep-th/0110154;hep-th/0110154;0;4;4
hep-th/0604053;hep-th/0604053;0;47;47
0712.2434;0712.2434;0;29;29
0807.1371;0807.1371;0;8;8
0708.3233;0708.3233;0;38;38
0811.1181;0811.1181;0;14;14
cond-mat/9811223;cond-mat/9811223;0;2;2
0712.2439;0712.2439;0;4;4
0808.1261;0808.1261;0;3;3
0710.1776;0710.1776;0;28;28
0804.0131;0804.0131;0;24;24
0709.0503;0709.0503;0;11;11
0906.1572;0906.1572;0;32;32
gr-qc/0510051;gr-qc/0510051;1;6;7
gr-qc/0412087;gr-qc/0412087;1;8;9
0807.3870;0807.3870;0;11;11
0808.3945;0808.3945;0;28;28
hep-th/9902176;hep-th/9902176;1;0;1
hep-th/0207219;hep-th/0207219;0;4;4
0906.1482;0906.1482;0;9;9
0809.4075;0809.4075;0;11;11
0809.4074;0809.4074;0;12;12
hep-th/0412039;hep-th/0412039;0;14;14
hep-th/0412034;hep-th/0412034;0;8;8
0808.1677;0808.1677;0;14;14
0707.1678;0707.1678;0;26;26
hep-ph/0011102;hep-ph/0011102;0;9;9
0806.3420;0806.3420;0;10;10
0810.2964;0810.2964;0;32;32
0706.3201;0706.3201;0;11;11
0711.3893;0711.3893;0;5;5
0709.0241;0709.0241;0;58;58
0811.4467;0811.4467;0;10;10
0709.0245;0709.0245;0;51;51
0811.4464;0811.4464;0;11;11
0906.4275;0906.4275;0;1;1
hep-th/0201115;hep-th/0201115;0;19;19
hep-th/0201119;hep-th/0201119;0;1;1
0708.1656;0708.1656;0;28;28
0909.2312;0909.2312;0;44;44
0909.2319;0909.2319;0;24;24
0810.1075;0810.1075;0;14;14
0806.4006;0806.4006;0;12;12
0908.0121;0908.0121;0;10;10
0810.1077;0810.1077;0;6;6
0809.4928;0809.4928;0;19;19
0803.1316;0803.1316;0;30;30
gr-qc/9306022;gr-qc/9306022;0;8;8
0904.0992;0904.0992;0;2;2
hep-th/9705039;hep-th/9705039;0;2;2
0903.5356;0903.5356;0;16;16
0708.0017;0708.0017;0;32;32
0903.1400;0903.1400;0;32;32
0805.0626;0805.0626;0;14;14
0805.0621;0805.0621;0;5;5
0808.1044;0808.1044;0;7;7
hep-th/9406001;hep-th/9406001;1;0;1
0906.0713;0906.0713;0;27;27
0811.3113;0811.3113;0;14;14
0811.2050;0811.2050;0;9;9
0903.4747;0903.4747;0;29;29
0802.1460;0802.1460;0;12;12
0801.4615;0801.4615;0;8;8
cond-mat/9610064;cond-mat/9610064;1;0;1
0806.0014;0806.0014;0;9;9
0803.2577;0803.2577;0;10;10
0901.3273;0901.3273;0;14;14
0810.2626;0810.2626;0;2;2
0809.3226;0809.3226;0;8;8
gr-qc/0101110;gr-qc/0101110;0;1;1
hep-th/0503076;hep-th/0503076;0;1;1
0903.1089;0903.1089;0;16;16
0709.3269;0709.3269;0;23;23
0810.5489;0810.5489;0;24;24
0711.1103;0711.1103;0;10;10
0711.2451;0711.2451;0;31;31
0712.2345;0712.2345;0;26;26
0711.2455;0711.2455;0;11;11
hep-th/9305151;hep-th/9305151;1;3;4
hep-th/9712175;hep-th/9712175;0;4;4
hep-th/9703037;hep-th/9703037;1;0;1
hep-th/9601106;hep-th/9601106;1;0;1
hep-th/9706045;hep-th/9706045;1;0;1
hep-th/0308126;hep-th/0308126;0;10;10
hep-th/9404133;hep-th/9404133;0;5;5
0711.4242;0711.4242;0;4;4
0810.4127;0810.4127;0;15;15
hep-th/9403068;hep-th/9403068;2;0;2
0902.0498;0902.0498;0;41;41
hep-ph/0403304;hep-ph/0403304;0;7;7
hep-th/0105278;hep-th/0105278;0;1;1
0712.2118;0712.2118;0;7;7
gr-qc/0207048;gr-qc/0207048;0;2;2
hep-th/0103002;hep-th/0103002;0;3;3
hep-th/9805049;hep-th/9805049;1;0;1
hep-th/9307100;hep-th/9307100;1;0;1
hep-th/9407159;hep-th/9407159;1;0;1
hep-th/0104059;hep-th/0104059;0;44;44
hep-th/0104058;hep-th/0104058;0;8;8
0710.2041;0710.2041;0;6;6
0711.0119;0711.0119;0;50;50
0912.1596;0912.1596;0;16;16
0801.3891;0801.3891;0;4;4
gr-qc/9710113;gr-qc/9710113;1;0;1
hep-th/9706137;hep-th/9706137;1;2;3
hep-th/0203233;hep-th/0203233;0;34;34
hep-th/0408047;hep-th/0408047;0;16;16
0810.5768;0810.5768;0;30;30
0907.3523;0907.3523;0;5;5
hep-th/9605142;hep-th/9605142;0;1;1
hep-lat/9209026;hep-lat/9209026;1;2;3
gr-qc/0505152;gr-qc/0505152;0;4;4
0711.3417;0711.3417;0;7;7
0712.0542;0712.0542;0;18;18
0710.2593;0710.2593;0;25;25
0710.2590;0710.2590;0;24;24
0908.0011;0908.0011;0;4;4
0712.3910;0712.3910;0;19;19
math/0501257;math/0501257;0;1;1
0909.0254;0909.0254;0;4;4
0908.0016;0908.0016;0;1;1
0907.5007;0907.5007;0;6;6
hep-th/0403099;hep-th/0403099;0;22;22
0811.4587;0811.4587;0;13;13
hep-th/0210118;hep-th/0210118;0;8;8
0707.2907;0707.2907;0;5;5
0912.2252;0912.2252;0;15;15
hep-th/9612072;hep-th/9612072;0;1;1
hep-th/9612071;hep-th/9612071;0;11;11
hep-th/0212068;hep-th/0212068;0;4;4
0806.0013;0806.0013;0;10;10
hep-th/0102065;hep-th/0102065;0;12;12
hep-th/0102062;hep-th/0102062;0;17;17
hep-th/9709041;hep-th/9709041;0;1;1
hep-th/9709046;hep-th/9709046;0;3;3
0909.4292;0909.4292;0;24;24
0705.4433;0705.4433;0;21;21
0912.5520;0912.5520;0;7;7
0909.1002;0909.1002;0;25;25
0909.2040;0909.2040;0;14;14
cond-mat/0501510;cond-mat/0501510;0;1;1
0906.2669;0906.2669;0;6;6
0812.0773;0812.0773;0;22;22
hep-th/0203158;hep-th/0203158;0;7;7
hep-th/0203159;hep-th/0203159;0;1;1
0811.4334;0811.4334;0;21;21
0912.5529;0912.5529;0;8;8
0812.1704;0812.1704;0;27;27
gr-qc/0703131;gr-qc/0703131;0;1;1
0810.1280;0810.1280;0;2;2
math-ph/0401037;math-ph/0401037;0;2;2
0801.2826;0801.2826;0;100;100
gr-qc/0110064;gr-qc/0110064;1;0;1
quant-ph/0603202;quant-ph/0603202;1;0;1
math-ph/0610070;math-ph/0610070;1;0;1
0704.2645;0704.2645;0;1;1
math-ph/0401032;math-ph/0401032;0;6;6
hep-th/0110222;hep-th/0110222;0;6;6
0901.2176;0901.2176;0;27;27
math-ph/0401038;math-ph/0401038;1;2;3
0901.2568;0901.2568;0;20;20
0909.5264;0909.5264;0;10;10
0803.3602;0803.3602;0;5;5
0901.2560;0901.2560;0;1;1
0807.4481;0807.4481;0;21;21
0806.2481;0806.2481;0;23;23
hep-th/9712083;hep-th/9712083;1;0;1
0705.3591;0705.3591;0;28;28
0807.4120;0807.4120;0;18;18
0707.1563;0707.1563;0;20;20
hep-th/9606048;hep-th/9606048;0;3;3
0804.0420;0804.0420;0;27;27
0708.0561;0708.0561;1;49;50
0806.4309;0806.4309;0;10;10
0712.3095;0712.3095;0;11;11
0712.3098;0712.3098;0;35;35
0806.0137;0806.0137;0;6;6
0806.4304;0806.4304;0;10;10
0905.1439;0905.1439;0;18;18
0906.3297;0906.3297;0;18;18
0807.4738;0807.4738;0;2;2
0905.4402;0905.4402;0;3;3
0905.4401;0905.4401;0;24;24
gr-qc/0011056;gr-qc/0011056;0;2;2
0803.1836;0803.1836;0;10;10
hep-th/0305210;hep-th/0305210;0;2;2
hep-th/0205313;hep-th/0205313;1;0;1
0905.0527;0905.0527;0;3;3
0901.2644;0901.2644;0;18;18
0905.0522;0905.0522;0;10;10
hep-th/0211040;hep-th/0211040;0;21;21
hep-th/9505188;hep-th/9505188;1;3;4
hep-th/9505184;hep-th/9505184;0;11;11
0809.3141;0809.3141;0;33;33
0901.0130;0901.0130;0;7;7
0807.2503;0807.2503;0;12;12
0901.1670;0901.1670;0;17;17
0705.4672;0705.4672;0;5;5
0709.4453;0709.4453;0;8;8
0710.0863;0710.0863;0;15;15
0909.1458;0909.1458;0;8;8
0810.4092;0810.4092;0;8;8
0908.4269;0908.4269;0;33;33
0912.4766;0912.4766;0;12;12
0711.1841;0711.1841;0;18;18
0805.1245;0805.1245;0;24;24
0907.4195;0907.4195;0;12;12
hep-ph/9806252;hep-ph/9806252;1;3;4
0807.2773;0807.2773;0;5;5
0909.5273;0909.5273;0;15;15
0812.3134;0812.3134;0;16;16
hep-th/0402097;hep-th/0402097;1;0;1
0905.0543;0905.0543;0;21;21
0907.5159;0907.5159;0;18;18
0801.3223;0801.3223;0;2;2
0704.1035;0704.1035;0;24;24
gr-qc/0010010;gr-qc/0010010;0;3;3
0704.1038;0704.1038;0;36;36
quant-ph/0701177;quant-ph/0701177;0;8;8
hep-th/9508007;hep-th/9508007;0;8;8
0710.2074;0710.2074;0;11;11
0907.3553;0907.3553;0;18;18
0912.3683;0912.3683;0;2;2
0709.0873;0709.0873;0;29;29
0805.0356;0805.0356;0;4;4
astro-ph/0402114;astro-ph/0402114;2;0;2
0802.3214;0802.3214;0;81;81
hep-ph/9709285;hep-ph/9709285;1;0;1
hep-th/0407241;hep-th/0407241;0;18;18
0710.4151;0710.4151;0;29;29
0710.4153;0710.4153;0;16;16
hep-th/9709179;hep-th/9709179;0;1;1
hep-th/9709170;hep-th/9709170;0;2;2
hep-th/9709172;hep-th/9709172;0;109;109
math/0611912;math/0611912;1;0;1
0709.3948;0709.3948;0;22;22
0910.0938;0910.0938;0;9;9
0911.4325;0911.4325;0;39;39
math/9904127;math/9904127;0;2;2
math/9809035;math/9809035;1;0;1
0804.3537;0804.3537;0;34;34
0705.2140;0705.2140;0;48;48
hep-th/0010250;hep-th/0010250;0;1;1
0705.2146;0705.2146;0;91;91
0801.0141;0801.0141;0;28;28
hep-th/0610008;hep-th/0610008;0;18;18
hep-th/0106147;hep-th/0106147;0;2;2
hep-th/9707206;hep-th/9707206;0;6;6
hep-th/9209108;hep-th/9209108;0;1;1
0711.4967;0711.4967;0;6;6
0711.4966;0711.4966;0;21;21
0711.4962;0711.4962;0;10;10
0903.0179;0903.0179;0;12;12
astro-ph/0610052;astro-ph/0610052;0;1;1
0808.0943;0808.0943;0;14;14
hep-th/0308180;hep-th/0308180;0;1;1
0704.2103;0704.2103;0;11;11
0804.0755;0804.0755;0;22;22
0812.0713;0812.0713;0;4;4
0910.4849;0910.4849;0;40;40
0804.0750;0804.0750;0;34;34
0812.5088;0812.5088;0;10;10
0812.5080;0812.5080;0;9;9
0704.3043;0704.3043;0;10;10
0704.3040;0704.3040;0;17;17
0711.0774;0711.0774;0;10;10
0803.1035;0803.1035;0;21;21
0803.1031;0803.1031;0;11;11
0912.3438;0912.3438;0;3;3
0908.4195;0908.4195;0;17;17
gr-qc/0401067;gr-qc/0401067;0;5;5
0901.2806;0901.2806;0;2;2
0803.2926;0803.2926;0;21;21
0803.4144;0803.4144;0;8;8
hep-th/0308148;hep-th/0308148;0;12;12
hep-th/0403184;hep-th/0403184;1;9;10
0802.1250;0802.1250;0;7;7
0809.4806;0809.4806;0;9;9
0803.0919;0803.0919;0;7;7
hep-th/9908190;hep-th/9908190;0;5;5
0704.1990;0704.1990;0;8;8
cond-mat/9912149;cond-mat/9912149;1;2;3
0704.1998;0704.1998;0;43;43
math/0212361;math/0212361;0;6;6
math/0103136;math/0103136;1;0;1
0909.4297;0909.4297;0;12;12
0711.0770;0711.0770;0;6;6
hep-th/9912231;hep-th/9912231;2;0;2
0809.4164;0809.4164;0;5;5
0904.4575;0904.4575;0;28;28
0811.0184;0811.0184;0;17;17
0811.0186;0811.0186;0;20;20
0704.2109;0704.2109;0;16;16
0903.3946;0903.3946;0;11;11
0810.3516;0810.3516;0;10;10
hep-th/0410167;hep-th/0410167;0;31;31
0901.0796;0901.0796;0;7;7
0806.3534;0806.3534;0;4;4
hep-th/0501187;hep-th/0501187;0;3;3
hep-th/0503092;hep-th/0503092;0;3;3
quant-ph/0301155;quant-ph/0301155;1;0;1
0901.0009;0901.0009;0;22;22
0811.4607;0811.4607;0;40;40
0709.3159;0709.3159;0;8;8
0809.0394;0809.0394;0;21;21
hep-th/9306055;hep-th/9306055;1;0;1
0901.0790;0901.0790;0;3;3
0704.0647;0704.0647;0;32;32
0811.3293;0811.3293;0;1;1
0912.2063;0912.2063;0;2;2
0811.3294;0811.3294;0;16;16
hep-th/0111268;hep-th/0111268;1;0;1
hep-th/0201044;hep-th/0201044;0;1;1
hep-th/9209132;hep-th/9209132;0;1;1
math-ph/0211027;math-ph/0211027;0;8;8
0909.3198;0909.3198;0;4;4
0810.1358;0810.1358;0;6;6
hep-ph/9409361;hep-ph/9409361;1;0;1
hep-th/0601146;hep-th/0601146;0;1;1
hep-ph/9812242;hep-ph/9812242;1;0;1
0810.4719;0810.4719;0;10;10
0904.3107;0904.3107;0;29;29
0911.3393;0911.3393;0;13;13
0902.2303;0902.2303;0;8;8
0706.0316;0706.0316;0;20;20
nucl-th/9306011;nucl-th/9306011;0;2;2
0809.1449;0809.1449;0;21;21
0910.5496;0910.5496;0;16;16
hep-ph/0512065;hep-ph/0512065;0;1;1
hep-th/9811069;hep-th/9811069;1;0;1
0809.1442;0809.1442;0;37;37
0809.1441;0809.1441;0;21;21
0809.1440;0809.1440;0;31;31
0909.2659;0909.2659;0;8;8
hep-th/9303134;hep-th/9303134;0;4;4
0707.2298;0707.2298;0;31;31
0707.2299;0707.2299;0;19;19
hep-th/9212061;hep-th/9212061;0;3;3
0802.2081;0802.2081;0;32;32
gr-qc/0211005;gr-qc/0211005;1;3;4
0901.2795;0901.2795;0;19;19
hep-ph/9305234;hep-ph/9305234;2;0;2
0711.2559;0711.2559;0;14;14
0909.1718;0909.1718;0;18;18
0809.0825;0809.0825;0;3;3
nucl-th/0310064;nucl-th/0310064;0;1;1
0901.3368;0901.3368;0;8;8
hep-th/0108125;hep-th/0108125;0;14;14
cond-mat/9711031;cond-mat/9711031;0;1;1
hep-th/0208007;hep-th/0208007;1;0;1
hep-th/0408153;hep-th/0408153;1;0;1
hep-th/0410250;hep-th/0410250;0;7;7
cond-mat/0111437;cond-mat/0111437;0;16;16
0905.0722;0905.0722;0;18;18
hep-th/0701072;hep-th/0701072;0;21;21
0907.5256;0907.5256;0;2;2
0805.4217;0805.4217;0;4;4
0811.2137;0811.2137;0;22;22
hep-th/0701075;hep-th/0701075;0;5;5
0811.1443;0811.1443;0;1;1
0802.0623;0802.0623;0;5;5
hep-th/9305089;hep-th/9305089;0;5;5
0911.4324;0911.4324;0;11;11
cond-mat/0111389;cond-mat/0111389;0;5;5
hep-th/0308038;hep-th/0308038;0;4;4
hep-th/0308033;hep-th/0308033;0;7;7
hep-th/0308032;hep-th/0308032;0;6;6
math/0203216;math/0203216;0;4;4
math-ph/0101036;math-ph/0101036;2;0;2
hep-th/0105145;hep-th/0105145;0;13;13
hep-th/0105143;hep-th/0105143;0;7;7
hep-th/0008109;hep-th/0008109;1;0;1
hep-th/9404021;hep-th/9404021;0;3;3
hep-th/9404022;hep-th/9404022;0;1;1
hep-th/9404026;hep-th/9404026;0;1;1
hep-th/9404027;hep-th/9404027;0;1;1
cond-mat/0606778;cond-mat/0606778;0;3;3
hep-th/9802134;hep-th/9802134;0;4;4
0803.3327;0803.3327;0;2;2
0707.0106;0707.0106;0;5;5
0807.2570;0807.2570;0;25;25
0807.2571;0807.2571;0;10;10
0803.1999;0803.1999;0;1;1
hep-th/9608132;hep-th/9608132;0;8;8
hep-th/9608133;hep-th/9608133;0;7;7
hep-th/0605248;hep-th/0605248;0;22;22
0708.0001;0708.0001;0;7;7
0903.3637;0903.3637;0;10;10
quant-ph/0011021;quant-ph/0011021;0;8;8
0809.3773;0809.3773;0;20;20
0809.3772;0809.3772;0;11;11
0907.4071;0907.4071;0;12;12
0805.0011;0805.0011;0;15;15
0910.4134;0910.4134;0;59;59
0903.3617;0903.3617;0;1;1
math-ph/0602010;math-ph/0602010;1;3;4
0803.1378;0803.1378;0;16;16
gr-qc/0507082;gr-qc/0507082;0;1;1
0807.2339;0807.2339;0;18;18
0707.3453;0707.3453;0;13;13
0802.1053;0802.1053;0;3;3
0707.3359;0707.3359;0;20;20
hep-ph/9908377;hep-ph/9908377;1;0;1
hep-th/0607031;hep-th/0607031;0;29;29
hep-th/0102203;hep-th/0102203;0;3;3
hep-ph/0310232;hep-ph/0310232;0;5;5
0805.1656;0805.1656;0;9;9
0805.1651;0805.1651;0;21;21
quant-ph/0009102;quant-ph/0009102;1;0;1
hep-th/9612166;hep-th/9612166;0;2;2
hep-th/0410048;hep-th/0410048;0;15;15
hep-th/9612169;hep-th/9612169;0;7;7
hep-th/9407120;hep-th/9407120;1;0;1
hep-th/9402087;hep-th/9402087;1;0;1
0912.0939;0912.0939;0;10;10
0906.2730;0906.2730;0;14;14
0902.0698;0902.0698;0;13;13
astro-ph/0304029;astro-ph/0304029;0;4;4
hep-th/0605126;hep-th/0605126;0;38;38
hep-th/0603169;hep-th/0603169;2;0;2
cond-mat/0305026;cond-mat/0305026;0;3;3
hep-th/9312011;hep-th/9312011;0;3;3
0811.4283;0811.4283;0;7;7
0911.3397;0911.3397;0;9;9
0712.4055;0712.4055;0;4;4
0809.2733;0809.2733;0;29;29
hep-th/0402131;hep-th/0402131;1;2;3
0807.0733;0807.0733;0;31;31
0709.3758;0709.3758;0;48;48
0712.3686;0712.3686;0;3;3
cond-mat/0112293;cond-mat/0112293;0;3;3
0909.2518;0909.2518;0;11;11
0804.1060;0804.1060;0;10;10
0903.2054;0903.2054;0;8;8
gr-qc/9308015;gr-qc/9308015;0;2;2
hep-th/9807095;hep-th/9807095;0;10;10
0711.5012;0711.5012;0;18;18
0809.4034;0809.4034;0;24;24
0902.3657;0902.3657;0;13;13
hep-th/0010062;hep-th/0010062;1;0;1
quant-ph/0212130;quant-ph/0212130;3;0;3
hep-th/9403139;hep-th/9403139;0;14;14
hep-th/9403130;hep-th/9403130;0;6;6
hep-th/9312197;hep-th/9312197;2;0;2
hep-th/9403134;hep-th/9403134;1;2;3
hep-th/9607212;hep-th/9607212;0;1;1
0901.0577;0901.0577;0;11;11
0911.0418;0911.0418;0;8;8
hep-th/9806050;hep-th/9806050;0;13;13
0811.0012;0811.0012;0;7;7
hep-th/9307110;hep-th/9307110;1;0;1
0712.1779;0712.1779;0;10;10
0807.1068;0807.1068;0;2;2
0712.1770;0712.1770;0;9;9
0704.1512;0704.1512;0;12;12
hep-th/9210143;hep-th/9210143;1;1;2
hep-th/9409063;hep-th/9409063;0;5;5
0712.3682;0712.3682;0;17;17
0712.3685;0712.3685;0;5;5
hep-th/0304162;hep-th/0304162;0;6;6
0705.3419;0705.3419;0;11;11
0808.2263;0808.2263;0;2;2
0805.2226;0805.2226;0;14;14
0705.3410;0705.3410;0;55;55
0912.0480;0912.0480;0;5;5
0911.1392;0911.1392;0;24;24
0911.1399;0911.1399;0;7;7
hep-th/0309023;hep-th/0309023;0;31;31
hep-th/0309020;hep-th/0309020;0;2;2
0712.0791;0712.0791;0;29;29
hep-th/0505111;hep-th/0505111;0;5;5
hep-th/9405037;hep-th/9405037;0;1;1
hep-th/9410232;hep-th/9410232;0;2;2
0712.2485;0712.2485;0;10;10
hep-th/9302017;hep-th/9302017;1;0;1
0812.3625;0812.3625;0;10;10
gr-qc/0201085;gr-qc/0201085;0;6;6
hep-th/0404077;hep-th/0404077;0;16;16
0705.2533;0705.2533;0;149;149
hep-th/0607192;hep-th/0607192;0;13;13
hep-th/0607197;hep-th/0607197;0;6;6
0708.3032;0708.3032;0;21;21
0906.3495;0906.3495;0;7;7
0912.0304;0912.0304;0;16;16
0912.4824;0912.4824;0;22;22
0905.3448;0905.3448;0;34;34
0704.0221;0704.0221;0;1;1
hep-th/9207099;hep-th/9207099;1;0;1
q-alg/9703035;q-alg/9703035;0;3;3
hep-th/0204238;hep-th/0204238;0;2;2
q-alg/9703032;q-alg/9703032;0;3;3
hep-th/9609177;hep-th/9609177;1;0;1
hep-th/0204232;hep-th/0204232;0;18;18
0906.0677;0906.0677;0;6;6
hep-th/0509202;hep-th/0509202;0;1;1
hep-ph/0101144;hep-ph/0101144;0;4;4
hep-th/0507110;hep-th/0507110;0;8;8
hep-th/0203254;hep-th/0203254;0;12;12
0912.5048;0912.5048;0;10;10
hep-th/0510217;hep-th/0510217;0;13;13
0809.1601;0809.1601;0;8;8
0912.4587;0912.4587;0;12;12
hep-th/9708106;hep-th/9708106;0;1;1
hep-th/9708107;hep-th/9708107;0;3;3
hep-th/9708105;hep-th/9708105;0;12;12
hep-th/0609103;hep-th/0609103;0;23;23
hep-th/0609105;hep-th/0609105;0;5;5
0807.3037;0807.3037;0;27;27
0912.4392;0912.4392;0;14;14
gr-qc/9710057;gr-qc/9710057;0;7;7
hep-th/0205186;hep-th/0205186;0;22;22
0906.4772;0906.4772;0;4;4
0807.1570;0807.1570;0;14;14
hep-th/0010046;hep-th/0010046;0;32;32
hep-th/0010047;hep-th/0010047;0;24;24
hep-th/9910162;hep-th/9910162;0;6;6
0905.2798;0905.2798;0;7;7
hep-th/0608043;hep-th/0608043;0;11;11
hep-th/9612209;hep-th/9612209;0;5;5
hep-th/0212273;hep-th/0212273;0;6;6
math-ph/9912021;math-ph/9912021;1;0;1
0802.1779;0802.1779;0;11;11
hep-lat/0308013;hep-lat/0308013;0;4;4
hep-th/0611348;hep-th/0611348;0;3;3
0908.3898;0908.3898;0;16;16
hep-th/9802035;hep-th/9802035;0;1;1
hep-th/9802034;hep-th/9802034;1;7;8
hep-th/9802031;hep-th/9802031;0;8;8
hep-th/9511042;hep-th/9511042;2;0;2
0706.0532;0706.0532;0;14;14
0902.3774;0902.3774;0;13;13
0807.0077;0807.0077;0;50;50
0804.3707;0804.3707;0;1;1
hep-th/0201078;hep-th/0201078;0;6;6
math-ph/0607061;math-ph/0607061;0;2;2
0803.0223;0803.0223;0;2;2
0904.4299;0904.4299;0;2;2
0910.3155;0910.3155;0;80;80
0709.2491;0709.2491;0;33;33
cond-mat/0510645;cond-mat/0510645;0;3;3
0704.2526;0704.2526;0;9;9
0704.2520;0704.2520;0;60;60
0906.0402;0906.0402;0;12;12
0810.2408;0810.2408;0;25;25
0906.0401;0906.0401;0;22;22
hep-lat/0108015;hep-lat/0108015;0;3;3
0907.3477;0907.3477;0;17;17
hep-th/9707010;hep-th/9707010;0;2;2
hep-th/9810060;hep-th/9810060;0;29;29
0809.3579;0809.3579;0;3;3
0811.1568;0811.1568;0;11;11
0803.1171;0803.1171;0;18;18
0711.0628;0711.0628;0;6;6
0907.3298;0907.3298;0;6;6
hep-lat/0703016;hep-lat/0703016;0;6;6
hep-ph/0106003;hep-ph/0106003;0;2;2
0911.4127;0911.4127;0;19;19
hep-lat/0110146;hep-lat/0110146;0;4;4
0908.0407;0908.0407;0;33;33
hep-th/9304014;hep-th/9304014;4;0;4
hep-th/0607027;hep-th/0607027;0;4;4
0905.1431;0905.1431;0;19;19
hep-ph/0004099;hep-ph/0004099;0;4;4
0805.4820;0805.4820;0;3;3
0809.3452;0809.3452;0;3;3
0904.0214;0904.0214;0;17;17
hep-th/0505010;hep-th/0505010;0;6;6
0909.0544;0909.0544;0;41;41
hep-th/9311172;hep-th/9311172;0;2;2
0909.0542;0909.0542;0;8;8
hep-th/0703006;hep-th/0703006;0;1;1
0706.2179;0706.2179;0;35;35
math/0305289;math/0305289;0;1;1
hep-th/0412061;hep-th/0412061;0;4;4
gr-qc/0309135;gr-qc/0309135;1;0;1
hep-th/9811080;hep-th/9811080;0;16;16
hep-th/9811081;hep-th/9811081;0;2;2
hep-th/9811085;hep-th/9811085;0;2;2
hep-th/9811086;hep-th/9811086;0;1;1
0810.4181;0810.4181;0;6;6
0904.0200;0904.0200;0;3;3
0809.3079;0809.3079;0;5;5
0706.0295;0706.0295;0;5;5
0706.0293;0706.0293;0;17;17
0812.1989;0812.1989;0;10;10
0808.3236;0808.3236;0;34;34
0910.2820;0910.2820;0;15;15
hep-th/0004110;hep-th/0004110;0;2;2
hep-th/0004118;hep-th/0004118;0;13;13
0802.3673;0802.3673;0;18;18
0903.4644;0903.4644;0;3;3
0803.1057;0803.1057;0;7;7
0802.1243;0802.1243;0;10;10
0810.1484;0810.1484;0;50;50
gr-qc/0307034;gr-qc/0307034;0;3;3
0805.4479;0805.4479;0;3;3
hep-lat/0001022;hep-lat/0001022;0;18;18
0811.2813;0811.2813;0;27;27
hep-lat/0001024;hep-lat/0001024;0;14;14
0711.1671;0711.1671;0;3;3
0911.5273;0911.5273;0;7;7
0709.4074;0709.4074;0;1;1
0801.4728;0801.4728;0;29;29
0707.2717;0707.2717;0;20;20
0805.4470;0805.4470;0;6;6
0909.2052;0909.2052;0;21;21
hep-th/0511052;hep-th/0511052;0;33;33
hep-th/0411002;hep-th/0411002;0;39;39
hep-lat/0110084;hep-lat/0110084;0;7;7
0707.1757;0707.1757;0;28;28
0803.4491;0803.4491;0;1;1
0706.0127;0706.0127;0;3;3
0711.1150;0711.1150;0;16;16
0711.1159;0711.1159;0;13;13
0706.1650;0706.1650;0;26;26
0706.1654;0706.1654;0;25;25
0812.1980;0812.1980;0;41;41
math/0303269;math/0303269;0;5;5
hep-ph/0012071;hep-ph/0012071;0;2;2
0803.4200;0803.4200;0;20;20
0803.4201;0803.4201;0;7;7
0805.1070;0805.1070;0;35;35
0901.2195;0901.2195;0;60;60
0901.2191;0901.2191;0;9;9
0804.3438;0804.3438;0;11;11
hep-th/0606286;hep-th/0606286;0;5;5
hep-th/9411139;hep-th/9411139;1;0;1
hep-th/9404145;hep-th/9404145;1;0;1
hep-th/0701061;hep-th/0701061;0;22;22
0809.0375;0809.0375;0;25;25
0905.1472;0905.1472;0;36;36
0910.0477;0910.0477;0;21;21
0712.2318;0712.2318;0;20;20
0708.3348;0708.3348;0;28;28
physics/0512062;physics/0512062;0;5;5
0907.4118;0907.4118;0;25;25
0810.2236;0810.2236;0;1;1
hep-th/9903034;hep-th/9903034;0;2;2
hep-th/9711147;hep-th/9711147;1;0;1
gr-qc/0104015;gr-qc/0104015;0;7;7
gr-qc/0008028;gr-qc/0008028;1;0;1
hep-th/9404189;hep-th/9404189;0;1;1
math/0405332;math/0405332;0;13;13
0902.0427;0902.0427;0;9;9
0902.4512;0902.4512;0;7;7
0902.4515;0902.4515;0;15;15
0902.1185;0902.1185;0;10;10
0707.4049;0707.4049;0;9;9
0902.1186;0902.1186;0;65;65
0809.0376;0809.0376;0;11;11
math-ph/0406005;math-ph/0406005;0;1;1
math-ph/0402025;math-ph/0402025;1;0;1
0812.4778;0812.4778;0;14;14
0801.4907;0801.4907;0;16;16
0807.1517;0807.1517;0;21;21
0912.1943;0912.1943;0;5;5
0912.1944;0912.1944;0;10;10
quant-ph/0404045;quant-ph/0404045;0;1;1
0912.2809;0912.2809;0;12;12
gr-qc/0608071;gr-qc/0608071;1;6;7
hep-th/0203262;hep-th/0203262;0;1;1
0809.5094;0809.5094;0;36;36
0909.0021;0909.0021;0;3;3
0909.0023;0909.0023;0;21;21
0909.0024;0909.0024;0;5;5
0812.3296;0812.3296;0;42;42
0712.3945;0712.3945;0;17;17
gr-qc/0306126;gr-qc/0306126;0;2;2
0805.3696;0805.3696;0;81;81
0912.0617;0912.0617;0;4;4
0710.2569;0710.2569;0;5;5
gr-qc/9612045;gr-qc/9612045;0;3;3
gr-qc/9612041;gr-qc/9612041;0;8;8
0811.4166;0811.4166;0;6;6
hep-th/0608218;hep-th/0608218;2;0;2
0912.0611;0912.0611;0;26;26
0909.0034;0909.0034;0;9;9
0903.0953;0903.0953;0;12;12
0909.0483;0909.0483;0;1;1
gr-qc/0107090;gr-qc/0107090;0;4;4
0909.0482;0909.0482;0;26;26
hep-th/0112051;hep-th/0112051;0;9;9
0806.3040;0806.3040;0;11;11
0911.2876;0911.2876;0;11;11
0802.0568;0802.0568;0;29;29
0903.2157;0903.2157;0;2;2
hep-th/0209112;hep-th/0209112;1;0;1
0806.3042;0806.3042;0;10;10
hep-th/0102019;hep-th/0102019;0;1;1
0808.2518;0808.2518;0;1;1
0712.0208;0712.0208;0;12;12
0912.1652;0912.1652;0;1;1
0812.0243;0812.0243;0;11;11
0705.2643;0705.2643;0;10;10
0801.1428;0801.1428;0;16;16
math-ph/0609074;math-ph/0609074;0;7;7
hep-th/9407127;hep-th/9407127;0;2;2
hep-th/9909131;hep-th/9909131;0;7;7
0811.3569;0811.3569;0;26;26
0905.0935;0905.0935;0;29;29
0905.0934;0905.0934;0;12;12
0905.0932;0905.0932;0;71;71
0705.3110;0705.3110;0;22;22
0806.2051;0806.2051;0;31;31
0910.3264;0910.3264;0;1;1
0811.3567;0811.3567;0;15;15
0912.0802;0912.0802;0;35;35
hep-th/0412323;hep-th/0412323;0;6;6
hep-th/9509111;hep-th/9509111;2;5;7
0910.3197;0910.3197;0;2;2
0910.3190;0910.3190;0;57;57
0801.2993;0801.2993;0;8;8
0807.0890;0807.0890;0;6;6
0807.0207;0807.0207;0;2;2
0805.1446;0805.1446;0;1;1
hep-th/9901015;hep-th/9901015;1;0;1
0812.3577;0812.3577;0;10;10
0812.3572;0812.3572;0;27;27
math/9804059;math/9804059;0;8;8
0905.1509;0905.1509;0;18;18
0712.3167;0712.3167;0;8;8
hep-th/9205049;hep-th/9205049;1;0;1
0911.1453;0911.1453;0;9;9
0905.1325;0905.1325;0;38;38
0902.1405;0902.1405;0;9;9
0710.2951;0710.2951;0;222;222
0905.4716;0905.4716;0;51;51
hep-th/9408162;hep-th/9408162;0;1;1
0708.3173;0708.3173;0;2;2
0705.3201;0705.3201;0;30;30
0705.3206;0705.3206;0;7;7
0906.3743;0906.3743;0;18;18
0905.3577;0905.3577;0;10;10
0804.2838;0804.2838;0;11;11
0804.2839;0804.2839;0;6;6
0712.2164;0712.2164;0;20;20
0804.2834;0804.2834;0;16;16
hep-ph/9607308;hep-ph/9607308;0;1;1
cond-mat/0204470;cond-mat/0204470;0;4;4
hep-ph/0611249;hep-ph/0611249;0;19;19
0905.3578;0905.3578;0;14;14
hep-th/9411097;hep-th/9411097;0;10;10
hep-th/9703221;hep-th/9703221;0;1;1
0906.3513;0906.3513;0;5;5
hep-th/0503150;hep-th/0503150;0;2;2
hep-th/0701115;hep-th/0701115;0;15;15
math/9811052;math/9811052;0;5;5
0808.1572;0808.1572;0;16;16
0911.0993;0911.0993;0;17;17
0707.0101;0707.0101;0;16;16
0809.4717;0809.4717;0;5;5
0908.3683;0908.3683;0;9;9
math-ph/0303013;math-ph/0303013;0;1;1
0804.3121;0804.3121;0;42;42
0806.3907;0806.3907;0;54;54
0804.3125;0804.3125;0;19;19
0708.1994;0708.1994;0;34;34
0905.4130;0905.4130;0;1;1
0809.1013;0809.1013;0;23;23
0705.4294;0705.4294;0;43;43
0901.3431;0901.3431;0;18;18
0907.4135;0907.4135;0;1;1
hep-th/0011212;hep-th/0011212;0;1;1
hep-th/0011213;hep-th/0011213;0;1;1
hep-th/9909036;hep-th/9909036;1;0;1
hep-th/9309131;hep-th/9309131;1;0;1
hep-th/0504213;hep-th/0504213;0;1;1
hep-th/0504214;hep-th/0504214;0;13;13
nlin/0302061;nlin/0302061;1;0;1
0801.2372;0801.2372;0;2;2
hep-th/0005084;hep-th/0005084;0;3;3
hep-th/0508087;hep-th/0508087;0;6;6
hep-th/9309060;hep-th/9309060;1;0;1
0811.3207;0811.3207;0;6;6
0809.3850;0809.3850;0;27;27
0706.0728;0706.0728;0;55;55
0804.3519;0804.3519;0;38;38
hep-th/0608173;hep-th/0608173;0;2;2
nlin/0409031;nlin/0409031;0;1;1
0704.2224;0704.2224;0;10;10
0805.4229;0805.4229;0;24;24
hep-th/9710150;hep-th/9710150;0;1;1
hep-th/9710152;hep-th/9710152;0;2;2
0806.1677;0806.1677;0;3;3
hep-th/0310215;hep-th/0310215;0;6;6
0907.3134;0907.3134;0;4;4
0907.3136;0907.3136;0;8;8
cond-mat/9708067;cond-mat/9708067;0;1;1
cond-mat/9606116;cond-mat/9606116;1;0;1
hep-lat/0412040;hep-lat/0412040;0;2;2
0902.2610;0902.2610;0;24;24
0902.2615;0902.2615;0;1;1
0710.3395;0710.3395;0;63;63
0902.2619;0902.2619;0;10;10
0910.3722;0910.3722;0;24;24
hep-th/0207170;hep-th/0207170;0;12;12
gr-qc/9503058;gr-qc/9503058;0;1;1
gr-qc/9503059;gr-qc/9503059;0;3;3
0906.5586;0906.5586;0;5;5
0711.2159;0711.2159;0;5;5
0907.0562;0907.0562;0;4;4
math/0407483;math/0407483;0;2;2
hep-th/9412013;hep-th/9412013;0;3;3
0706.2015;0706.2015;0;5;5
0802.0279;0802.0279;0;3;3
0911.5387;0911.5387;0;7;7
0806.3122;0806.3122;0;17;17
0802.0276;0802.0276;0;2;2
0908.2723;0908.2723;0;3;3
0911.5721;0911.5721;0;93;93
0811.0923;0811.0923;0;20;20
0904.0969;0904.0969;0;2;2
0904.0961;0904.0961;0;19;19
0802.0202;0802.0202;0;68;68
0710.5157;0710.5157;0;13;13
hep-th/0003150;hep-th/0003150;0;2;2
0808.1271;0808.1271;0;28;28
0807.3099;0807.3099;0;116;116
hep-th/0512339;hep-th/0512339;0;12;12
hep-th/9203053;hep-th/9203053;1;0;1
0707.2936;0707.2936;0;17;17
0910.1342;0910.1342;0;5;5
0802.3772;0802.3772;0;1;1
0711.3285;0711.3285;0;3;3
0707.2666;0707.2666;0;70;70
0812.3500;0812.3500;0;7;7
0806.2659;0806.2659;0;14;14
0907.4543;0907.4543;0;6;6
0907.4544;0907.4544;0;7;7
hep-th/9602152;hep-th/9602152;0;5;5
0710.2919;0710.2919;0;7;7
0812.3503;0812.3503;0;53;53
hep-ph/0010185;hep-ph/0010185;0;3;3
0705.2048;0705.2048;0;6;6
0911.4926;0911.4926;0;19;19
0707.0274;0707.0274;0;24;24
0907.5260;0907.5260;0;6;6
0711.0273;0711.0273;0;20;20
0910.2827;0910.2827;0;12;12
hep-th/0209007;hep-th/0209007;0;3;3
0911.2180;0911.2180;0;9;9
0911.2185;0911.2185;0;13;13
0908.3486;0908.3486;0;24;24
0912.3289;0912.3289;0;7;7
0706.3078;0706.3078;0;27;27
hep-th/0504131;hep-th/0504131;0;1;1
hep-th/0503051;hep-th/0503051;1;0;1
0811.4599;0811.4599;0;18;18
0811.4594;0811.4594;0;21;21
0901.4443;0901.4443;0;8;8
0902.0757;0902.0757;0;2;2
0901.4449;0901.4449;0;18;18
0907.2590;0907.2590;0;3;3
0811.3646;0811.3646;0;32;32
quant-ph/9510003;quant-ph/9510003;0;12;12
hep-th/0303021;hep-th/0303021;0;4;4
hep-th/9910084;hep-th/9910084;1;0;1
hep-th/9512192;hep-th/9512192;0;10;10
hep-th/9512193;hep-th/9512193;0;1;1
hep-th/9512195;hep-th/9512195;0;3;3
hep-th/0510201;hep-th/0510201;0;20;20
0809.2789;0809.2789;0;18;18
0903.3765;0903.3765;0;21;21
0906.0021;0906.0021;0;11;11
0707.1651;0707.1651;0;22;22
0901.0924;0901.0924;0;32;32
0901.0922;0901.0922;0;6;6
cond-mat/0501596;cond-mat/0501596;0;1;1
cond-mat/0203227;cond-mat/0203227;1;0;1
0909.1170;0909.1170;0;28;28
0901.3693;0901.3693;0;11;11
0705.1422;0705.1422;0;61;61
0810.1528;0810.1528;0;26;26
0901.3695;0901.3695;0;15;15
0810.0742;0810.0742;0;19;19
0811.2996;0811.2996;0;46;46
0811.2991;0811.2991;0;13;13
0809.2787;0809.2787;0;28;28
hep-th/9911252;hep-th/9911252;0;18;18
0811.4657;0811.4657;0;24;24
0807.0292;0807.0292;0;2;2
0803.2481;0803.2481;0;28;28
0710.5158;0710.5158;0;17;17
0905.0836;0905.0836;0;2;2
0806.4382;0806.4382;0;11;11
0808.2217;0808.2217;0;4;4
0912.5476;0912.5476;0;21;21
0705.0400;0705.0400;0;14;14
0912.1723;0912.1723;0;73;73
0905.2966;0905.2966;0;18;18
hep-th/9610246;hep-th/9610246;0;5;5
0712.3765;0712.3765;0;5;5
astro-ph/0407480;astro-ph/0407480;0;6;6
hep-th/0411146;hep-th/0411146;0;15;15
0907.2314;0907.2314;0;7;7
0910.4825;0910.4825;0;6;6
0803.3680;0803.3680;0;5;5
0905.4330;0905.4330;0;13;13
hep-th/0312023;hep-th/0312023;0;15;15
0903.3422;0903.3422;0;21;21
0804.3232;0804.3232;0;1;1
0711.1342;0711.1342;0;2;2
0805.0713;0805.0713;0;28;28
0711.1347;0711.1347;0;16;16
0704.2729;0704.2729;0;18;18
0903.0281;0903.0281;0;10;10
0808.2150;0808.2150;0;30;30
0812.2895;0812.2895;0;3;3
0805.3957;0805.3957;0;5;5
0707.1487;0707.1487;0;3;3
0809.5113;0809.5113;0;2;2
hep-th/0406209;hep-th/0406209;0;5;5
0905.0308;0905.0308;0;23;23
math/0312452;math/0312452;0;3;3
hep-th/0108012;hep-th/0108012;1;0;1
0810.4543;0810.4543;0;12;12
0810.4541;0810.4541;0;3;3
hep-ph/0607070;hep-ph/0607070;0;13;13
hep-ph/0311256;hep-ph/0311256;0;4;4
gr-qc/0606121;gr-qc/0606121;0;9;9
0810.4548;0810.4548;0;39;39
0804.2238;0804.2238;0;2;2
math/0605236;math/0605236;0;1;1
0905.2969;0905.2969;0;25;25
0912.2902;0912.2902;0;1;1
nucl-th/0608027;nucl-th/0608027;1;0;1
0901.1768;0901.1768;0;15;15
0705.3320;0705.3320;0;16;16
astro-ph/0411283;astro-ph/0411283;0;16;16
astro-ph/0504364;astro-ph/0504364;0;18;18
quant-ph/0604148;quant-ph/0604148;0;2;2
0903.4356;0903.4356;0;35;35
0712.0902;0712.0902;0;23;23
quant-ph/9910079;quant-ph/9910079;0;6;6
hep-th/0701139;hep-th/0701139;1;18;19
hep-th/9310014;hep-th/9310014;0;1;1
hep-th/9310012;hep-th/9310012;0;7;7
cond-mat/0610213;cond-mat/0610213;1;2;3
0901.1758;0901.1758;0;20;20
0710.0752;0710.0752;0;5;5
gr-qc/0604011;gr-qc/0604011;1;0;1
hep-th/9604050;hep-th/9604050;0;8;8
hep-th/9511097;hep-th/9511097;1;0;1
0712.1058;0712.1058;0;26;26
hep-th/9411240;hep-th/9411240;0;1;1
0807.3254;0807.3254;0;19;19
0801.2385;0801.2385;0;24;24
0901.2937;0901.2937;0;22;22
hep-th/0508238;hep-th/0508238;0;38;38
hep-th/0508237;hep-th/0508237;0;5;5
gr-qc/9806026;gr-qc/9806026;0;1;1
hep-th/9609188;hep-th/9609188;1;0;1
0812.1818;0812.1818;0;16;16
0905.2185;0905.2185;0;14;14
0802.0044;0802.0044;0;18;18
0812.1813;0812.1813;0;19;19
hep-th/0303108;hep-th/0303108;0;3;3
0807.3445;0807.3445;0;60;60
0904.0554;0904.0554;0;11;11
0712.0155;0712.0155;0;13;13
gr-qc/0007054;gr-qc/0007054;0;8;8
0712.4106;0712.4106;0;7;7
0810.4887;0810.4887;0;6;6
0901.1067;0901.1067;0;67;67
0804.2196;0804.2196;0;22;22
0710.1304;0710.1304;0;14;14
hep-th/9711187;hep-th/9711187;1;0;1
0902.0961;0902.0961;0;20;20
hep-th/0012126;hep-th/0012126;0;1;1
0808.0951;0808.0951;0;20;20
0808.0957;0808.0957;0;32;32
gr-qc/0405124;gr-qc/0405124;1;1;2
0809.4253;0809.4253;0;29;29
0705.1414;0705.1414;0;4;4
0801.3528;0801.3528;0;26;26
0804.1087;0804.1087;0;10;10
cond-mat/0403070;cond-mat/0403070;0;4;4
0801.3522;0801.3522;0;4;4
hep-th/9512214;hep-th/9512214;0;6;6
0801.3527;0801.3527;0;5;5
0802.0043;0802.0043;0;5;5
0808.3703;0808.3703;0;6;6
math-ph/0605009;math-ph/0605009;0;2;2
0810.3285;0810.3285;0;29;29
hep-th/9507098;hep-th/9507098;0;8;8
0809.4258;0809.4258;0;36;36
0902.0733;0902.0733;0;10;10
cond-mat/0701063;cond-mat/0701063;0;2;2
0909.3845;0909.3845;0;31;31
hep-th/9310152;hep-th/9310152;1;0;1
hep-lat/9510043;hep-lat/9510043;0;1;1
0905.3168;0905.3168;0;14;14
0707.4169;0707.4169;0;14;14
math-ph/0210002;math-ph/0210002;0;2;2
0907.1553;0907.1553;0;2;2
0708.2279;0708.2279;0;25;25
0708.2272;0708.2272;0;63;63
0708.2276;0708.2276;0;44;44
0910.1934;0910.1934;0;11;11
0908.3149;0908.3149;0;4;4
0705.1098;0705.1098;0;33;33
0706.4407;0706.4407;0;31;31
0906.4055;0906.4055;0;18;18
0804.4756;0804.4756;0;6;6
0711.2395;0711.2395;0;9;9
0906.0965;0906.0965;0;19;19
0910.2762;0910.2762;0;18;18
0904.2723;0904.2723;0;22;22
0904.2721;0904.2721;0;2;2
0805.1778;0805.1778;0;15;15
math-ph/9805020;math-ph/9805020;1;3;4
0802.4230;0802.4230;0;76;76
0801.3164;0801.3164;0;6;6
hep-th/0703277;hep-th/0703277;0;2;2
0709.0644;0709.0644;0;8;8
0908.3642;0908.3642;0;19;19
0704.0790;0704.0790;0;40;40
0808.1535;0808.1535;0;1;1
0704.0602;0704.0602;0;16;16
0907.4389;0907.4389;0;8;8
0902.2381;0902.2381;0;15;15
0710.0705;0710.0705;0;6;6
hep-th/9702151;hep-th/9702151;1;0;1
0908.1436;0908.1436;0;3;3
hep-th/0108086;hep-th/0108086;1;0;1
0908.3490;0908.3490;0;30;30
0906.1705;0906.1705;0;10;10
hep-ph/0604186;hep-ph/0604186;0;3;3
0901.4937;0901.4937;0;99;99
math/0612288;math/0612288;0;9;9
0901.4930;0901.4930;0;47;47
hep-lat/9801005;hep-lat/9801005;0;10;10
0712.0710;0712.0710;0;10;10
quant-ph/0204078;quant-ph/0204078;1;2;3
hep-lat/9801002;hep-lat/9801002;0;2;2
hep-lat/9708007;hep-lat/9708007;1;0;1
hep-th/0301220;hep-th/0301220;0;6;6
hep-th/0301223;hep-th/0301223;0;21;21
hep-th/0411231;hep-th/0411231;0;5;5
hep-th/9202017;hep-th/9202017;1;0;1
0809.5258;0809.5258;0;11;11
0706.1443;0706.1443;0;48;48
0807.0486;0807.0486;0;10;10
0706.1440;0706.1440;0;19;19
0706.1445;0706.1445;0;19;19
0912.3527;0912.3527;0;10;10
hep-th/0401224;hep-th/0401224;0;18;18
0707.3135;0707.3135;0;16;16
hep-th/9910051;hep-th/9910051;0;2;2
0705.3589;0705.3589;0;3;3
0802.2660;0802.2660;0;23;23
0711.0031;0711.0031;0;18;18
0806.4799;0806.4799;0;3;3
0711.0036;0711.0036;0;64;64
hep-lat/9705025;hep-lat/9705025;1;1;2
hep-lat/9608113;hep-lat/9608113;1;0;1
nlin/0105043;nlin/0105043;0;3;3
hep-th/0212164;hep-th/0212164;0;1;1
0812.0786;0812.0786;0;16;16
0806.3976;0806.3976;0;13;13
hep-ph/9801249;hep-ph/9801249;0;11;11
hep-th/0701162;hep-th/0701162;0;13;13
hep-th/0008124;hep-th/0008124;0;17;17
0911.4358;0911.4358;0;10;10
0911.5085;0911.5085;0;4;4
0911.5082;0911.5082;0;8;8
0902.1320;0902.1320;0;2;2
hep-ph/9810417;hep-ph/9810417;1;0;1
hep-th/9702132;hep-th/9702132;0;10;10
0804.3458;0804.3458;0;1;1
hep-ph/0703068;hep-ph/0703068;0;3;3
0902.4122;0902.4122;0;5;5
0801.0669;0801.0669;0;4;4
0911.2688;0911.2688;0;12;12
0906.5501;0906.5501;0;51;51
0707.3983;0707.3983;0;21;21
0911.2687;0911.2687;0;32;32
0805.0095;0805.0095;0;28;28
0710.1685;0710.1685;0;5;5
0810.2171;0810.2171;0;12;12
0906.2016;0906.2016;0;11;11
astro-ph/0604366;astro-ph/0604366;1;0;1
hep-th/0204255;hep-th/0204255;0;1;1
0908.1395;0908.1395;0;3;3
0911.2696;0911.2696;0;4;4
0908.1392;0908.1392;0;11;11
cond-mat/9611043;cond-mat/9611043;1;0;1
0911.0339;0911.0339;0;32;32
hep-th/9810197;hep-th/9810197;0;2;2
0809.1004;0809.1004;0;34;34
0707.4403;0707.4403;0;11;11
0808.1275;0808.1275;0;25;25
0802.4090;0802.4090;0;6;6
0804.0187;0804.0187;0;9;9
math/0305285;math/0305285;0;9;9
0904.4329;0904.4329;0;18;18
0810.5729;0810.5729;0;28;28
hep-th/0606074;hep-th/0606074;0;3;3
0708.1916;0708.1916;0;22;22
0708.1355;0708.1355;0;9;9
0710.5245;0710.5245;0;5;5
0904.2444;0904.2444;0;48;48
0907.1602;0907.1602;0;30;30
hep-ph/9810245;hep-ph/9810245;1;0;1
hep-th/0008174;hep-th/0008174;0;5;5
0809.4280;0809.4280;0;4;4
hep-th/0502229;hep-th/0502229;1;0;1
hep-th/0512109;hep-th/0512109;0;29;29
hep-th/0512103;hep-th/0512103;0;38;38
hep-th/9312098;hep-th/9312098;0;2;2
0909.0499;0909.0499;0;17;17
math-ph/9809004;math-ph/9809004;0;2;2
0707.2768;0707.2768;0;18;18
gr-qc/0303031;gr-qc/0303031;0;14;14
0909.4578;0909.4578;0;27;27
0910.4028;0910.4028;0;1;1
physics/0509108;physics/0509108;0;2;2
gr-qc/0506075;gr-qc/0506075;1;0;1
0806.3704;0806.3704;0;28;28
0801.4412;0801.4412;0;23;23
0704.2490;0704.2490;0;22;22
0801.4415;0801.4415;0;5;5
0907.5591;0907.5591;0;20;20
0912.3444;0912.3444;0;10;10
hep-th/9607022;hep-th/9607022;1;0;1
0707.0405;0707.0405;0;19;19
0902.3927;0902.3927;0;27;27
gr-qc/0409015;gr-qc/0409015;1;15;16
cond-mat/9502095;cond-mat/9502095;0;1;1
hep-th/9704200;hep-th/9704200;0;2;2
0912.3993;0912.3993;0;1;1
0710.4577;0710.4577;0;88;88
hep-th/0403033;hep-th/0403033;0;10;10
q-alg/9501028;q-alg/9501028;0;10;10
hep-th/9311061;hep-th/9311061;1;0;1
hep-th/9308010;hep-th/9308010;1;0;1
hep-th/0403036;hep-th/0403036;0;1;1
0902.3128;0902.3128;0;13;13
0808.4094;0808.4094;0;20;20
0705.1657;0705.1657;0;14;14
0903.5345;0903.5345;0;14;14
0712.3040;0712.3040;0;2;2
0805.2927;0805.2927;0;29;29
0805.2926;0805.2926;0;9;9
0804.3446;0804.3446;0;15;15
0805.3033;0805.3033;0;29;29
hep-th/9406072;hep-th/9406072;0;2;2
q-alg/9710024;q-alg/9710024;0;1;1
0912.1358;0912.1358;0;11;11
0810.0937;0810.0937;0;51;51
0803.3727;0803.3727;0;51;51
0705.3490;0705.3490;0;6;6
0909.0748;0909.0748;0;36;36
0901.2686;0901.2686;0;2;2
0812.0547;0812.0547;0;5;5
cond-mat/0011467;cond-mat/0011467;0;1;1
0812.0543;0812.0543;0;22;22
0901.2680;0901.2680;0;42;42
0812.4254;0812.4254;0;25;25
hep-th/0010011;hep-th/0010011;1;0;1
hep-th/9606161;hep-th/9606161;0;11;11
0807.0996;0807.0996;0;24;24
0710.0366;0710.0366;0;6;6
0901.2614;0901.2614;0;28;28
0807.0999;0807.0999;0;14;14
0806.4460;0806.4460;0;22;22
0704.2403;0704.2403;0;7;7
0903.5348;0903.5348;0;59;59
0807.4678;0807.4678;0;42;42
hep-th/9309073;hep-th/9309073;1;0;1
math-ph/0604025;math-ph/0604025;0;4;4
0710.3187;0710.3187;0;4;4
0807.1544;0807.1544;0;1;1
hep-th/0507045;hep-th/0507045;2;0;2
0912.0445;0912.0445;0;27;27
0712.1313;0712.1313;0;5;5
math-ph/0308029;math-ph/0308029;0;10;10
hep-ph/9503247;hep-ph/9503247;0;1;1
hep-ph/9503245;hep-ph/9503245;0;15;15
0908.0878;0908.0878;0;22;22
0710.0988;0710.0988;0;15;15
0801.0889;0801.0889;0;2;2
gr-qc/0008069;gr-qc/0008069;0;6;6
hep-th/0309235;hep-th/0309235;1;0;1
0810.4368;0810.4368;0;1;1
0710.1302;0710.1302;0;62;62
astro-ph/0206023;astro-ph/0206023;1;0;1
0707.1157;0707.1157;0;4;4
hep-th/0405020;hep-th/0405020;1;0;1
0807.2630;0807.2630;0;1;1
hep-th/0607118;hep-th/0607118;0;3;3
0811.1614;0811.1614;0;20;20
0712.2010;0712.2010;0;17;17
0806.4900;0806.4900;0;5;5
hep-th/9309068;hep-th/9309068;0;4;4
cond-mat/0406267;cond-mat/0406267;0;3;3
0810.2631;0810.2631;0;8;8
hep-th/9309066;hep-th/9309066;0;3;3
hep-th/9305153;hep-th/9305153;1;0;1
hep-th/0205102;hep-th/0205102;0;2;2
quant-ph/0202175;quant-ph/0202175;1;0;1
0710.1063;0710.1063;0;17;17
0912.5191;0912.5191;0;16;16
0710.5722;0710.5722;0;11;11
hep-ph/0605234;hep-ph/0605234;0;5;5
hep-th/9803070;hep-th/9803070;0;1;1
0912.3003;0912.3003;0;14;14
0710.1061;0710.1061;0;11;11
hep-th/0008233;hep-th/0008233;0;9;9
hep-th/0008236;hep-th/0008236;0;2;2
0906.3608;0906.3608;0;31;31
0807.0569;0807.0569;0;2;2
hep-th/0407053;hep-th/0407053;0;17;17
0910.4215;0910.4215;0;8;8
cond-mat/0206158;cond-mat/0206158;0;5;5
0712.2441;0712.2441;0;21;21
hep-ph/9802331;hep-ph/9802331;0;17;17
0909.4381;0909.4381;0;25;25
math/9809141;math/9809141;1;0;1
0712.3166;0712.3166;0;19;19
hep-th/9412105;hep-th/9412105;0;2;2
hep-th/9412107;hep-th/9412107;0;5;5
hep-th/0701027;hep-th/0701027;1;37;38
0807.2685;0807.2685;0;36;36
0801.0067;0801.0067;0;36;36
0804.3782;0804.3782;0;27;27
hep-th/0703183;hep-th/0703183;0;10;10
cond-mat/0008199;cond-mat/0008199;0;2;2
0812.1944;0812.1944;0;20;20
0708.3670;0708.3670;0;9;9
0806.0758;0806.0758;0;6;6
0902.1087;0902.1087;0;11;11
0905.0063;0905.0063;0;8;8
hep-th/9112034;hep-th/9112034;1;0;1
0908.1069;0908.1069;0;29;29
0910.4962;0910.4962;0;35;35
0910.4963;0910.4963;0;33;33
0905.2170;0905.2170;0;7;7
hep-th/0611076;hep-th/0611076;0;5;5
0906.2155;0906.2155;0;5;5
0905.4328;0905.4328;0;38;38
hep-th/0611075;hep-th/0611075;0;3;3
gr-qc/0008020;gr-qc/0008020;0;1;1
0707.1524;0707.1524;0;57;57
cond-mat/9907214;cond-mat/9907214;0;4;4
0711.1414;0711.1414;0;43;43
0710.0704;0710.0704;0;24;24
0709.2277;0709.2277;0;14;14
0709.2270;0709.2270;0;21;21
0804.0140;0804.0140;0;1;1
0905.4326;0905.4326;0;4;4
0909.0190;0909.0190;0;1;1
0704.3255;0704.3255;0;13;13
0910.4092;0910.4092;0;9;9
hep-th/0101204;hep-th/0101204;0;3;3
0908.2394;0908.2394;0;16;16
physics/0410238;physics/0410238;0;4;4
hep-th/9208043;hep-th/9208043;0;2;2
hep-th/0111271;hep-th/0111271;0;1;1
hep-th/0111272;hep-th/0111272;0;1;1
0910.3608;0910.3608;0;45;45
0802.1137;0802.1137;0;36;36
0707.4017;0707.4017;0;10;10
0709.1671;0709.1671;0;4;4
0904.1484;0904.1484;0;45;45
0707.1153;0707.1153;0;19;19
math-ph/0611084;math-ph/0611084;0;13;13
0902.1798;0902.1798;0;17;17
0806.3474;0806.3474;0;6;6
hep-th/0610244;hep-th/0610244;0;9;9
0809.0297;0809.0297;0;59;59
0906.1442;0906.1442;0;1;1
hep-th/9403087;hep-th/9403087;1;0;1
0909.4771;0909.4771;0;5;5
0909.4776;0909.4776;0;6;6
0801.4421;0801.4421;0;15;15
0903.0631;0903.0631;0;27;27
0910.0776;0910.0776;0;7;7
hep-th/0201169;hep-th/0201169;0;3;3
hep-th/0007080;hep-th/0007080;0;11;11
math-ph/0701028;math-ph/0701028;0;1;1
cond-mat/9709053;cond-mat/9709053;1;0;1
0910.0778;0910.0778;0;16;16
0711.0756;0711.0756;0;9;9
0802.0688;0802.0688;0;6;6
0912.0208;0912.0208;0;8;8
0904.3224;0904.3224;0;5;5
0809.0431;0809.0431;0;1;1
0809.4954;0809.4954;0;30;30
0902.2263;0902.2263;0;10;10
0809.4952;0809.4952;0;16;16
hep-th/0611120;hep-th/0611120;0;22;22
hep-th/0611121;hep-th/0611121;0;4;4
hep-th/0611126;hep-th/0611126;0;6;6
hep-th/0004197;hep-th/0004197;0;1;1
hep-th/9406023;hep-th/9406023;0;1;1
hep-th/9705066;hep-th/9705066;0;7;7
hep-th/9409032;hep-th/9409032;0;3;3
0808.2708;0808.2708;0;3;3
hep-ph/9705349;hep-ph/9705349;0;1;1
hep-th/0502030;hep-th/0502030;0;5;5
quant-ph/0005052;quant-ph/0005052;1;0;1
0903.3389;0903.3389;0;11;11
0902.1325;0902.1325;0;39;39
0901.4550;0901.4550;0;4;4
0811.2685;0811.2685;0;13;13
0911.3008;0911.3008;0;1;1
0906.4746;0906.4746;0;8;8
0811.1690;0811.1690;0;8;8
0803.0230;0803.0230;0;10;10
0803.2409;0803.2409;0;18;18
0903.0627;0903.0627;0;6;6
0710.5345;0710.5345;0;3;3
0806.4265;0806.4265;0;12;12
0903.0628;0903.0628;0;21;21
hep-th/9505081;hep-th/9505081;1;0;1
0805.0273;0805.0273;0;12;12
0711.4307;0711.4307;0;6;6
0712.0805;0712.0805;0;28;28
0710.3559;0710.3559;0;50;50
0909.5394;0909.5394;0;1;1
hep-ph/0312291;hep-ph/0312291;0;9;9
0710.3495;0710.3495;0;7;7
0809.3388;0809.3388;0;23;23
hep-th/0308178;hep-th/0308178;0;7;7
hep-th/0112017;hep-th/0112017;1;0;1
hep-th/0308177;hep-th/0308177;0;2;2
hep-th/0105064;hep-th/0105064;0;8;8
0905.3551;0905.3551;0;2;2
hep-th/0105069;hep-th/0105069;0;16;16
0908.2994;0908.2994;0;24;24
gr-qc/9604018;gr-qc/9604018;0;1;1
0808.1962;0808.1962;0;2;2
0810.4797;0810.4797;0;6;6
hep-ph/0205175;hep-ph/0205175;0;8;8
0709.4276;0709.4276;0;24;24
0901.1677;0901.1677;0;23;23
0710.2075;0710.2075;0;25;25
0712.2859;0712.2859;0;23;23
hep-th/0502036;hep-th/0502036;0;5;5
0905.3113;0905.3113;0;4;4
0711.1842;0711.1842;0;30;30
0809.2924;0809.2924;0;11;11
0808.3575;0808.3575;0;15;15
0807.2386;0807.2386;0;6;6
0807.2385;0807.2385;0;12;12
0803.3873;0803.3873;0;21;21
0907.3557;0907.3557;0;1;1
0907.0093;0907.0093;0;8;8
0808.1340;0808.1340;0;26;26
0810.5241;0810.5241;0;20;20
0902.1770;0902.1770;0;2;2
0810.4759;0810.4759;0;35;35
hep-th/9801050;hep-th/9801050;0;4;4
0904.2899;0904.2899;0;2;2
0901.2802;0901.2802;0;4;4
0704.3118;0704.3118;0;9;9
hep-th/0103057;hep-th/0103057;0;4;4
0810.2620;0810.2620;0;47;47
0804.0963;0804.0963;0;9;9
hep-th/0302066;hep-th/0302066;0;7;7
0710.5897;0710.5897;0;15;15
hep-th/0605188;hep-th/0605188;0;31;31
hep-th/9612047;hep-th/9612047;0;4;4
hep-th/9612044;hep-th/9612044;0;4;4
cond-mat/0607807;cond-mat/0607807;0;1;1
hep-th/9605179;hep-th/9605179;0;3;3
hep-th/0402229;hep-th/0402229;0;15;15
hep-th/0402221;hep-th/0402221;0;23;23
hep-th/9911201;hep-th/9911201;1;32;33
q-alg/9508002;q-alg/9508002;0;1;1
q-alg/9508003;q-alg/9508003;0;6;6
0907.3234;0907.3234;0;5;5
0802.3468;0802.3468;0;11;11
0808.1725;0808.1725;0;9;9
0712.0808;0712.0808;0;32;32
0807.0611;0807.0611;0;2;2
hep-th/0009079;hep-th/0009079;0;9;9
0910.1653;0910.1653;0;24;24
0810.1239;0810.1239;0;5;5
0911.0415;0911.0415;0;6;6
0810.1233;0810.1233;0;16;16
0904.3922;0904.3922;0;28;28
0905.1623;0905.1623;0;10;10
math/0604160;math/0604160;0;3;3
0906.3011;0906.3011;0;15;15
0808.0763;0808.0763;0;3;3
0810.4750;0810.4750;0;4;4
0808.0761;0808.0761;0;33;33
0906.3015;0906.3015;0;2;2
0705.4267;0705.4267;0;23;23
0812.4190;0812.4190;0;23;23
hep-th/9412015;hep-th/9412015;1;0;1
0811.4026;0811.4026;0;6;6
0903.1399;0903.1399;0;93;93
0801.0516;0801.0516;0;11;11
0810.4018;0810.4018;0;7;7
0808.2728;0808.2728;0;14;14
0706.3517;0706.3517;0;50;50
0908.1204;0908.1204;0;16;16
hep-th/0309207;hep-th/0309207;1;0;1
hep-th/0403172;hep-th/0403172;0;15;15
quant-ph/9510006;quant-ph/9510006;1;0;1
0710.4443;0710.4443;0;2;2
0805.4832;0805.4832;0;19;19
q-alg/9708009;q-alg/9708009;0;3;3
hep-th/0601231;hep-th/0601231;0;14;14
hep-th/0601232;hep-th/0601232;0;2;2
0807.1145;0807.1145;0;12;12
solv-int/9911009;solv-int/9911009;0;14;14
0808.2184;0808.2184;0;25;25
0705.0394;0705.0394;0;30;30
hep-ph/9902264;hep-ph/9902264;0;2;2
0809.5106;0809.5106;0;20;20
0708.1611;0708.1611;0;56;56
0901.3753;0901.3753;0;20;20
0705.0022;0705.0022;0;35;35
0705.3281;0705.3281;0;32;32
0712.0506;0712.0506;0;15;15
0712.2165;0712.2165;0;11;11
0705.2520;0705.2520;0;23;23
0807.1855;0807.1855;0;1;1
0708.3176;0708.3176;0;7;7
0905.4715;0905.4715;0;13;13
0812.3262;0812.3262;0;8;8
0807.1858;0807.1858;0;10;10
0808.1335;0808.1335;0;23;23
0705.2880;0705.2880;0;10;10
0708.3066;0708.3066;0;23;23
0903.4707;0903.4707;0;6;6
0912.3705;0912.3705;0;7;7
cond-mat/9411078;cond-mat/9411078;1;0;1
0804.1950;0804.1950;0;13;13
0804.1957;0804.1957;0;32;32
0806.1078;0806.1078;0;37;37
0705.1054;0705.1054;0;27;27
0810.0079;0810.0079;0;6;6
0801.2459;0801.2459;0;13;13
0801.1859;0801.1859;0;7;7
hep-th/0703239;hep-th/0703239;0;19;19
hep-th/9211031;hep-th/9211031;0;1;1
hep-th/9211002;hep-th/9211002;1;0;1
hep-th/9211039;hep-th/9211039;0;1;1
0903.0377;0903.0377;0;29;29
0801.4051;0801.4051;0;4;4
hep-th/0603164;hep-th/0603164;0;26;26
0810.4016;0810.4016;0;5;5
0707.0747;0707.0747;0;77;77
0906.2774;0906.2774;0;15;15
hep-th/9708020;hep-th/9708020;0;1;1
hep-th/9708024;hep-th/9708024;0;7;7
hep-th/9708026;hep-th/9708026;0;8;8
hep-th/9708028;hep-th/9708028;0;1;1
hep-th/9501133;hep-th/9501133;1;0;1
0807.3176;0807.3176;0;11;11
0805.0336;0805.0336;0;12;12
0910.2097;0910.2097;0;13;13
0811.3948;0811.3948;0;13;13
0809.1098;0809.1098;0;19;19
0704.1725;0704.1725;0;7;7
0704.1727;0704.1727;0;28;28
0905.3877;0905.3877;0;6;6
0708.4255;0708.4255;0;42;42
0904.2102;0904.2102;0;7;7
hep-th/0010164;hep-th/0010164;0;14;14
0910.5376;0910.5376;0;16;16
0808.2627;0808.2627;0;54;54
0804.0297;0804.0297;0;3;3
0808.2629;0808.2629;0;22;22
0811.2094;0811.2094;0;28;28
astro-ph/9905024;astro-ph/9905024;0;1;1
0908.4483;0908.4483;0;16;16
0901.0334;0901.0334;0;3;3
0706.1014;0706.1014;0;2;2
0706.1015;0706.1015;0;22;22
0706.1010;0706.1010;0;3;3
0802.3948;0802.3948;0;2;2
0807.0480;0807.0480;0;21;21
0802.1634;0802.1634;0;206;206
0802.1632;0802.1632;0;10;10
hep-th/0604159;hep-th/0604159;0;74;74
hep-th/9802170;hep-th/9802170;0;16;16
hep-th/9802171;hep-th/9802171;0;2;2
hep-th/0507066;hep-th/0507066;0;6;6
0709.0088;0709.0088;0;19;19
hep-th/0408087;hep-th/0408087;0;5;5
hep-th/0310294;hep-th/0310294;0;6;6
0706.2767;0706.2767;0;9;9
0811.1033;0811.1033;0;27;27
0804.1176;0804.1176;0;15;15
0706.2766;0706.2766;0;40;40
0909.3289;0909.3289;0;23;23
hep-th/0501003;hep-th/0501003;0;3;3
0901.0337;0901.0337;0;15;15
0803.2876;0803.2876;0;14;14
0801.2557;0801.2557;0;8;8
hep-th/0110068;hep-th/0110068;0;13;13
hep-th/9707116;hep-th/9707116;0;2;2
hep-th/0012096;hep-th/0012096;0;19;19
hep-th/0501004;hep-th/0501004;0;4;4
0906.5509;0906.5509;0;9;9
0806.0544;0806.0544;0;13;13
hep-th/0312227;hep-th/0312227;0;12;12
0711.1531;0711.1531;0;8;8
0901.2459;0901.2459;0;28;28
0902.0258;0902.0258;0;4;4
0706.3327;0706.3327;0;12;12
0711.4637;0711.4637;0;2;2
hep-lat/0610094;hep-lat/0610094;0;3;3
0907.4555;0907.4555;0;37;37
hep-th/0307131;hep-th/0307131;0;16;16
hep-th/0307137;hep-th/0307137;0;34;34
hep-th/0307136;hep-th/0307136;0;2;2
0903.3246;0903.3246;0;33;33
0903.3244;0903.3244;0;24;24
0709.4657;0709.4657;0;22;22
hep-th/0209086;hep-th/0209086;0;1;1
0708.4332;0708.4332;0;6;6
hep-ph/0406097;hep-ph/0406097;1;2;3
0707.4052;0707.4052;0;34;34
0709.1021;0709.1021;0;25;25
quant-ph/0405159;quant-ph/0405159;0;2;2
0706.2633;0706.2633;0;40;40
0905.3494;0905.3494;0;31;31
0709.1028;0709.1028;0;24;24
0909.5613;0909.5613;0;18;18
q-alg/9609022;q-alg/9609022;1;0;1
0909.5614;0909.5614;0;3;3
0909.5617;0909.5617;0;12;12
0909.5619;0909.5619;0;35;35
0909.0229;0909.0229;0;14;14
0908.2569;0908.2569;0;60;60
0908.2568;0908.2568;0;6;6
0908.2561;0908.2561;0;1;1
0802.2188;0802.2188;0;9;9
0912.0209;0912.0209;0;17;17
0906.3019;0906.3019;0;9;9
0907.3193;0907.3193;0;8;8
hep-th/0001069;hep-th/0001069;0;1;1
hep-th/0412238;hep-th/0412238;0;40;40
0711.0421;0711.0421;0;23;23
hep-th/0612112;hep-th/0612112;1;17;18
0711.4630;0711.4630;0;3;3
0802.3117;0802.3117;0;26;26
0909.1941;0909.1941;0;13;13
0906.4926;0906.4926;0;25;25
hep-th/0409022;hep-th/0409022;0;8;8
0902.1892;0902.1892;0;25;25
0908.0059;0908.0059;0;2;2
0908.0057;0908.0057;0;13;13
0908.0056;0908.0056;0;31;31
0908.0055;0908.0055;0;25;25
hep-ph/9711270;hep-ph/9711270;0;2;2
0901.0439;0901.0439;0;1;1
gr-qc/9409033;gr-qc/9409033;1;0;1
0901.3161;0901.3161;0;13;13
0805.1160;0805.1160;0;28;28
0709.3501;0709.3501;0;18;18
0908.1001;0908.1001;0;29;29
hep-th/0511155;hep-th/0511155;0;3;3
hep-th/9902198;hep-th/9902198;1;0;1
hep-th/9601001;hep-th/9601001;1;0;1
0708.0632;0708.0632;0;53;53
0707.2451;0707.2451;0;15;15
astro-ph/0604204;astro-ph/0604204;0;5;5
0910.2756;0910.2756;0;4;4
0901.4223;0901.4223;0;4;4
0712.3625;0712.3625;0;36;36
0707.1933;0707.1933;0;41;41
0903.0088;0903.0088;0;23;23
hep-th/0009005;hep-th/0009005;0;1;1
0911.0442;0911.0442;0;4;4
quant-ph/0611170;quant-ph/0611170;0;7;7
0711.1446;0711.1446;0;2;2
0903.2109;0903.2109;0;18;18
0911.3865;0911.3865;0;10;10
math/0606259;math/0606259;0;1;1
math-ph/0412087;math-ph/0412087;1;0;1
0803.2684;0803.2684;0;8;8
0811.2976;0811.2976;0;22;22
0903.1459;0903.1459;0;7;7
0804.1464;0804.1464;0;24;24
0811.1583;0811.1583;0;34;34
0808.2719;0808.2719;0;23;23
0912.1283;0912.1283;0;1;1
0808.2717;0808.2717;0;3;3
0712.4245;0712.4245;0;29;29
0705.0674;0705.0674;0;15;15
hep-th/9411106;hep-th/9411106;1;0;1
0705.2939;0705.2939;0;26;26
quant-ph/0612137;quant-ph/0612137;0;1;1
0810.4914;0810.4914;0;16;16
hep-th/0206217;hep-th/0206217;1;0;1
gr-qc/0601084;gr-qc/0601084;1;0;1
gr-qc/0602065;gr-qc/0602065;1;0;1
cond-mat/0612374;cond-mat/0612374;2;2;4
hep-th/0601075;hep-th/0601075;0;7;7
hep-th/9607169;hep-th/9607169;0;9;9
hep-lat/0510057;hep-lat/0510057;0;2;2
hep-th/0607165;hep-th/0607165;0;2;2
0705.0696;0705.0696;0;15;15
0705.0697;0705.0697;0;17;17
0904.4249;0904.4249;0;21;21
0801.4189;0801.4189;0;19;19
hep-th/0703108;hep-th/0703108;0;23;23
0711.0760;0711.0760;0;94;94
0910.2560;0910.2560;0;17;17
nucl-th/0310048;nucl-th/0310048;0;8;8
0712.1756;0712.1756;0;18;18
0812.0497;0812.0497;0;11;11
0708.3940;0708.3940;0;1;1
0801.1294;0801.1294;0;33;33
cond-mat/0408198;cond-mat/0408198;1;0;1
0910.0706;0910.0706;0;3;3
0912.2535;0912.2535;0;22;22
hep-th/0211186;hep-th/0211186;0;12;12
0912.1472;0912.1472;0;13;13
math/0111256;math/0111256;1;0;1
hep-th/0208055;hep-th/0208055;1;0;1
hep-th/0409113;hep-th/0409113;0;20;20
0903.3215;0903.3215;0;8;8
0712.0535;0712.0535;0;4;4
hep-th/0409119;hep-th/0409119;0;12;12
hep-th/9410096;hep-th/9410096;0;2;2
hep-th/9410097;hep-th/9410097;0;5;5
0710.3051;0710.3051;0;16;16
hep-th/9408024;hep-th/9408024;1;3;4
0906.3549;0906.3549;0;2;2
0709.4603;0709.4603;0;1;1
hep-ph/0502113;hep-ph/0502113;1;0;1
0903.3298;0903.3298;0;42;42
0911.0023;0911.0023;0;14;14
0911.3436;0911.3436;0;12;12
0710.2905;0710.2905;0;12;12
0710.2906;0710.2906;0;27;27
0709.4600;0709.4600;0;15;15
0809.5236;0809.5236;0;11;11
0910.2930;0910.2930;0;1;1
hep-th/0608105;hep-th/0608105;0;10;10
hep-th/0608106;hep-th/0608106;0;16;16
0809.2834;0809.2834;0;6;6
hep-th/0701155;hep-th/0701155;0;1;1
hep-th/0607121;hep-th/0607121;1;0;1
hep-th/9404015;hep-th/9404015;1;0;1
0712.1397;0712.1397;0;14;14
0809.4895;0809.4895;0;13;13
0704.0449;0704.0449;0;37;37
0704.0444;0704.0444;0;12;12
0704.0445;0704.0445;0;11;11
0804.2880;0804.2880;0;5;5
0704.0440;0704.0440;0;2;2
hep-ph/9512304;hep-ph/9512304;0;1;1
0903.0893;0903.0893;0;7;7
0805.4515;0805.4515;0;40;40
hep-th/9111005;hep-th/9111005;1;0;1
hep-th/0703262;hep-th/0703262;0;34;34
0906.0013;0906.0013;0;13;13
0908.1790;0908.1790;0;1;1
0805.0792;0805.0792;0;22;22
hep-th/0005050;hep-th/0005050;0;2;2
hep-th/9708058;hep-th/9708058;1;1;2
hep-th/9708050;hep-th/9708050;0;9;9
hep-th/9708057;hep-th/9708057;0;2;2
hep-th/0406234;hep-th/0406234;0;15;15
0812.3614;0812.3614;0;2;2
0906.1056;0906.1056;0;5;5
0712.1394;0712.1394;0;30;30
hep-th/9208050;hep-th/9208050;1;0;1
hep-th/9506092;hep-th/9506092;0;2;2
hep-th/0010111;hep-th/0010111;0;1;1
hep-th/0010114;hep-th/0010114;0;5;5
hep-th/9710107;hep-th/9710107;0;18;18
hep-th/9710106;hep-th/9710106;0;9;9
cond-mat/0205444;cond-mat/0205444;0;1;1
cond-mat/9909073;cond-mat/9909073;1;0;1
cond-mat/0205447;cond-mat/0205447;0;1;1
hep-th/0310248;hep-th/0310248;0;11;11
0811.1580;0811.1580;0;8;8
0902.2647;0902.2647;0;3;3
hep-th/0309102;hep-th/0309102;0;17;17
quant-ph/0509021;quant-ph/0509021;0;4;4
hep-th/0701291;hep-th/0701291;0;1;1
0801.3462;0801.3462;0;44;44
hep-th/0412114;hep-th/0412114;1;0;1
0706.1026;0706.1026;0;10;10
0706.1020;0706.1020;0;16;16
gr-qc/0702119;gr-qc/0702119;1;0;1
hep-th/0701137;hep-th/0701137;0;11;11
hep-th/0701131;hep-th/0701131;0;5;5
hep-th/0701133;hep-th/0701133;0;20;20
cond-mat/9603078;cond-mat/9603078;1;0;1
hep-th/0701138;hep-th/0701138;0;12;12
hep-th/0212093;hep-th/0212093;0;7;7
0709.2894;0709.2894;0;37;37
0910.0470;0910.0470;0;9;9
0802.2817;0802.2817;0;6;6
0806.0575;0806.0575;0;16;16
0802.0203;0802.0203;0;26;26
hep-th/9405137;hep-th/9405137;1;0;1
0908.1269;0908.1269;0;9;9
0908.1796;0908.1796;0;3;3
0902.4724;0902.4724;0;18;18
0812.3337;0812.3337;0;4;4
0704.2433;0704.2433;0;1;1
0704.2434;0704.2434;0;13;13
hep-th/9710224;hep-th/9710224;0;7;7
hep-th/9705228;hep-th/9705228;1;0;1
0811.1396;0811.1396;0;14;14
0803.4028;0803.4028;0;35;35
0801.3949;0801.3949;0;30;30
0710.2097;0710.2097;0;6;6
astro-ph/0404548;astro-ph/0404548;0;7;7
hep-th/0110052;hep-th/0110052;0;3;3
0806.3348;0806.3348;0;15;15
0908.4033;0908.4033;0;35;35
0906.2084;0906.2084;0;15;15
hep-lat/0509013;hep-lat/0509013;0;3;3
gr-qc/0406115;gr-qc/0406115;0;3;3
0811.1596;0811.1596;0;5;5
hep-th/9811135;hep-th/9811135;0;1;1
0806.2623;0806.2623;0;28;28
hep-th/0501013;hep-th/0501013;0;34;34
hep-th/9811136;hep-th/9811136;0;2;2
0911.2220;0911.2220;0;10;10
0911.2224;0911.2224;0;25;25
0704.3623;0704.3623;0;36;36
0805.3290;0805.3290;0;28;28
0805.2610;0805.2610;0;26;26
astro-ph/0612774;astro-ph/0612774;0;6;6
0901.4848;0901.4848;0;19;19
hep-th/0504165;hep-th/0504165;0;9;9
0704.3626;0704.3626;0;39;39
0709.4665;0709.4665;0;17;17
0803.1714;0803.1714;0;35;35
0803.1717;0803.1717;0;9;9
0903.3238;0903.3238;0;14;14
hep-th/0209055;hep-th/0209055;0;10;10
0709.1011;0709.1011;0;15;15
0709.1010;0709.1010;0;14;14
0901.1902;0901.1902;0;12;12
0909.0274;0909.0274;0;53;53
0907.2464;0907.2464;0;12;12
0704.0121;0704.0121;0;41;41
0904.1890;0904.1890;0;11;11
0712.0401;0712.0401;0;38;38
0708.4041;0708.4041;0;2;2
0912.2397;0912.2397;0;6;6
0804.4824;0804.4824;0;3;3
0704.1836;0704.1836;0;2;2
0911.4122;0911.4122;0;9;9
hep-th/9109002;hep-th/9109002;1;0;1
hep-th/0111019;hep-th/0111019;0;12;12
hep-th/0009118;hep-th/0009118;1;0;1
cond-mat/0309717;cond-mat/0309717;0;1;1
hep-th/0001034;hep-th/0001034;0;5;5
0909.1848;0909.1848;0;4;4
0809.5175;0809.5175;0;11;11
0906.2546;0906.2546;0;21;21
0810.1085;0810.1085;0;8;8
hep-th/0004066;hep-th/0004066;0;17;17
cond-mat/9710337;cond-mat/9710337;1;0;1
0804.2017;0804.2017;0;28;28
hep-th/0410258;hep-th/0410258;0;4;4
0706.0036;0706.0036;0;81;81
0707.0922;0707.0922;0;34;34
0706.1712;0706.1712;0;18;18
0810.1557;0810.1557;0;2;2
0902.3930;0902.3930;0;30;30
0806.1046;0806.1046;0;4;4
0806.1047;0806.1047;0;36;36
hep-th/9911202;hep-th/9911202;0;14;14
0803.2431;0803.2431;0;23;23
0912.0055;0912.0055;0;9;9
0711.1254;0711.1254;0;16;16
hep-th/0511105;hep-th/0511105;0;1;1
hep-th/0511103;hep-th/0511103;0;28;28
hep-th/0601084;hep-th/0601084;0;21;21
hep-th/0601088;hep-th/0601088;0;31;31
0805.0985;0805.0985;0;40;40
hep-th/0508054;hep-th/0508054;1;0;1
hep-ph/0609063;hep-ph/0609063;0;6;6
0804.2013;0804.2013;0;14;14
math/0006138;math/0006138;0;1;1
0907.0969;0907.0969;0;15;15
0707.1603;0707.1603;0;12;12
1001.0155;1001.0155;0;3;3
solv-int/9802007;solv-int/9802007;0;8;8
solv-int/9802002;solv-int/9802002;1;0;1
0707.0957;0707.0957;0;33;33
gr-qc/9801090;gr-qc/9801090;0;24;24
0806.4082;0806.4082;0;12;12
hep-th/9304162;hep-th/9304162;0;2;2
0905.1179;0905.1179;0;13;13
hep-th/0311113;hep-th/0311113;0;5;5
0905.1170;0905.1170;0;40;40
hep-th/9405189;hep-th/9405189;0;2;2
0710.1812;0710.1812;0;54;54
hep-th/9405186;hep-th/9405186;0;4;4
hep-th/9405182;hep-th/9405182;0;3;3
hep-th/9404130;hep-th/9404130;1;0;1
0803.3384;0803.3384;0;27;27
0803.3385;0803.3385;0;20;20
0912.0067;0912.0067;0;12;12
0711.2797;0711.2797;0;20;20
hep-th/9311004;hep-th/9311004;0;3;3
gr-qc/0409070;gr-qc/0409070;0;6;6
quant-ph/0702185;quant-ph/0702185;0;1;1
hep-th/0602190;hep-th/0602190;1;0;1
hep-th/9609098;hep-th/9609098;0;7;7
0808.2991;0808.2991;0;6;6
quant-ph/0401139;quant-ph/0401139;0;3;3
hep-th/9609096;hep-th/9609096;0;1;1
hep-th/9609091;hep-th/9609091;0;4;4
hep-th/9609093;hep-th/9609093;0;2;2
hep-th/9205112;hep-th/9205112;1;0;1
hep-th/0108024;hep-th/0108024;0;3;3
hep-th/0108022;hep-th/0108022;0;6;6
